#tSpectra
0
9.99999999999983
20.0000000000003
30.0000000000019
40.0000000000006
49.9999999999986
59.9999999999966
69.9999999999989
80.000000000004
90.0000000000091
100.000000000014
110.000000000019
120.000000000024
130.000000000027
140.000000000018
150.000000000009
159.999999999999
169.99999999999
179.999999999981
189.999999999972
199.999999999963
209.999999999954
219.999999999945
229.999999999936
239.999999999927
249.999999999918
259.999999999909
269.999999999899
279.99999999989
289.999999999881
