#t    <phi>    <pi>    <phi^2>    <pi^2>    rms(phi)    rms(pi)
0    0.8387318275154    -0.570932496744    0.703471078717011    0.325963956505177    1.51555103621402e-05    0.000201660209078403
0.5    0.552059795658127    -0.570562935945935    0.304770018167627    0.325542081294821    1.36210836171237e-05    0.000131983240774219
1    0.27443548686678    -0.532692950109173    0.0753148365932176    0.283761788578392    1.18916450466198e-05    9.73775074037712e-05
1.5    0.0272455358438846    -0.447838625570756    0.000742319337621341    0.200559440725879    1.06864839717477e-05    7.85670132807598e-05
2    -0.16551869270542    -0.316171114548432    0.0273964377317894    0.0999641781440116    9.84267220907666e-06    6.68521769118931e-05
2.49999999999999    -0.283620031247003    -0.1531761680286    0.0804403222085926    0.0234629418783068    9.16741065110829e-06    5.85352956933171e-05
2.99999999999998    -0.318457420281746    0.0111614508121833    0.101415128606476    0.000124580623240006    8.600654050614e-06    5.13712684144246e-05
3.49999999999997    -0.277747117260428    0.144207391154812    0.0771434612116777    0.0207957736919197    8.07462802475355e-06    4.50360168748585e-05
3.99999999999996    -0.18310030379838    0.224678946232962    0.0335257213083694    0.0504806304673943    7.5703691650056e-06    3.9837672254364e-05
4.49999999999995    -0.0629305389423842    0.246314479029818    0.00396025278268495    0.0606708238545191    7.14884691139213e-06    3.57041779124608e-05
4.99999999999994    0.0541570615193024    0.213835241820138    0.00293298735855108    0.0457255116983533    6.79305344857918e-06    3.24665418220503e-05
5.49999999999993    0.143946001529362    0.139818438180761    0.0207204513985883    0.0195491965456999    6.50363618960507e-06    2.98394459144263e-05
5.99999999999992    0.190258572297776    0.0436310792018511    0.0361983243717562    0.00190367183320913    6.2424467437253e-06    2.75842514650456e-05
6.49999999999991    0.187770199628005    -0.051477985381141    0.0352576479040534    0.00264998363130374    5.97598700671694e-06    2.55421762193209e-05
6.9999999999999    0.142523781928416    -0.12439749236379    0.0203130284481606    0.0154747366650872    5.74299763151797e-06    2.36365823846567e-05
7.49999999999988    0.0693738969040224    -0.16162259934986    0.00481273760204701    0.026121865103362    5.51335432270552e-06    2.19717255326162e-05
7.99999999999987    -0.0124134909650527    -0.159003700693512    0.00015409478645065    0.0252821772524375    5.3395885447441e-06    2.04500772783235e-05
8.49999999999986    -0.083671597250581    -0.120854625120497    0.00700093621295424    0.0146058407864322    5.14692083348558e-06    1.93239803529338e-05
8.99999999999985    -0.129199797997877    -0.058448446758467    0.0166925878277434    0.00341622126052289    5.00509974057037e-06    1.82221167768962e-05
9.49999999999984    -0.140738277282559    0.0122203871068836    0.0198072627159494    0.000149338157636295    4.84633941901095e-06    1.7221910692247e-05
9.99999999999983    -0.118444981275112    0.0742171546503621    0.0140292136114978    0.00550818630819397    4.71552642325672e-06    1.62418657008843e-05
10.4999999999998    -0.0702537810818165    0.114032527260056    0.00493559377712469    0.0130034175110686    4.56430545683641e-06    1.54192432901369e-05
10.9999999999998    -0.00934520829651035    0.124481822960122    8.7332937788548e-05    0.0154957244619376    4.436595768899e-06    1.46445399964967e-05
11.4999999999998    0.049280234725329    0.105449694273119    0.00242854155332383    0.0111196382162451    4.32900738858199e-06    1.39266240185313e-05
11.9999999999998    0.0922167760064198    0.0632480643486156    0.00850393379482684    0.00400031782179954    4.22002870275863e-06    1.33398995728388e-05
12.4999999999998    0.110519025697463    0.00906224491297585    0.0122144550581473    8.21244451381228e-05    4.12685656486561e-06    1.27387348718647e-05
12.9999999999998    0.101524762133855    -0.0436916669931053    0.0103072773425019    0.00190896191354153    4.02070006299559e-06    1.22026684620636e-05
13.4999999999998    0.0691313137673585    -0.0827611493919494    0.00477913855861508    0.00684940798517852    3.92608114618513e-06    1.16834050572169e-05
13.9999999999997    0.0224360435709349    -0.0999802443948963    0.000503376065828213    0.00999604939489807    3.83553432516794e-06    1.12086967320731e-05
14.4999999999997    -0.0267451341342529    -0.0927598079024764    0.000715302213962427    0.0086043820781372    3.75542938085126e-06    1.07718560475386e-05
14.9999999999997    -0.0667382968822562    -0.0641788342044971    0.00445400028426846    0.00411892286763064    3.6775383716463e-06    1.03818261399596e-05
15.4999999999997    -0.0886494284852007    -0.0220420258615801    0.0078587211837639    0.000485851004162485    3.60710092514243e-06    1.00039950495869e-05
15.9999999999997    -0.088293173937764    0.0230143533832064    0.0077956845764807    0.000529660554864295    3.53220202940225e-06    9.65490504513238e-06
16.4999999999998    -0.0669643435490852    0.0601804477904326    0.00448422331894394    0.0036216863830495    3.46179623705721e-06    9.31625003446579e-06
16.9999999999999    -0.0308378979785072    0.0811380177412312    0.000950975963269217    0.00658337800388019    3.39652708453431e-06    8.99465582298777e-06
17.4999999999999    0.0107732179910648    0.0818521101716467    0.000116062236982641    0.00669976801528345    3.33161204741284e-06    8.70241674307278e-06
18    0.0477578269722276    0.0631717943893714    0.00228081004780428    0.00399067567758773    3.27032855155084e-06    8.43888082776935e-06
18.5000000000001    0.0715781755269931    0.0303909358958248    0.00512343522216083    0.000923609051516161    3.22301038117985e-06    8.17875457364807e-06
19.0000000000002    0.0771930887745753    -0.00809219711212943    0.00595877296463595    6.5483716973765e-05    3.17434851449174e-06    7.92919977244114e-06
19.5000000000002    0.0641122451598707    -0.0428637995720102    0.00411037998916542    0.00183730537297917    3.11866193639139e-06    7.69608379345897e-06
20.0000000000003    0.036313095357002    -0.0658395224077811    0.00131864090377905    0.00433484276663355    3.06142614647904e-06    7.46651452779017e-06
20.5000000000004    0.00107517224560071    -0.0721361660561405    1.15600437529312e-06    0.0052036265060689    3.00292907836723e-06    7.26566054011394e-06
21.0000000000005    -0.0328965459935616    -0.0610068739622492    0.00108218274706574    0.00372183872106355    2.95959880324493e-06    7.10054896766699e-06
21.5000000000006    -0.0575690172560542    -0.0358048459725672    0.00331419175654242    0.00128198704292607    2.95204261833868e-06    6.9142469642874e-06
22.0000000000006    -0.0674391862217922    -0.00307961502251062    0.00454804384694794    9.48407366644298e-06    2.94794534234437e-06    6.70668098929793e-06
22.5000000000007    -0.0607496322415475    0.0290564120002389    0.00369051782586474    0.000844275121237778    2.89507624830495e-06    6.55058401685809e-06
23.0000000000008    -0.0397688518503017    0.0529531396594685    0.00158156158554452    0.00280403504038986    2.83782875749432e-06    6.37139563809089e-06
23.5000000000009    -0.0100805760541714    0.0632589146433553    0.000101618021292975    0.00400169032054055    2.77651618464685e-06    6.2197457404005e-06
24.000000000001    0.020886388608756    0.0580639940217773    0.000436241236487421    0.0033714274391366    2.71504129458113e-06    6.11355986284805e-06
24.500000000001    0.0456849091241984    0.0391809039721967    0.00208711092896574    0.00153514327206439    2.69804875439151e-06    5.99882396919367e-06
25.0000000000011    0.0586071707514952    0.0115991368528565    0.00343480047101213    0.000134540009663428    2.74175336462624e-06    5.82512962568932e-06
25.5000000000012    0.0569849401525771    -0.0177720572981613    0.0032472834117809    0.000315846052920271    2.75465216644908e-06    5.6842891518365e-06
26.0000000000013    0.0417294299359661    -0.0418292369641281    0.00174134533011849    0.00174968509590171    2.70883427649118e-06    5.55882495167177e-06
26.5000000000013    0.0169837127616093    -0.055010952610479    0.000288446506063737    0.00302620493685938    2.62581131531386e-06    5.45408166316325e-06
27.0000000000014    -0.0109912330243634    -0.0545594641615207    0.000120807209873179    0.0029767351584456    2.5450582399087e-06    5.37153079722408e-06
27.5000000000015    -0.0353816992112997    -0.0410444567632747    0.00125186464564952    0.00168464746142654    2.56332417070863e-06    5.51672098902194e-06
28.0000000000016    -0.0504557031118677    -0.0181196478746651    0.00254577798510816    0.000328321669157832    2.93176091355931e-06    5.48233304867325e-06
28.5000000000017    -0.0528955751011871    0.0084178745300476    0.00279794187679239    7.08606384608586e-05    3.39220672772563e-06    5.18239660160292e-06
29.0000000000017    -0.0425228620713506    0.0320762726304641    0.00180819381157108    0.00102888729076053    3.58217408069138e-06    4.98965635243994e-06
29.5000000000018    -0.0222423289578437    0.0472703621493559    0.000494721209307678    0.00223448716250371    3.44074802504423e-06    4.97719316342534e-06
30.0000000000019    0.00275986997142672    0.0506347059226734    7.61689134067586e-06    0.00256387346989637    3.01355154566065e-06    5.10105416291961e-06
30.500000000002    0.0263311668132051    0.0417287677017332    0.000693330352785951    0.00174129012542677    2.65351061835367e-06    8.45704191699104e-06
31.000000000002    0.0428486504193603    0.0230552600504275    0.00183600686810754    0.000531545095945285    5.03457967646399e-06    8.94161332957311e-06
31.5000000000021    0.0485469726720055    -0.000619834499797939    0.00235680862597331    3.84261031611881e-07    8.38789935411423e-06    8.13784198174832e-06
32.0000000000022    0.0423715774484474    -0.0234518544959488    0.00179535068741684    0.000549989516373464    1.05805037262071e-05    6.08886790291116e-06
32.5000000000021    0.0261567946717845    -0.0399708186082833    0.00068417802776391    0.00159766637395894    1.09664040641889e-05    5.80884254013877e-06
33.000000000002    0.00409699797065049    -0.0463957727678896    1.67854825878913e-05    0.00215256777645416    9.49823020677499e-06    6.76199069138982e-06
33.5000000000019    -0.0183318311842676    -0.0414689594110635    0.000336056073658357    0.00171967478455282    6.25218919384276e-06    1.37810154504339e-05
34.0000000000018    -0.035717761184726    -0.0266899737479834    0.00127575848929065    0.000712355001367631    5.02409535994097e-06    1.73982639221069e-05
34.5000000000017    -0.0440088724487577    -0.00587644479507887    0.00193678098138164    3.45328390570875e-05    1.12769948826043e-05    1.53501621501159e-05
35.0000000000016    -0.0414505532515918    0.0157966667609624    0.00171814864723785    0.000249534806303054    1.68040114220054e-05    1.12047382517566e-05
35.5000000000015    -0.0289507714954077    0.0330788171191371    0.000838147530751913    0.00109420820457999    1.8988749401132e-05    7.910667991574e-06
36.0000000000014    -0.0097885635213501    0.0419286634815272    9.58162837285997e-05    0.00175801294331136    1.7547566608115e-05    1.10437407508551e-05
36.5000000000013    0.0112408038623181    0.0404374373215682    0.000126355825830209    0.0016351867349119    1.24241339328255e-05    1.9944326061021e-05
37.0000000000012    0.0290150374418813    0.0292249251031978    0.000841872496569382    0.000854097395101475    9.9406038926235e-06    3.38794031279468e-05
37.5000000000011    0.0393278103533441    0.0112403788670503    0.00154667723959773    0.000126347356171375    2.39250731548918e-05    3.52008031778227e-05
38.000000000001    0.0398745922872869    -0.00901321676156018    0.00158998458463706    8.12388209159082e-05    3.83999961256165e-05    2.72859861267941e-05
38.5000000000009    0.0307654333610067    -0.0265873560424611    0.000946514018678107    0.000706887725318681    4.61387858887441e-05    1.4966298380874e-05
39.0000000000008    0.0144378493059184    -0.037310768044349    0.000208453548034606    0.00139209381948176    4.53371172124461e-05    2.01847106052719e-05
39.5000000000007    -0.00498932216609795    -0.03876525774033    2.48945792777239e-05    0.00150274655721672    3.52647218565881e-05    3.67361198478045e-05
40.0000000000006    -0.0227390573334681    -0.0307797132321441    0.000517065077297482    0.000947402965560622    1.8678402878783e-05    0.000110539167693951
40.5000000000005    -0.0345573414278218    -0.0155581898135059    0.00119421418209383    0.000242073427466288    6.58447779216249e-05    0.000127110948425037
41.0000000000004    -0.0377266604359404    0.0030728293208397    0.00142331594480685    9.45293547551682e-06    0.000122626090626446    0.00010322519316835
41.5000000000003    -0.0316792190153832    0.0205432949304443    0.00100359949750779    0.00042203155041933    0.000163033993920401    6.77039150315135e-05
42.0000000000002    -0.0180890354256968    0.032643037778371    0.000327243585934941    0.00106556934565174    0.000174308068736561    3.7818667126456e-05
42.5000000000001    -0.000412528256011173    0.0365625790656386    1.94579677821878e-07    0.00133683114523234    0.000156205364230099    9.46430201705666e-05
43    0.0169674063814722    0.0315007310773367    0.000287902183119904    0.000992338636979156    9.64562381583719e-05    0.000206345759511808
43.4999999999999    0.0298277771485282    0.0189218242344557    0.000889702106389191    0.00035810643104432    7.62677318858734e-05    0.000266455783730217
43.9999999999998    0.035160435423579    0.00202413265642427    0.00123629115972877    4.1623647575033e-06    0.000186923923283358    0.000255444214458093
44.4999999999997    0.031835798625976    -0.0149881376216625    0.00101359792000468    0.000224672153198924    0.000282570081557742    0.000166984529308665
44.9999999999996    0.0208448230138663    -0.0280119460840663    0.000434609708113522    0.000784677203320664    0.000321032138750181    8.98882863746815e-05
45.4999999999995    0.00501508576754124    -0.0339768981740217    2.52343115807446e-05    0.00115445681436752    0.00028848973109946    0.000164938896804673
45.9999999999994    -0.0117071159667927    -0.0314566781049704    0.000137091189058692    0.000989702761675822    0.000186077399918167    0.000424457625796137
46.4999999999993    -0.0251507252657943    -0.0213001607857727    0.000632597472142663    0.000454130378104331    0.000196190588966594    0.000658428891043071
46.9999999999992    -0.0321476012422984    -0.00619622398047853    0.00103373866507674    3.88457093747037e-05    0.000519999464339877    0.000672694401973556
47.4999999999991    -0.0311272751372924    0.0101106460009891    0.000969569727121966    0.000102471414517315    0.000813922385283293    0.000496237805893869
47.999999999999    -0.0224993263148586    0.0236194012083818    0.000507164264339393    0.000557934990758565    0.000971894910422016    0.000242646483715494
48.4999999999989    -0.00850287824052683    0.0311169113813892    7.32223825022624e-05    0.000968366875921413    0.000960960003869941    0.00032357689068811
48.9999999999988    0.00730547724957697    0.0307288045660511    5.38978475927752e-05    0.000944960566099573    0.000726532689346143    0.00083733866566125
49.4999999999987    0.0208329793131069    0.0222911463673022    0.000434151510091942    0.000499522487496166    0.000372133083187999    0.00162088899301393
49.9999999999986    0.0288036998936168    0.00880897173321357    0.000830451232205951    8.06202508264163e-05    0.000893367026708993    0.00173846709196942
50.4999999999985    0.0293934987263488    -0.00655406093639872    0.00086653521487836    4.48069013961416e-05    0.0015992021455996    0.00136058319779199
50.9999999999984    0.0226099274642895    -0.0200710591395568    0.000515327398779669    0.000403376660195341    0.00202942820499651    0.00072749241353745
51.4999999999983    0.0102578105521099    -0.0283441687719317    0.000109389842068302    0.000804026383473136    0.00204136345252991    0.000796542592324319
51.9999999999982    -0.00450362316483628    -0.0292018392283455    2.26998479264113e-05    0.000856754971347833    0.00155474316707339    0.00200188836594193
52.4999999999981    -0.0174015664393948    -0.0213491911485691    0.000303861467931906    0.000483421124306547    0.00102320740186662    0.00525672536931547
52.999999999998    -0.0252942974030392    -0.00924892218428159    0.000649835199512205    0.000112607535326576    0.00316760452058147    0.00520240076846062
53.4999999999979    -0.0262928642631543    0.00507352056117853    0.000722433528076182    4.26308129003863e-05    0.00557842423230145    0.00410976909517858
53.9999999999978    -0.0204361338530185    0.0178037250915948    0.000464493578136426    0.000321898251675272    0.0068452911755407    0.00221937480795583
54.4999999999977    -0.00940933033865684    0.0250319350457745    0.000129581679099954    0.000651903021127292    0.00640672940570974    0.00503043228673429
54.9999999999976    0.00329521892486198    0.024683335871379    2.64792060981685e-05    0.000725557462914809    0.0039523079757782    0.0107838023523942
55.4999999999975    0.0143982159188454    0.0190026849925883    0.000228233606780497    0.000468218179547278    0.00457438357976288    0.0103496928756239
55.9999999999974    0.021555624907615    0.00888720247062046    0.000520025885674175    0.00015444762431251    0.00744183582971176    0.00868707410804741
56.4999999999973    0.0229459438065351    -0.00335477478845238    0.000616981751530485    5.65695465315416e-05    0.0095113308405195    0.00673164412683156
56.9999999999972    0.0183260338171196    -0.0146965902047835    0.000432028812057981    0.000250958386021936    0.00980741028976407    0.00591342729511396
57.4999999999971    0.00901676221252088    -0.0215269529010177    0.000145918683103063    0.000544176162374711    0.00803845024279674    0.00898701625524704
57.999999999997    -0.0021758278880437    -0.022242340211036    3.15480597414705e-05    0.000637050532493682    0.00517820748358752    0.0119301648953488
58.4999999999969    -0.0122754003246441    -0.0173194872896142    0.000181758086594463    0.000447349014129833    0.00557428322425325    0.012140196627515
58.9999999999968    -0.0188350832153309    -0.00842132502111608    0.00043334884972929    0.000167807904838907    0.00886501494645384    0.00984323065500507
59.4999999999967    -0.0203732936477164    0.00237573486718741    0.000536594421612897    5.77140492157817e-05    0.0110237619512042    0.00721594990674213
59.9999999999966    -0.0165963844849211    0.0123453717676162    0.000393833066084268    0.000210290635120075    0.0108808587948258    0.00760805040988951
60.4999999999965    -0.00862583580021877    0.0187861919615389    0.000147947881775655    0.000466647761174743    0.00857571212922398    0.0106642746006915
60.9999999999964    0.00133637424456565    0.0201357588106173    3.68130866145687e-05    0.00056547336275766    0.00591837735304452    0.0126500822083617
61.4999999999963    0.0105958310118741    0.0160770356909605    0.000155954157578264    0.000410540817699939    0.00660927550841011    0.012331656056326
61.9999999999962    0.0167690074264117    0.00816239873584765    0.000372109586114341    0.000164991739175088    0.00953467230938176    0.00991801321092692
62.4999999999961    0.0184563670056072    -0.00154588764020317    0.000467696862506866    6.27205479330373e-05    0.01127206189928    0.00776728905969801
62.999999999996    0.0153176206030568    -0.0107119885517374    0.000352289186340875    0.000188993399269926    0.0108471049318094    0.00861665251344012
63.4999999999959    0.00823270147901499    -0.0169678834085967    0.000143629271816315    0.000406899291250751    0.00870929952256434    0.0109082640178454
63.9999999999958    -0.000869000611169316    -0.0185716031008425    4.38175369818639e-05    0.00049720794797552    0.00656219284383287    0.0123411306710649
64.4999999999961    -0.00947223953732919    -0.0150422343851047    0.000139469141314719    0.000370756376825406    0.00705307163313802    0.0120202978968485
64.9999999999963    -0.0152782806945975    -0.0077440180672697    0.000322289692775202    0.000160525151343601    0.00942676146893991    0.010027728332848
65.4999999999966    -0.0169365013874806    0.0012408559150949    0.000407113928821067    6.90083273173483e-05    0.0109667155325985    0.00821392743547947
65.9999999999969    -0.0141079920485681    0.00980069273327847    0.00031316320714747    0.000172293277746007    0.0106830598381274    0.00873153478455362
66.4999999999971    -0.00758955018738826    0.0156569974554471    0.000136656390678057    0.000357344484929412    0.00889129454191975    0.0105925877673746
66.9999999999974    0.000816298639138522    0.0171552189856894    4.88946894843885e-05    0.000437206130386638    0.00694466313194017    0.011954270866083
67.4999999999976    0.00875777107293498    0.0138620017698337    0.000126549567704655    0.000333148495588439    0.0070605250186313    0.0118740642798314
67.9999999999979    0.0140757350871844    0.00698647598633012    0.000280907575131166    0.000153543778178502    0.00909842057098767    0.0102339108590477
68.4999999999981    0.0154926750669433    -0.00141077384891896    0.000354347423873587    7.32866477909008e-05    0.0106922608995339    0.00844371748331901
68.9999999999984    0.012752411589897    -0.00927899037222994    0.000276299410117954    0.00015944169292529    0.0106618670391173    0.00856399618153545
69.4999999999986    0.00665414761124205    -0.0145234055297555    0.000126848362874718    0.000317106097886108    0.00908684116965403    0.0103042122311399
69.9999999999989    -0.00108047372847509    -0.0156620058543841    5.17097343108403e-05    0.000385553316433308    0.0071093115582956    0.011842925696404
70.4999999999992    -0.00826367140744769    -0.0123880212721898    0.000116694717133205    0.000296426211917245    0.00695747454202574    0.0119567194864234
70.9999999999994    -0.0129285185638535    -0.0059006964642162    0.000246429861841284    0.000143712924505048    0.00890411531738995    0.0104352626101232
71.4999999999997    -0.0139563412838561    0.00184244611631482    0.000307321448121447    7.6526008745406e-05    0.0106085807764272    0.00855168995309596
71.9999999999999    -0.01119989736241    0.00890076912956286    0.000240393462231556    0.000150821986708869    0.0107217424564778    0.00846157760769762
72.5000000000002    -0.00548729851948457    0.0133869456397799    0.000114527051776606    0.000284504477657094    0.00918785104007832    0.0102612944648651
73.0000000000004    0.00154015556146992    0.0140276187548571    5.30963543937503e-05    0.000339861652533726    0.00712209767134821    0.0119619214427327
73.5000000000007    0.00786688314030359    0.010678322057428    0.00010963062774027    0.000260788006961368    0.00690961485157293    0.0121145138160479
74.000000000001    0.0117583309720884    0.00458583848441563    0.000217719848457514    0.000131523440682878    0.0089141180835986    0.0105115900832239
74.5000000000012    0.0123018307796242    -0.00241710156747037    0.000264775789342112    7.90684527103833e-05    0.01065085671726    0.00855722342368806
75.0000000000015    0.00948572850692626    -0.00855467654630916    0.00020488478063331    0.000146185720335467    0.0107194092806552    0.00854419273679469
75.5000000000017    0.004167383082655    -0.0121887528475202    0.000100028718929469    0.000258364761193858    0.00909184454177866    0.0104785049131986
76.000000000002    -0.00210483817872335    -0.0122673421879815    5.36535273622697e-05    0.000298751749510753    0.00701592357453089    0.0121763732348233
76.5000000000022    -0.00750471259707482    -0.00882334684016551    0.000105349006869756    0.000225810064066467    0.00700202083009345    0.0121638240123987
77.0000000000025    -0.0105586453911629    -0.00316806601138566    0.000194114662622508    0.000118012711708608    0.00909008636516629    0.0103911534227973
77.5000000000027    -0.0105828850468085    0.00303012255951702    0.000226408520240972    8.15842067889898e-05    0.0106963107811529    0.00850896962406705
78.000000000003    -0.00770182526957078    0.00819188938895246    0.000170584739558489    0.000144677024572925    0.0105482997243864    0.00880738172285573
78.5000000000033    -0.00280010341928437    0.0109181838764452    8.47248017670987e-05    0.000237089776946974    0.00876836487655542    0.0108573955342478
79.0000000000035    0.00267433153388274    0.0104241380769279    5.40500169792002e-05    0.000260959038366967    0.00684820909625871    0.0123408420993103
79.5000000000038    0.00711786533575458    0.00693476206672824    0.000103062910032241    0.000191489680640048    0.00723870866206841    0.0119749219503893
80.000000000004    0.00932553680131926    0.00174565073598496    0.000173773146288057    0.000103917572151442    0.00931705477365553    0.010043419520233
80.5000000000043    0.00883460790701731    -0.00362241692331379    0.000190536263598095    8.49108288906367e-05    0.0106059401623507    0.00847283450353697
81.0000000000045    0.00590402122027477    -0.00779284151966299    0.000137222270548181    0.000146009383718401    0.010117549306958    0.00923477150598855
81.5000000000048    0.00143492106179015    -0.00962112391039983    6.9821931787819e-05    0.000218703389257575    0.00823182442319137    0.0112310891706151
82.000000000005    -0.00322735229175945    -0.00854687109969566    5.54241790755389e-05    0.000224467192625375    0.00670882823303845    0.0123052097515874
82.5000000000053    -0.00669870274455342    -0.00502441457013291    0.000102257126474711    0.000157972462409229    0.00757525630027282    0.0115207517392167
83.0000000000056    -0.00806019305753989    -0.000345194497062956    0.000154843106601048    9.16214122833494e-05    0.00948031615908632    0.00956568100255004
83.5000000000058    -0.00707375444739345    0.00415869201731728    0.000156170374112567    9.06125406907712e-05    0.0103020566942018    0.00856258263585658
84.0000000000061    -0.00412868584127615    0.00730855663240451    0.000106100944748008    0.00014863955496852    0.0094368902702137    0.00975830696993368
84.5000000000063    -0.000142005036812449    0.00821676599475736    5.76489425055855e-05    0.000199833922562275    0.00759136200395591    0.0115029856624128
85.0000000000066    0.00366631844942241    0.00662505086075334    5.84972379479866e-05    0.000188077987229933    0.00671232798479123    0.0120077761605705
85.5000000000068    0.0061689338981269    0.00317200775713793    0.000101210242104803    0.000127217376834098    0.00794698034887114    0.0108238506836872
86.0000000000071    0.0067320612652441    -0.000926140586377687    0.000135117984747718    8.370994076026e-05    0.00947614562302193    0.009102318626291
86.5000000000073    0.00532689802651214    -0.00452496230787791    0.00012316139523485    9.8657250462316e-05    0.0097357872126496    0.00884205669369973
87.0000000000076    0.00244968220628629    -0.00667559621777946    7.93336834601555e-05    0.0001495882139851    0.00856345377452111    0.0102481524736056
87.5000000000079    -0.000996011200708047    -0.00673389597243498    5.01081366876649e-05    0.000177831651941238    0.00700828783482307    0.0115102691964029
88.0000000000081    -0.00393384483773365    -0.00471867750081675    6.26872125122911e-05    0.000152303106412259    0.00687110451855649    0.0114033849823438
88.5000000000084    -0.00550357278287241    -0.00144433751413964    9.75371011553098e-05    0.000102716313922993    0.00820047485082028    0.0100314606647408
89.0000000000086    -0.0053502767034559    0.00200394064754463    0.000113443232953097    8.20998901870489e-05    0.0092096564620812    0.00883652149141093
89.5000000000089    -0.00363068597795097    0.00467421303827316    9.3159319619547e-05    0.000107059409967729    0.008943010619979    0.00923098816165237
90.0000000000091    -0.000930360421638322    0.00582854886447298    5.95585538844896e-05    0.000145177200503903    0.00766113460071931    0.0105453885010631
90.5000000000094    0.0018847466842326    0.00512923571678524    4.77022101323764e-05    0.000152143796425822    0.00664454212633577    0.0112176083630815
91.0000000000096    0.00393941485070565    0.00288913937915463    6.60839648449611e-05    0.00012070697866231    0.00711090539094712    0.0105999930334943
91.5000000000099    0.0046546000140021    -6.29391671226904e-05    8.97037083928399e-05    8.68691890447221e-05    0.0082485396951516    0.00932015169972914
92.0000000000102    0.00392010290006686    -0.00276200533613626    9.06041340058318e-05    8.55643448563885e-05    0.00867392225343986    0.00882811822414853
92.5000000000104    0.00205917760364406    -0.00447057133675764    6.83810097084894e-05    0.000112300278660323    0.00800879499707291    0.00960803156652203
93.0000000000107    -0.000308304709271984    -0.00473707980982855    4.75550649199919e-05    0.000133769663636267    0.00688912281253808    0.0105512908457487
93.5000000000109    -0.00242361578336354    -0.00349907936157974    4.85951137926436e-05    0.000125022767232598    0.0065361456782476    0.0106197556871128
94.0000000000112    -0.00363524365930008    -0.00124232906044873    6.61008436929416e-05    9.66103325457595e-05    0.00727226561880547    0.00975022825637042
94.5000000000114    -0.00363442166844343    0.00120826836239125    7.73204146170282e-05    7.99991901190979e-05    0.00800695908275901    0.00886223886405361
95.0000000000117    -0.00252015179690265    0.00310753819689523    6.89549845839865e-05    9.03151974381945e-05    0.00791225754791607    0.00898100238241988
95.500000000012    -0.000707740908271564    0.00393189909119539    5.0735705345973e-05    0.000111124540893098    0.00708765180809074    0.00978083383100615
96.0000000000122    0.00119344322529153    0.00346291348672707    4.21106725091036e-05    0.000116651478098856    0.00637858650306706    0.0102303327552089
96.5000000000125    0.00257786087552193    0.00193831877384788    4.96981698313578e-05    0.000100640167972844    0.00656146349054927    0.00984292072018224
97.0000000000127    0.00304721041018737    -8.68296093112106e-05    6.15266653113134e-05    8.14845125898268e-05    0.00722780561632361    0.00902645961652594
97.500000000013    0.00252476988125319    -0.0019170313572895    6.24295051086708e-05    7.91592736218983e-05    0.00748699152900466    0.00868816806910796
98.0000000000132    0.00125355083132806    -0.00301440852800684    5.12673006269079e-05    9.23860694024917e-05    0.00704953267530442    0.00912685107957675
98.5000000000135    -0.000317385612135327    -0.00309018501688723    4.04541759248507e-05    0.000102753319992446    0.00635243593419565    0.00965422583917798
99.0000000000137    -0.00166777001582639    -0.00216610269609542    4.04649920488127e-05    9.74749593342825e-05    0.00613869165401905    0.00963239110731342
99.500000000014    -0.00237725439995953    -0.000611356528625984    4.84131433384096e-05    8.26175992524345e-05    0.00653925109292208    0.00906883909038753
100.000000000014    -0.00227104085896954    0.00100020454137254    5.29736476001302e-05    7.47963711726354e-05    0.00691491294356054    0.00859045761575326
100.500000000015    -0.00145161888537544    0.0021674969696028    4.82956306791135e-05    7.97199439824702e-05    0.00679620727249654    0.00866151839282426
101.000000000015    -0.000236424027526357    0.00254954955094787    3.94988554520899e-05    8.8993443282304e-05    0.0062803629776708    0.00908257894926136
101.500000000015    0.000956489945580848    0.00208853309247801    3.57200528203624e-05    9.01470876194333e-05    0.00589959149470242    0.00926202554202144
102.000000000015    0.00174315394440493    0.000982169378979237    3.94177305553114e-05    8.13914344297723e-05    0.00603151265284397    0.00896809777716366
102.500000000016    0.00190047045570809    -0.000352139986616616    4.42957074873205e-05    7.22371881592661e-05    0.00637839474588248    0.00849194827993504
103.000000000016    0.00143173803553394    -0.00145051351513475    4.34727488695184e-05    7.17792163636337e-05    0.00643606052388601    0.00834716879582803
103.500000000016    0.000542365323992541    -0.00199688812014611    3.74674405740652e-05    7.83863810829534e-05    0.0060969894562313    0.0086254749966928
104.000000000016    -0.000449962266615575    -0.00185746756296351    3.28699727685828e-05    8.15489319637236e-05    0.0057155495560099    0.00883734950176024
104.500000000017    -0.00121277208359747    -0.00111290536593894    3.36339912909192e-05    7.73592135596398e-05    0.00567125869310912    0.00872471519340913
105.000000000017    -0.00151278917188671    -6.85404291302522e-05    3.71675217484242e-05    6.97553277447158e-05    0.00590584377289533    0.00835168425853675
105.500000000017    -0.00129211341092199    0.000906679545180824    3.80529804953652e-05    6.69797989577365e-05    0.00603186732518884    0.00813374029337593
106.000000000017    -0.000672601530988845    0.00149578264602956    3.47553742255802e-05    6.99801403820391e-05    0.00585687471319745    0.00823059989659781
106.500000000018    0.000115193063441034    0.00155995505925818    3.06886382450128e-05    7.36075174730407e-05    0.0055385348968069    0.00843647187431663
107.000000000018    0.000800978867881189    0.00110708982141836    2.98593617133829e-05    7.1942381700659e-05    0.0054053486998149    0.00840932421945847
107.500000000018    0.0011685180542006    0.000332895938681531    3.18740773581613e-05    6.66298158884144e-05    0.00552346294593967    0.00815591786265799
108.000000000018    0.00112306021274214    -0.00049707326720188    3.31639679514952e-05    6.32455124373781e-05    0.00564824784424788    0.00793715506994864
108.500000000019    0.000711948304929394    -0.00109114933637539    3.16049076348707e-05    6.41051357823528e-05    0.00557656141775367    0.00793186793309624
109.000000000019    0.00010183730151537    -0.00127491521863356    2.86928817386623e-05    6.64504730355533e-05    0.0053556055589151    0.00805140138242094
109.500000000019    -0.000493354186802058    -0.00103678325184469    2.72638485723508e-05    6.62983636934941e-05    0.00519811987344614    0.00807610327956425
110.000000000019    -0.00087705386700701    -0.000460399822018374    2.80488761029335e-05    6.30581973428766e-05    0.00522299268784684    0.00792756137451878
110.50000000002    -0.000937452659624545    0.000214349868298015    2.90769246593048e-05    5.98880173275366e-05    0.00531018899572018    0.00773576573207186
111.00000000002    -0.00068016084426869    0.000779701190684368    2.84183124141045e-05    5.9715942582424e-05    0.00528731440714738    0.00768817329641244
111.50000000002    -0.000214126602988647    0.00101947705276094    2.65282320457247e-05    6.10075121198732e-05    0.00514610355935607    0.007743912361253
112.00000000002    0.000279920376145723    0.000903807068072956    2.52279118195253e-05    6.08855801862085e-05    0.00501493333979065    0.0077504008264031
112.500000000021    0.000643250035568517    0.000506901071203184    2.52545082717018e-05    5.8944529684071e-05    0.00498404832073716    0.00766078200891293
113.000000000021    0.000759281004498571    -4.47150358123276e-05    2.57071049992173e-05    5.68112667517939e-05    0.00501304272427684    0.00753719227016044
113.500000000021    0.000611098325489413    -0.000527404133713865    2.54778544996313e-05    5.59650808551023e-05    0.00501043045418409    0.00746236730098726
114.000000000021    0.000269755260271723    -0.000789519004670073    2.44548787332536e-05    5.59664734681421e-05    0.00493782450405128    0.00743929655339851
114.500000000022    -0.000129372191917104    -0.000761623846984768    2.33088212448629e-05    5.61596681290428e-05    0.00482618732342845    0.00745517251609558
115.000000000022    -0.00045208096789838    -0.000494527956203616    2.28749205140258e-05    5.52558112863324e-05    0.00476135939753448    0.00741695715147832
115.500000000022    -0.000598460271541146    -7.83768828060617e-05    2.31128664265092e-05    5.36860002253078e-05    0.00477018990501386    0.00732665389448344
116.000000000022    -0.000533394539160019    0.000320773422298739    2.32001103500731e-05    5.22899452524737e-05    0.0047870241920913    0.00722406046929429
116.500000000023    -0.000298970217662013    0.00058934455312532    2.2595231187176e-05    5.21694887115743e-05    0.00474403288312035    0.0071987611232264
117.000000000023    2.03247880068209e-05    0.000646044764973078    2.17445913237906e-05    5.22611234658651e-05    0.00466306532516789    0.00720026038609132
117.500000000023    0.000308248656787553    0.000471870682312135    2.1240234753564e-05    5.16775844767028e-05    0.00459839292787738    0.00717320866390189
118.000000000023    0.000466300743666723    0.00014770056846272    2.11570133798103e-05    5.05412693594116e-05    0.00457597825565924    0.00710770384171199
118.500000000024    0.000454622586264314    -0.000188394708088522    2.11614856522102e-05    4.95444399039217e-05    0.00457764174616893    0.00703625947061974
119.000000000024    0.000289913231755271    -0.000449779348773087    2.09203696293427e-05    4.89321357019805e-05    0.00456468180133028    0.00698067577240182
119.500000000024    3.69197820493093e-05    -0.000527647309239836    2.03592815485512e-05    4.8486122672024e-05    0.00451197500860151    0.00694317729782813
120.000000000024    -0.000206807173688944    -0.00041645621567896    1.97182184209586e-05    4.83532578198928e-05    0.00443570165970046    0.00694116863649884
120.500000000025    -0.000354403954469004    -0.000164693909444751    1.94117549315087e-05    4.79192450089433e-05    0.00439160025145338    0.0069204133492975
121.000000000025    -0.000368419338374479    0.000108651637574779    1.95033413345455e-05    4.65322306037028e-05    0.00440086452025703    0.00682058834891501
121.500000000025    -0.00025697726191347    0.000318209678155386    1.94204967966722e-05    4.5693274897809e-05    0.00439937035080381    0.00675218612736181
122.000000000026    -7.2451243576595e-05    0.000396149639470461    1.89097680522254e-05    4.56968641823077e-05    0.00434793271216673    0.00674832791478416
122.500000000026    0.000118095004924355    0.000343426313514086    1.83385506523278e-05    4.57458410281611e-05    0.00428072473094682    0.00675484266251607
123.000000000026    0.000250399841613842    0.000175982361673279    1.81702588673375e-05    4.48780774843111e-05    0.00425529773184641    0.00669679831656076
123.500000000026    0.000288871652961509    -2.2669515354389e-05    1.82465116481969e-05    4.37977049150189e-05    0.0042618147327532    0.00661794462111104
124.000000000027    0.000230409164893045    -0.000203282543932755    1.80797864766059e-05    4.32870738590833e-05    0.00424578592175103    0.0065761500945778
124.500000000027    9.89813127848185e-05    -0.000305075967425052    1.76340680076642e-05    4.33557496232049e-05    0.00419812704755152    0.00657743705992726
125.000000000027    -5.50600915519004e-05    -0.000291354898261788    1.731255952303e-05    4.29654475211668e-05    0.00416047207770323    0.00654832496478494
125.500000000027    -0.000172542850186261    -0.000170388279613984    1.71705967091856e-05    4.22503403241388e-05    0.0041401480256188    0.00649779256042458
126.000000000028    -0.000220555635004643    -1.73950214761804e-05    1.70794938521526e-05    4.16121607342048e-05    0.00412684492851625    0.00645072539699472
126.500000000028    -0.000190441103730344    0.000131708128382206    1.69342211319366e-05    4.12535137054841e-05    0.00411071202079963    0.00642153927609278
127.000000000028    -9.8436722913599e-05    0.000222677221824737    1.67221823958721e-05    4.08445363960852e-05    0.00408809156055171    0.00638709255068107
127.500000000028    1.91101056940366e-05    0.000234781684590945    1.64940085435987e-05    4.03782048201687e-05    0.00406123667710453    0.00635004585658634
128.000000000029    0.00012267755696996    0.000166071805927334    1.62765951323095e-05    4.00674005819671e-05    0.00403256064422166    0.00632770264292208
128.500000000028    0.000176148007564328    4.06999176315669e-05    1.61348032076372e-05    3.95714888798937e-05    0.00401295092009213    0.00629045565890091
129.000000000028    0.000165816472502281    -7.59929717143134e-05    1.6029123185615e-05    3.91071697331851e-05    0.00400020350520595    0.00625311080994373
129.500000000027    0.00010232781974294    -0.000171893937938243    1.58479336549359e-05    3.87566419477682e-05    0.00397963097186693    0.00622310970671965
130.000000000027    7.98796462092476e-06    -0.000187406185315409    1.56210487949187e-05    3.84366017781331e-05    0.00395233917918742    0.00619689282623466
130.500000000026    -7.62154067145891e-05    -0.000142510872282973    1.54481832986692e-05    3.79848992118305e-05    0.00392967867776089    0.00616154119219467
131.000000000026    -0.000129256259764958    -6.28973190955181e-05    1.53104334531276e-05    3.75752744524053e-05    0.0039107194059967    0.006129544712265
131.500000000025    -0.000137283169930904    2.74483440504766e-05    1.51693918249931e-05    3.71626313686213e-05    0.00389237012066514    0.00609605429413405
132.000000000025    -0.000102186939302147    0.000111817698198126    1.50029750127233e-05    3.67872848097984e-05    0.00387201922027246    0.00606422143495503
132.500000000024    -3.28461086009991e-05    0.000152660695832021    1.48173059025618e-05    3.64154529387141e-05    0.00384918524310166    0.00603259045938494
133.000000000024    4.3153445667031e-05    0.000145008859056409    1.46186506432695e-05    3.62137062824797e-05    0.00382319086933893    0.0060160351323172
133.500000000024    0.000103215880363215    8.70343707187936e-05    1.45244722617505e-05    3.57850568205149e-05    0.00380970061078182    0.005981428076875
134.000000000023    0.000124846631888982    -2.02802458343176e-06    1.44824000466168e-05    3.51695226074884e-05    0.00380352643807333    0.00593038940497204
134.500000000023    9.97528028472846e-05    -9.52600563060106e-05    1.42830243990475e-05    3.50770386275075e-05    0.00377797217795097    0.0059218210163074
135.000000000022    3.94193843638066e-05    -0.000133508549277222    1.40702870415847e-05    3.48890852681215e-05    0.00375083099508909    0.00590518930563546
135.500000000022    -2.65707241068919e-05    -0.000123148378955677    1.3995902098348e-05    3.43406540595999e-05    0.00374101538288316    0.00585879582647838
136.000000000021    -7.71708203848033e-05    -7.41078402414707e-05    1.39278091469144e-05    3.40223789430222e-05    0.00373120004976891    0.00583239976090776
136.500000000021    -9.51639979053126e-05    3.31582484591491e-06    1.38299992715709e-05    3.35344424527279e-05    0.00371765290002625    0.00579089211244982
137.00000000002    -7.8303488900023e-05    5.9058407223731e-05    1.36429940510746e-05    3.33443023227889e-05    0.00369281229074816    0.00577415053729335
137.50000000002    -4.05777644742342e-05    8.61183282268972e-05    1.34518148991499e-05    3.3235430651337e-05    0.0036674471153897    0.00576437457881429
138.000000000019    4.80706549565637e-06    9.22501153769271e-05    1.33581353457787e-05    3.27942196869846e-05    0.0036548751330107    0.00572588068363266
138.500000000019    4.61241055840398e-05    6.51572845474439e-05    1.33023372993188e-05    3.25036418039785e-05    0.00364694527875082    0.00570082418008563
139.000000000019    6.64465768393471e-05    1.5517394206613e-05    1.32255451040097e-05    3.21035933096329e-05    0.00363608717668266    0.00566598204375111
139.500000000018    6.51562083085114e-05    -1.65951379805619e-05    1.30797511274204e-05    3.17794642104169e-05    0.0036160068854939    0.00563730332799401
140.000000000018    4.7051965239118e-05    -5.76847906470602e-05    1.29023537837e-05    3.17184680207621e-05    0.00359167647433161    0.00563161970357464
140.500000000017    1.31042903167868e-05    -7.12943917778095e-05    1.28388187785427e-05    3.13498031190599e-05    0.00358310578355119    0.00559863556848996
141.000000000017    -2.19592415374998e-05    -6.67292592076481e-05    1.28119924004949e-05    3.09868042007179e-05    0.00357931700079861    0.00556617924672603
141.500000000016    -4.98133759900809e-05    -3.88450886895556e-05    1.27132385036291e-05    3.06481935254893e-05    0.00356521487868565    0.00553594477795561
142.000000000016    -5.60263164653918e-05    1.50926589228836e-05    1.25300257889621e-05    3.05582399859277e-05    0.00353933423694703    0.0055279301910909
142.500000000015    -3.74349403150761e-05    5.2878135879035e-05    1.24068940652609e-05    3.03662569624641e-05    0.00352214319562741    0.00551030497025437
143.000000000015    -1.03943171860248e-05    5.30270728240203e-05    1.23780982342195e-05    2.98864531862605e-05    0.00351823680163654    0.00546659320928567
143.500000000014    1.58390970754609e-05    5.22131573830752e-05    1.23233655994821e-05    2.95795417042445e-05    0.00351042942137937    0.0054384570873034
144.000000000014    3.83255316529674e-05    3.4141636778137e-05    1.21835611822801e-05    2.94628840578472e-05    0.0034902854232718    0.00542786499523388
144.500000000014    4.88607568264424e-05    6.581129520465e-06    1.20412990227082e-05    2.92244042087683e-05    0.00346971348228504    0.00540595605767403
145.000000000013    4.5304779744769e-05    -1.7779542789341e-05    1.19560021408335e-05    2.90630879014101e-05    0.00345744842590107    0.00539098987100405
145.500000000013    3.0053404625314e-05    -4.78692418859102e-05    1.19589947152532e-05    2.86124852154239e-05    0.0034580473548122    0.00534884975963105
146.000000000012    2.10788845138311e-06    -5.60771077730605e-05    1.18877170239686e-05    2.83056656580858e-05    0.00344785622971361    0.00532001137367859
146.500000000012    -2.41002552852109e-05    -4.5902744696774e-05    1.16970750282842e-05    2.84251974609386e-05    0.00342001377277628    0.00533133101570029
147.000000000011    -3.97023878505175e-05    -1.37864362040361e-05    1.15836944826212e-05    2.81311243469392e-05    0.00340325112253271    0.00530386031877877
147.500000000011    -3.94865832893329e-05    1.07738809622101e-05    1.15542676827501e-05    2.78115191196009e-05    0.00339892755034441    0.00527365177491744
148.00000000001    -2.80312635374048e-05    3.72444372185345e-05    1.1534128639822e-05    2.74498833552852e-05    0.00339607757392062    0.0052391312454625
148.50000000001    -3.98663819012998e-06    5.29301929299406e-05    1.14522017201516e-05    2.72792613502526e-05    0.00338410783322097    0.00522268702345153
149.000000000009    2.10685285878756e-05    4.5776999357365e-05    1.13572451143929e-05    2.70445679869634e-05    0.00336998534588743    0.00520023773045937
149.500000000009    3.76928337846134e-05    1.61552762502682e-05    1.1234896160915e-05    2.69559270385057e-05    0.00335163772075626    0.00519188463330561
150.000000000009    3.84537969323483e-05    -1.17707707161518e-05    1.11461112728116e-05    2.67378888342658e-05    0.00333835776667407    0.00517085585597032
150.500000000008    2.74261381373586e-05    -3.08781782613279e-05    1.11044080642888e-05    2.64759662745166e-05    0.00333221485970453    0.00514538752793449
151.000000000008    8.81303113030523e-06    -4.04769955210538e-05    1.10651975608847e-05    2.61661851638064e-05    0.00332642749678496    0.00511512920429582
151.500000000007    -8.99168688484171e-06    -3.01714166720122e-05    1.09738794272752e-05    2.60419002569475e-05    0.0033126724222057    0.00510303732521755
152.000000000007    -2.12693837870536e-05    -1.48965807579246e-05    1.0883653011655e-05    2.59030087741052e-05    0.00329896963080419    0.00508947805437718
152.500000000006    -2.3261970998668e-05    4.65721341024961e-06    1.08263005309792e-05    2.56685036801982e-05    0.00329025218056071    0.00506640720733751
153.000000000006    -1.91958507144258e-05    1.04286828027439e-05    1.07753621613006e-05    2.53807312994493e-05    0.00328252854985543    0.00503791847314189
153.500000000005    -1.14096697179789e-05    2.36844201683055e-05    1.06982857795024e-05    2.53274692089011e-05    0.00327080350968066    0.00503258464977415
154.000000000005    3.11830668252895e-06    3.12568068958281e-05    1.0654113376548e-05    2.49815639736488e-05    0.0032640624462028    0.00499805832155563
154.500000000004    1.71027874133196e-05    2.40147921686733e-05    1.05734707643415e-05    2.48704859185544e-05    0.00325164239408398    0.00498697395304121
155.000000000004    2.5576707866922e-05    6.70275543145038e-06    1.04941574202958e-05    2.46723810433333e-05    0.00323936772415706    0.00496712553861918
155.500000000004    2.25271899254132e-05    -1.78157622200927e-05    1.04272282334619e-05    2.45511113235219e-05    0.0032290433194951    0.00495487577262421
156.000000000003    1.03997122068607e-05    -2.74757520847383e-05    1.04044908844035e-05    2.42973641232936e-05    0.00322558254124577    0.00492915907699691
156.500000000003    -3.08905089176699e-06    -2.55392738759323e-05    1.03360068844518e-05    2.40466276021122e-05    0.00321496459423994    0.00490366957977412
157.000000000002    -1.44137565040396e-05    -1.95918517612116e-05    1.02054424183142e-05    2.39788462323806e-05    0.00319456329753186    0.00489678081924494
157.500000000002    -2.13660331548862e-05    -5.58223863105115e-06    1.01253955364829e-05    2.37912859683307e-05    0.003181970934674    0.00487762798980637
158.000000000001    -1.80908935322638e-05    1.80285481270489e-05    1.00856816506137e-05    2.3584650084435e-05    0.00317574469537224    0.00485636953452756
158.500000000001    -5.75302588533886e-06    2.90618673197475e-05    1.0048336159736e-05    2.34324351201009e-05    0.00316990584441071    0.00484061881663582
159    8.64395637708453e-06    2.72546936535113e-05    9.99774555520104e-06    2.32374426976034e-05    0.00316190936575026    0.00482044602493144
159.5    2.08664897540397e-05    2.07167958251446e-05    9.92707485337945e-06    2.31103513113856e-05    0.00315065698592925    0.00480727803707632
159.999999999999    2.76832786467325e-05    4.10839721524619e-06    9.87993414395585e-06    2.28645369355588e-05    0.00314311434409237    0.00478168590108459
160.499999999999    2.41666062101006e-05    -1.63698998906856e-05    9.82172907481431e-06    2.27528795990541e-05    0.00313387061793537    0.00476996977196204
160.999999999999    1.34952080230397e-05    -2.40991716470426e-05    9.74978438469884e-06    2.2580246264876e-05    0.00312243530982777    0.00475180655065017
161.499999999998    1.39894866193369e-06    -2.43116799609856e-05    9.67022667395121e-06    2.24956412493971e-05    0.00310969849292401    0.00474289470593799
161.999999999998    -1.07335920987531e-05    -2.36376216399151e-05    9.63629555213394e-06    2.2239370415914e-05    0.00310421976382707    0.00471580445722224
162.499999999997    -1.98035347669593e-05    -9.22507250937162e-06    9.60246065593891e-06    2.20960408514586e-05    0.00309872045785832    0.00470063354767161
162.999999999997    -1.95779595880734e-05    7.41214475632881e-06    9.56796068852955e-06    2.19271350875652e-05    0.00309315007589802    0.00468263602553896
163.499999999996    -1.45085495623826e-05    1.23721088374149e-05    9.51533080933188e-06    2.17226424428241e-05    0.00308465886465935    0.00466073914457214
163.999999999996    -5.32238214194698e-06    2.40608923951715e-05    9.41805634947204e-06    2.16850323821982e-05    0.00306888058120879    0.00465665689692245
164.499999999995    6.80931205830353e-06    2.26259525502708e-05    9.35406671477464e-06    2.15339026972895e-05    0.00305843429683293    0.00464040846947343
164.999999999995    1.54102738368992e-05    1.09399509668267e-05    9.33272988640112e-06    2.12928532817171e-05    0.00305491283179429    0.00461440501031172
165.499999999994    1.68139610615152e-05    -5.66347990410222e-06    9.28982469783503e-06    2.1143910436219e-05    0.00304787499555813    0.00459824731405504
165.999999999994    1.13135397785194e-05    -1.29422597260869e-05    9.20485581619502e-06    2.10462220041746e-05    0.00303392943556911    0.00458759790109026
166.499999999994    5.78302885861487e-06    -1.01163751311809e-05    9.12964109760438e-06    2.09573108135054e-05    0.00302152406149307    0.00457790437563517
166.999999999993    6.93548343103207e-08    -1.26745362750481e-05    9.11027331712396e-06    2.07160391154398e-05    0.00301832293042243    0.00455146992427392
167.499999999993    -4.58001989297401e-06    -5.77319227457805e-06    9.09083476347441e-06    2.0563845157338e-05    0.00301509764135296    0.00453473393128957
167.999999999992    -8.2158542787097e-06    -8.44130711261479e-06    9.02995188603401e-06    2.03768371015929e-05    0.00300497660319885    0.00451406311939998
168.499999999992    -1.08634376070952e-05    -1.40221095781402e-06    8.92261590762771e-06    2.04106609107477e-05    0.00298705505361904    0.00451781572715755
168.999999999991    -9.51468037049786e-06    6.9522707809084e-06    8.88243589353035e-06    2.02648667079792e-05    0.00298032638554703    0.00450164618488728
169.499999999991    -4.47711850498085e-06    1.1955814387417e-05    8.90535059067493e-06    2.00043435932934e-05    0.00298418004585595    0.00447260557749012
169.99999999999    2.01751753116445e-06    1.43361323288355e-05    8.89103108743827e-06    1.97738692542075e-05    0.00298178252343481    0.00444675878922135
170.49999999999    8.34289061365861e-06    9.46225127319509e-06    8.77134029202916e-06    1.98588783433507e-05    0.00296163311168102    0.00445632009724969
170.999999999989    1.09247330333562e-05    7.64995686270742e-07    8.69185690247093e-06    1.97135211766892e-05    0.00294817529205424    0.00443999105758906
171.499999999989    9.62109306914802e-06    -6.38422112077238e-06    8.67200406664167e-06    1.95504397946809e-05    0.00294481094490119    0.00442158331781745
171.999999999989    3.50451644789567e-06    -1.61458613003882e-05    8.6774309306379e-06    1.93211093170438e-05    0.00294574585614618    0.00439554872890822
172.499999999988    -3.30390132360087e-06    -9.85501245856529e-06    8.62687073477865e-06    1.92569134140609e-05    0.0029371516506668    0.00438825891360006
172.999999999988    -6.82375122036495e-06    -4.1113385981442e-06    8.54356152487371e-06    1.91166720070461e-05    0.00292292917486774    0.00437225972512396
173.499999999987    -7.59952239717579e-06    1.01764335980546e-06    8.46283086447912e-06    1.90677210802741e-05    0.00290908458311862    0.00436666005600117
173.999999999987    -5.24763402718556e-06    8.00679653805209e-06    8.43207244288981e-06    1.89502112783224e-05    0.00290379835822444    0.00435317667566245
174.499999999986    -1.42330933275442e-06    5.44227192188261e-06    8.44217896781062e-06    1.87040260073307e-05    0.00290554245227998    0.00432481171717417
174.999999999986    -2.13774797645545e-07    4.19514702937292e-07    8.39801709495117e-06    1.86211108056049e-05    0.00289793323754215    0.00431521849152651
175.499999999985    6.87540342912833e-07    3.38245030891737e-06    8.32194397925679e-06    1.85661727245968e-05    0.00288477789553114    0.00430884686240144
175.999999999985    2.13210463827536e-06    8.53789303869004e-07    8.27277946240914e-06    1.83937750749327e-05    0.00287624319495744    0.00428879637497241
176.499999999984    1.40081058204183e-06    -1.85842232607199e-06    8.23379782022587e-06    1.83245595909458e-05    0.00286945915774307    0.0042807191144961
176.999999999984    1.28008801197779e-06    1.82225072215702e-06    8.2172495172736e-06    1.81375930885412e-05    0.00286657424090992    0.00425882492806919
177.499999999984    3.01162164611994e-06    3.72976625131209e-06    8.17558269994952e-06    1.80981502592976e-05    0.00285929600253009    0.0042541904456831
177.999999999983    4.17110785972008e-06    -1.78857530414022e-07    8.14055532818002e-06    1.79591376323924e-05    0.00285316279417057    0.00423782227097863
178.499999999983    2.14038335902671e-06    -7.44146966552781e-06    8.10269911761259e-06    1.78360460780868e-05    0.0028465232365768    0.00422326777538627
178.999999999982    -2.30782724582158e-06    -8.2779106295725e-06    8.05107497261886e-06    1.77231181041808e-05    0.0028374406859972    0.00420987524522716
179.499999999982    -3.32680507845278e-06    4.36262018786731e-06    8.00390906083566e-06    1.76300428237194e-05    0.00282911611518574    0.00419881218813898
179.999999999981    -4.74423722136607e-07    4.54416374019165e-06    7.97492775390598e-06    1.74918067652002e-05    0.0028239914179806    0.00418231827050215
180.499999999981    1.36072837772101e-08    -2.2870340668707e-06    7.9391974239615e-06    1.74294100503487e-05    0.00281765814530016    0.00417485386808016
180.99999999998    -1.8746802034086e-06    -4.72823058795275e-06    7.91394226289776e-06    1.72713996756672e-05    0.00281317236380423    0.00415588466147735
181.49999999998    -4.22673198000579e-06    -4.18535622641131e-06    7.87556066499397e-06    1.71809260856345e-05    0.00280633975130075    0.00414498595515447
181.999999999979    -6.23327788821683e-06    -4.37741092065743e-06    7.82941851603987e-06    1.71089154846389e-05    0.00279810286842472    0.00413629016425499
182.499999999979    -7.94145101365981e-06    -2.48853648207473e-07    7.79104579332496e-06    1.70240808230495e-05    0.00279123319102521    0.00412602481343985
182.999999999979    -5.3750385160562e-06    9.05115329925692e-06    7.76574291947925e-06    1.68651044106642e-05    0.0027867030750405    0.0041067045775522
183.499999999978    -1.30331679118261e-06    7.11963422581953e-06    7.71611069251076e-06    1.6787711727777e-05    0.00277778850776586    0.00409727483073634
183.999999999978    2.75766560530122e-06    9.71118048199087e-06    7.65941469563522e-06    1.6708734064768e-05    0.00276756338516675    0.00408762030498695
184.499999999977    7.40171570963648e-06    6.91630539768672e-06    7.61743727412396e-06    1.65963839308614e-05    0.00275996059550286    0.00407386009769371
184.999999999977    8.97696397604248e-06    -1.25667347784494e-06    7.59017995991308e-06    1.64855181495419e-05    0.00275501349797616    0.0040602360239663
185.499999999976    6.09505156447259e-06    -9.03158693301458e-06    7.57035266073227e-06    1.64067126155135e-05    0.00275142063506813    0.00405050997356518
185.999999999976    1.24009523058235e-06    -8.87378795698626e-06    7.55945451501678e-06    1.62680004714152e-05    0.00274944594003603    0.00403335117827625
186.499999999975    -1.93547983365245e-06    -4.23690636202708e-06    7.53043474006335e-06    1.615893560457e-05    0.00274416307714778    0.00401981562427861
186.999999999975    -2.60808311619397e-06    2.11217833421822e-06    7.46807827294128e-06    1.61523074792903e-05    0.00273277724500987    0.00401899278650671
187.499999999974    -1.18221316368884e-06    1.90111649330681e-06    7.42603764200893e-06    1.60392616609336e-05    0.00272507545663986    0.00400490424937847
187.999999999974    -8.15903217837565e-07    9.91843279861316e-07    7.41560513682685e-06    1.58851565353216e-05    0.00272316075014473    0.00398561859082984
188.499999999974    4.84466881854998e-07    2.95685396224115e-06    7.38686302188843e-06    1.58045450664952e-05    0.00271787836136577    0.00397549195993526
188.999999999973    1.34990460000624e-06    8.2398319883673e-07    7.32840831685818e-06    1.57548986481174e-05    0.00270710297081876    0.00396924400474059
189.499999999973    1.32704830795506e-06    -1.80406295175152e-06    7.29032763690154e-06    1.5661779654567e-05    0.00270006034670419    0.0039574962286683
189.999999999972    -4.52529904215006e-07    -3.56908321414975e-06    7.26842934630011e-06    1.55409158205808e-05    0.00269600243722382    0.0039421952110754
190.499999999972    -4.49580503990563e-07    3.69472356344297e-06    7.23835645419004e-06    1.5465206727879e-05    0.00269041934502178    0.00393258096889267
190.999999999971    1.95099126286679e-06    4.7249333937487e-06    7.20811087257202e-06    1.53825593022154e-05    0.00268479181058888    0.00392205774781808
191.499999999971    3.04814973128854e-06    -1.60450555223426e-06    7.17520771637953e-06    1.52667245831627e-05    0.00267865608564495    0.00390726528517384
191.99999999997    9.07671496804303e-07    -4.76413497277105e-06    7.12658860578693e-06    1.52185419864738e-05    0.0026695669652435    0.00390109206370367
192.49999999997    -1.25925281723386e-07    9.05958375346489e-07    7.08536008877244e-06    1.50965713695055e-05    0.00266183396794677    0.00388543054869662
192.999999999969    6.98884287380942e-07    1.05333844858495e-06    7.05176463555574e-06    1.50413414399595e-05    0.0026555157968117    0.00387831668774452
193.499999999969    2.88573902041554e-07    -2.44555002164147e-06    7.04488324103596e-06    1.49139629358433e-05    0.00265421987743312    0.00386185926143462
193.999999999969    -1.49970157302948e-07    1.63211025240465e-06    7.02292144939096e-06    1.4819472401148e-05    0.00265007951331652    0.00384960643928234
194.499999999968    6.07591426180455e-07    -2.82769104522764e-07    6.96705658723108e-06    1.48196783553155e-05    0.00263951817915008    0.00384963352481209
194.999999999968    -7.3812084193608e-07    -4.1405360298857e-06    6.93172004536718e-06    1.46985647332431e-05    0.00263281588808348    0.00383386848877273
195.499999999967    -2.55026203920282e-06    -2.93548872339263e-06    6.90477278622129e-06    1.45579188928261e-05    0.00262769219703999    0.0038154829675589
195.999999999967    -3.73029455879884e-06    -1.84168009058138e-06    6.86332758011564e-06    1.45672650195451e-05    0.00261979267596086    0.00381670821883984
196.499999999966    -4.10806713821669e-06    1.05520000917328e-06    6.85323330293085e-06    1.44041000216878e-05    0.00261786486028505    0.00379527323235637
196.999999999966    -1.85446172827946e-06    7.94850426212634e-06    6.82373550753441e-06    1.43840067246307e-05    0.00261222741515859    0.00379261697854011
197.499999999965    2.48457703993695e-06    8.21009237800495e-06    6.7870169224608e-06    1.43002081792343e-05    0.00260518919645728    0.00378155269348682
197.999999999965    5.55503970771813e-06    3.01394956714473e-06    6.73687796639474e-06    1.4240957217196e-05    0.00259554370179517    0.00377371807814309
198.499999999964    5.17605854621495e-06    -4.11231031487987e-06    6.70743849304465e-06    1.41329587794468e-05    0.00258986712042579    0.00375938051656794
198.999999999964    2.02571998319271e-06    -7.45248070559201e-06    6.69645897644127e-06    1.40397669462957e-05    0.00258775092945589    0.00374696028893115
199.499999999964    -1.10555064720936e-06    -4.56024087225036e-06    6.6746112855496e-06    1.3948254104277e-05    0.00258352667168492    0.00373473336511192
199.999999999963    -2.76993197440876e-06    -2.2875939289497e-06    6.62714203101685e-06    1.39078961359736e-05    0.00257432211630435    0.00372932847881326
200.499999999963    -3.203859325478e-06    3.77222579678417e-07    6.58960119110603e-06    1.38414880510542e-05    0.00256701985313543    0.00372041501834907
200.999999999962    -2.59227554401811e-06    2.39420266274695e-06    6.57651089078269e-06    1.37236571675383e-05    0.0025644695691098    0.00370454470013954
201.499999999962    -6.94679903947952e-07    4.31657505580779e-06    6.55259411443199e-06    1.36556926556316e-05    0.0025598034361747    0.00369535844307578
201.999999999961    7.27433703217419e-07    1.15011953181641e-06    6.52135669736714e-06    1.36527512186267e-05    0.00255369461138315    0.00369496277327009
202.499999999961    7.72915932972072e-07    -1.46488711462278e-07    6.51997042273545e-06    1.35086258140609e-05    0.00255342315829876    0.00367540824842655
202.99999999996    1.25237198603265e-06    1.46702072527751e-06    6.48947960641478e-06    1.34316966346204e-05    0.00254744539450391    0.00366492762308761
203.49999999996    1.08868759711253e-06    -2.17338657656665e-06    6.42611982178293e-06    1.34042116109516e-05    0.00253497902092744    0.00366117561547414
203.999999999959    3.78313723237139e-08    -1.46780143938156e-06    6.38480118379773e-06    1.33731942953082e-05    0.00252681641247767    0.00365693753581697
204.499999999959    -1.91650651701847e-07    8.65705984380649e-07    6.39224118858451e-06    1.32254945075235e-05    0.00252828818607661    0.00363668719552242
204.999999999959    1.28110209045252e-07    -1.3129408237998e-06    6.3927891804388e-06    1.31066658501388e-05    0.00252839655988268    0.00362031271112389
205.499999999958    -1.50252117514407e-06    -3.70448253897742e-06    6.34412506166753e-06    1.31183808565926e-05    0.00251875421669079    0.00362192864830351
205.999999999958    -3.55058120391803e-06    -4.85306916431253e-06    6.30047062968962e-06    1.30400874018826e-05    0.002510071318322    0.00361110285779875
206.499999999957    -4.80047380412051e-06    1.27503618098164e-06    6.26562440927963e-06    1.29805107417119e-05    0.00250311832815208    0.00360284736229481
206.999999999957    -3.19374146340878e-06    3.49408844226218e-06    6.24869801271878e-06    1.29092563949082e-05    0.00249973754877072    0.00359294366588931
207.499999999956    -2.26151403408163e-06    -5.22817786241591e-07    6.24301094610101e-06    1.2823523837689e-05    0.00249860077476481    0.00358099477301357
207.999999999956    -2.91878715125419e-06    1.52953768525964e-07    6.21963347556212e-06    1.275667538084e-05    0.00249391759211159    0.00357164882896474
208.499999999955    -1.0792145553481e-06    6.66631441639283e-06    6.17544483233711e-06    1.27200912323023e-05    0.00248504399712219    0.00356651746000975
208.999999999955    2.303766221391e-06    5.2162509086486e-06    6.13767136239968e-06    1.26688821057766e-05    0.00247743134214873    0.0035593334904871
209.499999999954    4.12805061966874e-06    3.34164822839546e-06    6.12883884254814e-06    1.2580948688198e-05    0.00247564573429766    0.00354696173105732
209.999999999954    5.93812225273384e-06    3.05928045515009e-06    6.12474989398231e-06    1.24446543092139e-05    0.00247481608057779    0.00352769683363196
210.499999999954    6.40775941899915e-06    -1.42541355379895e-06    6.08154108058114e-06    1.24562813675905e-05    0.00246606975189275    0.00352934545429981
210.999999999953    4.17826491070596e-06    -7.59537114576267e-06    6.05013525306775e-06    1.23921809031349e-05    0.00245969872040664    0.00352024476613091
211.499999999953    -1.08082889995105e-06    -1.3479150243671e-05    6.03523155877073e-06    1.23210106554933e-05    0.00245667059057164    0.00351010384005973
211.999999999952    -8.29109444386457e-06    -1.36832536188628e-05    6.01589191069052e-06    1.2225833812262e-05    0.00245271750685713    0.00349651920927548
212.499999999952    -1.27066404845273e-05    -2.90078625960866e-06    5.97994303848002e-06    1.2227082057631e-05    0.0024453591923821    0.00349672327230367
212.999999999951    -1.15171102519977e-05    6.33725855293596e-06    5.96469237387469e-06    1.21212941091723e-05    0.00244224481370032    0.00348155912607072
213.499999999951    -7.13816107963456e-06    1.11619234922136e-05    5.94700991697505e-06    1.20543864885619e-05    0.00243863875217947    0.00347192481197763
213.99999999995    -6.76168383153719e-07    1.38679572870492e-05    5.91300156406604e-06    1.19957829878486e-05    0.00243166632309253    0.00346346512435296
214.49999999995    6.51323480108705e-06    1.51449253790677e-05    5.87000564080499e-06    1.19579412543439e-05    0.00242280069724635    0.00345799246465043
214.999999999949    1.35094027282793e-05    1.04494605667931e-05    5.83969551642822e-06    1.19154313482139e-05    0.00241650843418064    0.00345185778342443
215.499999999949    1.48879561411582e-05    -5.93005965525365e-06    5.83076638009278e-06    1.18330098816257e-05    0.00241465209271537    0.00343990911449971
215.999999999949    8.98676762496335e-06    -1.43919248053499e-05    5.82798818806544e-06    1.17343276510638e-05    0.00241410592685431    0.0034255102574017
216.499999999948    2.6774291832899e-06    -1.11338393182313e-05    5.80625727200142e-06    1.16641119612402e-05    0.00240961617345468    0.00341525811599391
216.999999999948    -3.17123436027776e-06    -1.19151679616281e-05    5.76462168870164e-06    1.16455553013191e-05    0.00240096056443547    0.0034125376672048
217.499999999947    -8.1047733758368e-06    -6.8685091382706e-06    5.72234218001719e-06    1.16299950156977e-05    0.00239212802597723    0.00341027093341275
217.999999999947    -9.77741436712833e-06    5.63063813726275e-07    5.7005706834275e-06    1.15803937320043e-05    0.00238756677091883    0.00340299771010259
218.499999999946    -7.53669920597543e-06    7.40578773435504e-06    5.70567987346044e-06    1.14848048518208e-05    0.00238864460973698    0.0033889157567176
218.999999999946    -3.32632819502222e-06    9.01564595976857e-06    5.70470590565025e-06    1.13829421659054e-05    0.00238845030117668    0.0033738495645232
219.499999999945    1.17124102725979e-06    8.69140497629798e-06    5.66602682298365e-06    1.13493424504604e-05    0.00238034145684566    0.00336886730370016
219.999999999945    5.27854809250845e-06    7.84498337958814e-06    5.61233438889996e-06    1.13587189706381e-05    0.00236903071441254    0.00337026073574046
220.499999999944    8.63281884977095e-06    4.41645183030114e-06    5.59591904506988e-06    1.12806882818707e-05    0.00236555374479393    0.00335867068597442
220.999999999944    8.60829367335377e-06    -5.17986721110457e-06    5.60238044100374e-06    1.11765188349441e-05    0.00236691916598007    0.00334312608256401
221.499999999944    3.17068786734806e-06    -1.5896421299265e-05    5.58331717030571e-06    1.11121100360793e-05    0.0023629022656564    0.00333344526576771
221.999999999943    -5.35943048393665e-06    -1.57459720275854e-05    5.53135391457088e-06    1.11382284186733e-05    0.00235187695066638    0.0033373613054385
222.499999999943    -1.14289033055159e-05    -8.30815407034771e-06    5.50841383526242e-06    1.11294522375015e-05    0.00234697320296412    0.00333607302259369
222.999999999942    -1.29231835462158e-05    2.95328100809248e-06    5.52945351900046e-06    1.09543594787246e-05    0.00235144349503183    0.00330973575332773
223.499999999942    -8.56033136281719e-06    1.39503872529938e-05    5.50674715796549e-06    1.09206814415197e-05    0.00234663032425059    0.00330461598801059
223.999999999941    1.44738159112542e-07    1.95750421831488e-05    5.45101139479645e-06    1.09559239197469e-05    0.00233474010841621    0.00330991551817722
224.499999999941    9.40519428454757e-06    1.59594200918872e-05    5.43601261702641e-06    1.08481272084999e-05    0.00233150684308386    0.00329361086126005
224.99999999994    1.47033809905621e-05    3.68800348942815e-06    5.43542270575563e-06    1.07646101603974e-05    0.00233135293688945    0.00328094446143601
225.49999999994    1.21681794049524e-05    -1.32731194902096e-05    5.41581224822554e-06    1.072476927852e-05    0.00232715796275962    0.00327484245465626
225.999999999939    4.06331856869128e-06    -1.53810069086274e-05    5.38333635802507e-06    1.06907023433709e-05    0.00232019823451947    0.00326962777208619
226.499999999939    -1.39460170785628e-06    -7.23165299369018e-06    5.34905524339869e-06    1.06473285204556e-05    0.00231280204481161    0.00326301643018397
226.999999999939    -4.32354580431662e-06    -4.64104161358925e-06    5.32102432105464e-06    1.06059515700176e-05    0.00230673050615071    0.00325667468911931
227.499999999938    -5.61089988846071e-06    -4.37492343776035e-07    5.30735662883049e-06    1.05799676550142e-05    0.00230376325750563    0.00325268619199803
227.999999999938    -5.20147545163127e-06    1.67532247695146e-06    5.31481694313749e-06    1.0468642263722e-05    0.00230538280721242    0.00323552769374898
228.499999999937    -3.9931329092782e-06    3.10366268012643e-06    5.30040970717359e-06    1.04189154350436e-05    0.00230225840471116    0.00322783298860421
228.999999999937    -2.45172106285472e-06    2.73961792726419e-06    5.2586357963836e-06    1.04042369865302e-05    0.00229317024781141    0.00322555878585771
229.499999999936    -7.97107630569805e-07    4.73069251110238e-06    5.22346325122711e-06    1.03880601677556e-05    0.00228548957902821    0.00322304790350748
229.999999999936    2.5275158144585e-06    8.18104976549193e-06    5.22322798561777e-06    1.03029108343781e-05    0.00228543685042523    0.00320980434057948
230.499999999935    6.52164323019133e-06    6.77977226586445e-06    5.22893643408784e-06    1.02143598208128e-05    0.00228667748103169    0.00319598401990699
230.999999999935    8.76990616931969e-06    1.92902308388556e-06    5.20278774797589e-06    1.01876713040768e-05    0.0022809451630238    0.00319181258581182
231.499999999934    7.90779767230691e-06    -5.7904802090578e-06    5.15480181547008e-06    1.01843577567095e-05    0.00227040509209393    0.00319128880345362
231.999999999934    3.55528110124535e-06    -1.03041345861896e-05    5.12295982087849e-06    1.01621283647082e-05    0.0022633928472218    0.00318779268295769
232.499999999934    -1.31695571199494e-06    -8.62638182772786e-06    5.12421357100033e-06    1.00756914256521e-05    0.0022636722016732    0.00317421124237009
232.999999999933    -4.93328946760862e-06    -5.8369588109717e-06    5.12912685392183e-06    9.98187399489027e-06    0.00226475219760946    0.00315940499537525
233.499999999933    -6.9323609010844e-06    -1.98566204439163e-06    5.10204083368725e-06    9.96146022556788e-06    0.00225875912307169    0.00315617747959682
233.999999999932    -7.16212619551385e-06    1.02457988462428e-06    5.06164519164536e-06    9.9567910314624e-06    0.00224979863445459    0.00315543816001811
234.499999999932    -5.07783455706618e-06    8.06038808363621e-06    5.04190215826778e-06    9.89869552523085e-06    0.0022454122948501    0.00314620891794788
234.999999999931    6.99276049558252e-08    1.04842026427265e-05    5.03024015573771e-06    9.84142735889592e-06    0.00224281968754687    0.00313708741357184
235.499999999931    3.68808259053196e-06    3.55294113179339e-06    5.0146272875407e-06    9.82029947764912e-06    0.00223933331274902    0.00313373369230036
235.99999999993    4.38295247079684e-06    4.58764314783657e-08    5.00821233624296e-06    9.75742962422841e-06    0.00223789926626973    0.00312368846431967
236.49999999993    4.04511904218312e-06    -1.15225738658093e-06    4.99981451103348e-06    9.68239727622675e-06    0.00223602284157506    0.00311165485690969
236.999999999929    3.51448229974229e-06    -7.42909613926034e-07    4.96982175235143e-06    9.67394453891265e-06    0.00222930693283038    0.00311029644680342
237.499999999929    3.16497600419527e-06    -1.22063311928261e-06    4.93968879462794e-06    9.64187634200946e-06    0.00222253881350919    0.00310513684916853
237.999999999929    1.77767757367802e-06    -4.54428469662446e-06    4.92204637551814e-06    9.59726435858779e-06    0.00221856782979033    0.00309794185033619
238.499999999928    -1.1360333072414e-06    -6.58990974905989e-06    4.91260196663572e-06    9.53763203404101e-06    0.00221643873726842    0.00308829865899179
238.999999999928    -4.41526420135572e-06    -6.22800444863524e-06    4.89640844785015e-06    9.48679518643797e-06    0.0022127785594795    0.00308005785633948
239.499999999927    -6.88079574257706e-06    -2.92036269896842e-06    4.87166390800359e-06    9.4627954800314e-06    0.00220717388591238    0.00307616432453032
239.999999999927    -6.66586514639635e-06    4.20047136786613e-06    4.8578281196944e-06    9.41303188681523e-06    0.00220403804094581    0.00306806359824165
240.499999999926    -2.88045384604955e-06    9.74936333102876e-06    4.84527676272411e-06    9.35211577203893e-06    0.0022011970529032    0.0030581073758051
240.999999999926    1.31557179262407e-06    5.77075210174913e-06    4.82231614591042e-06    9.32559000355593e-06    0.00219597687036573    0.00305377744801027
241.499999999925    3.02156438191222e-06    2.03775775901003e-06    4.79942574013996e-06    9.32060087832092e-06    0.00219075708609801    0.00305296523495834
241.999999999925    3.91260452593714e-06    1.35035091425256e-06    4.79768184539073e-06    9.27018844174553e-06    0.00219035762762992    0.00304469811611889
242.499999999924    3.9697244795157e-06    -1.23096053360422e-06    4.80394241802449e-06    9.1775627903823e-06    0.00219178618010792    0.00302944900520185
242.999999999924    2.95632081146006e-06    -2.58764162766206e-06    4.77982149623005e-06    9.14546286857523e-06    0.00218627828887297    0.00302414552769638
243.499999999924    1.13436239628051e-06    -5.00658008557969e-06    4.73526790740964e-06    9.16321058484753e-06    0.00217606677761313    0.00302707540689084
243.999999999923    -1.7078414104177e-06    -5.85366477471452e-06    4.71601643502267e-06    9.10613023538312e-06    0.00217163844097041    0.00301763085383084
244.499999999923    -4.70170463751262e-06    -5.99064315465721e-06    4.71127040464288e-06    9.06333634237488e-06    0.0021705410151887    0.00301053159003015
244.999999999922    -6.93297674608523e-06    -2.01798655677e-06    4.70756976479299e-06    9.00887488521245e-06    0.00216968239579585    0.00300147810469154
245.499999999922    -6.34743432568992e-06    3.95295015473091e-06    4.69386359346648e-06    8.98265653367265e-06    0.00216652332171707    0.00299710542154555
245.999999999921    -3.64898568136407e-06    6.61789683100335e-06    4.67481262628619e-06    8.93794203694434e-06    0.00216212842153044    0.00298963179010156
246.499999999921    2.99276047150498e-07    8.87096484353316e-06    4.65234825029177e-06    8.89486347719048e-06    0.0021569302632968    0.00298241257762457
246.99999999992    4.52204073472696e-06    7.32487376379553e-06    4.62898780561645e-06    8.87519092900564e-06    0.00215150351074872    0.00297911686162695
247.49999999992    7.21683220332988e-06    3.06240345628711e-06    4.61808467289387e-06    8.81852890142829e-06    0.00214896081635446    0.0029695992192741
247.999999999919    7.08251565677826e-06    -3.8193997526821e-06    4.60639671595206e-06    8.77690643866323e-06    0.00214624009698916    0.0029625819568155
248.499999999919    3.93157950373586e-06    -7.67846944685507e-06    4.58777148759171e-06    8.74981558043358e-06    0.00214190476685457    0.00295799875279564
248.999999999919    6.06184176091394e-07    -4.65397450558745e-06    4.56618160632916e-06    8.72507377516739e-06    0.00213686247542276    0.00295381991930596
249.499999999918    -7.44848772585083e-07    -1.9446753631682e-06    4.54686937004713e-06    8.69294382635885e-06    0.00213233881342704    0.00294837922333552
249.999999999918    -2.708669004928e-06    -6.32277744143639e-06    4.53217662406911e-06    8.64262392199835e-06    0.00212888921439828    0.0029398271963644
250.499999999917    -5.92924438571441e-06    -4.67754461227559e-06    4.51545541288465e-06    8.6223401496932e-06    0.0021249518246176    0.0029363784276332
250.999999999917    -6.08904042138651e-06    4.51989175372597e-06    4.50977352046571e-06    8.57825204660844e-06    0.00212361400542859    0.00292886182965106
251.499999999916    -1.95381069158465e-06    1.03242831232879e-05    4.50754005809242e-06    8.48922103110701e-06    0.00212309590944832    0.00291360849125015
251.999999999916    2.28506579207797e-06    5.5365416944953e-06    4.47580658809877e-06    8.51232728316677e-06    0.00211560898243818    0.00291758403989891
252.499999999915    3.80236086470023e-06    1.29248372358486e-06    4.45128491902948e-06    8.48326496521775e-06    0.00210980341763903    0.00291260421181862
252.999999999915    3.882005114545e-06    -1.05834614861486e-06    4.44228039730752e-06    8.42060213550562e-06    0.00210766822041416    0.00290182718565545
253.499999999914    2.62594191585761e-06    -4.11672382490134e-06    4.43155464793212e-06    8.39255994535473e-06    0.00210512416554492    0.00289698860852777
253.999999999914    -1.85707854509615e-07    -6.75715823473337e-06    4.4211754257165e-06    8.35158000675748e-06    0.0021026591238784    0.00288990213460077
254.499999999914    -3.52425391775511e-06    -5.7148340801076e-06    4.40617061612731e-06    8.33210273081314e-06    0.00209908508540307    0.00288653253428479
254.999999999913    -5.28137316019024e-06    -1.35357786391613e-06    4.39186806839092e-06    8.27990128801432e-06    0.00209567177188807    0.00287748144317931
255.499999999913    -5.01096650352479e-06    2.88456128042765e-06    4.36881634319635e-06    8.2682539171471e-06    0.00209016536030312    0.00287545571978657
255.999999999912    -1.8018311239447e-06    9.62471520525066e-06    4.35109470098592e-06    8.24462312237738e-06    0.00208592700121325    0.00287132904544822
256.499999999912    3.12433400393527e-06    8.40087220313687e-06    4.34643026317966e-06    8.20236687475572e-06    0.00208480706582568    0.00286396513597878
256.999999999911    5.7145099238609e-06    1.7508189016647e-06    4.34293348515548e-06    8.12875319843941e-06    0.00208396277066838    0.00285109630371767
257.499999999911    5.00076552426552e-06    -4.23023743422508e-06    4.31663111522184e-06    8.13001806477366e-06    0.00207764436503604    0.00285131551566376
257.99999999991    1.96760142790268e-06    -7.3680279698484e-06    4.29186211336858e-06    8.10223154005352e-06    0.00207168005297951    0.0028464323726759
258.49999999991    -1.79806690444745e-06    -7.09348711073784e-06    4.28152347516271e-06    8.065239928823e-06    0.002069183472319    0.00283992774754281
258.999999999909    -4.40721140340781e-06    -2.54026367539036e-06    4.27802639942098e-06    8.00424540044646e-06    0.00206833434819147    0.00282917637264044
259.499999999909    -4.05611140404105e-06    3.51899054791648e-06    4.26220769506022e-06    7.99246985237596e-06    0.00206450750616715    0.00282709346663344
259.999999999909    -1.53861304633943e-06    5.80664058535444e-06    4.24598139509088e-06    7.95901883337392e-06    0.0020605773530156    0.00282116733220471
260.499999999908    1.03867938337531e-06    4.05805780143384e-06    4.23100210850221e-06    7.94087843825053e-06    0.00205693972435931    0.00281795350749749
260.999999999908    2.38730328867544e-06    1.46513485691248e-06    4.22043046041324e-06    7.87682908244236e-06    0.00205436724107357    0.00280656853396139
261.499999999907    2.6974419864631e-06    -3.2355621164386e-07    4.19753273149667e-06    7.88130377371191e-06    0.00204878633715266    0.00280736596635054
261.999999999907    1.55736076493629e-06    -4.69905886236915e-06    4.18299320232145e-06    7.83142991090926e-06    0.00204523611765217    0.00279846526327469
262.499999999906    -1.83388268312335e-06    -8.00119306706773e-06    4.17011541663765e-06    7.80729348013419e-06    0.00204208522190235    0.00279414199013645
262.999999999906    -5.17974646615096e-06    -4.21151491383849e-06    4.16532563526836e-06    7.76962767684341e-06    0.0020409063686252    0.0027874020054498
263.499999999905    -5.62436304918112e-06    2.15586765951878e-06    4.15891834086316e-06    7.72825389545918e-06    0.00203933486887354    0.00277997288614364
263.999999999905    -3.52153163008316e-06    5.82703497083109e-06    4.14015171685128e-06    7.71417660438596e-06    0.00203473322960684    0.00277743454469217
264.499999999904    -4.63265388523011e-08    7.64059176859266e-06    4.11953077015355e-06    7.67942598048857e-06    0.00202966272272203    0.0027711671912474
264.999999999904    3.04260231237516e-06    3.51228535572767e-06    4.09772273964406e-06    7.68126845075613e-06    0.00202428097906768    0.00277150791350263
265.499999999904    3.41766665992789e-06    -1.02393512133134e-06    4.09526545887158e-06    7.61910084970862e-06    0.00202367333787501    0.00276027168975546
265.999999999903    2.68335420639643e-06    -2.00971296548227e-06    4.09320873169619e-06    7.56745496059659e-06    0.00202316621445357    0.00275090002029343
266.499999999903    1.11686891256477e-06    -4.19268712968712e-06    4.07547685884457e-06    7.55058618545346e-06    0.00201878072396395    0.00274782979946504
266.999999999902    -9.89544305870948e-07    -3.64284189902948e-06    4.05188912942257e-06    7.53539256139561e-06    0.00201293023978096    0.00274506453313916
267.499999999902    -2.28170013439512e-06    -1.39659917337759e-06    4.03508284667479e-06    7.52431420908891e-06    0.00200875026833086    0.00274304798692981
267.999999999901    -1.9566807431545e-06    3.03777739324842e-06    4.03128114734272e-06    7.470687553815e-06    0.00200780410367725    0.00273325416412808
268.499999999901    4.44084989243583e-08    3.28798046341174e-06    4.0230987923985e-06    7.45061243106478e-06    0.00200576638480816    0.00272957901886889
268.9999999999    -1.4160083621027e-07    -4.38583769188059e-06    4.01260931647579e-06    7.41765257137566e-06    0.00200314984372737    0.00272353324485004
269.4999999999    -2.79392753495395e-06    -3.62689743474797e-06    3.99887176321854e-06    7.38015961147159e-06    0.00199971596912848    0.00271664249710679
269.999999999899    -2.54465906742461e-06    3.95371030854568e-06    3.97776172703454e-06    7.36589685314936e-06    0.00199443105966207    0.00271401570027223
270.499999999899    -3.31065362293845e-07    3.62351637700173e-06    3.96240107451867e-06    7.3363896100217e-06    0.00199057804793341    0.00270857462148466
270.999999999899    8.41968086919438e-07    1.64832432733993e-06    3.95088294743512e-06    7.30369528741981e-06    0.00198768263023171    0.00270253447164818
271.499999999898    1.9430094867739e-06    3.11968676253815e-06    3.94056040062925e-06    7.26705994709886e-06    0.00198508353107454    0.00269574668963042
271.999999999898    3.85431338939174e-06    3.80332959985285e-06    3.92920874562473e-06    7.24925002548046e-06    0.00198221943535347    0.00269244044691139
272.499999999897    4.53814382980807e-06    -2.22769411272975e-06    3.91777737523995e-06    7.2209753064682e-06    0.00197933240778059    0.00268718632473581
272.999999999897    1.41219762443704e-06    -9.37768103325933e-06    3.90543012927413e-06    7.19537861517057e-06    0.00197621560943435    0.0026824038984219
273.499999999896    -3.29992048991241e-06    -7.82207115252233e-06    3.89032529631018e-06    7.16955010134412e-06    0.00197238799601776    0.00267759013229191
273.999999999896    -5.35154767557241e-06    -2.65667674949794e-07    3.87755292861327e-06    7.14364203261932e-06    0.00196914303430471    0.00267275924131599
274.499999999895    -4.34645088429952e-06    3.34408044956621e-06    3.8690677020461e-06    7.09489155692026e-06    0.00196698978401282    0.00266362166496036
274.999999999895    -2.08836250943466e-06    6.14982408580515e-06    3.85702818381371e-06    7.08951555907659e-06    0.00196393070716758    0.00266260731966625
275.499999999894    1.6188859634785e-06    7.7317388074432e-06    3.85269502296781e-06    7.04122424294185e-06    0.00196282765473081    0.00265351925999358
275.999999999894    4.68641067051247e-06    3.81543182880463e-06    3.8372762561872e-06    7.02263334295372e-06    0.00195889108776936    0.0026500224122512
276.499999999894    5.07187144839654e-06    -1.9945072612975e-06    3.8118562497319e-06    7.01132980572691e-06    0.00195239097668779    0.00264789082623655
276.999999999893    3.57417029324117e-06    -3.06321682253672e-06    3.79477429319787e-06    6.99674095298752e-06    0.00194801476342059    0.00264513356367693
277.499999999893    2.3095375120245e-06    -2.21787433810322e-06    3.79648411678202e-06    6.94248342339897e-06    0.00194845548648628    0.00263485834617962
277.999999999892    1.12765673638847e-06    -2.62852784035007e-06    3.79738848259883e-06    6.90581147162065e-06    0.00194868858748367    0.00262788975462481
278.499999999892    -3.38440448794977e-07    -3.11995232154683e-06    3.78002410882824e-06    6.89146835875687e-06    0.00194422838017716    0.00262515878084629
278.999999999891    -1.91108613419826e-06    -2.99456910964677e-06    3.75207667799324e-06    6.88636113251217e-06    0.00193702685209654    0.00262418600047101
279.499999999891    -2.68512625275161e-06    5.70618706278677e-07    3.73464076531583e-06    6.86316916254442e-06    0.00193252000129697    0.0026197650346813
279.99999999989    -1.44457169842783e-06    3.67657884126805e-06    3.7338227760066e-06    6.8342241491691e-06    0.00193230967736003    0.00261423232172222
280.49999999989    3.47779909465246e-07    3.1714746416533e-06    3.74291001022099e-06    6.7709965375017e-06    0.00193466014826122    0.0026021119267338
280.999999999889    1.74841923036597e-06    2.65691508320084e-06    3.73529548968971e-06    6.7280433477072e-06    0.00193269046479769    0.00259384584902601
281.499999999889    3.01739825835646e-06    2.02562384680275e-06    3.7018660693264e-06    6.74700448075964e-06    0.00192402104059029    0.00259749886960662
281.999999999889    3.37489754059984e-06    -6.22003006507876e-07    3.67444321912447e-06    6.74701183042451e-06    0.00191688075507869    0.00259750099971815
282.499999999888    2.66081425970398e-06    -1.91035803702335e-06    3.67233206778999e-06    6.70023163998203e-06    0.00191633112688216    0.0025884798609443
282.999999999888    1.75165724746286e-06    -1.53129576104133e-06    3.67789561579417e-06    6.65706735599748e-06    0.00191778323787936    0.00258012887490737
283.499999999887    1.02909210147294e-06    -1.70522510074456e-06    3.66752813515382e-06    6.62761101450763e-06    0.00191507886942634    0.00257441412882912
283.999999999887    -1.53975110332584e-09    -1.90868319512823e-06    3.64025599570384e-06    6.63241340990747e-06    0.00190794549075739    0.00257534653334963
284.499999999886    -3.16328349495863e-07    7.60220027982999e-07    3.62002747668883e-06    6.61640219867908e-06    0.00190263695344782    0.00257223669609634
284.999999999886    3.25911188973196e-07    1.14112298175048e-06    3.6174043457758e-06    6.5879136676361e-06    0.00190194748601472    0.00256669288491523
285.499999999885    3.81260922996737e-07    -1.02315778683339e-06    3.62587043931257e-06    6.52909115723248e-06    0.0019041718131389    0.00255520842797229
285.999999999885    -4.48403565393346e-07    -1.67839756800056e-06    3.61793246501339e-06    6.50945906626345e-06    0.00190208629245564    0.00255136360584787
286.499999999884    -6.60973496802877e-07    9.33014327571538e-07    3.59484972487763e-06    6.51200124027162e-06    0.00189600877845849    0.0025518621376861
286.999999999884    -1.33459372595151e-07    4.34508594421866e-07    3.57519007613158e-06    6.50414895528038e-06    0.0018908172990324    0.00255032326705511
287.499999999884    -3.42911212998291e-07    -8.92739020212078e-07    3.57191941254431e-06    6.46497792682684e-06    0.00188995219382825    0.00254263192968308
287.999999999883    -6.71703683502014e-07    -2.51920570567445e-07    3.57201532152204e-06    6.43079127258466e-06    0.00188997747879074    0.00253590047303136
288.499999999883    -4.91494488205691e-07    1.19101166810413e-06    3.56505909102952e-06    6.41315142649133e-06    0.00188813634292195    0.00253241979300086
288.999999999882    6.76916562733113e-07    3.19198479943166e-06    3.55404260189772e-06    6.38500056622487e-06    0.00188521673652705    0.00252685384964345
289.499999999882    1.90105500298529e-06    8.6157107891714e-07    3.53723688506592e-06    6.37367073094799e-06    0.00188075337858418    0.00252461283935642
289.999999999881    1.229253803612e-06    -3.33132380909861e-06    3.52290668664385e-06    6.35594414972733e-06    0.0018769403761385    0.00252109758875157
290.499999999881    -9.3694076240962e-07    -4.75194480453715e-06    3.51498382212606e-06    6.32644526974378e-06    0.00187482877732023    0.00251523809782779
290.99999999988    -3.08656267655378e-06    -3.59995469013632e-06    3.50609757645642e-06    6.31204599679893e-06    0.00187245508613351    0.00251237597447619
291.49999999988    -4.36008788770848e-06    -1.25653877736397e-06    3.50042636264791e-06    6.28341452880942e-06    0.00187093755969608    0.00250667368237665
291.999999999879    -3.97882860867232e-06    3.0988748491432e-06    3.49433173308454e-06    6.24880843302832e-06    0.00186930893701588    0.00249975975445701
292.499999999879    -1.30840722722928e-06    7.25092325024161e-06    3.47899324960782e-06    6.22511481795667e-06    0.00186520549475878    0.00249500746332926
292.999999999879    2.93185612656609e-06    9.20683260480699e-06    3.45799176284782e-06    6.22492489893395e-06    0.00185956531669836    0.00249496295226349
293.499999999878    6.89643893626578e-06    5.37430636636124e-06    3.44693742715634e-06    6.20645228543921e-06    0.00185658015347745    0.00249126943590417
293.999999999878    7.56809508708628e-06    -2.60925179316606e-06    3.4475134114153e-06    6.17088601505559e-06    0.00185673265047827    0.00248412544104775
294.499999999877    4.82675944002717e-06    -7.73346529972997e-06    3.44624991972641e-06    6.14582506330813e-06    0.00185640152502623    0.00247906539986798
294.999999999877    3.85088015559559e-07    -9.46335861755205e-06    3.43642913711883e-06    6.12734800653837e-06    0.00185376076903846    0.00247532996818243
295.499999999876    -4.07066640481431e-06    -7.9032037807379e-06    3.42119761429624e-06    6.11006713058438e-06    0.00184964349104665    0.00247184236349213
295.999999999876    -7.16147748048588e-06    -4.10588632860923e-06    3.40747191642465e-06    6.09881549672704e-06    0.00184591999546702    0.00246957458652791
296.499999999875    -7.82290556872659e-06    1.72681200772921e-06    3.40173866489415e-06    6.0690147652915e-06    0.00184436370248457    0.0024635364384177
296.999999999875    -5.47013628897843e-06    7.23581466823416e-06    3.39570368590999e-06    6.04120044206689e-06    0.00184273540247073    0.00245787470898192
297.499999999874    -1.26910546897814e-06    8.89025742788204e-06    3.38093883649586e-06    6.02795943998572e-06    0.00183873250525115    0.00245517421037868
297.999999999874    2.77971982480599e-06    6.61001380696822e-06    3.36605770627137e-06    6.0235548506601e-06    0.00183467980297082    0.0024542842456361
298.499999999874    4.83794226627392e-06    1.62964641903069e-06    3.36203731431651e-06    5.98002675043961e-06    0.00183357953430745    0.00244540877864871
298.999999999873    4.92643819014987e-06    -6.243046188609e-07    3.3556765852522e-06    5.96298096093662e-06    0.00183184396591494    0.00244192149160868
299.499999999873    4.44911162123973e-06    -1.56804263782304e-06    3.34638985761011e-06    5.9468609036075e-06    0.00182930862978774    0.00243861814248352
