#t    a    aDot    H
0    1    0.403710453808994    0.403710453808994
0.5    1.19878560678489    0.385443663194301    0.321528437622846
1    1.3803854363755    0.337399395112575    0.244424047241828
1.5    1.53478561197153    0.281129703790179    0.183171969816065
2    1.66452587872562    0.242440773650762    0.145651549639094
2.49999999999999    1.78235702676934    0.233749399696122    0.131146227262789
2.99999999999998    1.90184239156547    0.246032141794134    0.129365158167295
3.49999999999997    2.02834585141095    0.258280921888539    0.127335740948159
3.99999999999996    2.15745562579811    0.255100106310138    0.118241183392019
4.49999999999995    2.28084162833832    0.236728119870582    0.103789810274135
4.99999999999994    2.39371823429859    0.21557221320823    0.090057472144961
5.49999999999993    2.49816291240746    0.204549285481359    0.081879882398957
5.99999999999992    2.60055499525015    0.206848991171017    0.0795403256415733
6.49999999999991    2.70595519823754    0.214700758200149    0.0793437963570088
6.9999999999999    2.81432797165691    0.217222555612967    0.0771845207099581
7.49999999999988    2.92145970812547    0.20977271164166    0.0718040748801764
7.99999999999987    3.02316377137959    0.196851162231674    0.0651142899022779
8.49999999999986    3.11887007858042    0.187149705497364    0.0600056112573136
8.99999999999985    3.21175205632538    0.18580206418517    0.0578506873901559
9.49999999999984    3.30569984983685    0.190449290030779    0.0576123963705232
9.99999999999983    3.40201208271382    0.194031799533089    0.0570344239866155
10.4999999999998    3.49864156360911    0.19130030996881    0.0546784534770889
10.9999999999998    3.59237019295503    0.183088716080341    0.0509659935491601
11.4999999999998    3.68174775817051    0.174960885162537    0.0475211493710467
11.9999999999998    3.7682190599663    0.171981342506853    0.0456399534554637
12.4999999999998    3.85465663367796    0.174396657785862    0.0452431109588768
12.9999999999998    3.94278832216721    0.177833847912295    0.0451035747753625
13.4999999999998    4.03183661850166    0.177489427171604    0.0440219790546881
13.9999999999997    4.11944974777401    0.172337512526824    0.0418350806730798
14.4999999999997    4.20391956785705    0.165697382028178    0.0394149743717962
14.9999999999997    4.28565365746239    0.161989851988595    0.0377981668459211
15.4999999999997    4.36668599043621    0.16279272344316    0.0372806113834848
15.9999999999997    4.44880059038472    0.165663085297195    0.0372376963029644
16.4999999999998    4.53200844912556    0.166567678562194    0.0367536116562918
16.9999999999999    4.61469040209132    0.163540466189741    0.0354390981712721
17.4999999999999    4.6951620023881    0.158261833143554    0.0337074275739702
18    4.77318489203634    0.154326965375666    0.0323320736293178
18.5000000000001    4.8501023803135    0.153951716057539    0.0317419518157857
19.0000000000002    4.92757054859779    0.156101450831938    0.0316791914580217
19.5000000000002    5.00609093315189    0.157604567112543    0.0314825617866501
20.0000000000003    5.08465471749779    0.156091511446872    0.0306985469258543
20.5000000000004    5.16174613548852    0.152043680691846    0.0294558617764058
21.0000000000005    5.23673352104573    0.148194557201569    0.0282990449305841
21.5000000000006    5.31039413684574    0.146974955031874    0.0276768449279687
22.0000000000006    5.38415848152058    0.148370239254561    0.0275568112944289
22.5000000000007    5.45881476363973    0.15006422531171    0.0274902578323895
23.0000000000008    5.53385421517754    0.149624095187322    0.0270379539050654
23.5000000000009    5.6080062679478    0.146672972401887    0.0261542097839989
24.000000000001    5.68042339844174    0.143115857042826    0.0251945756511892
24.500000000001    5.75142677204605    0.141324109884474    0.0245720089093994
25.0000000000011    5.82217192918234    0.141996628688108    0.0243889446095506
25.5000000000012    5.89358571414274    0.143615472938409    0.0243680977768384
26.0000000000013    5.96555811784376    0.143907845378984    0.0241231151446731
26.5000000000013    6.03709950047531    0.141914188493043    0.0235070149965012
27.0000000000014    6.10727681504071    0.138783678909573    0.0227243144715143
27.5000000000015    6.17605509196306    0.136648183546057    0.0221254800210378
28.0000000000016    6.24429670526778    0.136669660270638    0.0218871182330817
28.5000000000017    6.31295684534187    0.138040863971125    0.0218662771428544
29.0000000000017    6.38223031741082    0.138793303100246    0.0217468339745772
29.5000000000018    6.45141673999556    0.137612526487405    0.0213305901685557
30.0000000000019    6.51959447616114    0.134989185743033    0.0207051506403688
30.500000000002    6.58646436231797    0.132702664378295    0.0201477844680227
31.000000000002    6.65259958287428    0.132170505327387    0.0198674974618391
31.5000000000021    6.71890192544166    0.133189662427511    0.01982312941988
32.0000000000022    6.7857840297588    0.134181547852498    0.0197739196036965
32.5000000000021    6.85282323861378    0.133665333364896    0.0195051482740323
33.000000000002    6.91918004006311    0.131585872247319    0.019017552872655
33.5000000000019    6.98437523857272    0.129308132031992    0.0185139153632325
34.0000000000018    7.04871326343417    0.128335558533711    0.0182069483801338
34.5000000000017    7.11298432182958    0.128951122423203    0.0181289760512273
35.0000000000016    7.17773980528229    0.130006501081748    0.0181124566518937
35.5000000000015    7.24280870921833    0.130007109465469    0.0179498195637835
36.0000000000014    7.30748227202631    0.128472118963954    0.0175809005320145
36.5000000000013    7.3711766176757    0.126331111293781    0.0171385272455479
37.0000000000012    7.43395975647865    0.125037760928628    0.0168198060017286
37.5000000000011    7.49647208024406    0.125239467286481    0.0167064541754958
38.000000000001    7.55933331924506    0.126220661386845    0.0166973271393529
38.5000000000009    7.62258752495    0.126593144550508    0.0166076341053675
39.0000000000008    7.68568633806711    0.125572398947528    0.0163384756317167
39.5000000000007    7.74800735094296    0.12366515426386    0.0159608979009047
40.0000000000006    7.80942333394433    0.122173015460241    0.015644306914341
40.5000000000005    7.87040484776515    0.121984700778733    0.0154991646730055
41.0000000000004    7.93157880827539    0.122789350387654    0.0154810729812761
41.5000000000003    7.99315978496764    0.123395074373326    0.0154375838458014
42.0000000000002    8.05477164258113    0.122829893650627    0.0152493328304049
42.5000000000001    8.11580950558518    0.121220005843795    0.0149362803255021
43    8.17599743572157    0.119643125163462    0.0146334592328432
43.4999999999999    8.23563409729376    0.1191188596112    0.0144638358387417
43.9999999999998    8.29530510261415    0.119688924441476    0.014428513835345
44.4999999999997    8.35534715725554    0.120402761970209    0.0144102644335555
44.9999999999996    8.41555226945823    0.120216735112765    0.0142850678438604
45.4999999999995    8.47537468335924    0.118935498104597    0.0140330666841335
45.9999999999994    8.53443923625196    0.117375029302129    0.0137531038716114
46.4999999999993    8.59288415069506    0.116586947480398    0.0135678481678317
46.9999999999992    8.65121699049467    0.116888856347983    0.0135112616498248
47.4999999999991    8.70984574354508    0.11759973510372    0.0135019308683938
47.999999999999    8.76871021763843    0.117686918290413    0.0134212347505433
48.4999999999989    8.82735282287159    0.116723330689926    0.0132229143925795
48.9999999999988    8.8853472311532    0.115256770729695    0.0129715550480222
49.4999999999987    8.94270445808375    0.114326438218796    0.0127843247816884
49.9999999999986    8.99983955034602    0.114387638614407    0.0127099642137519
50.4999999999985    9.05717796256939    0.114994259700721    0.0126964778848288
50.9999999999984    9.11476018307821    0.115210781525342    0.0126400233479794
51.4999999999983    9.17221914400693    0.114474736217187    0.0124805932370232
51.9999999999982    9.22913156053374    0.113149223075332    0.0122600076001937
52.4999999999981    9.28544005718286    0.112210449938682    0.0120845591859569
52.999999999998    9.34146988422567    0.112084218514936    0.0119985633849984
53.4999999999979    9.39761971179078    0.1125295837224    0.0119742644598838
53.9999999999978    9.45396041717254    0.112724550145025    0.0119235267729985
54.4999999999977    9.51020842029251    0.112137076370177    0.0117912322647843
54.9999999999976    9.56600895458272    0.111029948227717    0.0116067158994794
55.4999999999975    9.62127164007717    0.110107034694928    0.0114441249362797
55.9999999999974    9.6762327037883    0.109872053242867    0.0113548378388886
56.4999999999973    9.73123628518079    0.110180775551609    0.0113223821026109
56.9999999999972    9.78639693509206    0.110384710013492    0.0112794024956902
57.4999999999971    9.84150830462672    0.10993709508983    0.0111707567261967
57.999999999997    9.89624159424915    0.108953597346505    0.0110095935218295
58.4999999999969    9.95047999040365    0.108071694152103    0.0108609528642165
58.9999999999968    10.0044156478668    0.107784570422821    0.0107736997558477
59.4999999999967    10.0583552581806    0.108021338503705    0.0107394634342279
59.9999999999966    10.1124280813439    0.108206912916002    0.0107003888725428
60.4999999999965    10.1664646205536    0.107829865324402    0.0106064270470583
60.9999999999964    10.2201712957558    0.106952110643409    0.0104648060730473
61.4999999999963    10.2734271293461    0.106132700133037    0.0103307979700239
61.9999999999962    10.32639478397    0.105837888209736    0.0102492583736999
62.4999999999961    10.3793465046504    0.106014925923235    0.0102140270464751
62.999999999996    10.432403801528    0.106161169472631    0.0101760985763493
63.4999999999959    10.4854240905896    0.105824647208964    0.0100925481215337
63.9999999999958    10.5381518058889    0.105044393376192    0.0099680091263718
64.4999999999961    10.5904743454228    0.104297308744743    0.00984821881843466
64.9999999999963    10.6425277929837    0.104003810589146    0.00977247253774727
65.4999999999966    10.6945497670738    0.104125909810184    0.00973635282251568
65.9999999999969    10.7466510108596    0.104234062679344    0.00969921351070342
66.4999999999971    10.7987119089421    0.103926599120145    0.0096239810818628
66.9999999999974    10.8505100603362    0.103228053839639    0.00951365910594265
67.4999999999976    10.9019432091076    0.102547943013864    0.00940639123199568
67.9999999999979    10.9531260565651    0.102260334419475    0.00933617799077388
68.4999999999981    11.0042665452755    0.102338470072288    0.00929989015180892
68.9999999999984    11.0554632428201    0.102409922512329    0.00926328641894207
69.4999999999986    11.1066141627654    0.102121348953666    0.00919464271082941
69.9999999999989    11.1575252355403    0.101489388637451    0.00909604831671591
70.4999999999992    11.2081062966185    0.100872712175389    0.00899997818595119
70.9999999999994    11.2584570636895    0.10059716618619    0.0089352533492919
71.4999999999997    11.3087581233953    0.100638565791535    0.00889917042113903
71.9999999999999    11.3590940505006    0.100671293224164    0.00886261640026894
72.5000000000002    11.409375119715    0.100390203003542    0.00879892211012254
73.0000000000004    11.4594332394223    0.0998142878505365    0.00871022901090427
73.5000000000007    11.5091931811355    0.0992594673247487    0.00862436365108917
74.000000000001    11.5587444074679    0.0990030108781169    0.00856520460943432
74.5000000000012    11.6082423442629    0.0990139283766755    0.00852962278355696
75.0000000000015    11.6577548182563    0.0990048248994672    0.0084926151255492
75.5000000000017    11.7071992629068    0.0987191019024471    0.0084323414751494
76.000000000002    11.7564317630373    0.0981897072557931    0.00835199907887915
76.5000000000022    11.8053953510744    0.0976964956131707    0.00827558016549435
77.0000000000025    11.854173745876    0.0974659549865944    0.00822207916604079
77.5000000000027    11.9028987411783    0.0974520980954285    0.00818725759283251
78.000000000003    11.951619011893    0.0973990738848107    0.00814944601128008
78.5000000000033    12.0002553199736    0.0971007625160252    0.00809155804830314
79.0000000000035    12.0486865906045    0.0966108033766495    0.00801836803124966
79.5000000000038    12.0968763180362    0.0961788329865705    0.00795071640462832
80.000000000004    12.1449055356019    0.0959785698089354    0.00790278438375511
80.5000000000043    12.1928831894389    0.0959420236946404    0.0078686904650856
81.0000000000045    12.2408361540038    0.0958403609124126    0.00782955998320951
81.5000000000048    12.2886862211256    0.0955234193836322    0.00777328167265084
82.000000000005    12.3363363280021    0.0950721528496971    0.00770667646551545
82.5000000000053    12.3837729335039    0.0947042107971981    0.00764744406294622
83.0000000000056    12.4310748967413    0.0945349979174575    0.00760473239061887
83.5000000000058    12.4783261408594    0.0944711431995635    0.00757081856437656
84.0000000000061    12.5255302418347    0.0943165917448906    0.0075299480280585
84.5000000000063    12.5726115623132    0.0939823796965211    0.007475167687375
85.0000000000066    12.6194999033744    0.0935747363455607    0.00741509069789201
85.5000000000068    12.6662046068413    0.0932716702224349    0.00736382153277842
86.0000000000071    12.7127988605816    0.0931263376139327    0.00732540006612456
86.5000000000073    12.759338801171    0.0930265015397627    0.00729085597532885
87.0000000000076    12.8058067817831    0.0928198254134556    0.00724826065199553
87.5000000000079    12.8521353025826    0.0924789179361025    0.00719560724804376
88.0000000000081    12.8982833212952    0.092123842984759    0.00714233364936722
88.5000000000084    12.9442782723511    0.0918787467889927    0.00709802005610813
89.0000000000086    12.9901808574823    0.091742029817255    0.0070624135894468
89.5000000000089    13.0360189059983    0.09159798584838    0.00702653060791684
90.0000000000091    13.0817606376316    0.0913492103654912    0.00698294464299489
90.5000000000094    13.1273542238618    0.0910200568312272    0.00693361779373475
91.0000000000096    13.1727859108862    0.0907207799939834    0.00688698507724251
91.5000000000099    13.2180921701851    0.0905201938792485    0.00684820416696952
92.0000000000102    13.2633154687025    0.0903737503992276    0.00681381292727921
92.5000000000104    13.3084584381096    0.090184567685525    0.00677648490281007
93.0000000000107    13.3534855986805    0.0899123982670619    0.00673325309729967
93.5000000000109    13.3983660604484    0.0896123260413576    0.00668830256145117
94.0000000000112    13.4431071073627    0.0893648464701804    0.00664763330058093
94.5000000000114    13.4877428597131    0.0891860565526834    0.00661237817775099
95.0000000000117    13.532294582881    0.0890157646633673    0.00657802445240712
95.500000000012    13.5767492019311    0.0887916874210964    0.00653998141237423
96.0000000000122    13.6210777862783    0.0885188572381158    0.00649866762579452
96.5000000000125    13.6652699511988    0.0882566391690019    0.00645846291249148
97.0000000000127    13.7093435587629    0.0880468113944054    0.00642239440692452
97.500000000013    13.7533222924775    0.0878691063533493    0.00638893675904113
98.0000000000132    13.7972090889341    0.0876710298733293    0.00635425826398794
98.5000000000135    13.8409858615989    0.0874300834080059    0.0063167525985686
99.0000000000137    13.8846367246183    0.0871750966718097    0.00627852916866329
99.500000000014    13.9281659742272    0.0869486560243132    0.00624264933266903
100.000000000014    13.9715912806646    0.0867562793112827    0.00620947732928214
100.500000000015    14.0149225725499    0.0865661532408341    0.00617671291387549
101.000000000015    14.0581529444733    0.0863500086538792    0.00614234380540197
101.500000000015    14.1012686783188    0.0861115299061871    0.00610665124327334
102.000000000015    14.1442660047637    0.0858817274188224    0.00607184051755657
102.500000000016    14.1871551002822    0.0856788999195631    0.00603918821736564
103.000000000016    14.2299473752037    0.0854901276442455    0.00600776133531005
103.500000000016    14.2726427919182    0.0852875096139305    0.00597559336818995
104.000000000016    14.315231391471    0.0850648099120444    0.00594225881411363
104.500000000017    14.3577073840681    0.0848410027478829    0.00590909122733801
105.000000000017    14.400075460298    0.0846348046251543    0.00587738618860009
105.500000000017    14.4423447162618    0.0844430048712913    0.00584690412327647
106.000000000017    14.4845179885305    0.0842481987661467    0.00581643095288766
106.500000000018    14.5265905333269    0.0840396792714493    0.00578523082058695
107.000000000018    14.5685565260494    0.0838249589736274    0.00575382734890333
107.500000000018    14.6104171784891    0.0836201178640776    0.00572332171234585
108.000000000018    14.6521787820626    0.0834278145698812    0.00569388456220686
108.500000000019    14.6938453416408    0.083237550252656    0.0056647901429022
109.000000000019    14.7354148840444    0.0830389771183842    0.00563533349904518
109.500000000019    14.7768831733348    0.0828339031876421    0.00560564106895814
110.000000000019    14.8182494800937    0.0826328774606497    0.00557642639042188
110.50000000002    14.8595178160953    0.0824418054989926    0.00554808080042102
111.00000000002    14.9006920399233    0.0822549566712742    0.00552021050102163
111.50000000002    14.941772112271    0.0820643062281588    0.00549227398273348
112.00000000002    14.9827555116887    0.0818689493372912    0.00546421179157743
112.500000000021    15.0236413094266    0.0816749178080965    0.00543642623821492
113.000000000021    15.0644313820637    0.0814863419319449    0.0054091880314159
113.500000000021    15.1051282116849    0.0813012185914503    0.00538235872295065
114.000000000021    15.1457327057923    0.0811165052753361    0.00535573331782847
114.500000000022    15.1862444290602    0.0809299271608422    0.0053291600526313
115.000000000022    15.2266624281529    0.0807421967303211    0.00530268514924421
115.500000000022    15.266987159132    0.0805574521460752    0.00527657823422543
116.000000000022    15.3072205697845    0.0803768321334388    0.00525090964535374
116.500000000023    15.3473640815718    0.0801972188936694    0.00522547184437786
117.000000000023    15.3874175917667    0.0800166881748449    0.00520013756029207
117.500000000023    15.4273808574599    0.0798363830525884    0.00517497971886678
118.000000000023    15.4672542150934    0.0796574387891594    0.0051500697978719
118.500000000024    15.5070385916747    0.0794807351067967    0.00512546187571026
119.000000000024    15.5467352029125    0.079305945240514    0.00510113179425975
119.500000000024    15.5863447499745    0.0791320971528421    0.00507701442655256
120.000000000024    15.6258671682497    0.0789574926606248    0.00505299909505562
120.500000000025    15.6653022301729    0.0787829770927867    0.0050291386616878
121.000000000025    15.7046504721042    0.0786107892998697    0.00500557395018147
121.500000000025    15.7439134404933    0.0784414944821456    0.00498233776364614
122.000000000026    15.7830921325141    0.0782732188052898    0.00495930823618792
122.500000000026    15.8221865864889    0.0781043718032567    0.00493638293141812
123.000000000026    15.8611964629077    0.0779353620166208    0.00491358657582212
123.500000000026    15.9001223139409    0.0777684184325645    0.00489105787345917
124.000000000027    15.9389654090309    0.0776041918820396    0.00486883495198938
124.500000000027    15.9777264627957    0.0774399459857005    0.00484674375706831
125.000000000027    16.0164054437042    0.0772760609535873    0.00482480674113826
125.500000000027    16.0550027580197    0.0771133619236341    0.00480307372635703
126.000000000028    16.0935189442514    0.0769517002354994    0.00478153351681899
126.500000000028    16.1319546337908    0.0767912045532593    0.00476019219595428
127.000000000028    16.1703104382535    0.076632175615248    0.00473906644574751
127.500000000028    16.2085868405173    0.0764736977741825    0.00471809779141375
128.000000000029    16.2467843559602    0.0763164843228397    0.0046973285698128
128.500000000028    16.2849033655619    0.076159735049263    0.00467670782808082
129.000000000028    16.3229443331517    0.076004273978166    0.00465628457874491
129.500000000027    16.360907939594    0.07585023767021    0.00463606530580431
130.000000000027    16.3987946189156    0.0756965170554811    0.00461598055311744
130.500000000026    16.4366045982673    0.0755435020938353    0.00459605277003492
131.000000000026    16.474338319724    0.0753915638858961    0.00457630300062692
131.500000000025    16.5119963152261    0.0752406048512441    0.00455672369438836
132.000000000025    16.5495791101154    0.0750907716570936    0.0045373221371652
132.500000000024    16.5870871819712    0.0749418013459357    0.00451808087362026
133.000000000024    16.6245210315152    0.0747936104315654    0.004498993401962
133.500000000024    16.6618808345364    0.0746457764417015    0.00448003302766259
134.000000000023    16.6991671099398    0.0744996998160133    0.00446128236968592
134.500000000023    16.7363807326743    0.0743547998914871    0.00444270485232957
135.000000000022    16.7735219442366    0.0742101001965005    0.00442424080304729
135.500000000022    16.8105909113387    0.0740660797612885    0.00440591768319882
136.000000000021    16.8475882297934    0.07392322018524    0.00438776275731345
136.500000000021    16.8845141835274    0.0737808350826477    0.00436973396336323
137.00000000002    16.921369236898    0.073639580053247    0.00435186887197471
137.50000000002    16.9581537984618    0.0734987501798824    0.00433412451929461
138.000000000019    16.9948682637413    0.0733593017001018    0.00431655606631647
138.500000000019    17.0315132472774    0.0732208428680914    0.00429913900221381
139.000000000019    17.0680893033443    0.0730834423649958    0.00428187602408875
139.500000000018    17.1045967403002    0.0729464608504724    0.00426472847960239
140.000000000018    17.1410357343048    0.0728094458319768    0.00424766898340112
140.500000000017    17.1774063374878    0.0726732619654737    0.00423074709520448
141.000000000017    17.2137092418207    0.0725386405867542    0.00421400405733133
141.500000000016    17.2499452291407    0.0724055451138583    0.00419743623252451
142.000000000016    17.2861147119122    0.0722723930266963    0.0041809506781123
142.500000000015    17.3222176917895    0.0721395745602037    0.00416456921646914
143.000000000015    17.358254410899    0.0720075691189521    0.00414831857019792
143.500000000014    17.3942254274888    0.0718767072353615    0.0041322166103339
144.000000000014    17.4301313123903    0.0717468688227823    0.00411625520983773
144.500000000014    17.4659723731841    0.0716174886931332    0.00410040089168406
145.000000000013    17.5017488413111    0.0714883698925958    0.00408464151444426
145.500000000013    17.5374609370558    0.0713603203254669    0.00406902233918516
146.000000000012    17.5731093484769    0.0712335086801301    0.00405355178002714
146.500000000012    17.6086945437795    0.0711070997923364    0.00403818123004786
147.000000000011    17.64421655635    0.0709811638036311    0.00402291388665176
147.500000000011    17.6796757755469    0.070855863439953    0.00400775807992787
148.00000000001    17.7150726127155    0.0707316267205145    0.00399273704753232
148.50000000001    17.7504073942135    0.070607535660952    0.00397779803543943
149.000000000009    17.7856803004308    0.070484234707103    0.00396297659220805
149.500000000009    17.8208918277602    0.0703619487976652    0.00394828437755625
150.000000000009    17.8560423609555    0.0702403914533754    0.00393370434688064
150.500000000008    17.8911323107344    0.0701195439973216    0.003919234555951
151.000000000008    17.9261620604288    0.0699996174711586    0.00390488590001535
151.500000000007    17.9611319679969    0.0698800274898121    0.0038906249124122
152.000000000007    17.9960421587118    0.0697607680624264    0.0038764505799213
152.500000000006    18.0308928437292    0.0696421639484673    0.00386238022443173
153.000000000006    18.0656844376598    0.0695243757798194    0.00384842190838275
153.500000000005    18.1004173606778    0.0694072437194998    0.00383456592941792
154.000000000005    18.1350918172052    0.0692908067758872    0.0038208136729779
154.500000000004    18.1697082558513    0.0691749803079812    0.00380715966012851
155.000000000004    18.2042668953461    0.0690597639106388    0.00379360313203789
155.500000000004    18.2387680598464    0.0689449345719687    0.0037801311111442
156.000000000003    18.2732120147424    0.0688310529451224    0.00376677361864959
156.500000000003    18.3075993368343    0.0687184392948764    0.00375354725819334
157.000000000002    18.3419303537987    0.0686055197607494    0.00374036529620454
157.500000000002    18.376204954334    0.0684929661519416    0.00372726394389652
158.000000000001    18.4104234106816    0.0683810112606564    0.00371425522027821
158.500000000001    18.4445861445413    0.0682700113501369    0.00370135772172592
159    18.4786935531511    0.0681597713417671    0.00368856007843391
159.5    18.5127459981528    0.0680499962721765    0.00367584561895715
159.999999999999    18.5467435781287    0.067940461250697    0.0036632016269862
160.499999999999    18.5806865911527    0.0678316930346451    0.00365065589486578
160.999999999999    18.6145754067743    0.0677236956027965    0.00363820791626276
161.499999999998    18.6484103542181    0.0676160572716512    0.00362583490964189
161.999999999998    18.6821915566511    0.0675089035622267    0.00361354305556259
162.499999999997    18.7159193505423    0.0674023259851    0.00360133663341239
162.999999999997    18.7495939600716    0.0672962120985334    0.00358920903790476
163.499999999996    18.7832156797844    0.0671907845460965    0.00357717153929139
163.999999999996    18.8167848609218    0.0670859064386886    0.00356521621172439
164.499999999995    18.8503016522034    0.0669813991036923    0.00355333300970612
164.999999999995    18.8837663766435    0.0668776342345411    0.0035415410729323
165.499999999994    18.9171794538921    0.066774759567761    0.00352984755103238
165.999999999994    18.9505411872658    0.0666721530651721    0.00351821894722319
166.499999999994    18.9838516282088    0.0665695778652425    0.00350664233839271
166.999999999993    19.0171108273364    0.0664673819571453    0.00349513564708268
167.499999999993    19.0503191181179    0.066365872052409    0.00348371445333382
167.999999999992    19.0834768636565    0.0662652717307786    0.00347238986921599
168.499999999992    19.116584396393    0.0661648303141083    0.00346112197357769
168.999999999991    19.1496418011297    0.0660649044752026    0.00344992899404026
169.499999999991    19.1826494059453    0.0659656871726566    0.00343882045575059
169.99999999999    19.2156076506744    0.065867437812189    0.00342780925847417
170.49999999999    19.2485168657503    0.0657693053428225    0.00341685054498139
170.999999999989    19.2813769000443    0.0656709741244081    0.00340592761942522
171.499999999989    19.3141879239236    0.0655731715578586    0.00339507784723562
171.999999999989    19.3469501916911    0.0654761099248727    0.00338431170164447
172.499999999988    19.3796641860279    0.0653799083875093    0.00337363474206359
172.999999999988    19.412330157404    0.0652840806039958    0.00336302134131465
173.499999999987    19.4449482637866    0.0651883713677593    0.00335245794863662
173.999999999987    19.4775186315703    0.0650931454988459    0.00334196294354145
174.499999999986    19.5100414944791    0.0649985244394053    0.00333154209117384
174.999999999986    19.5425172979008    0.0649047229548922    0.00332120585928118
175.499999999985    19.5749461612697    0.0648107198046936    0.00331090156114584
175.999999999985    19.607328097317    0.0647171283966991    0.00330066024679592
176.499999999984    19.6396633566464    0.064623955401925    0.0032904818289594
176.999999999984    19.6719521955706    0.0645315782304021    0.00328038506747349
177.499999999984    19.7041950348221    0.0644398185221704    0.00327036036784501
177.999999999983    19.7363920779736    0.0643484750804554    0.00326039707897119
178.499999999983    19.7685435652122    0.0642574965596872    0.00325049219471912
178.999999999982    19.8006496351343    0.064166785626497    0.00324064042386969
179.499999999982    19.8327103355447    0.0640760732778591    0.00323082786940221
179.999999999981    19.8647258291578    0.0639860259967525    0.00322108779889791
180.499999999981    19.8966964421263    0.0638964556084136    0.00321141028583664
180.99999999998    19.928622364786    0.0638073394872732    0.00320179379785033
181.49999999998    19.9605038633707    0.0637187183358559    0.00319223997410132
181.999999999979    19.9923411423119    0.0636304575696049    0.00318274168676209
182.499999999979    20.0241343895937    0.0635425848838855    0.00317329996131608
182.999999999979    20.0558838242704    0.0634553153023482    0.00316392515325396
183.499999999978    20.0875897755723    0.0633685193225493    0.00315461038534395
183.999999999978    20.1192523723023    0.0632818639575084    0.00314533874253832
184.499999999977    20.1508716843501    0.063195452160923    0.00313611505997545
184.999999999977    20.1824478485187    0.0631092437393226    0.00312693704019428
185.499999999976    20.2139810416233    0.0630235803473594    0.00311782128505935
185.999999999976    20.2454714716506    0.0629382779916824    0.00310875832552548
186.499999999975    20.2769194466718    0.0628537112311912    0.00309976628335957
186.999999999975    20.3083252433701    0.0627694742317748    0.00309082474697251
187.499999999974    20.3396889440444    0.0626854001659665    0.00308192521224968
187.999999999974    20.3710106724228    0.0626015892493687    0.00307307233087435
188.499999999974    20.4022906891081    0.0625185286023004    0.00306428966996712
188.999999999973    20.4335291868668    0.0624354889680849    0.00305554113521485
189.499999999973    20.4647262029225    0.0623526431253822    0.00304683495430678
189.999999999972    20.4958819392528    0.0622704203814586    0.00303819179706539
190.499999999972    20.5269966758993    0.0621886117845779    0.00302960110368184
190.999999999971    20.55807062478    0.062107222527394    0.00302106280598784
191.499999999971    20.5891039762405    0.062026290077086    0.00301257840791242
191.99999999997    20.6200969374806    0.0619455762326444    0.00300413603391203
192.49999999997    20.6510495908875    0.0618650768595866    0.002995735233084
192.999999999969    20.6819620280764    0.06178467644066    0.00298737017101112
193.499999999969    20.7128343391537    0.0617046900852389    0.00297905583923866
193.999999999969    20.7436668433782    0.0616254141327963    0.00297080620307342
194.499999999968    20.7744598020179    0.0615464010334123    0.00296259934650306
194.999999999968    20.8052132639327    0.0614675301915081    0.00295442922943099
195.499999999967    20.8359274037713    0.0613891224041318    0.00294631101435976
195.999999999967    20.8666023993016    0.0613107817520451    0.0029382254273507
196.499999999966    20.8972382600284    0.0612328262633396    0.00293018749661595
196.999999999966    20.9278353174077    0.0611554327059755    0.0029222053680395
197.499999999965    20.9583937727234    0.0610784747620246    0.00291427269782076
197.999999999965    20.9889138373081    0.0610017603887382    0.00290638004718027
198.499999999964    21.0193955097514    0.0609249899488037    0.00289851294346401
198.999999999964    21.0498389004756    0.0608486298061028    0.00289069337270453
199.499999999964    21.0802442475533    0.0607728486171554    0.00288292905449656
199.999999999963    21.110611780801    0.0606972987308743    0.00287520320875189
200.499999999963    21.1409415622708    0.0606218511540912    0.00286750951822695
200.999999999962    21.1712336870969    0.0605467455017737    0.00285985910866757
201.499999999962    21.2014884062688    0.0604721909405769    0.00285226158568643
201.999999999961    21.2317058858416    0.0603977280201248    0.00284469502096867
202.499999999961    21.2618862076741    0.0603236632839669    0.00283717364935356
202.99999999996    21.2920296839775    0.0602502806685145    0.0028297105331322
203.49999999996    21.3221364592458    0.0601768126721071    0.00282226937188619
203.999999999959    21.3522065110203    0.0601033843107405    0.00281485589228074
204.499999999959    21.3822399046773    0.0600303141237672    0.00280748482812765
204.999999999959    21.4122369318809    0.0599578823282675    0.00280016901172038
205.499999999958    21.4421978417863    0.0598857164078442    0.00279289076846123
205.999999999958    21.4721226266834    0.0598135085633991    0.00278563557051732
206.499999999957    21.5020114270114    0.0597417065975901    0.00277842409303816
206.999999999957    21.5318643475085    0.0596700283881479    0.00277124300177251
207.499999999956    21.5616815645396    0.0595989199295784    0.00276411279663804
207.999999999956    21.591463334059    0.0595282241843505    0.00275702592563279
208.499999999955    21.6212098363722    0.0594578027018258    0.00274997574843398
208.999999999955    21.650921135018    0.0593874129859904    0.00274295087103421
209.499999999954    21.6805972690029    0.0593171538139839    0.00273595570629369
209.999999999954    21.7102383875315    0.0592474387325686    0.00272900912808932
210.499999999954    21.7398447253035    0.0591778744565569    0.00272209278420828
210.999999999953    21.7694162864644    0.0591084327309593    0.00271520521970593
211.499999999953    21.7989532316221    0.0590394369413661    0.00270836109945509
211.999999999952    21.8284558030151    0.0589709435914202    0.00270156277308791
212.499999999952    21.8579241790373    0.0589025274637886    0.00269479054741524
212.999999999951    21.8873583670271    0.0588342879996564    0.00268804882768718
213.499999999951    21.9167585228354    0.058766379085829    0.00268134446180074
213.99999999995    21.9461247961582    0.0586987403783778    0.00267467450055936
214.49999999995    21.9754572828878    0.0586312382592394    0.00266803268321043
214.999999999949    22.0047560708661    0.0585639656785773    0.00266142308008199
215.499999999949    22.0340212964013    0.0584969913624569    0.00265484863500658
215.999999999949    22.063253112164    0.0584303150373478    0.00264830914735478
216.499999999948    22.0924516561241    0.0583638929968756    0.00264180245385745
216.999999999948    22.1216170259669    0.0582976158856114    0.00263532344028831
217.499999999947    22.1507493412146    0.0582316854388649    0.00262888106139671
217.999999999947    22.1798487374085    0.0581659385695551    0.00262246777505982
218.499999999946    22.2089153443097    0.0581005598177212    0.00261609173239555
218.999999999946    22.2379493683948    0.0580356056396064    0.00260975527366243
219.499999999945    22.2669509881258    0.0579708718310411    0.00260344902460848
219.999999999945    22.2959202294256    0.057906051372779    0.002597159066633
220.499999999944    22.3248570412314    0.0578412605870478    0.00259089052531094
220.999999999944    22.3537615724026    0.0577769528561828    0.00258466355512679
221.499999999944    22.382634073592    0.0577130882182791    0.002578476153813
221.999999999943    22.4114746791856    0.0576493139360275    0.002572312387349
222.499999999943    22.4402833725096    0.0575854914773488    0.00256616596686536
222.999999999942    22.4690602864613    0.0575223272307988    0.00256006822258868
223.499999999942    22.49780579321    0.057459697930257    0.00255401342061538
223.999999999941    22.5265199545658    0.0573968840008712    0.00254796942078209
224.499999999941    22.5552026415327    0.0573339382777943    0.00254193851365453
224.99999999994    22.5838539929374    0.0572715172570366    0.00253594967780729
225.49999999994    22.6124741860934    0.0572092982261843    0.00252998843715067
225.999999999939    22.6410633306332    0.0571473063794091    0.00252405576296804
226.499999999939    22.6696215308936    0.0570855322386544    0.0025181510931208
226.999999999939    22.6981488994077    0.0570239867642028    0.00251227476817242
227.499999999938    22.7266455549006    0.0569626465478044    0.00250642561438291
227.999999999938    22.7551116040525    0.0569016542264676    0.00250060976261413
228.499999999937    22.7835472789268    0.056841076765773    0.00249482997840056
228.999999999937    22.8119526960015    0.0567805956434176    0.0024890721281116
229.499999999936    22.8403278554648    0.0567200304760077    0.00248332820942572
229.999999999936    22.8686727541113    0.056659616159774    0.00247760841956112
230.499999999935    22.8969875441586    0.0565996263105974    0.002471924579661
230.999999999935    22.9252724326091    0.0565399483741194    0.00246627160223826
231.499999999934    22.9535275040983    0.0564803303181175    0.00246063836192643
231.999999999934    22.9817527690004    0.0564207466139332    0.00245502365207052
232.499999999934    23.009948306612    0.0563614691334304    0.00244943918962368
232.999999999933    23.0381143104803    0.0563026370225556    0.00244389086119531
233.499999999933    23.066250996407    0.0562441181719969    0.00243837276290621
233.999999999932    23.0943584177677    0.0561855525619981    0.00243286916854861
234.499999999932    23.1224365711779    0.0561271166777901    0.00242738763732853
234.999999999931    23.1504855911591    0.0560690052473485    0.0024219364655038
235.499999999931    23.1785055912277    0.0560109839069858    0.00241650539921712
235.99999999993    23.2064965998007    0.0559531007907698    0.0024110964164772
236.49999999993    23.2344587313471    0.0558954899383171    0.00240571517437181
236.999999999929    23.2623921450236    0.0558381691238085    0.00240036230047621
237.499999999929    23.2902969082156    0.0557809285919179    0.00239502865986399
237.999999999929    23.3181731299518    0.0557240106675232    0.00238972454475632
238.499999999928    23.3460209604211    0.0556673616604274    0.0023844475148378
238.999999999928    23.3738405447948    0.0556109984358435    0.00237919816083573
239.499999999927    23.4016319450502    0.0555545844973546    0.00237396197956635
239.999999999927    23.4293951424243    0.0554982381043417    0.00236874395463369
240.499999999926    23.4571302298566    0.0554421577083501    0.0023635524535641
240.999999999926    23.4848373195618    0.0553862321715587    0.0023583826201523
241.499999999925    23.5125164927801    0.0553304736908897    0.00235323486994171
241.999999999925    23.5401678152889    0.0552748630565972    0.00234810828411755
242.499999999924    23.5677914375378    0.055219707767864    0.00234301580248679
242.999999999924    23.5953875670524    0.0551648342850713    0.00233794991196081
243.499999999924    23.6229562705124    0.0551099552056193    0.00233289832883494
243.999999999923    23.6504975143265    0.0550550786560503    0.00232786133241806
244.499999999923    23.6780114331209    0.0550006329284328    0.00232285692925622
244.999999999922    23.7054981623959    0.0549463452027688    0.00231787346658381
245.499999999922    23.7329578253906    0.0548923116725362    0.00231291489566505
245.999999999921    23.7603904738225    0.0548382952856209    0.00230797113145248
246.499999999921    23.787796148006    0.0547844251093835    0.00230304752775409
246.99999999992    23.8151749023185    0.0547306035371704    0.0022981398944856
247.49999999992    23.8425267781713    0.054676940266047    0.0022932527569228
247.999999999919    23.8698519034858    0.0546236108276181    0.00228839336953076
248.499999999919    23.8971504125446    0.0545704623683395    0.00228355521165792
248.999999999919    23.9244224128702    0.0545175513213228    0.00227874054305256
249.499999999918    23.9516679935198    0.0544648117679095    0.002273946506884
249.999999999918    23.9788872523097    0.0544122582004133    0.00226917361209796
250.499999999917    24.0060802867892    0.0543598827133886    0.00226442143256946
250.999999999917    24.0332471274158    0.0543075089697119    0.00225968254234614
251.499999999916    24.0603878662273    0.054255530636342    0.00225497323393105
251.999999999916    24.0875026779094    0.0542036778207892    0.00225028217103217
252.499999999915    24.1145915316194    0.0541517557374015    0.00224560120234245
252.999999999915    24.1416544720579    0.0541000519186591    0.00224094218485629
253.499999999914    24.1686916026447    0.0540484701653403    0.00223630103995477
253.999999999914    24.1957029694243    0.0539970438903501    0.00223167906956807
254.499999999914    24.2226886761777    0.0539458030295639    0.00222707742112122
254.999999999913    24.2496488124107    0.0538948095476125    0.00222249855923809
255.499999999913    24.2765835245045    0.0538440502948676    0.00221794183850121
255.999999999912    24.3034928860275    0.0537934288660006    0.00221340319756784
256.499999999912    24.3303769825453    0.0537429805463959    0.00220888400475468
256.999999999911    24.3572359251118    0.0536928573352562    0.00220439041196378
257.499999999911    24.3840698485619    0.0536428019661277    0.00219991175793369
257.99999999991    24.4108787241326    0.0535927150894726    0.00219544391232795
258.49999999991    24.437662563611    0.0535426634880346    0.00219098955755951
258.999999999909    24.4644214460509    0.0534929125805939    0.00218655947775249
259.499999999909    24.4911554909905    0.0534432689587493    0.00218214567207371
259.999999999909    24.517864741558    0.0533937728182442    0.00217774970949005
260.499999999908    24.5445492896966    0.0533444313101938    0.00217337180164017
260.999999999908    24.5712092198972    0.0532953559967225    0.00216901640939857
261.499999999907    24.5978446708116    0.0532464259786498    0.00216467851924577
261.999999999907    24.6244556572108    0.0531975618567293    0.00216035483574848
262.499999999906    24.6510422723476    0.0531489125897047    0.00215605133456466
262.999999999906    24.6776045682355    0.0531003159810566    0.00215176136055792
263.499999999905    24.7041426635782    0.0530521098839872    0.00214749852307982
263.999999999905    24.7306566752154    0.0530039367571332    0.00214324825471589
264.499999999904    24.7571466392559    0.0529559519663553    0.0021390167751556
264.999999999904    24.7836126243335    0.0529079750064717    0.00213479672267491
265.499999999904    24.8100546283958    0.0528600887520687    0.00213059138900762
265.999999999903    24.8364727518596    0.0528124291502758    0.00212640618005314
266.499999999903    24.8628670806174    0.052764890905431    0.00212223677721245
266.999999999902    24.8892376472225    0.052717401664064    0.00211808020845295
267.499999999902    24.915584507106    0.0526700548056821    0.00211394016426388
267.999999999901    24.9419077429957    0.0526229534939684    0.00210982070963462
268.499999999901    24.9682075006834    0.0525760875639424    0.00210572134833881
268.9999999999    24.9944838475661    0.052529322406445    0.00210163661417478
269.4999999999    25.0207368524535    0.0524827275274339    0.00209756922175885
269.999999999899    25.0469665941093    0.0524362449497919    0.00209351678386972
270.499999999899    25.0731730991856    0.0523898044946849    0.00208947644111253
270.999999999899    25.0993564453606    0.0523435955513793    0.00208545568350836
271.499999999898    25.1255166935742    0.0522974281964556    0.00208144687467584
271.999999999898    25.1516539114847    0.0522514627211076    0.00207745633368662
272.499999999897    25.1777681737022    0.0522056124557514    0.00207348054424774
272.999999999897    25.2038595543833    0.0521599324003395    0.00206952162575704
273.499999999896    25.2299281261684    0.0521143668981798    0.00206557730317618
273.999999999896    25.2559739235708    0.0520688285783536    0.00206164405838885
274.499999999895    25.28199698506    0.0520234545882021    0.00205772726810088
274.999999999895    25.3079973845999    0.051978139791964    0.0020538227107449
275.499999999894    25.3339751558151    0.0519330132872437    0.00204993543128676
275.999999999894    25.3599304532697    0.0518881961151501    0.00204607012668129
276.499999999894    25.3858633576534    0.0518434268835029    0.0020422164160067
276.999999999893    25.4117738798663    0.0517986656059145    0.002038372679168
277.499999999893    25.4376620493097    0.0517540627507537    0.00203454478837052
277.999999999892    25.4635279904563    0.0517097426931396    0.00203073755971758
278.499999999892    25.4893718338218    0.0516656436953809    0.00202694848787234
278.999999999891    25.5151936232842    0.0516215045886885    0.0020231672685243
279.499999999891    25.540993342629    0.0515773848693872    0.0020193961987885
279.99999999989    25.5667710197981    0.0515333384740381    0.00201563734560505
280.49999999989    25.5925267212246    0.0514895183664692    0.00201189663401885
280.999999999889    25.6182605736547    0.0514459264069633    0.00200817406236664
281.499999999889    25.6439726614925    0.0514024007727857    0.00200446324956401
281.999999999889    25.6696629618066    0.0513588092360366    0.00200075900148952
282.499999999888    25.6953314999749    0.0513153992442149    0.00199707091711446
282.999999999888    25.7209784082404    0.0512722712873185    0.00199340283536384
283.499999999887    25.746603825333    0.0512294258306359    0.00198975469456789
283.999999999887    25.7722078127372    0.0511865083895681    0.00198611266685001
284.499999999886    25.7977903461553    0.0511436339047175    0.00198248118224356
284.999999999886    25.8233514416983    0.0511007694495736    0.00197885892406121
285.499999999885    25.8488911705518    0.0510582021787146    0.00197525695945064
285.999999999885    25.8744096719713    0.0510158182865552    0.00197167081039992
286.499999999884    25.8999070025043    0.0509735074721859    0.00196809615830888
286.999999999884    25.9253831789104    0.0509312008453138    0.00196453030197621
287.499999999884    25.9508382257808    0.0508890308592847    0.00196097830892912
287.999999999883    25.9762722508324    0.0508470976830526    0.00195744397779875
288.499999999883    26.0016853436173    0.0508052751012551    0.00195392238733196
288.999999999882    26.0270775402887    0.0507635387416906    0.00195041255258532
289.499999999882    26.0524489004712    0.0507219087807954    0.00194691520073869
289.999999999881    26.0777994526241    0.0506803120896749    0.001943427480595
290.499999999881    26.1031292421586    0.050638884766028    0.00193995456622274
290.99999999988    26.128438364313    0.0505976174476806    0.00193649604091106
291.49999999988    26.1537268672822    0.0505564155433201    0.00193304823438243
291.999999999879    26.1789948099644    0.0505153734029005    0.00192961470711905
292.499999999879    26.2042422596093    0.0504744373482342    0.00192619335633431
292.999999999879    26.2294692503581    0.0504335275861305    0.00192278109422446
293.499999999878    26.2546757973224    0.0503926826093723    0.00191937935163959
293.999999999878    26.2798619618266    0.0503520121419132    0.00191599226111054
294.499999999877    26.3050278495749    0.0503115649180334    0.00191262161765194
294.999999999877    26.3301735444811    0.0502712268166995    0.00190926302600221
295.499999999876    26.3552990900226    0.0502309674517107    0.00190591528785673
295.999999999876    26.3804045170956    0.0501907529311401    0.00190257707756583
296.499999999875    26.4054898647466    0.050150664070869    0.00189925141808575
296.999999999875    26.4305552128666    0.0501107529851902    0.00189594023211423
297.499999999874    26.455600638169    0.0500709588855091    0.00189264116775595
297.999999999874    26.4806261581479    0.0500311126190272    0.00188934779412809
298.499999999874    26.5056317751098    0.0499913924282751    0.00188606681223194
298.999999999873    26.5306175697303    0.0499517979492466    0.00188279816019957
299.499999999873    26.5555835937929    0.0499123172949496    0.00187954134461636
