#t    rhoGW_over_rho    rhoGW
0    0    0
9.99999999999983    1.70011375652996e-17    1.65893722142155e-19
20.0000000000003    1.00578271911434e-16    2.84300780883174e-19
30.0000000000019    2.92119611214787e-15    3.75595480114791e-18
40.0000000000006    1.46213031920274e-13    1.07318987952986e-16
49.9999999999986    1.97825034970057e-10    9.5834868203256e-14
59.9999999999966    3.74078121766959e-06    1.28438510982919e-09
69.9999999999989    5.71472363195925e-06    1.41775141021801e-09
80.000000000004    8.76719720514957e-06    1.64170165324616e-09
90.0000000000091    1.51326370675262e-05    2.21224586722558e-09
100.000000000014    2.42745898332951e-05    2.80588074466858e-09
110.000000000019    3.54123502050116e-05    3.30093982804872e-09
120.000000000024    4.54992172983701e-05    3.48206150109146e-09
130.000000000027    5.49642033269436e-05    3.50998719043501e-09
140.000000000018    6.26269657340735e-05    3.386288982281e-09
150.000000000009    6.97639579987679e-05    3.2348937376595e-09
159.999999999999    7.52022244781143e-05    3.02372617264817e-09
169.99999999999    7.98877079564294e-05    2.8123432612481e-09
179.999999999981    8.315659620814e-05    2.58477114232082e-09
189.999999999972    8.64608716833431e-05    2.39075855065325e-09
199.999999999963    8.88082036587513e-05    2.19908352917586e-09
209.999999999954    9.10844912631714e-05    2.03175845494899e-09
219.999999999945    9.34936718199769e-05    1.88870094901494e-09
229.999999999936    9.47860691308362e-05    1.74245009756472e-09
239.999999999927    9.61887887163161e-05    1.61613642718377e-09
249.999999999918    9.71875006808069e-05    1.49840849516503e-09
259.999999999909    9.81925873428433e-05    1.39426798520104e-09
269.999999999899    9.89663146929543e-05    1.29855195812473e-09
279.99999999989    0.000100116614760627    1.21763639220935e-09
289.999999999881    0.000100687619177725    1.13832758646899e-09
