#t    <phi>    <pi>    <phi^2>    <pi^2>    rms(phi)    rms(pi)
0    -8.41656273272706e-23    2.42363919478037e-22    1.4817388094048e-11    5.62729969275816e-07    3.84933605886107e-06    0.000750153297183859
0.5    4.11945794926354e-12    -9.14665409451565e-10    9.9087400387713e-11    4.54642499018628e-08    9.95426543687157e-06    0.000213223474085351
1    -4.41892541400146e-12    -1.3651631632921e-10    3.54368034482526e-11    2.7652742392382e-07    5.95288194475861e-06    0.000525858749022778
1.5    -2.20834653961453e-12    -2.726951266741e-10    3.37417780815046e-10    1.25134162536533e-08    1.83689352117928e-05    0.000111863382094316
2    2.70815447306095e-11    7.75178104820374e-10    5.36377975815685e-11    7.17514373831572e-08    7.32378301022327e-06    0.000267864587772547
2.49999999999999    -1.39041555471574e-11    -1.01650352485973e-09    1.63384445571128e-11    1.39543892734019e-07    4.04208418478877e-06    0.000373555742470901
2.99999999999998    7.98063426795603e-12    -1.20438509387846e-09    1.0328615359119e-11    1.36325752261211e-07    3.21381632316711e-06    0.000369223174055693
3.49999999999997    1.00314031830231e-11    8.40441672958743e-10    2.18523618424478e-11    5.26727488983207e-08    4.67465098615364e-06    0.000229505444156809
3.99999999999996    -9.56888956368502e-12    -1.02964275655534e-09    2.85961036043797e-11    2.61805791658698e-08    5.34753247809568e-06    0.000161804138280854
4.49999999999995    -1.06409005537588e-11    3.31743306649104e-10    5.53440785009035e-11    1.12429644641728e-08    7.43936008678101e-06    0.00010603284615657
4.99999999999994    1.89018595161208e-11    -1.26147866345482e-10    4.52986667417266e-11    2.18624341038333e-08    6.73042842182942e-06    0.000147859507992612
5.49999999999993    1.82813136579931e-11    4.96266585781141e-10    2.44945786853287e-11    3.29784242969237e-08    4.94919980249277e-06    0.00018159962636712
5.99999999999992    9.05749346117202e-12    -4.56758767399864e-10    1.93311513226199e-11    3.1741344988243e-08    4.39672051903892e-06    0.000178161008607479
6.49999999999991    3.80663097168789e-12    1.12065345075119e-10    2.29868483347679e-11    1.75674768744515e-08    4.79446017135959e-06    0.0001325423587931
6.9999999999999    7.9990783603292e-12    9.42832713224539e-11    9.73397446494008e-12    3.06707792199018e-08    3.11993180452331e-06    0.00017513074892746
7.49999999999988    2.36611887746536e-11    3.25550069575669e-11    2.1263933683826e-11    1.28447630221684e-08    4.61128330112845e-06    0.000113334738814572
7.99999999999987    -3.57360599044222e-11    1.3135953678402e-11    2.17185763418297e-10    2.07235300711746e-09    1.47372237350534e-05    4.55231041023927e-05
8.49999999999986    -2.79386804919485e-11    -2.54259466579781e-11    5.03930364111195e-11    1.76343855575066e-08    7.09880528049185e-06    0.000132794523823484
8.99999999999985    -1.86610994438736e-11    -1.64353102573167e-10    4.56850256932848e-11    1.19348469587193e-08    6.75906988371452e-06    0.000109246725162324
9.49999999999984    1.57924199764096e-11    -7.3585823244589e-11    3.79343598011566e-11    1.29318710656122e-08    6.15908757860344e-06    0.000113718384905901
9.99999999999983    -9.90812162472401e-12    2.83019694693251e-10    4.04823703647901e-11    1.03812003608708e-08    6.36257576494708e-06    0.000101888175765349
10.4999999999998    -1.67299944559176e-11    -1.76414091085209e-10    4.11221179425119e-11    1.21473570163123e-08    6.41265295663441e-06    0.000110215048955581
10.9999999999998    3.38609951761337e-11    -1.37658293066124e-11    9.03469998932295e-11    3.24797790851923e-09    9.50510388644348e-06    5.69910335800207e-05
11.4999999999998    -1.66558739646872e-11    -1.38880015282632e-10    2.47611396695754e-11    1.2659605654678e-08    4.97605663847368e-06    0.000112514913032267
11.9999999999998    4.15067877258739e-12    3.89041818764102e-10    1.64452973996098e-11    2.07964466438784e-08    4.05528018755703e-06    0.000144209731445999
12.4999999999998    -5.12742826530526e-12    3.94604121906144e-10    1.92577370134258e-11    1.86422463036723e-08    4.38836381962566e-06    0.000136536611586477
12.9999999999998    -7.99884741896521e-12    2.96517955501969e-10    1.26272700497382e-11    1.98571484103883e-08    3.55348702680538e-06    0.000140915394511389
13.4999999999998    -1.20955884186167e-12    -3.3470730785075e-10    2.53384907579444e-11    1.08488130729996e-08    5.03373526895713e-06    0.000104157635691713
13.9999999999997    1.41984758866121e-11    -1.60721281687705e-10    3.89840029537605e-11    4.78697982084962e-09    6.24371707827628e-06    6.91880034458561e-05
14.4999999999997    -5.91976057554061e-11    -3.32086494691973e-11    2.91995872956404e-10    3.57635343088051e-09    1.70878867316266e-05    5.98026206021058e-05
14.9999999999997    -2.0790221689e-11    -5.43544696404016e-10    1.1866490995943e-10    4.46651505894759e-09    1.08933424603745e-05    6.68319912815124e-05
15.4999999999997    1.54553160275133e-11    5.88985803246422e-10    8.46730026154829e-11    6.17505209583883e-09    9.20179344558679e-06    7.85814997024867e-05
15.9999999999997    -2.86696439006285e-11    1.24696976084695e-10    2.55685151832468e-11    2.96926800717471e-08    5.05653193230546e-06    0.000172315640821521
16.4999999999998    3.4418157705729e-11    -2.58365588535123e-11    3.32727277121577e-11    2.07564906313851e-08    5.76825170315696e-06    0.000144071130457786
16.9999999999999    5.12073162124501e-11    1.76015615070152e-10    1.03182823064452e-10    6.52364197510385e-09    1.01578946175785e-05    8.07690657063264e-05
17.4999999999999    -1.24802501660578e-11    -1.95083014944083e-10    7.03332029338303e-10    2.13025638555854e-09    2.65204077898163e-05    4.61547005788195e-05
18    2.37203414411468e-11    4.96965091696748e-10    3.591033385099e-10    3.84068840117107e-09    1.8950022124244e-05    6.19732878014721e-05
18.5000000000001    4.60392492326179e-11    1.49275024833329e-10    7.35504984413831e-11    5.13835235235214e-08    8.57615872283527e-06    0.000226679340751422
19.0000000000002    -2.97851758890069e-11    -3.43970199396775e-10    1.34355711976269e-10    2.88742647176909e-08    1.15911911370394e-05    0.00016992429113453
19.5000000000002    4.84414304363701e-12    3.82512618761729e-10    2.17472936733221e-10    8.40790784025899e-09    1.47469636445337e-05    9.16946445552447e-05
20.0000000000003    -3.78150550027371e-13    2.75986368376757e-10    3.26265188618108e-10    8.22710569814143e-09    1.80628123119881e-05    9.07033940823896e-05
20.5000000000004    5.14447292427008e-11    -3.00061956762604e-11    7.12070077815985e-10    9.5643020669817e-09    2.6684641234488e-05    9.77972497925213e-05
21.0000000000005    2.88812682102076e-11    -1.99662066037672e-10    1.25136265872457e-10    7.4206467153099e-08    1.11864322226357e-05    0.000272408640011764
21.5000000000006    2.55260951153225e-11    2.40997472999794e-11    4.535433480773e-10    4.40382700603871e-08    2.12965571883497e-05    0.000209852972484038
22.0000000000006    -1.17971668040365e-11    -2.75477951262322e-10    8.45350044345738e-11    1.19348154695304e-07    9.19429194850994e-06    0.000345468022681157
22.5000000000007    -1.30873906148755e-11    5.19175888044461e-10    5.1554639526692e-10    1.44883111192544e-08    2.27056467705007e-05    0.000120367400565871
23.0000000000008    -3.09910035923105e-11    4.06192052260605e-10    7.76712373523277e-10    5.73818085793556e-09    2.78695599807804e-05    7.57507812353811e-05
23.5000000000009    6.8317982720854e-11    -3.15425355362371e-11    1.89566443687781e-09    3.32035353224659e-09    4.35392287124283e-05    5.76225089027335e-05
24.000000000001    3.44617207455401e-11    -2.1977376551757e-10    1.11579116780207e-09    1.93782366320893e-08    3.34034604165629e-05    0.000139205734910746
24.500000000001    6.50031384885274e-12    3.27446348940701e-10    1.29604814249018e-10    7.31196020752024e-08    1.13844110189757e-05    0.000270406364708923
25.0000000000011    8.4346201601935e-14    4.32777347336731e-10    1.01443583590347e-10    8.8404450710288e-08    1.00719205512329e-05    0.000297328859531161
25.5000000000012    2.71931949525597e-11    4.96126751023234e-10    2.34132679776091e-10    5.88305402763994e-08    1.53013947003321e-05    0.000242550077872907
26.0000000000013    4.43684316310762e-11    6.5027105122402e-10    2.03933553283506e-10    5.29351957893315e-08    1.42805305672281e-05    0.000230076499862347
26.5000000000013    -1.5659085422724e-10    -3.16088646699139e-10    8.45666913934567e-10    1.89773305171233e-08    2.90803527129581e-05    0.00013775823212071
27.0000000000014    -1.29421466369696e-10    4.87340197492487e-11    3.61134776708614e-09    4.69942904292729e-09    6.00944903220702e-05    6.85523817450927e-05
27.5000000000015    1.18447372708605e-12    9.24685834227664e-10    1.12931020322235e-09    5.32774359385459e-08    3.36052109533976e-05    0.000230819054537728
28.0000000000016    -2.24794144574252e-11    8.49026679061604e-10    1.49088400092676e-10    1.74499267215328e-07    1.22101760876807e-05    0.000417731094383225
28.5000000000017    1.6584070825981e-10    1.7213919817227e-09    1.60755071745122e-10    1.71826836467461e-07    1.26789223405469e-05    0.000414520007315084
29.0000000000017    3.26610863575063e-10    4.89839490855634e-09    7.02899969572881e-10    7.86821578617845e-08    2.65122607385e-05    0.000280503400759759
29.5000000000018    -1.20369156682078e-09    -2.53637910164686e-09    2.89637794014509e-10    7.45970710630528e-08    1.70187482667097e-05    0.000273124643810513
30.0000000000019    -1.20863201366846e-10    3.72735527049876e-09    8.30536769057148e-09    1.84938542485018e-08    9.11337900592139e-05    0.000135992110927835
30.500000000002    2.5765175991262e-10    -3.9298808566202e-09    1.89178705745469e-09    2.8563370350754e-07    4.34946784950562e-05    0.00053444710074253
31.000000000002    9.07908545338695e-11    5.20948186089705e-09    1.56702317190068e-09    3.3479424883295e-07    3.95856435073681e-05    0.000578614075879434
31.5000000000021    -1.54594584896247e-09    1.27302974658361e-11    2.25375712240696e-10    5.29284247763e-07    1.50125184379819e-05    0.000727519242194322
32.0000000000022    -2.56293106687928e-09    -3.13983872039291e-08    3.10196348009047e-09    1.52629122936305e-07    5.56952733499159e-05    0.000390677772531848
32.5000000000021    8.03849254170099e-09    6.05339000274371e-09    2.71624599168475e-10    2.83769077731042e-07    1.6481035603114e-05    0.000532699800726824
33.000000000002    -1.06986988706214e-08    -5.25640178055366e-08    1.44728003477311e-08    6.67096167858363e-09    0.000120302951889257    8.16759384127765e-05
33.5000000000019    -2.72552829009155e-08    3.61682039520773e-08    9.40719724596838e-09    8.50496049952389e-08    9.69907031787992e-05    0.000291632651956361
34.0000000000018    1.90388115690465e-08    -6.12525028444835e-08    4.0982871875705e-09    1.59252022107795e-07    6.40178633280911e-05    0.000399063927655615
34.5000000000017    6.67548766393071e-09    1.74997254781908e-07    2.05023344275088e-09    2.94278980652225e-07    4.52795030691454e-05    0.000542474838152136
35.0000000000016    -1.6611125396656e-08    1.06405266480165e-07    9.17570531052163e-10    3.83669074496152e-07    3.02914221376725e-05    0.000619410254333968
35.5000000000015    1.12158438828567e-09    -1.83286260681535e-07    2.94045437499886e-09    2.10319519638069e-07    5.42259566420078e-05    0.000458606024866896
36.0000000000014    -3.95381205621328e-08    2.9460395909728e-08    5.60017097455472e-10    1.36232899477277e-07    2.36646473498443e-05    0.0003690974107324
36.5000000000013    -1.78734472987886e-08    4.33180265198597e-08    3.06097501452507e-08    5.52778057188067e-08    0.000174956422648014    0.000235112321757826
37.0000000000012    3.79563149367947e-09    3.53408739100559e-08    2.41381959920782e-09    9.03159345123049e-07    4.91306379441688e-05    0.000950346959733166
37.5000000000011    -5.88253867339092e-09    3.09152593464034e-08    1.50991994638205e-08    7.6284949906871e-08    0.000122878799754947    0.000276197300767255
38.000000000001    -1.72949903455874e-08    -1.09498870181181e-07    5.65417635230488e-10    1.32174116263411e-06    2.37785057586426e-05    0.00114967001815482
38.5000000000009    3.0727805923306e-08    -2.03155048660553e-07    1.30901135119265e-08    3.93615048508865e-07    0.000114412029820856    0.000627387445871282
39.0000000000008    -8.81048959006291e-08    5.46298683353621e-08    1.28211060080945e-08    4.73501707391401e-07    0.000113230288552233    0.000688114601216235
39.5000000000007    1.63691000195194e-08    2.31908280584281e-07    1.22534593786625e-07    1.51918939236116e-07    0.000350049415823934    0.000389767732700727
40.0000000000006    9.84564940117002e-09    -3.07624959219669e-07    2.76954539540821e-08    2.7418935590173e-06    0.000166419511647959    0.00165586637878308
40.5000000000005    -1.62654445446995e-08    2.75744679528193e-07    2.63972391869161e-09    4.57395171148652e-06    5.1378241057153e-05    0.00213867988148095
41.0000000000004    9.97011371424199e-09    -8.56980903654549e-07    4.64888063504995e-08    1.33368619434415e-06    0.000215612630082508    0.00115485300360171
41.5000000000003    1.74541632713726e-07    1.95409377742638e-06    5.64848151146757e-08    8.28318440215498e-07    0.000237665278595537    0.000910117916389413
42.0000000000002    -2.70180666242867e-07    -3.01692493695161e-06    1.02780998372907e-07    1.51124760106146e-07    0.000320594643397725    0.000388735975013981
42.5000000000001    -1.49240126832412e-06    -2.03484859306722e-06    2.49556076326398e-08    1.05137605968101e-06    0.000157966390004628    0.00102536428603312
43    -1.90746043451828e-06    2.80986082951229e-06    2.46063405351005e-07    1.23521098347381e-07    0.000496044117942846    0.000351444452267353
43.4999999999999    1.40041292163467e-06    1.39729650678617e-06    1.3314567643859e-07    4.82109769619743e-07    0.000364888634082016    0.000694339842715521
43.9999999999998    -1.09155445620032e-06    5.9193958536757e-06    9.47876889646566e-08    1.93371530403696e-06    0.000307874158502343    0.00139056832438744
44.4999999999997    7.61066006420734e-08    -1.05780699366735e-05    6.98093764943836e-09    6.95302641118543e-06    8.35519709954451e-05    0.00263683797674826
44.9999999999996    1.43985224876848e-07    9.30631937354899e-06    9.85032867460718e-09    4.43875391608788e-06    9.92487175879981e-05    0.00210681449314067
45.4999999999995    2.80135322916372e-06    1.71759129423434e-06    4.55992138771673e-07    7.59460307812203e-07    0.000675266089176525    0.000871468506425992
45.9999999999994    3.38199165753976e-06    -6.14357944424296e-07    9.42971483038344e-07    8.09269430540053e-08    0.000971061298359054    0.000284475949103472
46.4999999999993    -9.06023090254215e-07    -1.3225825027615e-05    1.33339423579805e-07    1.27739874674667e-05    0.000365155586978982    0.00357404708209322
46.9999999999992    1.44423760873856e-06    1.22280218743866e-05    2.15144143431082e-07    1.04467017552136e-05    0.000463834084138727    0.00323211265748808
47.4999999999991    -2.26408393688202e-06    -4.90369616152768e-07    3.91318064206953e-07    1.58085138854063e-06    0.000625550108409294    0.00125731903193989
47.999999999999    3.05501371494593e-06    -2.83274091115176e-06    4.93209744029264e-07    2.49280764431095e-06    0.000702282287203988    0.0015788602281044
48.4999999999989    -4.47049278074793e-06    -1.7267118848058e-05    2.38457657946501e-07    6.06339181340552e-06    0.000488300801392747    0.00246233500158126
48.9999999999988    -1.23923714090578e-05    -1.28154115722267e-05    1.85962112206189e-06    3.62325100782781e-06    0.00136362295052289    0.0019034407721424
49.4999999999987    -5.63456484632755e-06    5.05519156440687e-05    3.89898260233187e-07    3.71981690876469e-05    0.000624392914687682    0.00609882067218504
49.9999999999986    7.120853310648e-06    -4.43328698978727e-05    4.82189214021665e-07    3.68405989956161e-05    0.000694361942699766    0.00606948379948927
50.4999999999985    -6.65628871632001e-06    4.53185112692397e-05    2.61313523629347e-07    4.41953458304138e-05    0.000511145006284784    0.00664780355177183
50.9999999999984    1.04470551881935e-05    -1.84292713231771e-05    6.40298360113338e-07    2.49331720342046e-05    0.000800118253229629    0.00499327872205859
51.4999999999983    -9.36613893027721e-06    -4.08275967088638e-05    2.13037053580929e-06    1.01563374066459e-05    0.00145954883825476    0.00318663937620699
51.9999999999982    -2.81671243736382e-05    -3.19016289133796e-05    5.98298446649869e-06    5.24575495001478e-06    0.00244585181063841    0.00229013913029044
52.4999999999981    -2.09675440277389e-05    8.22380143454802e-05    1.95313427659389e-06    5.953400677395e-05    0.00139738850671219    0.00771539005384346
52.999999999998    2.65462448707956e-05    3.51519492991097e-05    3.9274816954575e-06    1.26597790742944e-05    0.00198160969727662    0.00355788468261056
53.4999999999979    -3.38870301362674e-06    -8.84549815882196e-05    1.88337445523366e-06    4.05982108038564e-05    0.00137235672182037    0.00637105850860661
53.9999999999978    -2.9548550134349e-05    -4.154879910154e-05    5.16186339860728e-06    2.72422517303122e-05    0.00227178130148838    0.00521924567611119
54.4999999999977    -5.15370392114315e-05    -2.98451795583506e-05    1.14141004125403e-05    1.37276947918651e-05    0.00337808293949832    0.00370497018302742
54.9999999999976    -5.41085500812611e-05    1.40833524899592e-05    1.2631909634686e-05    1.40590802516574e-05    0.00355372788765461    0.00374951755707851
55.4999999999975    -3.28541650389698e-05    7.83672272819179e-05    5.41778155734696e-06    4.88855672809575e-05    0.00232738096606176    0.00699138225665323
55.9999999999974    1.08004571888131e-05    6.62483014271502e-05    5.07590818669544e-06    3.14396025781609e-05    0.00225295173867971    0.0056067114907688
56.4999999999973    2.92614472680199e-05    4.39465694137728e-05    7.92260634594051e-06    2.89510616448799e-05    0.00281456037662088    0.0053804396050803
56.9999999999972    6.2194850900763e-05    4.37776271812015e-05    1.14406821688921e-05    1.80583137861819e-05    0.00338183588741582    0.00424928197529186
57.4999999999971    5.98692228996281e-05    -2.95477577411453e-05    1.09668665745171e-05    1.94658513000287e-05    0.00331108475437681    0.0044119132165129
57.999999999997    4.2565318391646e-05    -4.5870560295364e-05    9.79375919160735e-06    2.08873442856149e-05    0.00312920874747556    0.00457003721837286
58.4999999999969    1.09856729721721e-05    -7.35425176024581e-05    7.71911925106472e-06    2.95389075079004e-05    0.00277830858006343    0.00543447320409303
58.9999999999968    -1.56523197227138e-05    -2.17371724107165e-05    7.32921882030259e-06    3.15047554798379e-05    0.00270720775434577    0.00561286762494659
59.4999999999967    -2.75716665546587e-05    -4.34735809669631e-05    9.43153582193422e-06    2.62018822707764e-05    0.00307095679310824    0.00511859280647858
59.9999999999966    -3.85318531054496e-05    1.56460060610397e-05    1.05743550288459e-05    2.2116577570525e-05    0.00325159504322757    0.00470280052447681
60.4999999999965    -2.6689318130639e-05    1.71556683823963e-05    1.03874557374576e-05    2.01643347707794e-05    0.00322284709810367    0.00449043878188109
60.9999999999964    -1.9919144048156e-05    1.88589235786985e-05    1.05116773416495e-05    1.86420260403604e-05    0.00324211051158807    0.00431760007195685
61.4999999999963    -5.21022038224483e-06    3.44782560624973e-05    9.77097978938983e-06    2.27849171801026e-05    0.00312585230665068    0.00477323039774548
61.9999999999962    7.06747091196103e-06    9.92560497249868e-06    7.93683790830914e-06    3.12887781362457e-05    0.00281723054774792    0.00559362848414262
62.4999999999961    2.2688497780479e-06    -2.68863294669628e-05    8.29655962566574e-06    2.75383478950185e-05    0.00288037401703085    0.00524763041956141
62.999999999996    1.8570127487769e-07    3.02553324402489e-05    9.48765107841857e-06    2.33304932416725e-05    0.0030802030848523    0.00483007017097386
63.4999999999959    1.53245624088666e-05    1.37367305372399e-05    1.07555032147587e-05    1.95268423758316e-05    0.00327952258302115    0.00441889733735303
63.9999999999958    1.48703205339265e-05    -9.78554259572643e-06    1.17397441087087e-05    1.74711458657291e-05    0.00342629872928149    0.0041798385266521
64.4999999999961    8.3680518924668e-06    -1.63010047956836e-05    1.12191650527088e-05    2.13326226262842e-05    0.00334949175673211    0.00461869645068031
64.9999999999963    -1.08418287616398e-06    -9.53067770934964e-06    8.88330209601584e-06    3.09534311415786e-05    0.00298048669189502    0.00556357262087599
65.4999999999966    2.11066483306814e-06    6.74096961528827e-07    8.34508674722819e-06    2.85636210564846e-05    0.0028887856085771    0.00534449441968816
65.9999999999969    -2.2945919705488e-06    1.975344338241e-06    9.14974209829206e-06    2.48764340693064e-05    0.00302485319199788    0.00498762770937458
66.4999999999971    3.12380705167517e-06    5.98768548485679e-06    1.05960303680738e-05    2.02680819544203e-05    0.00325515293187637    0.00450200467592414
66.9999999999974    1.25352213731779e-06    -8.973296375184e-06    1.18670403502696e-05    1.84919927587167e-05    0.0034448568589931    0.00430022234758493
67.4999999999976    -3.44768693538809e-06    -7.26929390967789e-06    1.17781861453732e-05    2.2333069247506e-05    0.00343193447764202    0.00472578209451854
67.9999999999979    -3.85852912630659e-06    2.1305858179633e-06    1.0006998926802e-05    3.05785498663144e-05    0.00316338174088347    0.00552978709598466
68.4999999999981    -4.40717047194845e-06    -6.98753857417782e-06    9.33503496843649e-06    2.97740068916255e-05    0.00305532576745671    0.00545655184763511
68.9999999999984    -1.25891655970232e-05    -1.45519379517975e-05    1.0067991643702e-05    2.56748973721083e-05    0.00317298489700339    0.00506701940130588
69.4999999999986    -1.17371026036818e-05    9.44897220871449e-06    1.13501188692924e-05    2.11307290540742e-05    0.00336897330201872    0.00459680756297219
69.9999999999989    -9.00006420339886e-06    3.12443006466629e-06    1.23574846174099e-05    1.99575227432544e-05    0.00351530988907866    0.0044673832364362
70.4999999999992    -7.30861687159659e-06    4.79925788544848e-06    1.21660607508836e-05    2.41267176581453e-05    0.00348798040920573    0.00491189318137814
70.9999999999994    -1.0004306608007e-06    2.04504364957263e-05    1.06403908735754e-05    3.17939101860717e-05    0.00326196104708715    0.00563857180194762
71.4999999999997    9.75097111962704e-06    1.86247847642416e-05    1.03215024729733e-05    3.09613985413363e-05    0.00321269472429851    0.0055642655992259
71.9999999999999    1.58788513794641e-05    1.2119019276176e-05    1.14386803502199e-05    2.65223619697734e-05    0.00338207454268808    0.00514997233964855
72.5000000000002    2.2559128726878e-05    1.12232992539531e-05    1.29456572419866e-05    2.19575959557633e-05    0.00359793667644356    0.00468587985263357
73.0000000000004    2.70888796779344e-05    7.86466952547173e-06    1.38230764854828e-05    2.12265415546124e-05    0.00371784113136651    0.00460722038778108
73.5000000000007    2.77118958239554e-05    -8.30097773123929e-06    1.32632877649615e-05    2.61376831373251e-05    0.00364177426755027    0.00511249589056987
74.000000000001    2.17894474704863e-05    -1.53539393191178e-05    1.16403545906733e-05    3.32810075163467e-05    0.00341172680774007    0.00576894893138205
74.5000000000012    7.33759577546175e-06    -3.90944474118556e-05    1.14757940293634e-05    3.205161396083e-05    0.00338758618916945    0.00566127950069696
75.0000000000015    -1.03597973405966e-05    -2.88109639935027e-05    1.28495487280784e-05    2.741528599996e-05    0.00358461175061923    0.00523588158081461
75.5000000000017    -2.09491369914369e-05    -1.36039400588025e-05    1.45724841643307e-05    2.31377189006686e-05    0.00381733484226757    0.00481014904483047
76.000000000002    -2.42666863794746e-05    2.86903827645585e-07    1.5500287715988e-05    2.27070793702301e-05    0.00393696568995974    0.00476519456978582
76.5000000000022    -2.55676680224968e-05    -1.44514699262361e-05    1.47913390930137e-05    2.8083332883497e-05    0.0038458660126642    0.00529935128468702
77.0000000000025    -3.78727728955097e-05    -2.15716210468235e-05    1.32507950192899e-05    3.44046419843181e-05    0.00363996712517615    0.00586550736505237
77.5000000000027    -3.53023275696752e-05    2.80828953101751e-05    1.32868765164553e-05    3.27069502012201e-05    0.00364494585174094    0.00571893010555394
78.000000000003    -1.95659603433046e-05    2.77845854983228e-05    1.46985154159241e-05    2.82056340738755e-05    0.00383381436550076    0.00531082499153231
78.5000000000033    -5.53323040109063e-06    3.10747596267749e-05    1.62398110693427e-05    2.44742296230022e-05    0.00402986109595653    0.00494704598546611
79.0000000000035    7.60219391109853e-06    1.77705598890349e-05    1.68912004800555e-05    2.47416287504292e-05    0.00410988353687829    0.00497406402830024
79.5000000000038    1.23470638759266e-05    2.96982930668805e-06    1.60604536355749e-05    3.06203105050055e-05    0.00400753055953271    0.00553356139254995
80.000000000004    1.19012747468947e-05    -2.28139498168355e-06    1.4914310449058e-05    3.56956659753353e-05    0.00386188669030015    0.00597458456886939
80.5000000000043    1.33962648010724e-05    7.03196594585342e-06    1.53394391549227e-05    3.353837759824e-05    0.00391653669649757    0.00579122855270753
81.0000000000045    1.324836469456e-05    -6.9889496992061e-06    1.69090694225475e-05    2.90461854622426e-05    0.00411204254639716    0.00538944678207557
81.5000000000048    1.11645572367121e-05    -2.35372595544436e-06    1.84064257668431e-05    2.58406575958295e-05    0.00429025653306475    0.00508337014743208
82.000000000005    9.21136803440014e-06    -6.73836464608684e-06    1.87722160323381e-05    2.71765374641723e-05    0.00433268175418378    0.00521310771599956
82.5000000000053    5.23776745986885e-06    -5.03564162645003e-06    1.77182356840259e-05    3.32418329357561e-05    0.00420930020903925    0.0057655708805
83.0000000000056    9.97556321479529e-06    2.43553086193124e-05    1.67804964174475e-05    3.68541188957316e-05    0.00409638827573583    0.00607071047857445
83.5000000000058    1.62977401403225e-05    -2.97425527968562e-06    1.74825017238944e-05    3.4209151658245e-05    0.00418117640234907    0.00584885824858584
84.0000000000061    1.43985437362512e-05    -6.39034515615089e-06    1.91843785094359e-05    2.99870399737875e-05    0.00437997388021598    0.00547603863548061
84.5000000000063    7.77761557302828e-06    -1.89734873834815e-05    2.06329057682566e-05    2.74997464437517e-05    0.00454233918559068    0.00524398574087766
85.0000000000066    -3.96464910670891e-06    -2.639471678865e-05    2.07328012385519e-05    2.99006674968345e-05    0.00455332686286735    0.00546808657720048
85.5000000000068    -1.28911558057465e-05    -7.05767128397386e-06    1.95673284393589e-05    3.6030107402453e-05    0.00442347852458457    0.00600250427669394
86.0000000000071    -1.51917202164099e-05    5.75804145154045e-07    1.90135699990482e-05    3.78685391305516e-05    0.00436042878748008    0.00615374185345804
86.5000000000073    -1.03767313274093e-05    1.3918582798398e-05    2.00996489299972e-05    3.46626157715147e-05    0.0044832511923206    0.00588748010990844
87.0000000000076    -5.67599654089355e-06    7.30211872031779e-06    2.18672729138078e-05    3.07508381955281e-05    0.00467624215549955    0.00554533902251164
87.5000000000079    -2.22292982080463e-06    4.36921786398291e-06    2.29527372204902e-05    2.96788955798911e-05    0.00479090098823522    0.00544783227438459
88.0000000000081    -1.0042391580952e-06    3.98338336048654e-07    2.25358676316265e-05    3.33506017428357e-05    0.00474719565882113    0.00577499797265439
88.5000000000084    -1.64973236772475e-06    -2.26705448545209e-06    2.1358421160897e-05    3.84454300372817e-05    0.00462151689808445    0.00620043747631936
89.0000000000086    -5.0679137594868e-06    -7.67942579488512e-06    2.13317768110502e-05    3.81732422394519e-05    0.0046186308715138    0.00617844505242794
89.5000000000089    -8.060199190759e-06    -8.04479010775114e-06    2.27160400848712e-05    3.47195410240967e-05    0.00476612789568851    0.00589232350651666
90.0000000000091    -1.03312072215465e-05    2.91632380434177e-07    2.43570380560757e-05    3.18114785117481e-05    0.00493527418916447    0.00564016652473122
90.5000000000094    -8.22954754412679e-06    1.4002145653773e-05    2.49617759790322e-05    3.26253467667842e-05    0.00499616935797611    0.00571184302188893
91.0000000000096    2.78564213684218e-06    2.22312709154664e-05    2.43445373329029e-05    3.64766355963434e-05    0.00493401758946001    0.00603954810949767
91.5000000000099    8.66442270986138e-06    7.54937806450884e-07    2.35815407479656e-05    3.94315449036279e-05    0.00485607513077637    0.00627945414297268
92.0000000000102    8.81759771485952e-06    -2.06126477415668e-07    2.39558092014178e-05    3.81557043992503e-05    0.00489445926036659    0.00617703038334459
92.5000000000104    8.7676668851075e-06    2.24831044549453e-06    2.53364296192358e-05    3.51221952941712e-05    0.0050335228962679    0.00592639774561844
93.0000000000107    6.58111672125894e-06    -9.99453354592813e-06    2.65640006026687e-05    3.35673743217904e-05    0.00515402340813189    0.00579372716229282
93.5000000000109    1.74660821762345e-06    -9.86848310869521e-06    2.66913870078909e-05    3.5528131635471e-05    0.00516637048199707    0.00596053976150752
94.0000000000112    -4.42958378453326e-07    4.42531915436348e-06    2.60309582464428e-05    3.89650293657036e-05    0.00510205429706806    0.006242195910275
94.5000000000114    2.19181003061533e-06    6.46833418996324e-06    2.57757412997964e-05    3.99857901203435e-05    0.00507698104150146    0.00632342852264469
95.0000000000117    3.37571259144583e-06    -5.17260796846617e-06    2.6559236475966e-05    3.78319009718933e-05    0.00515356430837246    0.00615076208416649
95.500000000012    2.27701416833619e-06    3.78321416930854e-06    2.77679634922828e-05    3.58203427879793e-05    0.00526953112786036    0.00598500864454429
96.0000000000122    5.96465917276933e-06    1.11518976985467e-05    2.84922675520951e-05    3.58532789537764e-05    0.00533781153422787    0.0059877503779762
96.5000000000125    1.11389858602219e-05    4.54605328349508e-06    2.83551987440604e-05    3.83150624595609e-05    0.00532494832529428    0.00618991452226607
97.0000000000127    1.24412860734283e-05    -1.33802027682183e-06    2.79703987833856e-05    4.02073605461886e-05    0.00528869019680548    0.00634092727886784
97.500000000013    1.16208523515468e-05    1.71700216737602e-07    2.81103872441729e-05    3.98070565043977e-05    0.00530191024065511    0.00630928335668297
98.0000000000132    9.80845575504599e-06    -4.22987289322468e-06    2.8896771850174e-05    3.80680031291748e-05    0.00537556282117228    0.00616992586968029
98.5000000000135    7.07150609185616e-06    -6.92769349858416e-06    2.97483341527639e-05    3.73061851260425e-05    0.00545419876302335    0.00610787500961711
99.0000000000137    2.70999994289422e-06    -9.82613260824273e-06    3.00825309783174e-05    3.83544078865804e-05    0.00548475374417281    0.0061930857683144
99.500000000014    -4.3926135597853e-07    -5.24817842982474e-06    2.99515468398331e-05    4.0156819884866e-05    0.00547280062188297    0.00633693872003581
100.000000000014    -2.9415508299147e-06    -6.75948581149522e-06    2.99231520869415e-05    4.05000208221506e-05    0.00547020506326959    0.00636395907682491
100.500000000015    -1.10278488361229e-05    -2.01666799641892e-05    3.03699839759203e-05    3.95102965729175e-05    0.00551088580560969    0.00628568929218878
101.000000000015    -1.90305656315854e-05    -1.20430169823921e-05    3.10090040133752e-05    3.86339773023611e-05    0.00556854036987673    0.0062156119785668
101.500000000015    -2.44974067091537e-05    -2.51666998921698e-06    3.14207479070322e-05    3.89022787150497e-05    0.00560536776528505    0.00623716861896661
102.000000000015    -2.08029964271334e-05    1.19971573380987e-05    3.15200416544639e-05    3.96868225180646e-05    0.00561423270712958    0.00629973639022145
102.500000000016    -1.39137606636387e-05    1.40007599226588e-05    3.1459070460232e-05    4.04803183124359e-05    0.00560882134387397    0.00636239909870149
103.000000000016    -6.00967564728807e-06    1.57916599356503e-05    3.15343748699279e-05    4.01930562304903e-05    0.00561554438623065    0.0063397797165175
103.500000000016    9.55308445186412e-07    1.29110068287074e-05    3.18152905688731e-05    3.97374190636338e-05    0.00564050437959752    0.00630374907253901
104.000000000016    5.09458672722917e-06    2.99051676678533e-06    3.23080657159688e-05    3.93804265020142e-05    0.00568401616475137    0.00627538186557787
104.500000000017    8.82617010590658e-06    1.07990280947783e-05    3.26742615906204e-05    3.94756475118715e-05    0.00571613363116553    0.00628295558577838
105.000000000017    1.12026225420141e-05    -1.22637147489316e-06    3.27120436456807e-05    4.00720868948689e-05    0.00571943337638693    0.00633025160565375
105.500000000017    1.12539170870274e-05    3.08263366651715e-06    3.26396450218218e-05    4.05331622479748e-05    0.0057131005917253    0.0063665652235208
106.000000000017    1.28145881824342e-05    1.5145333878031e-06    3.2877727939402e-05    3.99948302434936e-05    0.00573389603373934    0.00632414642063909
106.500000000018    1.36623142337998e-05    1.83871014841396e-06    3.33013583315128e-05    3.95352880196899e-05    0.00577071673821221    0.00628770901353067
107.000000000018    1.35424154870038e-05    -1.10769429023318e-06    3.36926006315357e-05    3.94232517201713e-05    0.00580451696823417    0.00627879371322109
107.500000000018    7.74659504921106e-06    -1.88499817385649e-05    3.38153213359192e-05    3.98570623098293e-05    0.00581508910732969    0.0063132168494372
108.000000000018    -4.10661437249264e-07    -1.73788439239249e-05    3.3712354903144e-05    3.99571395035303e-05    0.00580623412673836    0.0063211421024459
108.500000000019    -7.84199497809384e-06    -8.02760574689969e-06    3.35737707407056e-05    3.98941744382298e-05    0.00579428246151501    0.00631617843286396
109.000000000019    -1.03272185824614e-05    -5.76467518694975e-06    3.35938753132763e-05    3.97438423963483e-05    0.00579601316957032    0.00630426912217969
109.500000000019    -1.35259902333882e-05    -7.94704608441258e-06    3.38290021150281e-05    3.96396115805434e-05    0.00581625473673706    0.00629599463349532
110.000000000019    -1.81741014161243e-05    -9.32831361888338e-06    3.42077113458289e-05    3.94463918036089e-05    0.00584870763911709    0.00628062933042334
110.50000000002    -2.04385987695619e-05    4.67959487259766e-06    3.44918826328755e-05    3.95482955971823e-05    0.00587294346103859    0.00628874182158674
111.00000000002    -1.53860561994846e-05    1.06865955192935e-05    3.46572554995324e-05    3.92654309384089e-05    0.00588702121355164    0.00626620433237579
111.50000000002    -1.11565064850105e-05    7.81522691208137e-06    3.47030376441577e-05    3.90938148211887e-05    0.00589091785518359    0.00625249979955354
112.00000000002    -5.88673111360321e-06    1.03075083095456e-05    3.46875010761982e-05    3.91057492231332e-05    0.00588960664413125    0.00625345048580427
112.500000000021    -1.3809951018584e-06    1.31582593912718e-05    3.46988398856385e-05    3.92342562162421e-05    0.00589057195682143    0.00626371160546619
113.000000000021    5.62689234315546e-06    1.15866877626116e-05    3.47989801143079e-05    3.91796969579542e-05    0.00589906335382071    0.00625935801074047
113.500000000021    1.15202401525631e-05    1.02715166870755e-05    3.49746091766987e-05    3.89414112434234e-05    0.00591392225690916    0.0062402969271797
114.000000000021    1.39536816896124e-05    3.4059362714362e-08    3.51722290437417e-05    3.86153625806972e-05    0.00593060151574096    0.00621412605114647
114.500000000022    1.10956690506417e-05    -8.33151251549177e-06    3.52493806125938e-05    3.85269867985956e-05    0.00593710851330191    0.00620700550865672
115.000000000022    7.59784468134119e-06    -5.28089707599192e-06    3.52428241142249e-05    3.85893491375913e-05    0.00593656183215345    0.00621203036451991
115.500000000022    6.6528311484843e-06    -1.30979314471687e-07    3.52553882727989e-05    3.84143405807993e-05    0.00593762107351392    0.00619793034517521
116.000000000022    6.33938812029659e-06    -3.87174505550743e-07    3.52931622566719e-05    3.8355108727455e-05    0.0059408014668755    0.00619315013361947
116.500000000023    5.84632498816729e-06    2.0889426341301e-06    3.54267257534973e-05    3.8025175120826e-05    0.00595203255820912    0.00616645528299238
117.000000000023    9.5615855323473e-06    1.01261193914994e-05    3.56258588239582e-05    3.75666209834703e-05    0.00596873247851169    0.00612915315889368
117.500000000023    1.48896582703866e-05    6.3087242515495e-06    3.5697486231725e-05    3.75464574087255e-05    0.00597471878248689    0.00612751316675239
118.000000000023    1.48000755054352e-05    -2.83424887422065e-06    3.56555190169529e-05    3.7625048875923e-05    0.0059712059062402    0.006133925402461
118.500000000024    1.20052600428414e-05    -9.61901571341299e-06    3.56465845711718e-05    3.72780398034381e-05    0.00597046400582929    0.00610556690881157
119.000000000024    7.53605837960536e-06    -6.65756340694517e-06    3.56306144926249e-05    3.70782472564581e-05    0.00596913374791092    0.00608918737873187
119.500000000024    5.50526028056609e-06    -8.11052531863645e-07    3.55927308733221e-05    3.7103514459439e-05    0.0059659618307052    0.00609126536949695
120.000000000024    4.52984607295092e-06    -5.21520583631124e-06    3.56405757015942e-05    3.69387584303814e-05    0.0059699711207081    0.00607772418196231
120.500000000025    2.14113143816138e-06    -4.65285306877456e-06    3.57901954205912e-05    3.66438428861667e-05    0.00598249035403714    0.00605341401501046
121.000000000025    1.03435518988635e-06    1.06209740468017e-07    3.59669383417743e-05    3.64854583146148e-05    0.00599724413975984    0.00604031938752698
121.500000000025    1.80456437364135e-06    -1.00726318668143e-07    3.61203844214227e-05    3.62303209640968e-05    0.00601002339138294    0.00601916281171651
122.000000000026    1.13170796129979e-06    -8.35470303935714e-07    3.62274828666106e-05    3.58185977270861e-05    0.00601892694637904    0.00598486399420032
122.500000000026    1.32507553771921e-06    1.82920105175888e-06    3.61834040387993e-05    3.56567989776183e-05    0.0060152641074997    0.00597133114402825
123.000000000026    9.60280550754199e-07    -3.36155594368116e-06    3.60399604780481e-05    3.57244258552239e-05    0.00600332903945048    0.00597699042622334
123.500000000026    -8.60453899719285e-07    -3.35479569873976e-06    3.5957982389839e-05    3.56867089076954e-05    0.0059964974484659    0.00597383441794642
124.000000000027    -2.35454563133909e-06    -3.73865815017795e-06    3.59897708602829e-05    3.53356171209894e-05    0.0059991470490727    0.00594437575725363
124.500000000027    -6.28624065205285e-06    -1.01597249262324e-05    3.60485633597391e-05    3.49085005203359e-05    0.00600404229189948    0.00590833286979714
125.000000000027    -9.38479843515502e-06    -4.58940758165628e-06    3.60450098354161e-05    3.46778839775136e-05    0.00600374231300565    0.00588879129489675
125.500000000027    -1.29380470824215e-05    -7.02760940994466e-06    3.5947905644673e-05    3.46771414495232e-05    0.00599564327254471    0.00588872584369736
126.000000000028    -1.64136056913551e-05    -1.08669125980308e-05    3.58862179144963e-05    3.4467491444987e-05    0.00599048816942697    0.00587089204083993
126.500000000028    -2.31033656367721e-05    -1.15010647457608e-05    3.59159076876831e-05    3.41578957244032e-05    0.00599294367754106    0.00584446434242805
127.000000000028    -2.72151178197624e-05    -7.98096103244662e-06    3.5989950446323e-05    3.39051751289932e-05    0.00599910074791923    0.00582280958243134
127.500000000028    -2.95286572937419e-05    1.0663416284908e-06    3.60568574572657e-05    3.36229784546699e-05    0.0060046636471716    0.0057985323416866
128.000000000029    -2.65016212946964e-05    1.09381548558146e-05    3.60496554235097e-05    3.33852874176496e-05    0.00600407803809864    0.00577798994239501
128.500000000028    -1.84917820442843e-05    2.07405763296463e-05    3.59665715209304e-05    3.32656937972997e-05    0.00599718513762308    0.00576760466968682
129.000000000028    -8.25893963695111e-06    1.81182172264416e-05    3.58757405704518e-05    3.30478515687312e-05    0.00598963040265156    0.00574869753065298
129.500000000027    -8.64549169390199e-07    1.19798145989219e-05    3.57688902620231e-05    3.27890232357005e-05    0.00598070978351047    0.00572615750043104
130.000000000027    3.31848813367264e-06    2.7525110585242e-06    3.56408017403216e-05    3.26059818719652e-05    0.00596999084823069    0.00571016412160351
130.500000000026    1.66181225964937e-06    -5.73822828174865e-06    3.55428847451372e-05    3.24861797842785e-05    0.0059617851339609    0.00569966199497959
131.000000000026    -1.27677539872448e-06    -7.51326040765641e-06    3.55046181345653e-05    3.22581409727002e-05    0.00595857503975656    0.00567962010381137
131.500000000025    -3.65403099019047e-06    1.76118259204471e-07    3.55217940083324e-05    3.20374469816971e-05    0.00596001515571814    0.00566016315583565
132.000000000025    -1.09970216153461e-06    8.89126232473521e-06    3.55734380439425e-05    3.18156834027793e-05    0.00596434714236165    0.00564053227525856
132.500000000024    4.3121335197188e-06    1.44796491354495e-05    3.56291284606567e-05    3.15016358553713e-05    0.00596901246992844    0.00561261313428355
133.000000000024    1.33916884786076e-05    1.76255146295148e-05    3.56268588357121e-05    3.13520726576219e-05    0.00596880888439158    0.00559926441587249
133.500000000024    1.99595334960656e-05    1.13794915543768e-05    3.56242615658664e-05    3.11682855059923e-05    0.00596857296033893    0.00558284479572594
134.000000000023    2.52237626265491e-05    6.85883627217842e-06    3.56405102539343e-05    3.0947187491928e-05    0.00596991407105105    0.00556301540967603
134.500000000023    2.55465827653459e-05    -2.83768499495815e-06    3.56097124612341e-05    3.06778123520352e-05    0.00596733272353261    0.00553875476073631
135.000000000022    2.30197729220832e-05    -7.41381033369841e-06    3.55039834397183e-05    3.04281775365489e-05    0.00595847745063895    0.00551616919355863
135.500000000022    1.99106105042219e-05    -5.38140952321211e-06    3.53285538851891e-05    3.02626546380644e-05    0.00594374944397713    0.00550114766921375
136.000000000021    1.67417677778449e-05    -6.56402626398606e-06    3.51163816613584e-05    3.02565525050076e-05    0.00592588401629412    0.00550059173349257
136.500000000021    1.36950486105354e-05    -4.69227098688176e-06    3.50339406365024e-05    3.01409384257005e-05    0.00591893175177295    0.00549007435362159
137.00000000002    1.18436703335827e-05    -3.88576209489568e-06    3.51193372547126e-05    2.97777296535418e-05    0.00592614520427787    0.00545689605493771
137.50000000002    9.28618672415418e-06    -4.92051482825557e-06    3.52648536919692e-05    2.94030328406457e-05    0.0059384145576665    0.00542245411499069
138.000000000019    6.41455403959952e-06    -8.81720328377457e-06    3.53520482543386e-05    2.91955262341001e-05    0.0059457553858055    0.00540328127076745
138.500000000019    1.20570847926634e-06    -1.00594962272086e-05    3.53054180504927e-05    2.89030697305247e-05    0.00594183613008301    0.00537614811338567
139.000000000019    -2.50844835224209e-06    -4.85275831816868e-06    3.51082508039602e-05    2.89163001955085e-05    0.00592522105171167    0.00537738567021608
139.500000000018    -4.93530950789517e-06    -5.94712634743659e-06    3.48926789746724e-05    2.88168450933636e-05    0.00590700047548605    0.00536812907119899
140.000000000018    -7.85151358717955e-06    -5.13661564889194e-06    3.47615522326704e-05    2.86879902191789e-05    0.0058958875995396    0.00535611462109976
140.500000000017    -9.98182632291388e-06    -2.52582322966009e-06    3.47843619765046e-05    2.83490641515441e-05    0.00589781843902031    0.0053243833231428
141.000000000017    -1.06768735411173e-05    -1.29982777358353e-06    3.48464310135528e-05    2.79960723035095e-05    0.00590307691106293    0.0052911313170207
141.500000000016    -1.19425664211665e-05    -3.23836157995626e-06    3.48179950924613e-05    2.78153638934197e-05    0.00590066542582856    0.00527402629936882
142.000000000016    -1.34067042344921e-05    -3.56235507866854e-06    3.46951257241048e-05    2.7707962185672e-05    0.00589024158964523    0.0052638341059819
142.500000000015    -1.51463464320067e-05    -3.02167200622067e-06    3.45649500063238e-05    2.75669488747179e-05    0.00587917686368709    0.00525042281575647
143.000000000015    -1.70079114403351e-05    -4.88420063684949e-06    3.44793818153744e-05    2.74440449535714e-05    0.00587189003186562    0.00523870414302579
143.500000000014    -1.91690583975717e-05    -3.08315970690353e-06    3.44611343352293e-05    2.71892202857949e-05    0.00587032936745711    0.00521432745231071
144.000000000014    -2.10090093749216e-05    -4.99459788449155e-06    3.44514015932748e-05    2.69360141825122e-05    0.00586949403396919    0.00518998932913201
144.500000000014    -2.28533553548561e-05    -4.45786135802667e-07    3.43931128637488e-05    2.67579074484276e-05    0.00586451963829075    0.00517280458259369
145.000000000013    -2.1851574552432e-05    3.17703331405312e-06    3.42973206371006e-05    2.66394074116927e-05    0.00585635066793222    0.00516133677627725
145.500000000013    -1.93712284126811e-05    6.45466782415031e-06    3.42372293877839e-05    2.64369122300198e-05    0.00585122672123493    0.00514167974180453
146.000000000012    -1.65164457455334e-05    5.90955473024819e-06    3.41896353842106e-05    2.62393740270284e-05    0.00584716705689435    0.00512243488042467
146.500000000012    -1.20102554400039e-05    1.12839052169352e-05    3.41306777864661e-05    2.60151553597536e-05    0.00584213433089572    0.00510049292061431
147.000000000011    -6.16668784646276e-06    1.27296235633187e-05    3.40428695817226e-05    2.58007667447247e-05    0.00583462351430524    0.00507942956456812
147.500000000011    -1.44579171657038e-07    9.84035573770307e-06    3.38787009591573e-05    2.56771592852273e-05    0.00582054129254782    0.00506725393607093
148.00000000001    4.71161343607752e-06    1.16110386233967e-05    3.36951010763422e-05    2.56324350972226e-05    0.00580474623709263    0.00506283520184143
148.50000000001    1.10765123803218e-05    1.20653375210945e-05    3.36041932971238e-05    2.54970694353492e-05    0.00579690181113992    0.00504944787704356
149.000000000009    1.58247971913023e-05    7.57413484551766e-06    3.36693661092608e-05    2.52223770970021e-05    0.00580250942998412    0.00502218276544008
149.500000000009    1.99824270248453e-05    8.88100176473026e-06    3.37909847988511e-05    2.4940617546815e-05    0.00581296701362233    0.00499405032760211
150.000000000009    2.37307947812972e-05    5.46666111231217e-06    3.38579491426051e-05    2.46730676209423e-05    0.0058187099938031    0.00496719616449346
150.500000000008    2.55455161329942e-05    2.31611905947033e-06    3.3800276168091e-05    2.45498822723261e-05    0.0058137443695691    0.00495478323521006
151.000000000008    2.57127890902515e-05    -2.67816596761701e-06    3.364429940277e-05    2.44556173295207e-05    0.00580031363421386    0.00494526138408758
151.500000000007    2.34986977902271e-05    -5.51440467471515e-06    3.34407198765186e-05    2.43383322625686e-05    0.00578274741690495    0.00493338644887158
152.000000000007    1.92818052499545e-05    -1.0927387510601e-05    3.32652658615006e-05    2.42121770369204e-05    0.00576757263270147    0.00492057492871744
152.500000000006    1.42237589421074e-05    -9.29204692579381e-06    3.31543307827461e-05    2.39844241149919e-05    0.00575796218009702    0.00489738070532155
153.000000000006    9.51045961387122e-06    -8.73694688636954e-06    3.30774445304725e-05    2.38169824479386e-05    0.00575129151422795    0.00488025676718938
153.500000000005    5.89675105868954e-06    -5.78889527666035e-06    3.30070876767662e-05    2.36470048013469e-05    0.00574517649033458    0.00486281516099865
154.000000000005    3.26576036185285e-06    -5.40217518680152e-06    3.29588748477046e-05    2.348192838968e-05    0.0057409811167181    0.00484581254344236
154.500000000004    3.27196866697016e-07    -5.72394201733009e-06    3.2920047187508e-05    2.33498901954843e-05    0.00573759941791427    0.00483216901939203
155.000000000004    -2.35729480799873e-06    -6.78596965778188e-06    3.29096914653275e-05    2.31413603539583e-05    0.00573669642812732    0.00481054199696605
155.500000000004    -7.39446404448213e-06    -1.19979107507521e-05    3.2899372366003e-05    2.2970745733938e-05    0.00573579268174021    0.00479276556740215
156.000000000003    -1.32751167564982e-05    -1.09627430441972e-05    3.28853440907881e-05    2.27606483266769e-05    0.00573455908174841    0.00477079952889889
156.500000000003    -1.83728752672116e-05    -1.03168510863154e-05    3.27950992874157e-05    2.25861984621816e-05    0.00572667108579409    0.00475248272219534
157.000000000002    -2.34867896186125e-05    -8.81114312985248e-06    3.26234083253205e-05    2.26122548556153e-05    0.00571164220658419    0.00475522630579997
157.500000000002    -2.711558905572e-05    -6.56436050525463e-06    3.24981239117963e-05    2.24910263294673e-05    0.00570064809093023    0.00474246594491078
158.000000000001    -3.11658724302605e-05    -9.82168788611973e-06    3.24350257819005e-05    2.22914478034396e-05    0.00569509038297867    0.00472137176442257
158.500000000001    -3.56108587898709e-05    -5.65534005919784e-06    3.23971667974844e-05    2.20860705157973e-05    0.00569173951127602    0.00469957854843667
159    -3.58763126927097e-05    3.48191878376152e-06    3.23424790611312e-05    2.188498666557e-05    0.00568693168161169    0.00467813793531268
159.5    -3.34846491288821e-05    6.18335187546348e-06    3.22340849260069e-05    2.18271449458913e-05    0.00567740818545572    0.00467194892010293
159.999999999999    -2.87268963434099e-05    1.33104213855252e-05    3.21468470960232e-05    2.17285317402942e-05    0.00566974619021431    0.00466136831552461
160.499999999999    -2.16719074363097e-05    1.30244272265152e-05    3.21093417046994e-05    2.14996313847304e-05    0.00566646909751809    0.00463675120628936
160.999999999999    -1.62801010061451e-05    9.49513046488872e-06    3.20674012808275e-05    2.13162778824933e-05    0.00566278520157164    0.00461694571388821
161.499999999998    -1.11124319270405e-05    1.05387616910521e-05    3.19749196830148e-05    2.12239094011318e-05    0.00565462608815751    0.00460692938253169
161.999999999998    -6.58495186968293e-06    8.04607519852426e-06    3.18693860725017e-05    2.10962709729124e-05    0.00564529385514258    0.00459306066077798
162.499999999997    -2.20990314447541e-06    9.45762819190075e-06    3.17645284603036e-05    2.09963322772998e-05    0.00563600244647141    0.00458216573582501
162.999999999997    2.62540166893731e-06    9.52333445539402e-06    3.17029133093848e-05    2.08577808349728e-05    0.00563053340427449    0.00456702202108482
163.499999999996    6.91902344302551e-06    7.30131671289991e-06    3.169535502757e-05    2.07047662532086e-05    0.00562985853771519    0.00455024317415925
163.999999999996    1.07281618925903e-05    8.55658127931299e-06    3.17139812583966e-05    2.05501009259927e-05    0.00563150656262949    0.00453321383908916
164.499999999995    1.48502304198288e-05    7.71949326235849e-06    3.17377915647011e-05    2.03482152976745e-05    0.00563361083456761    0.00451089300550327
164.999999999995    1.89177834512021e-05    8.26941920313386e-06    3.17137523585881e-05    2.02305690086031e-05    0.00563146468301608    0.00449783288098937
165.499999999994    2.25907661971333e-05    6.46182962632891e-06    3.16180860084501e-05    2.00784354693074e-05    0.00562295079702221    0.00448089206677256
165.999999999994    2.55532778605724e-05    4.71801733674401e-06    3.14472324446303e-05    2.00145579147857e-05    0.00560772498207793    0.00447376079547154
166.499999999994    2.68347520275243e-05    1.2467944031583e-06    3.12653465973685e-05    1.99661114528645e-05    0.00559147802405161    0.0044683453199555
166.999999999993    2.78552363349597e-05    2.31636424696643e-06    3.11457462643305e-05    1.98713369868206e-05    0.00558076789968363    0.0044577271811179
167.499999999993    2.7316172377813e-05    -5.5892735317827e-06    3.11053329910015e-05    1.97339715388316e-05    0.0055771486279037    0.00444228998365178
167.999999999992    2.29588379962018e-05    -9.67823912840942e-06    3.11285538163077e-05    1.95521736871098e-05    0.00557924965457413    0.00442177340201837
168.499999999992    1.87180863763714e-05    -7.54513958662407e-06    3.11607927401897e-05    1.93654509331491e-05    0.0055821539188231    0.0044006129123132
168.999999999991    1.52803488179421e-05    -6.36962356694574e-06    3.11668769318572e-05    1.92020113822459e-05    0.0055827093281665    0.00438200534118131
169.499999999991    1.2295937892088e-05    -5.22460973018957e-06    3.11023331617265e-05    1.90964007409377e-05    0.00557693302556502    0.00436993975294751
169.99999999999    9.88533234628475e-06    -5.29114974510212e-06    3.09751781919527e-05    1.9009949669239e-05    0.00556552607326182    0.0043600368889464
170.49999999999    6.28553111891972e-06    -9.44219815360058e-06    3.08108839399535e-05    1.89319963484454e-05    0.00555075169972969    0.00435108115223555
170.999999999989    3.21790738415204e-07    -1.42910965428499e-05    3.06785790895774e-05    1.88097653843767e-05    0.00553882469356344    0.00433699909487382
171.499999999989    -7.43523348981645e-06    -1.58896650054886e-05    3.05834153837638e-05    1.8762078305715e-05    0.00553022242781127    0.00433149233224082
171.999999999989    -1.45112250156841e-05    -1.17953044730892e-05    3.05599506913881e-05    1.85868117853032e-05    0.00552808647867747    0.00431122635175834
172.499999999988    -1.94377576818982e-05    -8.76657167450067e-06    3.05559391040922e-05    1.84244240451368e-05    0.00552770850151023    0.00429235916395143
172.999999999988    -2.35449252158509e-05    -7.24149531963385e-06    3.05356101056015e-05    1.83124328509368e-05    0.00552585339491541    0.00427929671928488
173.499999999987    -2.63818366933062e-05    -4.51541385558652e-06    3.04895496594712e-05    1.81834197776085e-05    0.00552167127400427    0.00426419973601685
173.999999999987    -2.85459668250326e-05    -3.8650709165783e-06    3.04173613331866e-05    1.80958319422167e-05    0.00551511980476985    0.0042539178416424
174.499999999986    -2.98304600789958e-05    -1.4015611043826e-06    3.03300998395062e-05    1.79637346579338e-05    0.00550719619980601    0.00423836438895481
174.999999999986    -3.06647051349552e-05    -2.66607288000434e-06    3.02088044832822e-05    1.7882280078161e-05    0.00549616813417686    0.00422874366333742
175.499999999985    -3.20827821780129e-05    -2.3355522942842e-06    3.00954559896045e-05    1.78294805291191e-05    0.00548583874031057    0.00422249630838377
175.999999999985    -3.25620107133815e-05    8.85961403626524e-07    3.00450662745316e-05    1.77357128604759e-05    0.00548124128186216    0.00421137888055068
176.499999999984    -3.12203048998167e-05    4.11663353264198e-06    3.0050256900389e-05    1.75808436108117e-05    0.0054817225570938    0.00419294963768229
176.999999999984    -2.80749406667569e-05    8.91121760549298e-06    3.00776618311467e-05    1.74071535360725e-05    0.00548423865535165    0.00417217858273987
177.499999999984    -2.22770700340027e-05    1.36802791493471e-05    3.00595913062493e-05    1.72528387450698e-05    0.00548261753530191    0.00415363113372291
177.999999999983    -1.53574284027997e-05    1.32406778798574e-05    2.99727795006142e-05    1.71343162625838e-05    0.0054747185909421    0.00413934064157966
178.499999999983    -9.65835822839152e-06    9.75572816653016e-06    2.98120232934755e-05    1.71019949307906e-05    0.00546003022057496    0.00413544432395825
178.999999999982    -4.67675913234895e-06    1.0576752414536e-05    2.96335154230545e-05    1.70879832661859e-05    0.00544366545178693    0.00413374786343994
179.499999999982    -2.12762561234394e-07    6.24868827349467e-06    2.95120845370505e-05    1.69913436995108e-05    0.0054325025993351    0.00412205102508516
179.999999999981    2.40956035279256e-06    5.48175993859606e-06    2.94580306848132e-05    1.68426241062763e-05    0.00542752474695714    0.00410397296002109
180.499999999981    5.51008119594449e-06    6.61094837052659e-06    2.94273974001622e-05    1.67151523720396e-05    0.00542469971880172    0.0040884115090584
180.99999999998    8.84634231122218e-06    6.59607337939303e-06    2.94145310996685e-05    1.66212161219309e-05    0.00542350927369874    0.00407690723634312
181.49999999998    1.17512545100344e-05    4.91780385311424e-06    2.94102888469097e-05    1.65115900504102e-05    0.0054231126444992    0.00406344261256578
181.999999999979    1.40959158246419e-05    4.69331044711255e-06    2.9408010464462e-05    1.63879423149152e-05    0.00542289699050416    0.00404819963536289
182.499999999979    1.58287520671675e-05    1.57310501360407e-06    2.93962071189667e-05    1.62763163014478e-05    0.00542180381142426    0.0040343913824502
182.999999999979    1.600539302115e-05    -4.67311473216087e-07    2.93576020929578e-05    1.6139157083391e-05    0.00541824195845406    0.00401735695016151
183.499999999978    1.48347171781979e-05    -4.74842802638912e-06    2.92544628875483e-05    1.60630780486086e-05    0.00540871914770166    0.00400787418727682
183.999999999978    1.2018325165408e-05    -5.12979770682137e-06    2.910446940009e-05    1.60273076383941e-05    0.00539484244069743    0.00400340871303063
184.499999999977    1.01918565451623e-05    -3.0405650337708e-06    2.89514221049311e-05    1.59616221309685e-05    0.00538064291985551    0.00399519872921646
184.999999999977    8.29204334069194e-06    -3.99882572460442e-06    2.88256277459871e-05    1.58989242677197e-05    0.00536894393600868    0.00398734351130079
185.499999999976    7.15618528243616e-06    -3.8120615816403e-08    2.87472627813624e-05    1.57850522347452e-05    0.00536164261867337    0.00397304067853477
185.999999999976    7.47054043723572e-06    -2.40651264854992e-07    2.87123659590778e-05    1.56475997829372e-05    0.00535838689813487    0.00395570470649974
186.499999999975    6.19701777220324e-06    -4.58091595414456e-06    2.86878024521207e-05    1.55269677188459e-05    0.00535609597086268    0.00394042468955504
186.999999999975    3.32854759728781e-06    -6.67916405102052e-06    2.86383323510887e-05    1.5412129600784e-05    0.00535147841926505    0.0039258228423544
187.499999999974    -6.35324923290069e-07    -8.6451475597544e-06    2.85608227050466e-05    1.53465846627231e-05    0.00534423262044317    0.00391746217903208
187.999999999974    -4.32760697361182e-06    -5.17666507102158e-06    2.84763080317497e-05    1.53000746838905e-05    0.00533631795375497    0.00391152756426812
188.499999999974    -5.17682186018627e-06    1.33790529180244e-06    2.83990193874846e-05    1.52112456064041e-05    0.00532907051820484    0.0039001594603828
188.999999999973    -3.99393520199659e-06    2.70102714298039e-06    2.83364666586829e-05    1.51430903745924e-05    0.00532319929245229    0.00389141145075213
189.499999999973    -2.77243934853085e-06    2.49618668151219e-06    2.83125528328389e-05    1.50510062451953e-05    0.0053209534057741    0.00387956183276505
189.999999999972    -1.3804605998396e-06    2.40331687799021e-06    2.83157220769791e-05    1.49337246434299e-05    0.00532125174853696    0.0038644170152169
190.499999999972    -9.73695082983869e-07    -7.32595883841546e-07    2.83149938705672e-05    1.48069688192671e-05    0.00532118341372341    0.00384798236515845
190.999999999971    -1.24194618766834e-06    8.22408617466868e-07    2.82836962020369e-05    1.47296575155507e-05    0.00531824168871691    0.00383792350616773
191.499999999971    -2.76721600316713e-07    2.03923556631052e-06    2.82172889080448e-05    1.46351984399278e-05    0.00531199480717649    0.00382559724506463
191.99999999997    6.26796548091955e-07    1.81209238286637e-06    2.81086069274091e-05    1.45699870972055e-05    0.00530175504286413    0.00381706481652154
192.49999999997    1.52117351279666e-06    1.79072715257773e-06    2.79805911590242e-05    1.4557297176941e-05    0.00528966812239249    0.00381540220294496
192.999999999969    2.61885677930257e-06    2.50266924207234e-06    2.78747709837797e-05    1.44968359882389e-05    0.00527965568246348    0.00380747025265931
193.499999999969    3.35338611352939e-06    -4.28521628108327e-07    2.78190329119085e-05    1.43784736898615e-05    0.00527437405449311    0.00379189576679406
193.999999999969    1.77732094791168e-06    -5.44753667476439e-06    2.77784893914013e-05    1.42660034012817e-05    0.005270529976438    0.00377703239668736
194.499999999968    -1.03931527192242e-06    -5.0051313153043e-06    2.77219713625395e-05    1.41732759211724e-05    0.00526516574120543    0.00376473782219067
194.999999999968    -3.19771196368063e-06    -3.97509921390276e-06    2.76539561832907e-05    1.41109426060611e-05    0.00525870192708513    0.0037564513579504
195.499999999967    -5.19304102783341e-06    -3.79980087882176e-06    2.75783861841636e-05    1.40594754940669e-05    0.00525151018436492    0.00374959478551752
195.999999999967    -6.5733606304171e-06    -1.51678414252979e-06    2.75109140676513e-05    1.4019284269976e-05    0.00524508063413532    0.00374423316172242
196.499999999966    -6.75900987127474e-06    6.82127550433903e-07    2.74919239092097e-05    1.39061990041256e-05    0.0052432698028039    0.00372910157260802
196.999999999966    -6.15373525866905e-06    1.74962093236062e-06    2.74818701016586e-05    1.37792712897315e-05    0.00524231172606141    0.00371204367277085
197.499999999965    -5.01013034744462e-06    2.38669338952265e-06    2.74471154478933e-05    1.36658202573934e-05    0.00523899707448737    0.00369673025268116
197.999999999965    -4.02098795682395e-06    1.47216286407443e-06    2.73606429221515e-05    1.36583950884833e-05    0.00523073864323265    0.0036957263049663
198.499999999964    -3.38341163629221e-06    1.478251969592e-06    2.72716705240338e-05    1.36204194737735e-05    0.00522222740567275    0.00369058495208343
198.999999999964    -2.54223701108349e-06    1.58731265054544e-06    2.72091233360507e-05    1.35430658247449e-05    0.00521623589124204    0.00368009012188335
199.499999999964    -2.01146936457237e-06    5.93606974799787e-07    2.71640873714009e-05    1.34371450093341e-05    0.00521191743271053    0.00366567110594566
199.999999999963    -1.58648661187197e-06    1.56746010983626e-06    2.71119258253223e-05    1.33695156089662e-05    0.00520691111009037    0.00365643448622221
200.499999999963    -6.36373681273696e-07    1.7689012332573e-06    2.70621601118288e-05    1.33197956389809e-05    0.00520213030467878    0.00364962909210913
200.999999999962    2.93318164774639e-07    2.63055489642909e-06    2.70297302311795e-05    1.32402973415621e-05    0.00519901242017596    0.00363872098706992
201.499999999962    2.56656777605576e-06    6.50833639304338e-06    2.70000186804266e-05    1.31511255361395e-05    0.00519615358637102    0.00362644222037204
201.999999999961    6.22533247284084e-06    7.15460874393315e-06    2.69635517004292e-05    1.30550585953019e-05    0.00519264026730764    0.00361317137801068
202.499999999961    9.0014876464741e-06    3.69244267707918e-06    2.69224471174324e-05    1.29779392046704e-05    0.00518867671864923    0.00360248880227787
202.99999999996    1.00841736754194e-05    8.34153355761654e-07    2.68542282293958e-05    1.29163367131782e-05    0.0051820967319066    0.0035939304413645
203.49999999996    1.01869340658624e-05    7.74753812930065e-08    2.67635197608045e-05    1.28710535090291e-05    0.00517333702625093    0.00358762505050718
203.999999999959    1.0040059242393e-05    -1.55579110567673e-06    2.66755563417039e-05    1.28149857014395e-05    0.00516482870373397    0.00357980212874309
204.499999999959    8.06047314654636e-06    -6.09563967412157e-06    2.66036996255184e-05    1.27392542950323e-05    0.00515787113587486    0.00356920399223822
204.999999999959    4.9333365132777e-06    -5.29029072932985e-06    2.65359483283611e-05    1.26748348463966e-05    0.00515130313518356    0.00356016949866444
205.499999999958    2.99227418020526e-06    -3.12672987751563e-06    2.64678045916522e-05    1.26204681806163e-05    0.00514468615543722    0.00355252845226841
205.999999999958    1.23483809032544e-06    -4.04730740958446e-06    2.64217807910442e-05    1.25373701325348e-05    0.00514021198650592    0.00354081258355163
206.499999999957    -5.85326114013231e-07    -2.76490144347665e-06    2.63863832133978e-05    1.24925128382767e-05    0.00513676774545931    0.00353447382132005
206.999999999957    -1.96157415903801e-06    -3.38862199137637e-06    2.63694567986643e-05    1.24127760457152e-05    0.00513511956539388    0.00352317535228608
207.499999999956    -3.91868226139591e-06    -3.93365213892183e-06    2.63621598891118e-05    1.23157559759204e-05    0.0051344079048164    0.0035093789339855
207.999999999956    -5.75970942776735e-06    -3.47171456255962e-06    2.63377438902533e-05    1.22294688145306e-05    0.00513202793406278    0.00349706402025022
208.499999999955    -7.41994197309546e-06    -3.09284775394882e-06    2.62774757520677e-05    1.21719485905393e-05    0.00512615067048647    0.00348883060993682
208.999999999955    -8.7638844841929e-06    -2.36647054359303e-06    2.61876118985275e-05    1.21319485870912e-05    0.00511737580140997    0.00348309388143764
209.499999999954    -9.62919734411288e-06    -6.02827604384012e-07    2.60948535774739e-05    1.21069766352922e-05    0.00510830312883177    0.00347950805026962
209.999999999954    -9.21955184629156e-06    1.80714544249975e-06    2.60236823163908e-05    1.20499184909459e-05    0.0051013328960434    0.00347129878074061
210.499999999954    -8.34240498367803e-06    1.78830087925713e-06    2.59710945650025e-05    1.19930549083773e-05    0.00509617748604594    0.00346309857069608
210.999999999953    -6.93444118907829e-06    4.07091727912544e-06    2.59518628592729e-05    1.19078306740949e-05    0.00509429237213553    0.00345077007372665
211.499999999953    -4.5664286615394e-06    4.73198406170948e-06    2.59430452074498e-05    1.18032670265099e-05    0.00509342952785048    0.00343558504986221
211.999999999952    -3.02976567048112e-06    9.22297487953918e-07    2.59093158088143e-05    1.17333629526734e-05    0.0050901185280241    0.00342539955363469
212.499999999952    -3.21474656310848e-06    -6.4262085785462e-07    2.58389623228091e-05    1.16900395639791e-05    0.00508320292612971    0.00341906992485055
212.999999999951    -3.34913356473567e-06    -2.04372877540867e-07    2.57591326618003e-05    1.16579875412736e-05    0.00507534446565991    0.00341437951896173
213.499999999951    -3.61551124480849e-06    -8.47310270964393e-07    2.56820807963229e-05    1.16020130836759e-05    0.00506774779605313    0.00340617268583688
213.99999999995    -3.62907191041845e-06    1.64585903128213e-06    2.56132882551432e-05    1.15570658399348e-05    0.00506095594576561    0.00339956808007765
214.49999999995    -1.63340417820838e-06    6.00999619937644e-06    2.55585706468719e-05    1.14893786026633e-05    0.00505554823722044    0.00338959326211995
214.999999999949    2.00838909854165e-06    8.45988805805115e-06    2.55093566083606e-05    1.14076354780725e-05    0.00505067842717529    0.00337750853564673
215.499999999949    6.94020927881246e-06    1.14526110580883e-05    2.54488654644919e-05    1.13612743408164e-05    0.00504468208096279    0.00337062949291617
215.999999999949    1.32027794751074e-05    1.26785731441391e-05    2.53844590988041e-05    1.13412818231625e-05    0.00503828192794113    0.00336765809976986
216.499999999948    1.87015697727711e-05    8.87014815905358e-06    2.5343550354624e-05    1.13069846157227e-05    0.00503420307555347    0.0033625743019589
216.999999999948    2.20257495783334e-05    4.85402474934107e-06    2.53422691602449e-05    1.12181894751052e-05    0.00503406237809986    0.00334935305895765
217.499999999947    2.38247797552972e-05    1.9169108322508e-06    2.53552435613306e-05    1.11140808018859e-05    0.00503534268359167    0.00333377820608071
217.999999999947    2.34224079949832e-05    -3.59540356026239e-06    2.53457756051389e-05    1.10476068265499e-05    0.005034404333776    0.0033237920963296
218.499999999946    2.07740694272244e-05    -6.10171910854977e-06    2.53042523261646e-05    1.09941510070934e-05    0.00503029032603527    0.00331573728997298
218.999999999946    1.77425346253126e-05    -6.30569027217668e-06    2.52301525696897e-05    1.09556205438155e-05    0.00502293119325307    0.00330992156736164
219.499999999945    1.40499442141211e-05    -8.61701227035124e-06    2.51332590140381e-05    1.0922769314849e-05    0.00501328850287969    0.00330495008463797
219.999999999945    9.12171978902563e-06    -1.09911861434397e-05    2.5034531870359e-05    1.08897202778842e-05    0.00500344368056513    0.00329993931333765
220.499999999944    3.3185993100814e-06    -1.20384022606469e-05    2.49601439826248e-05    1.08385449418979e-05    0.00499601170630368    0.0032921725378189
220.999999999944    -2.76583382862906e-06    -1.21433549413913e-05    2.4910026204822e-05    1.0779249218456e-05    0.00499099374423423    0.0032831542390492
221.499999999944    -8.62611002594632e-06    -1.10025510687816e-05    2.48731762679938e-05    1.07320537429918e-05    0.00498729404168429    0.00327596286408466
221.999999999943    -1.35727788222673e-05    -8.72120522014723e-06    2.48487287819088e-05    1.06578452180134e-05    0.00498483144766038    0.00326462389236385
222.499999999943    -1.72590322404648e-05    -5.87297234206646e-06    2.48336667550036e-05    1.05617746056607e-05    0.00498330902923045    0.0032498830923368
222.999999999942    -1.92585022475041e-05    -2.11584407639638e-06    2.48039453733007e-05    1.05002685084347e-05    0.00498031871303353    0.00324041108991414
223.499999999942    -1.98527458240225e-05    -9.29431727257725e-07    2.47266455399859e-05    1.04642984013714e-05    0.00497254978944094    0.00323485664868292
223.999999999941    -2.03980194122485e-05    -8.78557644865999e-07    2.4619193643992e-05    1.04386412613726e-05    0.00496173130719471    0.00323088849846432
224.499999999941    -2.02879706596373e-05    1.38715402444511e-06    2.45233377133098e-05    1.04186301774793e-05    0.00495206281377329    0.0032277899952263
224.99999999994    -1.91436064150494e-05    2.87544837556039e-06    2.44529049675725e-05    1.03865357635703e-05    0.00494495080763256    0.00322281359922769
225.49999999994    -1.78821615615555e-05    1.92888318529274e-06    2.44154398804287e-05    1.03234342840958e-05    0.00494116586533245    0.00321300958036316
225.999999999939    -1.7014254820324e-05    2.22655113645287e-06    2.44065324759616e-05    1.02626889352912e-05    0.00494026750197745    0.00320354241079484
226.499999999939    -1.50314887845525e-05    5.68616713299642e-06    2.44131414553719e-05    1.02009677626442e-05    0.00494094277539386    0.00319389032844705
226.999999999939    -1.16758391219085e-05    7.4806316272778e-06    2.44193429022718e-05    1.01321329995233e-05    0.0049415793605944    0.00318309237058459
227.499999999938    -7.57446637742945e-06    9.00411242620235e-06    2.44085679313797e-05    1.00768942245656e-05    0.00494049699512496    0.0031743996519854
227.999999999938    -2.85539913404592e-06    9.56956107071329e-06    2.43791482908012e-05    1.00240182756824e-05    0.00493752368475302    0.00316605854323374
228.499999999937    1.77007963753258e-06    8.62576388327025e-06    2.43203354975675e-05    9.97999051083489e-06    0.0049315649001494    0.00315910052183091
228.999999999937    5.50127742582752e-06    6.08323324392876e-06    2.4235730020444e-05    9.93776466414636e-06    0.00492297671702708    0.00315241616199696
229.499999999936    7.84467196663273e-06    3.64439896384785e-06    2.4138086558166e-05    9.91170041110979e-06    0.00491304640923407    0.00314828320350409
229.999999999936    9.48532504735702e-06    2.90148031196823e-06    2.40502662911748e-05    9.88794298996344e-06    0.00490409791090916    0.00314450863751007
230.499999999935    1.06523610924202e-05    1.91222350436972e-06    2.3985151261415e-05    9.83734608691651e-06    0.00489745217318333    0.00313645379853072
230.999999999935    1.17496666310406e-05    2.73171327071193e-06    2.39378750746371e-05    9.78327418928401e-06    0.0048926206699448    0.00312782140267417
231.499999999934    1.33700515965288e-05    3.53553742293231e-06    2.39059435807959e-05    9.73393435794054e-06    0.00488935218843113    0.00311992337372501
231.999999999934    1.50122083098508e-05    2.74061165203655e-06    2.38875886728001e-05    9.67475552344648e-06    0.00488747003125357    0.00311042569634676
232.499999999934    1.60906053635992e-05    1.95410388310497e-06    2.38727979415263e-05    9.630353577943e-06    0.00488595323697898    0.00310328048352401
232.999999999933    1.7158780465183e-05    2.02157779848645e-06    2.3852373252672e-05    9.57442461542423e-06    0.00488385900993517    0.00309425605415057
233.499999999933    1.79450011308187e-05    1.30941316883245e-06    2.38129073325245e-05    9.52624048817598e-06    0.00487981406504991    0.00308646055759881
233.999999999932    1.86008034534101e-05    1.31203895960488e-06    2.37576016138269e-05    9.49183182461754e-06    0.00487414152686787    0.00308088138414502
234.499999999932    1.94562483262673e-05    2.40448109336929e-06    2.36975063219474e-05    9.44456830227092e-06    0.0048679695743039    0.00307320069646315
234.999999999931    2.09128185130487e-05    2.97851376282526e-06    2.36261619619386e-05    9.40997627033137e-06    0.00486063006368109    0.00306756701618516
235.499999999931    2.22520326253745e-05    2.61670026087061e-06    2.35512792957743e-05    9.3876658497721e-06    0.0048529150150006    0.00306392868759243
235.99999999993    2.38313050481682e-05    3.60232310174665e-06    2.34985425031979e-05    9.35068887036642e-06    0.00484747094597767    0.00305788748871418
236.49999999993    2.52392829282691e-05    1.44337197018596e-06    2.34761571518926e-05    9.30747066189246e-06    0.00484515429377537    0.00305081441234465
236.999999999929    2.52174965328111e-05    -1.23510763369481e-06    2.34759572430209e-05    9.24991338514978e-06    0.00484513377739868    0.00304136677493178
237.499999999929    2.41813458799169e-05    -2.78630464992654e-06    2.34872078202614e-05    9.18040814288731e-06    0.00484629993735146    0.0030299175532337
237.999999999929    2.24925364146661e-05    -4.05773740369594e-06    2.34853749039922e-05    9.11544627948637e-06    0.0048461189615813    0.00301917700942716
238.499999999928    1.99256152710663e-05    -6.2678621967447e-06    2.34469998275946e-05    9.07029783564485e-06    0.00484216922437152    0.00301168699395344
238.999999999928    1.64417043100716e-05    -7.4481016893239e-06    2.33652223761466e-05    9.05148606198306e-06    0.00483373065514681    0.00300855955363431
239.499999999927    1.25610436719592e-05    -7.96140610617085e-06    2.32596462296203e-05    9.04831017876192e-06    0.00482280918654286    0.00300803038461627
239.999999999927    8.60798114078462e-06    -7.93326386948848e-06    2.31664479413366e-05    9.01805261366191e-06    0.00481314594044241    0.00300299678271328
240.499999999926    4.30882354012628e-06    -9.6314692283573e-06    2.30972200615749e-05    8.98804429114072e-06    0.00480595479541939    0.00299799124847642
240.999999999926    -1.05633609147663e-06    -1.16100230916351e-05    2.30559038050966e-05    8.93642547205666e-06    0.00480165624438596    0.00298936292199868
241.499999999925    -7.27291585883265e-06    -1.34217318044914e-05    2.30356500852406e-05    8.87509268301691e-06    0.00479954135203933    0.00297907914297896
241.999999999925    -1.4276333013872e-05    -1.41190639841103e-05    2.30272280863513e-05    8.82311497361184e-06    0.00479864817137775    0.00297033931153396
242.499999999924    -2.12075931326334e-05    -1.35019346178202e-05    2.30211353695803e-05    8.78218378424029e-06    0.00479798766229904    0.00296344419248986
242.999999999924    -2.73589566679579e-05    -1.05939724100645e-05    2.3006489996305e-05    8.74273396760565e-06    0.00479643007702552    0.00295679247417776
243.499999999924    -3.17194063914077e-05    -7.20425558352055e-06    2.29826306125664e-05    8.70254286041137e-06    0.00479391536135387    0.00294999846764585
243.999999999923    -3.47769231029777e-05    -4.81628433360926e-06    2.29552599179517e-05    8.65546272322531e-06    0.00479103856001715    0.00294201283590513
244.499999999923    -3.6308156723887e-05    -1.39234570559219e-06    2.29105899743e-05    8.61195540017577e-06    0.00478636309655414    0.00293461300030331
244.999999999922    -3.65123856931155e-05    1.95549460428032e-07    2.28443304553863e-05    8.56725531252978e-06    0.00477943483071768    0.0029269874058988
245.499999999922    -3.64145226712265e-05    1.63431201547105e-07    2.27560156647362e-05    8.54244897622129e-06    0.00477018759036527    0.00292274681584148
245.999999999921    -3.6230630379249e-05    4.8912234741748e-07    2.26614137928684e-05    8.53095915221256e-06    0.00476026271694018    0.00292078053146276
246.499999999921    -3.60007056899759e-05    6.35373618835963e-07    2.2581438851958e-05    8.50960734965412e-06    0.00475185677405662    0.0029171230597893
246.99999999992    -3.52592307193886e-05    2.46560191671751e-06    2.25272227416044e-05    8.47394203561606e-06    0.00474615418294154    0.00291100256894824
247.49999999992    -3.36849139192289e-05    3.60692627323817e-06    2.25054601181951e-05    8.44076761974469e-06    0.00474387241025403    0.00290529768007128
247.999999999919    -3.16886896591699e-05    4.70092607236411e-06    2.25105328881964e-05    8.38547124485704e-06    0.00474442079870074    0.00289576400042391
248.499999999919    -2.84685195610471e-05    8.62420939057622e-06    2.2526212433031e-05    8.32661535555559e-06    0.00474609333835998    0.0028855746357646
248.999999999919    -2.31179842770356e-05    1.22070542956556e-05    2.2536382170061e-05    8.28446473128514e-06    0.00474719366877569    0.00287824872433057
249.499999999918    -1.67318128270913e-05    1.33105692687027e-05    2.25313964776488e-05    8.23280788818338e-06    0.00474669532665499    0.00286925612605935
249.999999999918    -9.54981382003313e-06    1.56330499211266e-05    2.25006696263416e-05    8.20467120262098e-06    0.00474347746146196    0.00286433706298179
250.499999999917    -1.2277169611423e-06    1.71611294778531e-05    2.24444130633841e-05    8.17845777896224e-06    0.00473755333015843    0.00285974881319973
250.999999999917    7.03275761993523e-06    1.5569343976691e-05    2.23764204956831e-05    8.15095498646641e-06    0.00473036690289489    0.00285494528528912
251.499999999916    1.4369114762346e-05    1.37647243176602e-05    2.23046480117475e-05    8.11923124377749e-06    0.00472275783206047    0.00284939322946868
251.999999999916    2.06644987778328e-05    1.14534570511887e-05    2.22210977761904e-05    8.08738058983229e-06    0.0047138806470551    0.00284380896126197
252.499999999915    2.59736668775128e-05    9.76505296600251e-06    2.2139403093135e-05    8.05915754261735e-06    0.00470518102327253    0.00283884874312774
252.999999999915    3.04753932078893e-05    8.5184038215604e-06    2.20654926344646e-05    8.03966399407239e-06    0.00469729325089177    0.00283541732922487
253.499999999914    3.45413839759125e-05    7.60646169252149e-06    2.20079132821394e-05    8.02439399912744e-06    0.00469113207818032    0.00283272592053449
253.999999999914    3.81877045035556e-05    7.17056886155416e-06    2.19844929443392e-05    7.98072209187305e-06    0.00468860689795636    0.00282500808402653
254.499999999914    4.15796640270926e-05    5.97470576096544e-06    2.19906797492281e-05    7.93406829608388e-06    0.00468923777183109    0.00281674148600381
254.999999999913    4.39469808780268e-05    3.72224550533263e-06    2.20169278023205e-05    7.87826969594134e-06    0.00469201411604784    0.00280682308684209
255.499999999913    4.5499385881168e-05    2.31136351516583e-06    2.20394077415991e-05    7.82970776123554e-06    0.00469439426843161    0.00279816054200509
255.999999999912    4.59956037131217e-05    -6.00398701354588e-07    2.20436484502622e-05    7.77666035573249e-06    0.00469484108939815    0.00278866634706519
256.499999999912    4.47352089351876e-05    -4.35935308226116e-06    2.20175354990801e-05    7.74860796574918e-06    0.00469207142530477    0.0027836287399346
256.999999999911    4.18561138977746e-05    -6.99963536893776e-06    2.19616690980678e-05    7.72165566283302e-06    0.00468614096712819    0.00277877790907041
257.499999999911    3.76666656240648e-05    -9.96708682525452e-06    2.18763866125623e-05    7.71296619891676e-06    0.00467706829486839    0.00277720486390489
257.99999999991    3.1870170153695e-05    -1.29175249601139e-05    2.17853675160196e-05    7.69472405563612e-06    0.0046673709739289    0.00277390648602022
258.49999999991    2.52447657877673e-05    -1.31715933857486e-05    2.17032139469502e-05    7.6716389307854e-06    0.00465860243514625    0.00276974104203138
258.999999999909    1.8651725306203e-05    -1.3697403723706e-05    2.16382382268694e-05    7.64748274089043e-06    0.00465165458090049    0.0027653743186089
259.499999999909    1.12210152988872e-05    -1.58424934517013e-05    2.15929227902907e-05    7.61451618239458e-06    0.0046468050184085    0.00275939580303294
259.999999999909    3.4185339680904e-06    -1.48464471682586e-05    2.1571436676415e-05    7.57100747961584e-06    0.00464450481645143    0.00275150632610981
260.499999999908    -3.63119689523152e-06    -1.37085376940902e-05    2.15630738620219e-05    7.53127553085592e-06    0.0046436042764679    0.00274428271263188
260.999999999908    -1.05850304136938e-05    -1.41112562941282e-05    2.15601255297294e-05    7.49207694986901e-06    0.00464327615879786    0.00273712948585097
261.499999999907    -1.75129002914616e-05    -1.32023580390424e-05    2.15489110333995e-05    7.46165763957941e-06    0.00464204742885323    0.00273157158744222
261.999999999907    -2.35881801314828e-05    -1.13418285965015e-05    2.153475695733e-05    7.43420726177588e-06    0.00464049572298996    0.00272655068258413
262.499999999906    -2.9267314171149e-05    -1.15169616084639e-05    2.15142745612521e-05    7.40833626412586e-06    0.00463825592066385    0.00272180154010559
262.999999999906    -3.47311061828989e-05    -9.77516195485339e-06    2.14925105528757e-05    7.3653410399239e-06    0.0046358714718097    0.00271389857697974
263.499999999905    -3.88851424674444e-05    -7.05651086578011e-06    2.14612096555984e-05    7.32605442107918e-06    0.00463246128977822    0.00270665931116821
263.999999999905    -4.1914107219108e-05    -5.01881751259564e-06    2.14129892204542e-05    7.30024799334856e-06    0.0046272272937549    0.00270189244878832
264.499999999904    -4.38598812529008e-05    -2.66532789134827e-06    2.13532014616354e-05    7.2702318417712e-06    0.00462074428771512    0.00269633542753835
264.999999999904    -4.45159112665502e-05    -1.86345181630126e-07    2.12793331164677e-05    7.24638748508674e-06    0.00461273795593374    0.00269191148635356
265.499999999904    -4.43041549367962e-05    1.05453280052587e-06    2.12036629101677e-05    7.23307610576403e-06    0.0046045303834401    0.00268943767240005
265.999999999903    -4.31656989788443e-05    3.80885900130946e-06    2.11356587322296e-05    7.22533211492617e-06    0.00459715079746807    0.00268799509067991
266.499999999903    -4.04782817083873e-05    6.77612686120541e-06    2.10892953088036e-05    7.20047878778835e-06    0.00459212987811904    0.00268336223270231
266.999999999902    -3.65211465585581e-05    8.94358080345485e-06    2.10715154445223e-05    7.15649772197835e-06    0.00459022675369924    0.00267514817053949
267.499999999902    -3.16721703398227e-05    1.02646992343159e-05    2.10721971566566e-05    7.11154928149658e-06    0.00459033702796239    0.00266672906712441
267.999999999901    -2.63442626226302e-05    1.10574073017119e-05    2.10776418614486e-05    7.06937194963913e-06    0.00459096371596154    0.00265880606351477
268.499999999901    -2.07875960613921e-05    1.09053600423484e-05    2.10723537669533e-05    7.03878533915058e-06    0.00459041628208198    0.00265304851298896
268.9999999999    -1.54983953644654e-05    1.03170079589139e-05    2.10579558513696e-05    7.01232892914243e-06    0.00458886866788653    0.00264806013687175
269.4999999999    -1.04732818837202e-05    9.68122391540847e-06    2.10367432252653e-05    6.98740259256562e-06    0.00458657099973738    0.00264335182419388
269.999999999899    -5.84454579276282e-06    8.97065674612566e-06    2.10074229797488e-05    6.96371965996136e-06    0.00458338181052302    0.00263887081670909
270.499999999899    -1.3176364428259e-06    9.24465457260241e-06    2.0973422461595e-05    6.93138091260661e-06    0.00457967474013485    0.00263273535490532
270.999999999899    3.36641316547885e-06    9.35799174578283e-06    2.09306683035402e-05    6.91421409948374e-06    0.00457500349407545    0.00262947267098828
271.499999999898    8.06790422440942e-06    9.71428962331565e-06    2.08856209774666e-05    6.8913230069272e-06    0.0045700717594353    0.00262511497643519
271.999999999898    1.32902842462805e-05    1.11388613995712e-05    2.08413755285446e-05    6.85663631512312e-06    0.00456521619388275    0.00261849426978366
272.499999999897    1.89755392341393e-05    1.1339780542895e-05    2.07941531851805e-05    6.82756190428127e-06    0.00456002117474154    0.00261293576531428
272.999999999897    2.44663721181876e-05    1.06187253532656e-05    2.07417567864468e-05    6.7977478620299e-06    0.00455424617067217    0.00260722747467531
273.499999999896    2.96800352139379e-05    1.01760044808382e-05    2.0683096089015e-05    6.77958574239297e-06    0.00454777035309883    0.00260374387974812
273.999999999896    3.43991701279694e-05    8.42730422348553e-06    2.06269750978365e-05    6.76625560172289e-06    0.00454156270406245    0.00260118907084172
274.499999999895    3.79031680334453e-05    5.47260404144492e-06    2.05843775841223e-05    6.75137561943825e-06    0.00453684261728081    0.00259833517276799
274.999999999895    3.98699875149211e-05    2.47914067364378e-06    2.05604580408907e-05    6.72472350584246e-06    0.00453418883869941    0.00259320600024448
275.499999999894    4.04086960278765e-05    -3.83531536444339e-07    2.05596905351592e-05    6.67687196299311e-06    0.00453409943345363    0.00258396436041534
275.999999999894    3.93869599343486e-05    -3.74901219153731e-06    2.05612177422346e-05    6.64064753093785e-06    0.00453427683425061    0.00257694266056609
276.499999999894    3.68190107664141e-05    -6.20024965975441e-06    2.05548171695226e-05    6.61572357539102e-06    0.00453359256329556    0.00257209741889672
276.999999999893    3.34557560830773e-05    -7.11222798842365e-06    2.05414601374856e-05    6.5939584800669e-06    0.00453214528119637    0.00256786056792029
277.499999999893    2.97293500007957e-05    -7.81190057902709e-06    2.0524988887868e-05    6.56969362794056e-06    0.00453035374486546    0.00256312945481688
277.999999999892    2.56952486366957e-05    -8.12897980688907e-06    2.05021206605528e-05    6.53288521067752e-06    0.00452785384202608    0.00255593801379549
278.499999999892    2.18544474230966e-05    -7.01413527832167e-06    2.0464336643724e-05    6.50372108123893e-06    0.0045236997056449    0.00255022977065699
278.999999999891    1.87114883602884e-05    -5.78661985955023e-06    2.0410568609721e-05    6.4895719757734e-06    0.00451776698048099    0.00254745725985815
279.499999999891    1.57918245011423e-05    -6.00383369712634e-06    2.03497266244571e-05    6.47349458614689e-06    0.00451103948583207    0.00254429922378006
279.99999999989    1.2823897988914e-05    -5.70931955339131e-06    2.02892316681284e-05    6.45536882943597e-06    0.00450433871015144    0.00254073537250659
280.49999999989    1.0037197091285e-05    -5.62931599154805e-06    2.02389716003407e-05    6.4405148688346e-06    0.00449876325838727    0.00253781070602913
280.999999999889    6.96548669102967e-06    -6.7414737898583e-06    2.0204150445191e-05    6.42111502283143e-06    0.00449489732109491    0.00253398294693602
281.499999999889    3.49025956173098e-06    -6.88120573965205e-06    2.01846171556937e-05    6.39065343114114e-06    0.00449272801021628    0.00252796480991107
281.999999999889    2.29978244522703e-07    -6.08218162058366e-06    2.01785226397917e-05    6.352339613564e-06    0.00449205104455656    0.00252037747582197
282.499999999888    -2.53882173858613e-06    -5.1032662473575e-06    2.01759897821143e-05    6.31818236877991e-06    0.0044917683974687    0.00251359430407007
282.999999999888    -5.12126097554561e-06    -5.38181998773036e-06    2.01649125954937e-05    6.29144484367354e-06    0.00449053297150569    0.00250826949901464
283.499999999887    -7.87363995531777e-06    -5.48308817366173e-06    2.01398727263747e-05    6.26787526194995e-06    0.00448774004730316    0.00250356649556069
283.999999999887    -1.04812387290193e-05    -4.87745643211802e-06    2.01015391653357e-05    6.25020816982155e-06    0.00448346175504714    0.0025000368757761
284.499999999886    -1.27653668472004e-05    -4.37468779667003e-06    2.00582774349281e-05    6.23264535654405e-06    0.00447862863835989    0.00249652282558176
284.999999999886    -1.49773353359858e-05    -4.45301176943625e-06    2.00155770613353e-05    6.21267386859093e-06    0.00447385211431508    0.00249251961662835
285.499999999885    -1.70506789265905e-05    -3.70384502029855e-06    1.99783964711689e-05    6.1915947352446e-06    0.00446968743264191    0.00248828877278677
285.999999999885    -1.87733801264095e-05    -3.50992998726976e-06    1.99453678327968e-05    6.16797223383999e-06    0.00446598425803265    0.00248353778192148
286.499999999884    -2.0812104576659e-05    -4.64966466522033e-06    1.991787250549e-05    6.13340601637106e-06    0.00446289584931053    0.00247656705885174
286.999999999884    -2.31792691397801e-05    -4.46336160256157e-06    1.98914092961674e-05    6.10899797336033e-06    0.00445991838688215    0.00247163469221557
287.499999999884    -2.50717353340775e-05    -3.14709031606705e-06    1.98647610969922e-05    6.07901724069891e-06    0.00445691962066622    0.00246556430387071
287.999999999883    -2.64464228180328e-05    -2.34345993755594e-06    1.98310027244107e-05    6.0568693949596e-06    0.00445312287177558    0.00246106966645707
288.499999999883    -2.71715872935541e-05    -2.642231331564e-07    1.97907931644159e-05    6.04240959482211e-06    0.00444860145093488    0.00245813130751965
288.999999999882    -2.66968950031935e-05    1.87363077435453e-06    1.9753062213514e-05    6.01998390033404e-06    0.00444436153899648    0.0024535648330219
289.499999999882    -2.56032096151006e-05    2.33930656390656e-06    1.97180186779786e-05    5.99791009069777e-06    0.00444042375834064    0.00244906198744388
289.999999999881    -2.43144281547492e-05    2.97990844822782e-06    1.96877692325775e-05    5.97702722981448e-06    0.00443702355652537    0.00244479413242917
290.499999999881    -2.25167569899833e-05    4.19396224262745e-06    1.96618226709374e-05    5.94532996018355e-06    0.00443410821548054    0.00243830112391072
290.99999999988    -2.02616585861667e-05    4.56134886779359e-06    1.96305453164055e-05    5.91993477276434e-06    0.00443059079374262    0.00243308733235387
291.49999999988    -1.81318058997497e-05    4.07552751148733e-06    1.95944028236255e-05    5.90155676968255e-06    0.00442651940707824    0.00242930857647975
291.999999999879    -1.58757174812369e-05    5.19728837315875e-06    1.95578058106279e-05    5.89012618083956e-06    0.00442239231324205    0.00242695265076044
292.499999999879    -1.28910949598982e-05    6.70538110514406e-06    1.95259843731033e-05    5.87672885218415e-06    0.00441880280084709    0.00242418726381614
292.999999999879    -9.19240441593204e-06    8.01739372248793e-06    1.95026557147388e-05    5.84911061729807e-06    0.00441617155627359    0.00241848017124308
293.499999999878    -4.96010117183909e-06    8.85798178316715e-06    1.9485838080392e-05    5.82089956128255e-06    0.00441427383357539    0.00241263778828097
293.999999999878    -3.0484251914779e-07    9.79425759819509e-06    1.94704766302028e-05    5.79439257611652e-06    0.00441253629302625    0.0024071345306473
294.499999999877    4.73219301832377e-06    1.01846469847029e-05    1.94514303119833e-05    5.76680367098305e-06    0.00441037503148344    0.0024013954159923
294.999999999877    9.7558506938616e-06    9.82274646533533e-06    1.94260833095659e-05    5.747285232536e-06    0.00440749227259029    0.00239732950304873
295.499999999876    1.44573369361764e-05    8.88925009134855e-06    1.9396418303318e-05    5.72883367293787e-06    0.00440411276975587    0.00239348170123999
295.999999999876    1.86170077591814e-05    7.75180727486915e-06    1.93636351599337e-05    5.70354731442565e-06    0.0044003736849222    0.00238819748427755
296.499999999875    2.21646553587839e-05    6.43509865571122e-06    1.93262999658636e-05    5.68263919984839e-06    0.00439611290732124    0.00238381999936104
296.999999999875    2.51660325440712e-05    5.67633000127166e-06    1.92823667218412e-05    5.66232010305504e-06    0.00439109706026264    0.00237955623642997
297.499999999874    2.76991980200531e-05    4.14413216807556e-06    1.92311285024894e-05    5.64496450879877e-06    0.00438524358011256    0.00237590979099951
297.999999999874    2.9168576222681e-05    1.82510883137005e-06    1.91778975431059e-05    5.63269777639303e-06    0.00437916050599507    0.00237332982228994
298.499999999874    2.96707225074664e-05    2.49476823119034e-07    1.91325654665519e-05    5.62087578043549e-06    0.00437397817950407    0.00237083861074448
298.999999999873    2.93886716344181e-05    -1.39436427457837e-06    1.90976464155614e-05    5.60093594612775e-06    0.00436998658139141    0.00236662924892684
299.499999999873    2.83429452451797e-05    -2.68296454510534e-06    1.90756107386659e-05    5.57440252318402e-06    0.00436747151291463    0.00236101574007571
