#t    rel_diff_friedmann    LHS_friedmann    RHS_friedmann
0    -8.51491372949369e-17    0.162982130514664    0.162982130514664
0.5    4.05456269881046e-07    0.148566817496642    0.148566697021995
1    1.03671853356582e-05    0.113838351822332    0.113835991480218
1.5    2.5021505005138e-05    0.079033910353154    0.079029955357347
2    3.39736702367447e-05    0.0587775287283799    0.0587735350873018
2.49999999999999    2.93304516980054e-05    0.0546387818582973    0.054635576791999
2.99999999999998    2.03620233164901e-05    0.0605318147958091    0.060529349745554
3.49999999999997    1.75316246756916e-05    0.0667090346115934    0.0667066956170852
3.99999999999996    2.3383689056562e-05    0.0650760642394437    0.0650730208737064
4.49999999999995    3.54899533564954e-05    0.0560402027374608    0.0560362251502627
4.99999999999994    4.6395665619221e-05    0.0464713791074948    0.0464670671664183
5.49999999999993    4.71290331169009e-05    0.0418404101909344    0.0418364665806379
5.99999999999992    3.96121530962607e-05    0.0427865051484674    0.0427831155515518
6.49999999999991    3.43769997117494e-05    0.0460964155717188    0.0460932463677368
6.9999999999999    3.71080564231468e-05    0.0471856386670287    0.0471821368622898
7.49999999999988    4.68967789562637e-05    0.0440045905494949    0.0440004633959329
7.99999999999987    5.79461283662465e-05    0.038750380071961    0.0387458894631786
8.49999999999986    6.17373370949263e-05    0.0350250122677501    0.035020687832751
8.99999999999985    5.62664995769401e-05    0.03452240705547    0.0345185223640441
9.49999999999984    4.98067508813557e-05    0.0362709320732279    0.0362673191786184
9.99999999999983    4.99710549545259e-05    0.0376483392300488    0.037644576763606
10.4999999999998    5.76928961273208e-05    0.0365958085941629    0.0365915862013972
10.9999999999998    6.84643310900679e-05    0.0335214779559478    0.0335168882190502
11.4999999999998    7.44282909276259e-05    0.0306113113368585    0.0306067549808086
11.9999999999998    7.12328015766528e-05    0.0295775821704595    0.0295733686825143
12.4999999999998    6.43659847112461e-05    0.0304141942468792    0.03041027921975
12.9999999999998    6.23153445273881e-05    0.0316248774632932    0.0316209362786199
13.4999999999998    6.79469168025915e-05    0.0315024967577043    0.0314982160535124
13.9999999999997    7.81047706062734e-05    0.0297002182239332    0.0296955791288059
14.4999999999997    8.56655517599801e-05    0.027455622410992    0.0274509188118429
14.9999999999997    8.48176459114292e-05    0.026240712147287    0.0262362611739454
15.4999999999997    7.82574359179477e-05    0.0265014708060411    0.0264973232563111
15.9999999999997    7.43840485801569e-05    0.0274442578301857    0.0274401753038452
16.4999999999998    7.78711475211189e-05    0.0277447915415984    0.0277404708405462
16.9999999999999    8.70736454764956e-05    0.026745484081558    0.0267408268334835
17.4999999999999    9.5729859135812e-05    0.0250468078299581    0.0250420128342116
18    9.71960495624879e-05    0.0238168122420621    0.0238121828918904
18.5000000000001    9.15985218565587e-05    0.023701130877061    0.0236967892976339
19.0000000000002    8.63239420045694e-05    0.0243676629518361    0.0243634562895249
19.5000000000002    8.76431513154751e-05    0.0248391995747322    0.0248348459848407
20.0000000000003    9.55689209480062e-05    0.0243645599457691    0.0243599034013832
20.5000000000004    0.00010483071515908    0.0231172808383241    0.023112434544199
21.0000000000005    0.000108461893794318    0.0219616267841692    0.0219568633015619
21.5000000000006    0.000104294897783759    0.0216016374066213    0.0215971319953821
22.0000000000006    9.82672506901141e-05    0.0220137278964558    0.0220094018645274
22.5000000000007    9.74371971087014e-05    0.0225192717184037    0.022514883716524
23.0000000000008    0.000103779308224619    0.0223873698606248    0.022382723651291
23.5000000000009    0.000113160708270245    0.0215129608332048    0.0215080925403345
24.000000000001    0.000118665457506789    0.0204821485371026    0.0204772880668188
24.500000000001    0.000116360067122525    0.0199725040346388    0.0199678565715977
25.0000000000011    0.00011008186708789    0.0201630425587885    0.0201586038766649
25.5000000000012    0.000107395453412707    0.0206254040673228    0.0206209743938063
26.0000000000013    0.000111888835434223    0.0207094679616217    0.0207048341635865
26.5000000000013    0.000120894230115945    0.0201396368956389    0.0201347679524715
27.0000000000014    0.000127916258792823    0.0192609095316755    0.0192559825949343
27.5000000000015    0.000127649560339408    0.018672726066437    0.018667959544336
28.0000000000016    0.000121812346828114    0.0186785960384917    0.0186740460255016
28.5000000000017    0.000117576420309653    0.0190552801258947    0.0190507997494309
29.0000000000017    0.00012003088123143    0.0192635809854768    0.0192589570912842
29.5000000000018    0.00012822027378777    0.0189372074462467    0.0189323518009918
30.0000000000019    0.000136313544950528    0.018222080267567    0.0182171131119423
30.500000000002    0.000138149611666097    0.0176099971330984    0.0176051321766595
31.000000000002    0.000133323387754558    0.0174690424784968    0.0174643850355948
31.5000000000021    0.00012807719803525    0.0177394861775543    0.0177349427121002
32.0000000000022    0.00012832825574379    0.0180046877840923    0.0180000673566666
32.5000000000021    0.000135336507223712    0.0178664213435489    0.0178615860398195
33.000000000002    0.000143990939294501    0.0173148417750878    0.0173098561323133
33.5000000000019    0.000147788944938301    0.0167205930096031    0.016715651502304
34.0000000000018    0.000144308143602936    0.0164700155841595    0.0164652627552833
34.5000000000017    0.000138436906035234    0.016628391974204    0.0166237886452001
35.0000000000016    0.000137015536107937    0.0169016903235185    0.0168970593697095
35.5000000000015    0.000142302667687549    0.0169018485115664    0.0168970388397315
36.0000000000014    0.000151071641211274    0.0165050853510883    0.0165000992036891
36.5000000000013    0.000156669980474501    0.0159595496807216    0.0159545496993949
37.0000000000012    0.00015518901994693    0.0156344416580448    0.0156295898236396
37.5000000000011    0.000148716793912897    0.0156849241662015    0.0156802596366258
38.000000000001    0.000146330192738451    0.0159316553609326    0.0159269934787075
38.5000000000009    0.00014932731888104    0.0160258242471859    0.0160210387750522
39.0000000000008    0.000157730913215883    0.0157684273774371    0.0157634538250196
39.5000000000007    0.000164801990904563    0.0152930703791042    0.0152880305527866
40.0000000000006    0.000165123020176858    0.0149262457066484    0.0149213171869185
40.5000000000005    0.000161195376079514    0.0148802672240769    0.0148754707367058
41.0000000000004    0.00015475282702981    0.0150772245686222    0.0150725588044108
41.5000000000003    0.000156673523606298    0.0152263443795987    0.0152215739969401
42.0000000000002    0.000164304533469527    0.0150871827742242    0.0150822258036228
42.5000000000001    0.000172210396095357    0.0146942898167697    0.0146892296692403
43    0.000174179145945083    0.0143144773988799    0.0143094917003887
43.4999999999999    0.000169310039709021    0.0141893027150729    0.0141844987456209
43.9999999999998    0.000163932817976625    0.0143254386339574    0.0143207425847459
44.4999999999997    0.00016713010583786    0.0144968250900548    0.0144919801879605
44.9999999999996    0.000171643754662944    0.0144520634011726    0.014447103039738
45.4999999999995    0.000179287901766367    0.0141456527093886    0.0141405813298388
45.9999999999994    0.000183227284405915    0.0137768975036757    0.0137718498215145
46.4999999999993    0.000184141967976663    0.0135925163227971    0.0135875113390137
46.9999999999992    0.000176818012556166    0.0136630047383394    0.0136581738618387
47.4999999999991    0.000169236372954648    0.0138296976964651    0.013825017512768
47.999999999999    0.00017653001053404    0.0138502107366944    0.0138453216440715
48.4999999999989    0.000186318529552024    0.0136243359273498    0.0136192599406279
48.9999999999988    0.000193528869322682    0.0132841231990376    0.0132789824712315
49.4999999999987    0.00019368316314278    0.0130705344757961    0.013065472371318
49.9999999999986    0.000192969836642945    0.0130845318677802    0.0130794830021048
50.4999999999985    0.000198302986665518    0.0132236797641169    0.0132184362135448
50.9999999999984    0.00019247901916677    0.0132735241796801    0.0132684154131804
51.4999999999983    0.000194145907697645    0.0131044652319947    0.0130993778630918
51.9999999999982    0.000203982645205198    0.0128027466825511    0.0127975246714824
52.4999999999981    0.000202122892166847    0.0125911850754414    0.012586096170539
52.999999999998    0.000187500309038908    0.0125628720401038    0.0125581618384882
53.4999999999979    0.000191754569393638    0.0126629072127366    0.0126580518031439
53.9999999999978    0.000196553432262626    0.0127068242053983    0.0127018300471958
54.4999999999977    0.000203392827118924    0.0125747238968508    0.0125696097197505
54.9999999999976    0.000211052269308111    0.0123276494034496    0.0123224469446766
55.4999999999975    0.000212821806455233    0.01212355908931    0.0121183998718119
55.9999999999974    0.000205634466958036    0.0120718680838034    0.0120669043202071
56.4999999999973    0.000203956594923937    0.012139803301154    0.0121348523250495
56.9999999999972    0.000205613270907583    0.0121847842047627    0.0121797745281474
57.4999999999971    0.000213096500219325    0.0120861648767903    0.0120810149353522
57.999999999997    0.000219292954198129    0.0118708863747444    0.0118656811127375
58.4999999999969    0.000220457054146406    0.0116794910769057    0.0116743425595392
58.9999999999968    0.000217375759341356    0.0116175136212321    0.01161246398721
59.4999999999967    0.000214463691573412    0.011668609572132    0.0116636056591209
59.9999999999966    0.000215779511489953    0.0117087360028111    0.0117036840822424
60.4999999999965    0.000222042346833612    0.0116272798558786    0.0116221175051261
60.9999999999964    0.000228325947678495    0.01143875397108    0.0114335316347934
61.4999999999963    0.000229305032490841    0.0112641500375292    0.011258985369233
61.9999999999962    0.000227209719960157    0.0112016585806965    0.0111965694855699
62.4999999999961    0.000223855643146637    0.0112391645185091    0.0112341337438729
62.999999999996    0.000225208306633281    0.0112701939037966    0.0112651187641912
63.4999999999959    0.000231139314216925    0.0111988559569017    0.0111936801614597
63.9999999999958    0.000237190756183316    0.0110343245797722    0.0110290913414658
64.4999999999961    0.000238415219767199    0.0108779286113962    0.0108727429202629
64.9999999999963    0.000236703508778715    0.0108167926170629    0.0108116730833421
65.4999999999966    0.000233672107975023    0.0108422050937985    0.0108371392357095
65.9999999999969    0.000235114337533865    0.0108647398226413    0.0108596321113257
66.4999999999971    0.000240490028057732    0.0108007380046794    0.0107955443141386
66.9999999999974    0.000246204119483994    0.0106560310995195    0.0106507852735554
67.4999999999976    0.000247724223521415    0.0105160806163748    0.0105108717309315
67.9999999999979    0.000246158194797791    0.0104571759955828    0.0104520290234207
68.4999999999981    0.000243854576232463    0.0104731624567366    0.0104680558448219
68.9999999999984    0.000245120583530896    0.0104877922289811    0.0104826519414692
69.4999999999986    0.000250020174372409    0.0104287699121163    0.0104235564098532
69.9999999999989    0.00025549069379289    0.0103000960060036    0.0102948341929984
70.4999999999992    0.000257042360760305    0.0101753040616188    0.0101700744374988
70.9999999999994    0.000255956324641531    0.010119789844692    0.0101146107218917
71.4999999999997    0.000254184855729883    0.0101281209245771    0.010122973403087
71.9999999999999    0.000255312731358237    0.0101347092794256    0.0101295355597268
72.5000000000002    0.000259853255915081    0.0100781928590925    0.0100729565173166
73.0000000000004    0.000264958076020819    0.00996289205910977    0.00995761396016154
73.5000000000007    0.000266525992751402    0.00985244185359285    0.00984719138928595
74.000000000001    0.000265760056379386    0.00980159616293253    0.00979638780160919
74.5000000000012    0.000264380972653935    0.00980375801258143    0.00979857552857354
75.0000000000015    0.00026562721732798    0.00980195535337417    0.00979674940396624
75.5000000000017    0.000269974336423226    0.00974546108042574    0.00974020045188379
76.000000000002    0.000274689150138436    0.00964121861097834    0.00963592338922521
76.5000000000022    0.000276088237723278    0.00954460525509429    0.00953933640327301
77.0000000000025    0.00027558770806955    0.00949961238144885    0.00949437787120803
77.5000000000027    0.00027465414526961    0.00949691142320102    0.00949169612342544
78.000000000003    0.00027624950656447    0.00948657959361881    0.00948133971526917
78.5000000000033    0.000280405632563863    0.00942855808119352    0.00942327192187652
79.0000000000035    0.000284589201971676    0.00933364732908162    0.00932833633004486
79.5000000000038    0.000285856520577522    0.00925036791465862    0.00924508087002251
80.000000000004    0.000285590366529871    0.00921188586256868    0.00920662571309685
80.5000000000043    0.000285253646122654    0.00920487191062293    0.00919962196164083
81.0000000000045    0.000287132131910047    0.00918537477982151    0.0091801014614748
81.5000000000048    0.000291244667117407    0.00912472365074128    0.00911941014406737
82.000000000005    0.000294844416194058    0.00903871424747617    0.00903338578969131
82.5000000000053    0.000295830625996104    0.00896888754272013    0.00896358256886137
83.0000000000056    0.000295742534365398    0.0089368658312537    0.00893158137139282
83.5000000000058    0.000296089430128548    0.00892479689743242    0.00891951338576963
84.0000000000061    0.000298437204002265    0.00889561947837237    0.00889031149486214
84.5000000000063    0.000302295163185267    0.00883268769342107    0.00882734914970172
85.0000000000066    0.00030524516105765    0.0087562312821412    0.00875088731890417
85.5000000000068    0.000306199777440124    0.00869960446608265    0.00869427846300095
86.0000000000071    0.000306366454330737    0.00867251475738417    0.00866720244970434
86.5000000000073    0.000307314609274858    0.00865392998872748    0.00864861266459251
87.0000000000076    0.000310114180109192    0.00861551998978438    0.00861017805655794
87.5000000000079    0.000313618711341048    0.00855235026263239    0.00854698759033016
88.0000000000081    0.000315838689361467    0.00848680244628053    0.00848144321780922
88.5000000000084    0.000316749162080283    0.00844170411151584    0.00843635799948464
89.0000000000086    0.000317254121310318    0.0084166000349901    0.00841126132662029
89.5000000000089    0.00031889592508941    0.00839019101148001    0.00838484152196186
90.0000000000091    0.000321990036069119    0.00834467823439876    0.00833930615766259
90.5000000000094    0.000325057215338943    0.00828465074555984    0.00827926652473685
91.0000000000096    0.000326676764101523    0.00823025992271674    0.0082248844094135
91.5000000000099    0.000327654363653839    0.00819390549993673    0.0081885377209281
92.0000000000102    0.000328947441696497    0.00816741476122189    0.00816204322779211
92.5000000000104    0.000331064699648554    0.00813325624862504    0.00812787276283291
93.0000000000107    0.000334005399308338    0.00808423936213475    0.00807884080608911
93.5000000000109    0.000336379721786012    0.00803036897854258    0.00802496828865945
94.0000000000112    0.000338072747397304    0.00798607578463891    0.00798067786036713
94.5000000000114    0.000339286437672028    0.00795415268341844    0.00794875704182914
95.0000000000117    0.000340832394624222    0.00792380635860399    0.00791840681915047
95.500000000012    0.000343277439853438    0.00788396375508568    0.00787855283874371
96.0000000000122    0.000345881032973515    0.00783558808674192    0.00783016959829151
96.5000000000125    0.000348116226956248    0.0077892343574074    0.00778381312687496
97.0000000000127    0.000349461797793089    0.007752240996722    0.00774682466537161
97.500000000013    0.000351240874403356    0.00772097985133622    0.00771555790831576
98.0000000000132    0.000353144228094784    0.00768620947905019    0.00768078271445388
98.5000000000135    0.000355756301629336    0.00764401948473086    0.00763858260273295
99.0000000000137    0.000358075905406684    0.00759949747973937    0.00759405703395054
99.500000000014    0.000359912059773268    0.00756006878443434    0.00755462882248579
100.000000000014    0.000361549605334902    0.00752665199993729    0.00752121145084553
100.500000000015    0.000363483825414437    0.00749369888691557    0.0074882531896626
101.000000000015    0.000365889831705167    0.00745632399452502    0.00745086960396807
101.500000000015    0.000368164812526154    0.00741519558278416    0.00740973756405144
102.000000000015    0.000370073932421067    0.0073756711044409    0.00737021403673968
102.500000000016    0.000372184815714988    0.00734087389142651    0.0073354116008152
103.000000000016    0.00037371228004081    0.00730856192462939    0.00730310136662563
103.500000000016    0.000376206921873835    0.00727395929614628    0.00726848832668958
104.000000000016    0.000378378364559103    0.00723602188537224    0.00723054804829996
104.500000000017    0.000380629864101954    0.00719799574726628    0.00719251828786473
105.000000000017    0.000382179319347531    0.00716305015393804    0.00715757710635907
105.500000000017    0.000384366029706493    0.00713062107169293    0.0071251416407787
106.000000000017    0.00038638911550975    0.00709775899534017    0.00709227612022281
106.500000000018    0.000388633827838978    0.00706266769204807    0.00705718024149715
107.000000000018    0.000390879280900333    0.00702662374693032    0.00702113276996473
107.500000000018    0.000393093463992131    0.00699232411160222    0.00698682899788274
108.000000000018    0.000394717267914365    0.00696020024390649    0.00695470778942429
108.500000000019    0.000396755845818964    0.00692848977206343    0.00692299411485802
109.000000000019    0.000399146672968006    0.00689547172086754    0.00688996930794549
109.500000000019    0.00040134727302475    0.00686145551729967    0.00685595007397264
110.000000000019    0.000403349646456086    0.00682819243742676    0.00682268636028988
110.50000000002    0.000405557029251846    0.00679665129393372    0.00679114066939098
111.00000000002    0.000407653232770724    0.0067658778969932    0.00676036388080524
111.50000000002    0.000409928027098164    0.00673455035670902    0.00672903125726033
112.00000000002    0.000411917414519048    0.00670252486559195    0.00669700536574329
112.500000000021    0.000414039403042585    0.00667079219895932    0.00666527054350249
113.000000000021    0.000416086073119907    0.00664002392144984    0.00663450057667888
113.500000000021    0.000418158918603741    0.00660988814445478    0.00660436248770028
114.000000000021    0.000420192951398368    0.00657988742808363    0.00657436010598886
114.500000000022    0.000422549078885067    0.00654965311025923    0.00654412034834516
115.000000000022    0.000424572234409287    0.00651930233283787    0.00651376885268342
115.500000000022    0.000426700584063348    0.0064895030962672    0.006483967308868
116.000000000022    0.000428611640747244    0.00646043514380701    0.00645489948104265
116.500000000023    0.000430717988928295    0.00643159391827913    0.00642605589720826
117.000000000023    0.000432772775021243    0.00640267038647037    0.00639713098091288
117.500000000023    0.000435352865931741    0.00637384805891963    0.00636830072792714
118.000000000023    0.00043736550003347    0.00634530755444868    0.00633975954373433
118.500000000024    0.000439116797698539    0.00631718725311678    0.00631164172217847
119.000000000024    0.00044175020486986    0.00628943295049141    0.00628387868749944
119.500000000024    0.00044337802112749    0.00626188879980684    0.00625633849296174
120.000000000024    0.000445761937090158    0.00623428564725262    0.00622873010920703
120.500000000025    0.000448000825427738    0.00620675747960255    0.00620119870498998
121.000000000025    0.000449932371270926    0.0061796561943485    0.0061740978405015
121.500000000025    0.000451738752036616    0.00615306805659247    0.00614751140817573
122.000000000026    0.000453958118253625    0.00612669678214077    0.00612113677866483
122.500000000026    0.000456276477696734    0.00610029289478136    0.00609472859333133
123.000000000026    0.000458267792191458    0.00607392065266174    0.00606835623823877
123.500000000026    0.000460678337539814    0.00604792690550244    0.00604235717353253
124.000000000027    0.00046266396468375    0.00602241059766441    0.00601684047003361
124.500000000027    0.000464714412575945    0.00599694523426821    0.00599137408949589
125.000000000027    0.000467041131640698    0.00597158959650254    0.00596601424449557
125.500000000027    0.000469024543728631    0.00594647058716538    0.00594089512088803
126.000000000028    0.000470814490054262    0.00592156416913415    0.00591599087669176
126.500000000028    0.000473142885034716    0.00589688909674051    0.00589131159345659
127.000000000028    0.000475148130795031    0.00587249033952621    0.00586691238426535
127.500000000028    0.000477116746961168    0.00584822645125701    0.00584264853901252
128.000000000029    0.000479320288344534    0.00582420577939823    0.00581862513432752
128.500000000028    0.00048144367654062    0.00580030524277394    0.0057947228898002
129.000000000028    0.00048384984884713    0.00577664966294813    0.00577106230425826
129.500000000027    0.00048586601964557    0.00575325855462734    0.00574767064393541
130.000000000027    0.000487689429323622    0.00572996269433075    0.00572437653416912
130.500000000026    0.000489823319526801    0.00570682070860129    0.00570123277797316
131.000000000026    0.00049192974705013    0.00568388790516115    0.00567829850767315
131.500000000025    0.000494003185208811    0.00566114861838106    0.00565555812920168
132.000000000025    0.000496255196937478    0.00563862398805777    0.005633030371004
132.500000000024    0.000498179831442225    0.00561627358897369    0.0056106805468547
133.000000000024    0.000500390467299132    0.00559408416138878    0.00558848850862482
133.500000000024    0.000502396727025743    0.00557199194058448    0.00556639605091321
134.000000000023    0.000504584458653697    0.00555020527267609    0.00554460700283019
134.500000000023    0.000506859164584247    0.0055286362669031    0.00552303462622694
135.000000000022    0.000508590888355718    0.00550713897117464    0.00550154005732791
135.500000000022    0.000510580813556473    0.00548578417120555    0.00548018515766418
136.000000000021    0.000512960652726987    0.00546464248255547    0.0054590390637393
136.500000000021    0.000514884726837443    0.00544361162549286    0.0054380088453092
137.00000000002    0.000516903814489791    0.00542278775041857    0.0054171845273992
137.50000000002    0.000519166533802466    0.00540206627800477    0.00539646004452372
138.000000000019    0.000521146439038311    0.00538158714592655    0.00537598087765835
138.500000000019    0.0005232586339379    0.00536129183031373    0.00535568408013888
139.000000000019    0.000525308838502964    0.00534118954791766    0.00533558094601053
139.500000000018    0.000527192365908339    0.00532118615060951    0.0053155785294722
140.000000000018    0.000529523566994639    0.00530121540235957    0.00529560413667846
140.500000000017    0.000531565750120511    0.00528140300470236    0.00527579116186604
141.000000000017    0.000533471717563239    0.0052618543781743    0.00525624327055614
141.500000000016    0.000535540605127096    0.00524256296323498    0.00523695075811521
142.000000000016    0.000537933654647025    0.00522329879380527    0.00521768223872034
142.500000000015    0.000539904547415482    0.00520411821772719    0.00519850179587681
143.000000000015    0.000541870134833228    0.00518509001042066    0.00517947376285135
143.500000000014    0.000544109862091792    0.00516626104299787    0.00516064207316749
144.000000000014    0.000546205450699197    0.00514761318587353    0.00514199294691825
144.500000000014    0.000548101281885343    0.00512906468671106    0.00512344527285967
145.000000000013    0.000550241874501203    0.0051105870299006    0.00510496600484969
145.500000000013    0.000552302478002576    0.00509229531695325    0.00508667344728125
146.000000000012    0.000554254580333686    0.00507421275888217    0.00506859106340625
146.500000000012    0.000556785835705302    0.00505621964087728    0.00505059231113826
147.000000000011    0.000558698850005438    0.00503832561491792    0.00503269894507787
147.500000000011    0.000560523119320395    0.00502055338382126    0.00501492826434395
148.00000000001    0.0005624944595401    0.00500296301853021    0.00499733790466717
148.50000000001    0.000564516856464184    0.00498542409211261    0.00497979855594936
149.000000000009    0.000566457134903538    0.00496802734224599    0.00496240217959069
149.500000000009    0.000568885394879068    0.00495080383860526    0.0049451741612531
150.000000000009    0.000570786441817787    0.00493371259152342    0.0049280836119585
150.500000000008    0.000572858164526277    0.00491675045039232    0.00491112047429321
151.000000000008    0.000574923290513081    0.00489994644610853    0.00489431549680416
151.500000000007    0.000576880013544531    0.00488321824197689    0.00487758742826963
152.000000000007    0.000579083623875081    0.00486656476065965    0.0048609317267425
152.500000000006    0.000580929961511033    0.0048500309994252    0.00484439921445418
153.000000000006    0.000582901937307002    0.00483363882757354    0.00482800703548239
153.500000000005    0.000585124469079906    0.00481736548073804    0.00481173126061954
154.000000000005    0.000586912292411974    0.00480121590365334    0.00479558342416003
154.500000000004    0.000589145500181735    0.00478517790060958    0.00477954288839624
155.000000000004    0.00059100988867706    0.00476925099139316    0.00476361697215925
155.500000000004    0.000593150498753547    0.00475340400313305    0.00474776837799644
156.000000000003    0.000595385399419486    0.00473771384953424    0.00473207567511569
156.500000000003    0.000597041360435925    0.00472222389912361    0.00471658853770543
157.000000000002    0.000599285020370189    0.00470671734164258    0.00470107938998662
157.500000000002    0.000601346138058551    0.00469128641229102    0.00468564762921833
158.000000000001    0.000603396671576428    0.00467596270103002    0.00467032318323585
158.500000000001    0.000605542877826628    0.00466079444974782    0.00465515324397169
159    0.00060742497738171    0.00464575442936198    0.00464011396096501
159.5    0.000609487105079745    0.00463080199264323    0.00462516060279621
159.999999999999    0.000611485520837294    0.00461590627495745    0.00461026460505156
160.499999999999    0.000613514873057699    0.00460113857994632    0.00459549630766069
160.999999999999    0.000615508134046858    0.00458649894610023    0.00458085636433896
161.499999999998    0.000617706294955168    0.00457193120096322    0.00456628646638542
161.999999999998    0.000619461281324577    0.00455745206017402    0.00455180922550607
162.499999999997    0.000621649102533124    0.00454307354820168    0.00453742866215206
162.999999999997    0.000623683101290332    0.00452878016281079    0.00452313463651613
163.499999999996    0.000625633180975764    0.00451460152791997    0.00450895609086321
163.999999999996    0.000627742118965765    0.00450051884270048    0.0044948720569562
164.499999999995    0.00062965363895955    0.00448650782588811    0.00448086148916699
164.999999999995    0.000631746611283529    0.00447261796080906    0.00446697040615196
165.499999999994    0.000633743548602828    0.00445886851533229    0.00445322053639118
165.999999999994    0.000635760639655643    0.00444517599434573    0.00443952744960106
166.499999999994    0.000637826073267112    0.00443150869715658    0.00442585923694769
166.999999999993    0.000639820067176063    0.00441791286423704    0.00441226314043256
167.499999999993    0.000641998715742352    0.00440442897327673    0.00439877732613809
167.999999999992    0.000643752306227877    0.00439108623755393    0.00438543633090982
168.499999999992    0.000645912707333664    0.00437778477049475    0.00437213308736223
168.999999999991    0.000647977530379805    0.00436457160331764    0.00435891897743483
169.499999999991    0.000649949551794173    0.00435147188416079    0.00434581908379434
169.99999999999    0.000651842442085067    0.00433851936394258    0.00433286698628778
170.49999999999    0.000653989286081224    0.00432560152527742    0.0043199474288891
170.999999999989    0.000655808191365442    0.00431267684244867    0.00430702397204741
171.499999999989    0.000658001249871819    0.00429984082815636    0.00429418594779635
171.999999999989    0.000659949481180951    0.00428712097089401    0.00428146613627818
172.499999999988    0.000662040565662729    0.0042745324207591    0.00426887633759204
172.999999999988    0.000663893609979171    0.00426201118030901    0.00425635589084302
173.499999999987    0.000665902975731833    0.0042495237615809    0.00424386798674164
173.999999999987    0.000668076028913243    0.00423711759093392    0.00423145993728832
174.499999999986    0.000669928790410629    0.00422480817929997    0.00421915132772115
174.999999999986    0.000671920701003839    0.00421262306185131    0.00420696576582405
175.499999999985    0.000674032879187752    0.00420042940160251    0.00419477076066578
175.999999999985    0.000675943939850965    0.00418830670791483    0.00418264841153108
176.499999999984    0.000678029142216158    0.00417625561178999    0.00417059620301379
176.999999999984    0.000679933271089169    0.00416432458890651    0.00415866551102262
177.499999999984    0.000682030486455119    0.00415249021117026    0.00414682982189087
177.999999999983    0.000683929284870338    0.00414072624517999    0.00413506618837917
178.499999999983    0.000686003872323209    0.00412902586411821    0.00412336469224062
178.999999999982    0.000687940610549352    0.00411737637763682    0.00411171525131733
179.499999999982    0.000689958921743473    0.00410574316670957    0.00410008148478101
179.999999999981    0.000691913195457931    0.00409421152285709    0.00408854976234857
180.499999999981    0.000693897731930685    0.00408275703931798    0.00407709493653904
180.99999999998    0.00069589111550082    0.00407137657244413    0.00406571404337855
181.49999999998    0.000697932615933858    0.00406007506636413    0.00405441170138736
181.999999999979    0.00069994354350809    0.00404883513051729    0.00404317118294416
182.499999999979    0.000702015322383972    0.0040376600937258    0.004031995072153
182.999999999979    0.000703891459936514    0.00402657704012043    0.0040209124809726
183.499999999978    0.000705875392596655    0.0040155692411323    0.00400990425687612
183.999999999978    0.000707886136764879    0.0040045943059366    0.00399892872293918
184.499999999977    0.000709853077527764    0.0039936651738235    0.00398799936468705
184.999999999977    0.000711878490298372    0.00398277664534923    0.00397711017313794
185.499999999976    0.000713901426321325    0.00397197167980006    0.00396630453308915
185.999999999976    0.000715753028817656    0.00396122683655829    0.00395556037213516
186.499999999975    0.00071775971795132    0.00395058901553398    0.00394492193582045
186.999999999975    0.000719801280396181    0.00394000689533344    0.00393433893112527
187.499999999974    0.000721626468739053    0.00392945939396736    0.00392379227969398
187.999999999974    0.000723704122215108    0.00391895897654668    0.00391329074513687
188.499999999974    0.000725763323482726    0.00390856641859665    0.00390289714483959
188.999999999973    0.000727739165137404    0.00389819028268385    0.00389252067719408
189.499999999973    0.000729734285357995    0.00388785210472127    0.00388218204440425
189.999999999972    0.00073166972628293    0.00387760525448358    0.00387193515037674
190.499999999972    0.000733578540606755    0.00386742343569294    0.00386175347737296
190.999999999971    0.000735673573687594    0.00385730709006723    0.00385163582448393
191.499999999971    0.000737485095163809    0.00384726066072682    0.00384159024778286
191.99999999997    0.000739532996521774    0.00383725441479435    0.00383158305643941
192.49999999997    0.000741483600445873    0.00382728773484256    0.00382161619801496
192.999999999969    0.000743481042148387    0.00381734624287705    0.00381167421079958
193.499999999969    0.000745447840656057    0.00380746877851538    0.00380179646816826
193.999999999969    0.000747518712570211    0.00379769166703865    0.00379201821687744
194.499999999968    0.000749517442058051    0.00378795948016561    0.00378228544955014
194.999999999968    0.000751354487443867    0.00377825726784397    0.00377258390944144
195.499999999967    0.00075314824242187    0.00376862434954947    0.00376295195609221
195.999999999967    0.000755415557269029    0.0037590119590469    0.00375333701376121
196.499999999966    0.000757217520453759    0.00374945901219633    0.00374378499654788
196.999999999966    0.000759341602913229    0.0037399869494551    0.00373431140376291
197.499999999965    0.000761228696998214    0.00373058007925528    0.00372490475025302
197.999999999965    0.000763194506231589    0.00372121477052503    0.00371553908084147
198.499999999964    0.000765079900547126    0.00371185440026183    0.00370617901199652
198.999999999964    0.000767160605661122    0.00370255574928015    0.00369687919428729
199.499999999964    0.00076907075718138    0.00369333912904369    0.00368766261644253
199.999999999963    0.000771024422293071    0.003684162073225    0.00367848529229345
200.499999999963    0.000773030831354945    0.00367500883734879    0.00366933143588162
200.999999999962    0.000774954887388097    0.00366590839085656    0.00366023096335832
201.499999999962    0.000776876029902993    0.00365688587715359    0.00365120839389014
201.999999999961    0.000778925356608311    0.00364788554999296    0.00364220711196654
202.499999999961    0.000780847949032837    0.00363894435199742    0.00363326586156722
202.99999999996    0.000782775379161724    0.00363009632063477    0.00362441766569848
203.49999999996    0.00078468143517392    0.00362124878337387    0.00361557018587899
203.999999999959    0.000786741947050157    0.00361241680560457    0.00360673719433061
204.499999999959    0.00078856641362924    0.00360363861379816    0.00359795967526296
204.999999999959    0.000790545792193652    0.00359494765329038    0.00358926820167602
205.499999999958    0.000792613477021516    0.00358629902968074    0.00358061843431008
205.999999999958    0.00079443172247487    0.00357765580666382    0.00357197591242216
206.499999999957    0.000796454830516394    0.00356907150719254    0.00356339082311609
206.999999999957    0.000798402846031905    0.00356051228784237    0.0035548313772097
207.499999999956    0.00080036540109859    0.00355203125677229    0.00354634995804415
207.999999999956    0.000802284305559621    0.0035436094745423    0.00353792806811259
208.499999999955    0.000804218046429426    0.00353523030212924    0.00352954867937828
208.999999999955    0.000806114632121519    0.00352686482116859    0.00352118328646113
209.499999999954    0.000808204880218175    0.00351852473659183    0.00351284195171973
209.999999999954    0.000810040791617566    0.00351025899636947    0.00350457669331433
210.499999999954    0.000812101847295615    0.00350202082519601    0.00349633744551633
210.999999999953    0.000814028985038586    0.00349380681991035    0.00348812332639973
211.499999999953    0.000815940705213421    0.00348565511435354    0.00347997157599956
211.999999999952    0.000817770770066189    0.00347757218806246    0.0034718891217356
212.499999999952    0.000819828558100324    0.00346950774162237    0.00346382359858689
212.999999999951    0.000821715483574129    0.00346147344442652    0.00345578942242487
213.499999999951    0.000823662099788371    0.00345348731085936    0.00344780297960746
213.99999999995    0.000825618960315116    0.0034455421220082    0.00343985740560886
214.49999999995    0.000827555188639321    0.00343762209981169    0.00343193716040224
214.999999999949    0.000829507146425965    0.00342973807600158    0.00342405280748362
215.499999999949    0.000831421041843603    0.00342189799845935    0.00341621264938028
215.999999999949    0.000833325183425289    0.00341410171536371    0.00340841633925443
216.499999999948    0.000835232132998621    0.00340634400575075    0.00340065857846301
216.999999999948    0.000837247751512854    0.00339861201794629    0.00339292581816369
217.499999999947    0.000839220938508508    0.00339092918905091    0.00338524248390004
217.999999999947    0.000841159838721122    0.00338327640967726    0.00337758944084882
218.499999999946    0.00084308623058183    0.0033756750511326    0.00336998787560292
218.999999999946    0.000844978095947456    0.00336813152195591    0.00336244433278554
219.499999999945    0.000846914656718963    0.003360621980851    0.00335493447765826
219.999999999945    0.000848929963902992    0.00335311078558692    0.00334742250210487
220.499999999944    0.000850784672780329    0.00334561142629877    0.00333992347567483
220.999999999944    0.000852695302090772    0.00333817628134557    0.00333248823704891
221.499999999944    0.000854659490454609    0.00333080055169087    0.00332511201284995
221.999999999943    0.000856615942981578    0.00332344339729466    0.00331775444134558
222.499999999943    0.000858623626933997    0.00331608882868781    0.00331039916952895
222.999999999942    0.000860397252516454    0.0033088181300471    0.00330312922870584
223.499999999942    0.000862359679603362    0.00330161688623637    0.00329592743003363
223.999999999941    0.000864334872776403    0.00329440229300947    0.00328871227751468
224.499999999941    0.000866157643427641    0.00328718047844193    0.0032814909734567
224.99999999994    0.000868149001996623    0.00328002668892304    0.00327433652504012
225.49999999994    0.000870054269730365    0.0032729038035325    0.00326721354650756
225.999999999939    0.000872010722019191    0.00326581462642205    0.00326012393802262
226.499999999939    0.000873918075531255    0.00325875799097045    0.00325306718924076
226.999999999939    0.000875812525006087    0.00325173506648397    0.00324604422999139
227.499999999938    0.000877845398837547    0.00324474310173009    0.00323905133261889
227.999999999938    0.000879655718963169    0.00323779825370848    0.00323210696458206
228.499999999937    0.000881599798090937    0.0032309080078925    0.00322521629001502
228.999999999937    0.000883473803746855    0.0032240360416213    0.00321834436729625
229.499999999936    0.0008854355932848    0.00321716185719924    0.00321146971798646
229.999999999936    0.000887364322630024    0.00321031210337293    0.00320461972173922
230.499999999935    0.00088922675267996    0.00320351769849927    0.00319782545291595
230.999999999935    0.000891168715487418    0.00319676576214808    0.00319107311997676
231.499999999934    0.000893137334128033    0.00319002771284367    0.00318433453194159
231.999999999934    0.000895078984693798    0.00318330064847366    0.00317760713359435
232.499999999934    0.000896980497682499    0.00317661520287862    0.00317092158617052
232.999999999933    0.000898806006841715    0.00316998693569365    0.00316429364625757
233.499999999933    0.000900716741799948    0.00316340082894556    0.00315770730102616
233.999999999932    0.00090269648102233    0.00315681631669705    0.00315112216282908
234.499999999932    0.000904580618424309    0.00315025322656227    0.00314455906136999
234.999999999931    0.000906478589077054    0.0031437333494272    0.0031380390572391
235.499999999931    0.000908487271811958    0.00313723031822862    0.00313153522452306
235.99999999993    0.0009103283808036    0.00313074948810205    0.00312505465204852
236.49999999993    0.000912183375443312    0.00312430579544451    0.00311861111042869
236.999999999929    0.000914173883074645    0.00311790113109904    0.00311220573011775
237.499999999929    0.000916034064527568    0.00311151199457664    0.00310581670969317
237.999999999929    0.000917943239161381    0.00310516536487424    0.00309946986191634
238.499999999928    0.000919840492268419    0.00309885515423282    0.00309315948843577
238.999999999928    0.000921713920116882    0.00309258314703139    0.00308688744296963
239.499999999927    0.000923662369119343    0.00308631185867371    0.00308061569975491
239.999999999927    0.000925557376506109    0.00308005443268621    0.00307435817070308
240.499999999926    0.000927438286948146    0.00307383285135756    0.00306813655377398
240.999999999926    0.000929324527538281    0.0030676347141618    0.00306193835156848
241.499999999925    0.000931286853700729    0.00306146131885824    0.00305576442694006
241.999999999925    0.000933231751039496    0.00305531048592557    0.00304961317732535
242.499999999924    0.000935078947617659    0.0030492161259683    0.00304351893767687
242.999999999924    0.000936963348079162    0.00304315894169938    0.00303746162309659
243.499999999924    0.000938916858735469    0.00303710716276537    0.00303140933032249
243.999999999923    0.000940770478424273    0.00303106168582388    0.00302536397935331
244.499999999923    0.000942720389026827    0.0030250696225282    0.00301937140473154
244.999999999922    0.000944524104894313    0.00301910085114183    0.00301340300583605
245.499999999922    0.000946478902798767    0.00301316588075486    0.00300746747829903
245.999999999921    0.000948362353075602    0.00300723862983295    0.00300154013026891
246.499999999921    0.000950231060555231    0.00300133323456565    0.0029956347293372
246.99999999992    0.000952135311959095    0.00299543896354293    0.00298974026305289
247.49999999992    0.000954048710043517    0.00298956779685687    0.00298386884733195
247.999999999919    0.000955925729017056    0.00298373885984708    0.00297803984219509
248.499999999919    0.000957820152322808    0.00297793536309436    0.00297223616889125
248.999999999919    0.000959793461395731    0.00297216340207306    0.0029664635467579
249.499999999918    0.000961627820041026    0.00296641572091382    0.00296071602613281
249.999999999918    0.000963506100894894    0.00296069384246845    0.00295499404110164
250.499999999917    0.000965423321866307    0.00295499684861336    0.00294929670591667
250.999999999917    0.000967329133206815    0.00294930553049534    0.00294360514631828
251.499999999916    0.000969097615187554    0.00294366260463105    0.00293796273554046
251.999999999916    0.000971114894865797    0.00293803868929992    0.0029323378791758
252.499999999915    0.000972986325299727    0.0029324126494432    0.00292671180147422
252.999999999915    0.000974818195303386    0.00292681561760161    0.00292111494848092
253.499999999914    0.00097677898879653    0.00292123712721368    0.00291553588996812
253.999999999914    0.000978611378188805    0.0029156807488964    0.00290997969130415
254.499999999914    0.000980556903441991    0.00291014966450451    0.00290444812050568
254.999999999913    0.000982348058041635    0.00290465049617342    0.00289894934114358
255.499999999913    0.000984296125748545    0.00289918175215623    0.00289348005757913
255.999999999912    0.00098614714828468    0.00289373298916146    0.00288803131877714
256.499999999912    0.000988107513145423    0.00288830795801029    0.0028826056748919
256.999999999911    0.000989855610021616    0.00288292292882417    0.00287722121782608
257.499999999911    0.000991854968981647    0.00287755020277719    0.00287184763396417
257.99999999991    0.000993672227784907    0.00287217911066138    0.00286647676769025
258.49999999991    0.000995587557107903    0.00286681681339292    0.00286111415659123
258.999999999909    0.000997424425028541    0.00286149169635506    0.00285578914080333
259.499999999909    0.000999360886936204    0.00285618299699722    0.00285047998122186
259.999999999909    0.00100120054986034    0.00285089497576627    0.00284519205030372
260.499999999908    0.00100316499384201    0.00284562835180799    0.00283992480391154
260.999999999908    0.0010049217757752    0.00284039497081739    0.00283469195238884
261.499999999907    0.00100692378893211    0.00283518187949983    0.00282947799871225
261.999999999907    0.00100874130398964    0.00282998058750054    0.00282427690442504
262.499999999906    0.00101063159672128    0.00282480690946807    0.00281910299578877
262.999999999906    0.00101248417035537    0.00281964355728805    0.0028139396434749
263.499999999905    0.00101433096983287    0.00281452636314265    0.00280882242631133
263.999999999905    0.00101626962153379    0.00280941731175418    0.00280371285808086
264.499999999904    0.00101808350544556    0.00280433284866293    0.00279862856606494
264.999999999904    0.00102000829127471    0.00279925381928544    0.0027935491139221
265.499999999904    0.00102180120973893    0.00279418898287658    0.00278848460025576
265.999999999903    0.00102370495114255    0.0027891526727529    0.0027834479738802
266.499999999903    0.0010256095996094    0.00278413371226203    0.00277842869485886
266.999999999902    0.0010274455994219    0.00277912443821025    0.00277341950137393
267.499999999902    0.00102939621454515    0.00277413467323356    0.00276842917898521
267.999999999901    0.00103119015902203    0.00276917523442836    0.00276347002508339
268.499999999901    0.00103312383695862    0.00276424498353134    0.00275853926347937
268.9999999999    0.00103495538475785    0.00275932971248024    0.0027536240512965
269.4999999999    0.00103681209220953    0.00275443668871887    0.00274873093797806
269.999999999899    0.0010387137129227    0.00274955978443458    0.00274385370051701
270.499999999899    0.00104056745380117    0.0027446916149913    0.00273898547908006
270.999999999899    0.00104245736374567    0.00273985199524637    0.00273414558615851
271.499999999898    0.00104426894684458    0.00273502099596343    0.00272931475981853
271.999999999898    0.00104616700126108    0.0027302153564953    0.00272450880407753
272.499999999897    0.00104802922311426    0.0027254259718801    0.00271971930051054
272.999999999897    0.00104990429187537    0.00272065854800799    0.00271495167750326
273.499999999896    0.00105175830225035    0.0027159072371981    0.00271020028356424
273.999999999896    0.00105365971306269    0.00271116290952197    0.0027054556367787
274.499999999895    0.00105544501978702    0.00270643982729072    0.00270073285381332
274.999999999895    0.00105739196682374    0.00270172701623295    0.0026960194824463
275.499999999894    0.00105917630151603    0.00269703786909304    0.00269133063686769
275.999999999894    0.00106108712711217    0.00269238489608428    0.0026866772424931
276.499999999894    0.00106292968012526    0.00268774091102511    0.00268203321872702
276.999999999893    0.00106482449692675    0.00268310175855335    0.00267739377159718
277.499999999893    0.00106664520053753    0.00267848301120895    0.00267277511740922
277.999999999892    0.00106852150233394    0.0026738974893907    0.00266818935473042
278.499999999892    0.00107036642887292    0.00266933873845805    0.00266363050721127
278.999999999891    0.00107223865396577    0.00266477973599999    0.00265907129713431
279.499999999891    0.00107408112708755    0.0026602266299649    0.00265451816288761
279.99999999989    0.00107597937082234    0.00265568497427978    0.00264997619231595
280.49999999989    0.00107778222225386    0.00265117050161097    0.00264546188538645
280.999999999889    0.00107958785301191    0.00264668334387069    0.00264097485231121
281.499999999889    0.00108153879983281    0.00264220680520608    0.00263649768149087
281.999999999889    0.00108340428253855    0.0026377272861436    0.0026320180215094
282.499999999888    0.0010852067195034    0.00263327019959317    0.00262756111010571
282.999999999888    0.00108712929254573    0.00262884580296039    0.00262313621945989
283.499999999887    0.00108892322626352    0.00262445407093662    0.00261874463009116
283.999999999887    0.00109082191173175    0.00262005864111533    0.00261434883474573
284.499999999886    0.00109265722728801    0.00261567128897977    0.00260996146358553
284.999999999886    0.00109452342735284    0.00261128863833848    0.00260557865486867
285.499999999885    0.00109631671648702    0.0026069400097225    0.00260123020565307
285.999999999885    0.00109818790040898    0.00260261371544682    0.00259690366836795
286.499999999884    0.00110004428970762    0.00259829846401699    0.00259258825871913
286.999999999884    0.00110193104691426    0.00259398721954569    0.00258827672201518
287.499999999884    0.00110372466158035    0.00258969346179723    0.00258398314733269
287.999999999883    0.00110557557420063    0.00258542734278989    0.00257971688549388
288.499999999883    0.00110747930264416    0.00258117597811421    0.00257546510484367
288.999999999882    0.00110927279403109    0.00257693686557912    0.00257122614840847
289.499999999882    0.00111113297810335    0.00257271203036733    0.00256700112558176
289.999999999881    0.0011130055416186    0.00256849403350685    0.00256278289385112
290.499999999881    0.00111481720594862    0.00256429665034706    0.00255858557310032
290.99999999988    0.00111667758542306    0.00256011889138183    0.00255440761427292
291.49999999988    0.00111850346914548    0.00255595115258886    0.00255023986022691
291.999999999879    0.00112036434599628    0.00255180295003447    0.002546091450908
292.499999999879    0.001122198111982    0.00254766882562082    0.00254195725684039
292.999999999879    0.00112405464134889    0.00254354070478099    0.00253782896761632
293.499999999878    0.00112589014158766    0.00253942246056893    0.00253371066999027
293.999999999878    0.00112772767269876    0.00253532512673937    0.00252961325556514
294.499999999877    0.00112957125132266    0.00253125356450149    0.00252554155411167
294.999999999877    0.00113142259944193    0.00252719624565604    0.0025214840546669
295.499999999876    0.00113324914616802    0.00252315009113482    0.0025174378491553
295.999999999876    0.00113508837718896    0.00251911167979474    0.00251339933503374
296.499999999875    0.0011369340451307    0.00251508910674915    0.00250937662060512
296.999999999875    0.00113878022594303    0.00251108756474275    0.00250537491646497
297.499999999874    0.00114057525504713    0.00250710092371434    0.00250138836476673
297.999999999874    0.00114247222072083    0.00250311222989779    0.0024973992844033
298.499999999874    0.00114425011136797    0.0024991393169178    0.00249342657284243
298.999999999873    0.00114612383440411    0.00249518211836235    0.00248946909080534
299.499999999873    0.00114795321762957    0.00249123941775173    0.00248552632350566
