1:binCentralValue 2:valuesAverage 3:multiplicity
0.5 0 18
1 0 62
1.5 0 98
2 0 210
2.5 0 350
3 0 450
3.5 0 602
4 0 762
4.5 0 1142
5 0 1250
5.5 0 1458
6 0 1814
6.5 0 2178
7 0 2498
7.5 0 2622
8 0 3338
8.5 0 3722
9 0 4170
9.5 0 4358
10 0 5034
10.5 0 5714
11 0 5982
11.5 0 6602
12 0 7130
12.5 0 8034
13 0 8606
13.5 0 9066
14 0 9962
14.5 0 10550
15 0 11226
15.5 0 12146
16 0 12303
16.5 0 12584
17 0 12120
17.5 0 11180
18 0 11096
18.5 0 10056
19 0 9716
19.5 0 8604
20 0 8060
20.5 0 7320
21 0 6356
21.5 0 5348
22 0 4308
22.5 0 3563
23 0 2448
23.5 0 1868
24 0 1358
24.5 0 1062
25 0 776
25.5 0 432
26 0 200
26.5 0 168
27 0 56
27.5 0 7

0.5 1.323104000496853e-20 18
1 7.031274713311204e-20 62
1.5 1.620438181248663e-19 98
2 1.508441781764212e-19 210
2.5 3.391677006834182e-19 350
3 2.299353643884439e-19 450
3.5 5.058184446936089e-19 602
4 2.618376244997783e-19 762
4.5 2.871929426824138e-18 1142
5 3.416242755855953e-18 1250
5.5 2.121126180221209e-18 1458
6 3.342890107468498e-18 1814
6.5 4.954924734632171e-18 2178
7 2.411749125190582e-18 2498
7.5 4.041194043419162e-18 2622
8 2.751359125053971e-18 3338
8.5 2.595522641759396e-18 3722
9 2.119300053399609e-18 4170
9.5 2.127000032835565e-18 4358
10 3.142130048768754e-18 5034
10.5 5.452544217522052e-18 5714
11 8.051595857391631e-18 5982
11.5 1.47502885310111e-17 6602
12 2.10979427827212e-17 7130
12.5 2.232829850765594e-17 8034
13 2.032866239215196e-17 8606
13.5 2.060243891459989e-17 9066
14 2.109401917205193e-17 9962
14.5 2.293296733460657e-17 10550
15 2.294820554575494e-17 11226
15.5 2.271495952930752e-17 12146
16 2.202326287649425e-17 12303
16.5 1.952932257225824e-17 12584
17 1.484691252143256e-17 12120
17.5 1.124915150583789e-17 11180
18 1.021882527810325e-17 11096
18.5 1.008851169008958e-17 10056
19 1.290776707406519e-17 9716
19.5 1.624266002716591e-17 8604
20 1.938518955405243e-17 8060
20.5 2.358342024859229e-17 7320
21 2.22936073888381e-17 6356
21.5 1.928876050416513e-17 5348
22 1.504862373436247e-17 4308
22.5 1.167323914802876e-17 3563
23 7.733195871708955e-18 2448
23.5 4.402263477429134e-18 1868
24 2.389770227196954e-18 1358
24.5 1.124884592953769e-18 1062
25 6.647667672205954e-19 776
25.5 4.161373706366482e-19 432
26 2.523510203744966e-19 200
26.5 2.229045208195635e-19 168
27 5.308891193784058e-20 56
27.5 8.199945031495778e-21 7

0.5 1.600597487887611e-19 18
1 4.366143571146277e-19 62
1.5 4.745009271879392e-19 98
2 1.325573629475214e-18 210
2.5 7.833209921212556e-19 350
3 4.345654205134249e-19 450
3.5 5.215386466823426e-19 602
4 6.173284337021055e-19 762
4.5 1.272399889077031e-18 1142
5 4.740980206534855e-18 1250
5.5 6.018951143433799e-18 1458
6 6.392315772351042e-18 1814
6.5 9.113660639233918e-18 2178
7 3.05461548636298e-17 2498
7.5 5.737564648176654e-17 2622
8 7.724951166281651e-17 3338
8.5 6.499816906728569e-17 3722
9 3.789466312480042e-17 4170
9.5 1.601785071185528e-17 4358
10 1.042845660614863e-17 5034
10.5 1.712674238718265e-17 5714
11 3.730958200590036e-17 5982
11.5 7.75074151019141e-17 6602
12 1.063715635085084e-16 7130
12.5 1.129952063961902e-16 8034
13 1.130245721733442e-16 8606
13.5 1.316677041706334e-16 9066
14 1.495946552553474e-16 9962
14.5 1.6031719811675e-16 10550
15 1.621746466435069e-16 11226
15.5 1.631052804643673e-16 12146
16 1.532020355509583e-16 12303
16.5 1.369877473244664e-16 12584
17 1.091639697569028e-16 12120
17.5 8.997365596885507e-17 11180
18 8.205701137901257e-17 11096
18.5 7.749803749977892e-17 10056
19 8.098058951344014e-17 9716
19.5 7.575289684683071e-17 8604
20 7.565527498165241e-17 8060
20.5 6.657883694834298e-17 7320
21 5.364344875034215e-17 6356
21.5 4.51330824656304e-17 5348
22 3.611886635177704e-17 4308
22.5 2.704859527613344e-17 3563
23 1.97212378903669e-17 2448
23.5 1.9475702543316e-17 1868
24 2.012532097895695e-17 1358
24.5 2.439734766865139e-17 1062
25 2.289938568655565e-17 776
25.5 1.47058185436981e-17 432
26 6.358204495209276e-18 200
26.5 5.340978357284058e-18 168
27 2.364841020133445e-18 56
27.5 2.737637407834649e-19 7

0.5 4.546452449527955e-18 18
1 1.663722817062438e-17 62
1.5 2.876771921106996e-17 98
2 8.474426471692064e-17 210
2.5 1.08967371313344e-16 350
3 9.337054687187509e-17 450
3.5 6.548801812765795e-17 602
4 4.261937644490132e-17 762
4.5 4.841012460160382e-17 1142
5 5.389072685991754e-17 1250
5.5 4.620483612201978e-17 1458
6 2.682539568336121e-17 1814
6.5 1.960883523922411e-17 2178
7 1.90209510626584e-17 2498
7.5 3.13564632866444e-17 2622
8 2.509209059819308e-17 3338
8.5 4.410292599802604e-17 3722
9 8.48005583788873e-17 4170
9.5 1.729837827128465e-16 4358
10 5.451620876198215e-16 5034
10.5 9.763372958458179e-16 5714
11 9.253864655659843e-16 5982
11.5 7.906328544968342e-16 6602
12 1.250822155917465e-15 7130
12.5 2.615303519503466e-15 8034
13 4.034730079921616e-15 8606
13.5 5.400848200754701e-15 9066
14 6.196754018717534e-15 9962
14.5 6.052282305931194e-15 10550
15 6.2392899547482e-15 11226
15.5 6.345098507343172e-15 12146
16 6.305027060181921e-15 12303
16.5 6.650092319165853e-15 12584
17 5.905477282918152e-15 12120
17.5 4.764719152268584e-15 11180
18 4.09993026573362e-15 11096
18.5 3.457965070889397e-15 10056
19 3.037263151294039e-15 9716
19.5 2.511527180449229e-15 8604
20 2.204022586336336e-15 8060
20.5 1.820990573934121e-15 7320
21 1.489551393710813e-15 6356
21.5 1.298146988321846e-15 5348
22 9.514321005232441e-16 4308
22.5 7.458029640491126e-16 3563
23 3.302473799985074e-16 2448
23.5 2.200199952132031e-16 1868
24 1.391460321628884e-16 1358
24.5 7.401284162056318e-17 1062
25 3.163715225699639e-17 776
25.5 8.78709887332382e-18 432
26 2.245897992523332e-18 200
26.5 1.520397141440765e-18 168
27 8.349056911189364e-19 56
27.5 7.963164375347231e-20 7

0.5 2.010536375088345e-15 18
1 1.374794322531798e-14 62
1.5 1.973328901254185e-14 98
2 4.376600842598835e-14 210
2.5 6.093701926240223e-14 350
3 6.498223123172179e-14 450
3.5 8.32046979132758e-14 602
4 9.042838840748801e-14 762
4.5 1.172713178207403e-13 1142
5 1.088737642812598e-13 1250
5.5 9.805785601085472e-14 1458
6 8.894536448388433e-14 1814
6.5 7.378046188194268e-14 2178
7 4.980460823535318e-14 2498
7.5 3.409124689551915e-14 2622
8 2.739472940621255e-14 3338
8.5 2.132134185659329e-14 3722
9 1.825967606491241e-14 4170
9.5 1.549974762703957e-14 4358
10 1.499343684758039e-14 5034
10.5 1.418332722483122e-14 5714
11 1.296204644804989e-14 5982
11.5 1.414628787181709e-14 6602
12 1.530040941033497e-14 7130
12.5 1.98621528570551e-14 8034
13 2.385538280939588e-14 8606
13.5 2.70731123617241e-14 9066
14 2.959070954606626e-14 9962
14.5 3.363563116706978e-14 10550
15 3.756565975049641e-14 11226
15.5 4.169953274125405e-14 12146
16 4.338018860627382e-14 12303
16.5 4.035340998173443e-14 12584
17 3.136893526552128e-14 12120
17.5 2.422206167141914e-14 11180
18 2.034294276134622e-14 11096
18.5 1.513523822283322e-14 10056
19 1.212162270981414e-14 9716
19.5 8.595420639604503e-15 8604
20 6.483132859647847e-15 8060
20.5 4.790641546687828e-15 7320
21 3.716028316811001e-15 6356
21.5 2.970461119694791e-15 5348
22 2.176276148381595e-15 4308
22.5 1.483467762494849e-15 3563
23 6.474891235771176e-16 2448
23.5 3.767301434304634e-16 1868
24 2.310378132823122e-16 1358
24.5 1.650492902430526e-16 1062
25 1.138683501056934e-16 776
25.5 5.306350321951348e-17 432
26 2.139280601477388e-17 200
26.5 1.101005883273103e-17 168
27 1.849940645875575e-18 56
27.5 2.996971554205644e-19 7

0.5 3.584550155007758e-12 18
1 2.38859000607504e-11 62
1.5 3.704855709608393e-11 98
2 8.645809590109973e-11 210
2.5 1.266731107565106e-10 350
3 1.232825603820181e-10 450
3.5 1.342604355461964e-10 602
4 1.19465060253919e-10 762
4.5 1.239288975033143e-10 1142
5 9.105496504464843e-11 1250
5.5 6.887245267272512e-11 1458
6 5.235592266585034e-11 1814
6.5 3.864724431162623e-11 2178
7 2.650285538352269e-11 2498
7.5 1.957378143725768e-11 2622
8 1.91574211646336e-11 3338
8.5 1.846179031102432e-11 3722
9 1.950954185937145e-11 4170
9.5 2.015177278064205e-11 4358
10 2.179711359385589e-11 5034
10.5 2.349938621904215e-11 5714
11 2.412605227689187e-11 5982
11.5 2.494090249698943e-11 6602
12 2.598641120637211e-11 7130
12.5 2.863812183163181e-11 8034
13 2.921909202365032e-11 8606
13.5 3.199971407245789e-11 9066
14 3.47970413277757e-11 9962
14.5 3.958741283523331e-11 10550
15 4.470311958464119e-11 11226
15.5 5.221862144194153e-11 12146
16 5.33350405610195e-11 12303
16.5 4.897971333266659e-11 12584
17 4.127910707077198e-11 12120
17.5 3.335096776613038e-11 11180
18 2.945695467546258e-11 11096
18.5 2.379609917541717e-11 10056
19 2.111134850735129e-11 9716
19.5 1.79612523134017e-11 8604
20 1.537471948195165e-11 8060
20.5 1.368526312263016e-11 7320
21 1.161858479828658e-11 6356
21.5 9.88766263748897e-12 5348
22 7.588539269663337e-12 4308
22.5 5.833196756399193e-12 3563
23 3.216182597748338e-12 2448
23.5 2.326396100682496e-12 1868
24 1.603861530929902e-12 1358
24.5 1.08353655434216e-12 1062
25 8.111665658396749e-13 776
25.5 4.549353903230264e-13 432
26 2.043803892323834e-13 200
26.5 1.782265719980139e-13 168
27 6.000435029543146e-14 56
27.5 5.488216706964112e-15 7

0.5 5.367363477365369e-08 18
1 3.502372987116117e-07 62
1.5 5.823474611851944e-07 98
2 1.367033557439988e-06 210
2.5 1.677030289498632e-06 350
3 1.424352792425554e-06 450
3.5 1.229461130562727e-06 602
4 9.256129628686112e-07 762
4.5 6.008573404698682e-07 1142
5 3.802175473167653e-07 1250
5.5 3.869795213870581e-07 1458
6 5.705223632423055e-07 1814
6.5 7.855230227730797e-07 2178
7 9.675430515619552e-07 2498
7.5 9.509607037254586e-07 2622
8 1.029190379002677e-06 3338
8.5 8.757371494994063e-07 3722
9 7.231585158608321e-07 4170
9.5 6.675095685539629e-07 4358
10 7.24268657167846e-07 5034
10.5 7.785085379198619e-07 5714
11 8.557858579217107e-07 5982
11.5 9.887831758101921e-07 6602
12 1.156003017153607e-06 7130
12.5 1.407531631576873e-06 8034
13 1.603188421564895e-06 8606
13.5 1.826291083043057e-06 9066
14 2.05951196165052e-06 9962
14.5 2.323939344233387e-06 10550
15 2.55983755401642e-06 11226
15.5 2.869206239281502e-06 12146
16 2.929372109770997e-06 12303
16.5 3.037826533906462e-06 12584
17 2.863332975833688e-06 12120
17.5 2.600221049464993e-06 11180
18 2.525992664890757e-06 11096
18.5 2.223916768135439e-06 10056
19 2.125354642800324e-06 9716
19.5 1.913633626452325e-06 8604
20 1.802529739133722e-06 8060
20.5 1.652754553387018e-06 7320
21 1.494458760827725e-06 6356
21.5 1.323697921063153e-06 5348
22 1.058017009610663e-06 4308
22.5 9.135127922177535e-07 3563
23 6.212231411311643e-07 2448
23.5 4.748990788885606e-07 1868
24 3.591495208525777e-07 1358
24.5 2.95220574290197e-07 1062
25 2.267575437749959e-07 776
25.5 1.192774496036567e-07 432
26 6.535277357223608e-08 200
26.5 4.762460446554208e-08 168
27 1.327294285556386e-08 56
27.5 1.128954594096648e-09 7

0.5 2.129762310025152e-07 18
1 6.727328836087689e-07 62
1.5 2.997809363981931e-07 98
2 3.729139232328118e-07 210
2.5 1.76547505575977e-06 350
3 2.634679617564495e-06 450
3.5 2.251518969381181e-06 602
4 1.093588440297169e-06 762
4.5 7.534669265101213e-07 1142
5 9.819146894514115e-07 1250
5.5 9.03336379924133e-07 1458
6 6.953965421994885e-07 1814
6.5 8.284052839011618e-07 2178
7 1.232681285516369e-06 2498
7.5 1.099942925364472e-06 2622
8 1.040095037905905e-06 3338
8.5 1.083544261638975e-06 3722
9 1.373556789843299e-06 4170
9.5 1.503494904518207e-06 4358
10 1.541512348281013e-06 5034
10.5 1.608559137395377e-06 5714
11 1.68210627773207e-06 5982
11.5 2.004549258738881e-06 6602
12 2.299691671478833e-06 7130
12.5 2.636930250371132e-06 8034
13 2.806818203919887e-06 8606
13.5 2.988846299415645e-06 9066
14 3.44875345079615e-06 9962
14.5 3.960360050149583e-06 10550
15 4.476813869312086e-06 11226
15.5 5.13031822304632e-06 12146
16 5.190561091707997e-06 12303
16.5 5.430188962618194e-06 12584
17 5.120732501546379e-06 12120
17.5 4.769059582947086e-06 11180
18 4.716539900627914e-06 11096
18.5 4.26844793655781e-06 10056
19 4.291029445283665e-06 9716
19.5 3.854187100380019e-06 8604
20 3.766235502427381e-06 8060
20.5 3.360748386059795e-06 7320
21 3.214244823990692e-06 6356
21.5 2.726692201755982e-06 5348
22 2.265989817002893e-06 4308
22.5 1.870544363389025e-06 3563
23 1.277881892880931e-06 2448
23.5 9.868906490701774e-07 1868
24 7.574731430301889e-07 1358
24.5 6.322538580512632e-07 1062
25 4.753634956586019e-07 776
25.5 2.585708502296365e-07 432
26 1.361106634046863e-07 200
26.5 1.357286861762723e-07 168
27 2.880641400086712e-08 56
27.5 4.319888840524901e-09 7

0.5 1.775830302935892e-07 18
1 3.765067815035388e-07 62
1.5 1.237231183556465e-06 98
2 3.458294074510073e-06 210
2.5 1.360997959755219e-06 350
3 1.024138754313105e-06 450
3.5 1.471522688839672e-06 602
4 7.330219683949854e-07 762
4.5 1.600386542242685e-06 1142
5 1.360328490536489e-06 1250
5.5 1.012484955958066e-06 1458
6 1.467879276538777e-06 1814
6.5 1.338082201728203e-06 2178
7 1.540459995982875e-06 2498
7.5 1.749348060652785e-06 2622
8 1.776175246427161e-06 3338
8.5 2.087320705138275e-06 3722
9 2.363163847503771e-06 4170
9.5 2.271797870110287e-06 4358
10 2.728146201330668e-06 5034
10.5 3.070776499061526e-06 5714
11 3.168431470360813e-06 5982
11.5 3.52037661934138e-06 6602
12 3.995483274753748e-06 7130
12.5 4.703425554439081e-06 8034
13 5.063880673559359e-06 8606
13.5 5.46803533347123e-06 9066
14 6.501055725909804e-06 9962
14.5 7.226008490035943e-06 10550
15 7.891762690402946e-06 11226
15.5 8.885543474167347e-06 12146
16 9.229910002943679e-06 12303
16.5 9.712279730643396e-06 12584
17 9.185514861506926e-06 12120
17.5 8.238665974972145e-06 11180
18 8.305064140025305e-06 11096
18.5 7.618675433198505e-06 10056
19 7.329837167277637e-06 9716
19.5 6.405723012959451e-06 8604
20 6.133449871835314e-06 8060
20.5 5.442707264490868e-06 7320
21 4.994071266026342e-06 6356
21.5 4.350815300196159e-06 5348
22 3.512632374047774e-06 4308
22.5 2.904786441034365e-06 3563
23 1.920254691797859e-06 2448
23.5 1.522482409012501e-06 1868
24 1.052256485376855e-06 1358
24.5 8.774490676662465e-07 1062
25 6.152885557302047e-07 776
25.5 3.618155829647486e-07 432
26 1.931968437909927e-07 200
26.5 1.939260906400724e-07 168
27 6.11994965856895e-08 56
27.5 2.905293235692764e-09 7

0.5 1.54700784560733e-07 18
1 1.20312828466977e-06 62
1.5 1.814838927437264e-06 98
2 1.234166991040364e-06 210
2.5 2.601453085974858e-06 350
3 1.383727677828734e-06 450
3.5 3.095693624976927e-06 602
4 1.734046205998586e-06 762
4.5 1.928449411066079e-06 1142
5 1.744093395404348e-06 1250
5.5 2.392770601106827e-06 1458
6 2.255033184523679e-06 1814
6.5 2.71648377027201e-06 2178
7 2.720987754611018e-06 2498
7.5 3.121373399248348e-06 2622
8 3.737392981813776e-06 3338
8.5 4.214989997007415e-06 3722
9 4.590380335772299e-06 4170
9.5 4.642225934595667e-06 4358
10 5.576270077927826e-06 5034
10.5 6.147132742801954e-06 5714
11 6.625211302732956e-06 5982
11.5 7.434794347531688e-06 6602
12 8.083991227340036e-06 7130
12.5 9.343050237725057e-06 8034
13 1.026547743092675e-05 8606
13.5 1.118259782155892e-05 9066
14 1.315173493612287e-05 9962
14.5 1.417420337268044e-05 10550
15 1.511434247824149e-05 11226
15.5 1.669952248466741e-05 12146
16 1.763796580861538e-05 12303
16.5 1.802947391647309e-05 12584
17 1.748348923755598e-05 12120
17.5 1.601673934778022e-05 11180
18 1.540973368731893e-05 11096
18.5 1.383021027580431e-05 10056
19 1.365923440092092e-05 9716
19.5 1.155591486793297e-05 8604
20 1.129216743813341e-05 8060
20.5 1.00915304219618e-05 7320
21 9.006766980481228e-06 6356
21.5 7.577429125836634e-06 5348
22 5.950862913895593e-06 4308
22.5 5.212802911203258e-06 3563
23 3.377867591186034e-06 2448
23.5 2.699096135922624e-06 1868
24 2.010458921157026e-06 1358
24.5 1.569670536928024e-06 1062
25 1.119529303782932e-06 776
25.5 6.878054154215089e-07 432
26 2.853224811190957e-07 200
26.5 2.413301747024375e-07 168
27 1.06658014024645e-07 56
27.5 1.484641558264133e-08 7

0.5 1.437294459728392e-07 18
1 1.713358518782022e-06 62
1.5 9.588908353259723e-07 98
2 3.029428027333558e-06 210
2.5 2.561836859822933e-06 350
3 2.866282584643315e-06 450
3.5 2.225396936148452e-06 602
4 2.318891896394908e-06 762
4.5 3.24004993222307e-06 1142
5 2.917631722047664e-06 1250
5.5 3.410405922607771e-06 1458
6 3.947034035451798e-06 1814
6.5 4.356696179991881e-06 2178
7 5.085555971845224e-06 2498
7.5 5.180769952846364e-06 2622
8 6.929542420424829e-06 3338
8.5 7.470506207805965e-06 3722
9 7.952026313915671e-06 4170
9.5 8.313815231465059e-06 4358
10 9.588536046277162e-06 5034
10.5 1.105836368841375e-05 5714
11 1.219194097225956e-05 5982
11.5 1.329437820734343e-05 6602
12 1.398664398760833e-05 7130
12.5 1.668584447955771e-05 8034
13 1.834123621089254e-05 8606
13.5 1.938479695409014e-05 9066
14 2.217685241654182e-05 9962
14.5 2.435014377756727e-05 10550
15 2.641262182809618e-05 11226
15.5 2.870513077799859e-05 12146
16 2.9736259996737e-05 12303
16.5 2.963697648629931e-05 12584
17 2.921078203321571e-05 12120
17.5 2.662491844399061e-05 11180
18 2.589381311813989e-05 11096
18.5 2.305490243156874e-05 10056
19 2.2448409214481e-05 9716
19.5 1.959129699542243e-05 8604
20 1.886469072981462e-05 8060
20.5 1.677741343237456e-05 7320
21 1.513273529631646e-05 6356
21.5 1.290662972999189e-05 5348
22 1.046151562076737e-05 4308
22.5 8.453842306988703e-06 3563
23 5.740127557338741e-06 2448
23.5 4.383107063911378e-06 1868
24 3.247997102117209e-06 1358
24.5 2.397789340224145e-06 1062
25 1.868340449043149e-06 776
25.5 1.044324738845971e-06 432
26 4.997790061900399e-07 200
26.5 4.38817032384618e-07 168
27 1.491947777001572e-07 56
27.5 1.92722859074703e-08 7

0.5 1.885505761966794e-07 18
1 2.112558642442511e-06 62
1.5 1.823040191055566e-06 98
2 2.58924505818339e-06 210
2.5 3.449315965645165e-06 350
3 2.751943626439059e-06 450
3.5 2.552640712777136e-06 602
4 3.213915118137459e-06 762
4.5 4.483509240299402e-06 1142
5 4.180269487298148e-06 1250
5.5 4.782029645030383e-06 1458
6 5.797112466791143e-06 1814
6.5 6.71640020508051e-06 2178
7 7.908388551785078e-06 2498
7.5 7.990657410750249e-06 2622
8 1.032176649681945e-05 3338
8.5 1.164491025738702e-05 3722
9 1.209538896205055e-05 4170
9.5 1.293792002821223e-05 4358
10 1.472940658291943e-05 5034
10.5 1.681740252284533e-05 5714
11 1.819864689303561e-05 5982
11.5 2.069522979952752e-05 6602
12 2.192623022492194e-05 7130
12.5 2.502222524728728e-05 8034
13 2.734862559881851e-05 8606
13.5 2.950972003498098e-05 9066
14 3.334164421396281e-05 9962
14.5 3.562030687690688e-05 10550
15 3.884180095985956e-05 11226
15.5 4.313704622343584e-05 12146
16 4.59002216631128e-05 12303
16.5 4.520827833646669e-05 12584
17 4.321619814398872e-05 12120
17.5 3.864142407825646e-05 11180
18 3.938561074851645e-05 11096
18.5 3.515893117605846e-05 10056
19 3.333728218907146e-05 9716
19.5 2.994519615681656e-05 8604
20 2.772592505900564e-05 8060
20.5 2.536641301975671e-05 7320
21 2.239088656062438e-05 6356
21.5 1.942577918159416e-05 5348
22 1.568703722787404e-05 4308
22.5 1.315293622967569e-05 3563
23 8.510429940818012e-06 2448
23.5 6.691415015422748e-06 1868
24 4.856220744767556e-06 1358
24.5 3.816838981174644e-06 1062
25 2.776865671193096e-06 776
25.5 1.631464372281666e-06 432
26 6.801218423222973e-07 200
26.5 5.882924561755744e-07 168
27 2.350760641584124e-07 56
27.5 2.981502312869846e-08 7

0.5 3.709271582428935e-07 18
1 2.371354857049553e-06 62
1.5 1.742236103817353e-06 98
2 2.816732000355136e-06 210
2.5 3.3348396778275e-06 350
3 2.887808544476283e-06 450
3.5 3.377970166038861e-06 602
4 3.841659495672361e-06 762
4.5 5.195921784020026e-06 1142
5 5.271628076668796e-06 1250
5.5 6.34537598643785e-06 1458
6 7.528915086779075e-06 1814
6.5 9.11549425851711e-06 2178
7 1.027166133798312e-05 2498
7.5 1.0149827134894e-05 2622
8 1.298134198470958e-05 3338
8.5 1.443044228178112e-05 3722
9 1.627979262064561e-05 4170
9.5 1.726074506431486e-05 4358
10 1.96147953366643e-05 5034
10.5 2.198853667823368e-05 5714
11 2.389754137142956e-05 5982
11.5 2.678830878548461e-05 6602
12 2.909110765677211e-05 7130
12.5 3.342530164365894e-05 8034
13 3.633266383239038e-05 8606
13.5 3.948819785967829e-05 9066
14 4.330934263336877e-05 9962
14.5 4.803664484190374e-05 10550
15 5.26935299269269e-05 11226
15.5 5.66175857508917e-05 12146
16 5.90051805440475e-05 12303
16.5 5.844360660057552e-05 12584
17 5.672376512704949e-05 12120
17.5 5.072012029167788e-05 11180
18 5.097826251923798e-05 11096
18.5 4.616420743959443e-05 10056
19 4.401622198234006e-05 9716
19.5 3.873549250313674e-05 8604
20 3.620431661267715e-05 8060
20.5 3.299359573120369e-05 7320
21 2.92891651524425e-05 6356
21.5 2.513309243871408e-05 5348
22 2.033046005410282e-05 4308
22.5 1.644934672128606e-05 3563
23 1.117995485298661e-05 2448
23.5 8.50050508263226e-06 1868
24 6.513818663143976e-06 1358
24.5 4.98766782520992e-06 1062
25 3.525658484529061e-06 776
25.5 2.133029322395026e-06 432
26 8.953225720482976e-07 200
26.5 8.278858083360724e-07 168
27 2.814547437509312e-07 56
27.5 3.480203354468871e-08 7

0.5 5.882301782519986e-07 18
1 1.945229510892142e-06 62
1.5 1.162580323564648e-06 98
2 3.30708898180407e-06 210
2.5 3.768371245563199e-06 350
3 3.357848170367813e-06 450
3.5 4.292326496807949e-06 602
4 4.040215140110043e-06 762
4.5 6.058294419900084e-06 1142
5 6.464553166097696e-06 1250
5.5 7.741372168949664e-06 1458
6 9.276807515175957e-06 1814
6.5 1.078869986280773e-05 2178
7 1.178348531376375e-05 2498
7.5 1.265304129192334e-05 2622
8 1.648576340141952e-05 3338
8.5 1.769004531375071e-05 3722
9 1.995144580170048e-05 4170
9.5 2.142289046528181e-05 4358
10 2.38462051008962e-05 5034
10.5 2.715117619701299e-05 5714
11 2.970031690831673e-05 5982
11.5 3.266106007651018e-05 6602
12 3.586362903736416e-05 7130
12.5 4.15118019499832e-05 8034
13 4.408108223666294e-05 8606
13.5 4.76205468508809e-05 9066
14 5.349066758738865e-05 9962
14.5 5.802204182581338e-05 10550
15 6.329248411586219e-05 11226
15.5 6.963193602718886e-05 12146
16 7.045818341152025e-05 12303
16.5 7.269385666202791e-05 12584
17 7.009791848551164e-05 12120
17.5 6.451954985577517e-05 11180
18 6.234207041139222e-05 11096
18.5 5.641855292784349e-05 10056
19 5.514762516499506e-05 9716
19.5 4.883633176432392e-05 8604
20 4.493163553712672e-05 8060
20.5 4.092308895014069e-05 7320
21 3.577441297203864e-05 6356
21.5 3.048615829956246e-05 5348
22 2.505623218993953e-05 4308
22.5 2.083607660450804e-05 3563
23 1.358971620696204e-05 2448
23.5 1.086440486229784e-05 1868
24 7.788848690109308e-06 1358
24.5 6.255263127114699e-06 1062
25 4.671788292664597e-06 776
25.5 2.843471479874262e-06 432
26 1.309307818339985e-06 200
26.5 1.044303875364152e-06 168
27 3.903110500979798e-07 56
27.5 2.927626515411392e-08 7

0.5 7.044464746629353e-07 18
1 1.51202548012138e-06 62
1.5 1.577973106609263e-06 98
2 3.12334419045967e-06 210
2.5 3.570065847684014e-06 350
3 3.375606688003443e-06 450
3.5 4.122612405766664e-06 602
4 4.854890650365213e-06 762
4.5 7.175592530557273e-06 1142
5 7.544655353687283e-06 1250
5.5 8.879152513011114e-06 1458
6 1.074324440987272e-05 1814
6.5 1.235529663285454e-05 2178
7 1.399708542440275e-05 2498
7.5 1.455223267093277e-05 2622
8 1.853653914207539e-05 3338
8.5 2.013347575260245e-05 3722
9 2.368947667290986e-05 4170
9.5 2.377789692600812e-05 4358
10 2.86455263264077e-05 5034
10.5 3.153264827579976e-05 5714
11 3.467285137372424e-05 5982
11.5 3.762045940593335e-05 6602
12 4.13181737827186e-05 7130
12.5 4.738257303990934e-05 8034
13 5.143137381970214e-05 8606
13.5 5.526748154772803e-05 9066
14 6.250454458783218e-05 9962
14.5 6.62855058041541e-05 10550
15 7.355992353035644e-05 11226
15.5 7.952924445471113e-05 12146
16 8.137741881109051e-05 12303
16.5 8.217337380417823e-05 12584
17 7.903156247041562e-05 12120
17.5 7.195347552750859e-05 11180
18 7.224570285384119e-05 11096
18.5 6.563878115910269e-05 10056
19 6.229727115047317e-05 9716
19.5 5.788934563973808e-05 8604
20 5.211586140283522e-05 8060
20.5 4.771788040162323e-05 7320
21 4.162673322658981e-05 6356
21.5 3.526268313813637e-05 5348
22 2.874498975774988e-05 4308
22.5 2.457816069993741e-05 3563
23 1.57399445943518e-05 2448
23.5 1.248457231723017e-05 1868
24 9.505497474879145e-06 1358
24.5 7.105890423245745e-06 1062
25 5.278634158448788e-06 776
25.5 3.376899119229529e-06 432
26 1.481261736855062e-06 200
26.5 1.300706957834507e-06 168
27 4.020863666604913e-07 56
27.5 4.339759447347614e-08 7

0.5 6.741577572460331e-07 18
1 1.672961702317273e-06 62
1.5 1.946019882156358e-06 98
2 2.868845316450633e-06 210
2.5 3.882335298267834e-06 350
3 4.092494227616259e-06 450
3.5 4.885342437023233e-06 602
4 5.602966073677973e-06 762
4.5 8.13045620576924e-06 1142
5 8.42652352696616e-06 1250
5.5 9.864384562924698e-06 1458
6 1.181932708437149e-05 1814
6.5 1.408303891320835e-05 2178
7 1.591176555272967e-05 2498
7.5 1.644390571771362e-05 2622
8 2.085256661386218e-05 3338
8.5 2.238295672679958e-05 3722
9 2.609788568686547e-05 4170
9.5 2.735189378346534e-05 4358
10 3.170071006803619e-05 5034
10.5 3.488673801865208e-05 5714
11 3.916329872845664e-05 5982
11.5 4.200506082888541e-05 6602
12 4.648988902719372e-05 7130
12.5 5.199576192846604e-05 8034
13 5.680793081457752e-05 8606
13.5 6.194968088808063e-05 9066
14 7.037722761316659e-05 9962
14.5 7.442065350038321e-05 10550
15 8.091429093152681e-05 11226
15.5 8.766913161679848e-05 12146
16 9.103824512502327e-05 12303
16.5 9.335958429989437e-05 12584
17 8.825159543300599e-05 12120
17.5 8.09941441352543e-05 11180
18 7.982285241751806e-05 11096
18.5 7.116522232884922e-05 10056
19 6.91669798341468e-05 9716
19.5 6.218017770929318e-05 8604
20 5.83714122711857e-05 8060
20.5 5.32132405890997e-05 7320
21 4.735137039906406e-05 6356
21.5 4.01728752025439e-05 5348
22 3.230383790036329e-05 4308
22.5 2.74757563298559e-05 3563
23 1.743711482162319e-05 2448
23.5 1.416009276676088e-05 1868
24 1.07000237151631e-05 1358
24.5 8.222342998569936e-06 1062
25 5.711857742468627e-06 776
25.5 3.566663262001609e-06 432
26 1.558622087537869e-06 200
26.5 1.402596563784422e-06 168
27 4.337640218822644e-07 56
27.5 6.27262176118284e-08 7

0.5 5.961503732396551e-07 18
1 2.176103705621872e-06 62
1.5 1.588252551203517e-06 98
2 3.650244346884761e-06 210
2.5 4.23319808328563e-06 350
3 3.872241415944084e-06 450
3.5 5.287879927134372e-06 602
4 5.88204211707488e-06 762
4.5 8.644075030295745e-06 1142
5 9.006407885293247e-06 1250
5.5 1.084104188526599e-05 1458
6 1.299167901666778e-05 1814
6.5 1.538309584272039e-05 2178
7 1.735074608311425e-05 2498
7.5 1.806274224891645e-05 2622
8 2.266382549135072e-05 3338
8.5 2.446802560483362e-05 3722
9 2.810427142824463e-05 4170
9.5 2.842824572181116e-05 4358
10 3.360731586753106e-05 5034
10.5 3.839404915898541e-05 5714
11 4.113053393569991e-05 5982
11.5 4.52854914149952e-05 6602
12 5.048742694121089e-05 7130
12.5 5.626491981796173e-05 8034
13 6.123070564698543e-05 8606
13.5 6.726411485819716e-05 9066
14 7.552469655472516e-05 9962
14.5 8.011337655974096e-05 10550
15 8.793913406818444e-05 11226
15.5 9.543679315786503e-05 12146
16 9.877710569898755e-05 12303
16.5 0.0001000581772264376 12584
17 9.560461397118543e-05 12120
17.5 8.769683302408954e-05 11180
18 8.66426431164571e-05 11096
18.5 7.827536302719905e-05 10056
19 7.492572362745022e-05 9716
19.5 6.813982853817456e-05 8604
20 6.242171747640526e-05 8060
20.5 5.668311696480604e-05 7320
21 4.986107307556906e-05 6356
21.5 4.186932188366375e-05 5348
22 3.371545861127098e-05 4308
22.5 2.882973552808883e-05 3563
23 1.901050526024903e-05 2448
23.5 1.520768438630097e-05 1868
24 1.145599024522215e-05 1358
24.5 8.883077850518491e-06 1062
25 6.182048005885291e-06 776
25.5 3.728283839468915e-06 432
26 1.506700089400234e-06 200
26.5 1.45672558029761e-06 168
27 3.873773071318146e-07 56
27.5 4.692781673481626e-08 7

0.5 4.79842674032002e-07 18
1 2.223799902442402e-06 62
1.5 1.447078801619604e-06 98
2 3.294956794028931e-06 210
2.5 4.372734254695001e-06 350
3 4.439809919358501e-06 450
3.5 5.380809834990412e-06 602
4 6.390349167133549e-06 762
4.5 9.332378166500791e-06 1142
5 9.471558577749551e-06 1250
5.5 1.190124736865084e-05 1458
6 1.37550448783152e-05 1814
6.5 1.659780801682841e-05 2178
7 1.855250791576672e-05 2498
7.5 1.964799298472322e-05 2622
8 2.405070469118042e-05 3338
8.5 2.658376417763276e-05 3722
9 3.117817702202446e-05 4170
9.5 3.164771137064926e-05 4358
10 3.772325103705266e-05 5034
10.5 4.072370221348937e-05 5714
11 4.488120375086032e-05 5982
11.5 4.9457487344924e-05 6602
12 5.32187087339959e-05 7130
12.5 6.147453921082652e-05 8034
13 6.56227439871541e-05 8606
13.5 7.076323151317826e-05 9066
14 7.981471345094975e-05 9962
14.5 8.465895870412088e-05 10550
15 9.269839040997353e-05 11226
15.5 0.0001020704839276512 12146
16 0.0001049895853012713 12303
16.5 0.0001050894426425706 12584
17 0.0001004427278558596 12120
17.5 9.341421889977589e-05 11180
18 9.185395698257889e-05 11096
18.5 8.084305837292933e-05 10056
19 7.847045158768673e-05 9716
19.5 7.124402968037172e-05 8604
20 6.654598398865818e-05 8060
20.5 6.07483691729162e-05 7320
21 5.442646060816171e-05 6356
21.5 4.547235523663334e-05 5348
22 3.698190051992582e-05 4308
22.5 3.091578131027971e-05 3563
23 1.990550392087161e-05 2448
23.5 1.566692587424877e-05 1868
24 1.188033152181027e-05 1358
24.5 9.413791556364428e-06 1062
25 6.806828073406372e-06 776
25.5 3.83009460052732e-06 432
26 1.628446384349681e-06 200
26.5 1.562253293135657e-06 168
27 4.223194447146658e-07 56
27.5 6.290098774325346e-08 7

0.5 3.922150276789626e-07 18
1 1.882213376347507e-06 62
1.5 1.761186732514985e-06 98
2 3.072205805320549e-06 210
2.5 4.35264096799936e-06 350
3 4.451674156950111e-06 450
3.5 5.958707639970777e-06 602
4 6.92247822656452e-06 762
4.5 1.032941756713504e-05 1142
5 1.020292438205236e-05 1250
5.5 1.259298333715579e-05 1458
6 1.448742673685619e-05 1814
6.5 1.766927456469374e-05 2178
7 1.991130511431146e-05 2498
7.5 2.059280321796646e-05 2622
8 2.535954301137577e-05 3338
8.5 2.761450583280591e-05 3722
9 3.201783701326953e-05 4170
9.5 3.167845223533787e-05 4358
10 3.7814259172348e-05 5034
10.5 4.319983166918751e-05 5714
11 4.649868874381282e-05 5982
11.5 5.079279878874485e-05 6602
12 5.565551817407331e-05 7130
12.5 6.452834649657754e-05 8034
13 7.00871054927836e-05 8606
13.5 7.372022852688336e-05 9066
14 8.396267381526734e-05 9962
14.5 8.87814446384068e-05 10550
15 9.620445692539639e-05 11226
15.5 0.0001055625685492624 12146
16 0.0001095562922664943 12303
16.5 0.000109802282452974 12584
17 0.0001054135383061578 12120
17.5 9.720249082665724e-05 11180
18 9.49805157480689e-05 11096
18.5 8.57484419249042e-05 10056
19 8.227862340708969e-05 9716
19.5 7.461073886697463e-05 8604
20 7.016337199578529e-05 8060
20.5 6.335683273340085e-05 7320
21 5.621730122185102e-05 6356
21.5 4.763279511089724e-05 5348
22 3.828706302798939e-05 4308
22.5 3.195198005056747e-05 3563
23 2.087284529006437e-05 2448
23.5 1.632827670933562e-05 1868
24 1.174016859811214e-05 1358
24.5 9.705992781945504e-06 1062
25 7.489117255341433e-06 776
25.5 4.049003386485752e-06 432
26 1.934048543871041e-06 200
26.5 1.712379670419193e-06 168
27 4.633423243992685e-07 56
27.5 8.451038769370516e-08 7

0.5 3.437314998677949e-07 18
1 1.513488270288824e-06 62
1.5 1.999335211921643e-06 98
2 3.924901005799398e-06 210
2.5 4.652074611103603e-06 350
3 4.990584194241991e-06 450
3.5 5.920438116214968e-06 602
4 7.126139615524652e-06 762
4.5 1.033980225859647e-05 1142
5 1.071393761671358e-05 1250
5.5 1.274125754161046e-05 1458
6 1.515890840888877e-05 1814
6.5 1.83172743947221e-05 2178
7 2.085144258820825e-05 2498
7.5 2.148182636091211e-05 2622
8 2.680534158932332e-05 3338
8.5 2.889685085100417e-05 3722
9 3.300160678155331e-05 4170
9.5 3.416249172852572e-05 4358
10 4.06775057933286e-05 5034
10.5 4.488476272264417e-05 5714
11 4.884803145322656e-05 5982
11.5 5.28650200264383e-05 6602
12 5.829069995336924e-05 7130
12.5 6.691722042139519e-05 8034
13 7.268783090089505e-05 8606
13.5 7.814951281742137e-05 9066
14 8.651050005758374e-05 9962
14.5 9.274408389533418e-05 10550
15 0.0001004711575407511 11226
15.5 0.0001098356767191373 12146
16 0.0001129511140949985 12303
16.5 0.0001138025131526328 12584
17 0.0001080249405094643 12120
17.5 0.0001005381822791845 11180
18 9.946636306413067e-05 11096
18.5 8.922400054664142e-05 10056
19 8.507885731232116e-05 9716
19.5 7.831155009008181e-05 8604
20 7.150798773690476e-05 8060
20.5 6.496560449084571e-05 7320
21 5.810607175510172e-05 6356
21.5 4.790178590071178e-05 5348
22 3.900947908959009e-05 4308
22.5 3.335120566434482e-05 3563
23 2.173236847067021e-05 2448
23.5 1.738970962933577e-05 1868
24 1.292386016671325e-05 1358
24.5 9.469524518742146e-06 1062
25 7.075931904016709e-06 776
25.5 4.388310492350984e-06 432
26 2.238883019447929e-06 200
26.5 1.875531999742979e-06 168
27 5.750721552713543e-07 56
27.5 6.649029674293151e-08 7

0.5 3.506677689128165e-07 18
1 1.487790082971049e-06 62
1.5 1.880593771756632e-06 98
2 3.872307993585391e-06 210
2.5 4.386700270591595e-06 350
3 4.740567471875534e-06 450
3.5 6.64030232923371e-06 602
4 7.530375832624657e-06 762
4.5 1.093573923157504e-05 1142
5 1.131809174023763e-05 1250
5.5 1.281071980047951e-05 1458
6 1.555262580146227e-05 1814
6.5 1.878094174621965e-05 2178
7 2.189284798939269e-05 2498
7.5 2.22499430398681e-05 2622
8 2.787266877863028e-05 3338
8.5 3.037027236604334e-05 3722
9 3.46581709691806e-05 4170
9.5 3.52770993983711e-05 4358
10 4.149821620699927e-05 5034
10.5 4.640904415290361e-05 5714
11 4.932716160914402e-05 5982
11.5 5.442592461190418e-05 6602
12 6.043496832902438e-05 7130
12.5 6.844892071709181e-05 8034
13 7.404393429742303e-05 8606
13.5 7.934215244035288e-05 9066
14 8.861772173663413e-05 9962
14.5 9.639128442698863e-05 10550
15 0.0001039095271983554 11226
15.5 0.0001129953649495883 12146
16 0.0001154003971706707 12303
16.5 0.0001165922803040142 12584
17 0.0001098875356261658 12120
17.5 0.0001038630911028265 11180
18 0.0001034969544401789 11096
18.5 8.948675472839538e-05 10056
19 8.853161449674037e-05 9716
19.5 7.920004134205586e-05 8604
20 7.325157296336972e-05 8060
20.5 6.681711272542094e-05 7320
21 5.852234351905372e-05 6356
21.5 5.090944878459747e-05 5348
22 4.134715705662946e-05 4308
22.5 3.515706712225509e-05 3563
23 2.188649858496638e-05 2448
23.5 1.789261252373142e-05 1868
24 1.358892469019668e-05 1358
24.5 1.035949564532086e-05 1062
25 7.525748286594371e-06 776
25.5 4.403373725064225e-06 432
26 1.796060429982957e-06 200
26.5 1.693409741258647e-06 168
27 5.82359000662585e-07 56
27.5 4.009181854476359e-08 7

0.5 3.902173058892204e-07 18
1 1.746099344374169e-06 62
1.5 1.810641510364941e-06 98
2 3.199782800479337e-06 210
2.5 4.910644041192343e-06 350
3 5.005406099775828e-06 450
3.5 6.318583034709539e-06 602
4 7.873100165988436e-06 762
4.5 1.193841659443183e-05 1142
5 1.189876015242099e-05 1250
5.5 1.34244077641845e-05 1458
6 1.612880013252029e-05 1814
6.5 1.933049716936772e-05 2178
7 2.25900301866205e-05 2498
7.5 2.313435972740262e-05 2622
8 2.890953650375092e-05 3338
8.5 3.140879632287181e-05 3722
9 3.582281417434494e-05 4170
9.5 3.556131033505441e-05 4358
10 4.247846963442932e-05 5034
10.5 4.749255665477661e-05 5714
11 5.161978198403043e-05 5982
11.5 5.659436285039443e-05 6602
12 5.967546315002011e-05 7130
12.5 7.000539089901519e-05 8034
13 7.524209315802888e-05 8606
13.5 8.15595749248481e-05 9066
14 9.088341206232498e-05 9962
14.5 9.804363854920532e-05 10550
15 0.0001059817564705511 11226
15.5 0.0001161534534237076 12146
16 0.0001178276474321541 12303
16.5 0.0001199325210651387 12584
17 0.0001127672937555639 12120
17.5 0.0001063582278324686 11180
18 0.0001069644078776988 11096
18.5 9.186902365903393e-05 10056
19 9.008042956691676e-05 9716
19.5 8.019581118490576e-05 8604
20 7.497425560776875e-05 8060
20.5 6.878348262023536e-05 7320
21 6.151203606369659e-05 6356
21.5 5.075217089715261e-05 5348
22 4.182894573307014e-05 4308
22.5 3.444406641171854e-05 3563
23 2.265360067601864e-05 2448
23.5 1.824731879388651e-05 1868
24 1.32971106835671e-05 1358
24.5 1.043095325662543e-05 1062
25 8.0806543940327e-06 776
25.5 4.520423715844432e-06 432
26 2.092963214778128e-06 200
26.5 1.869691685098315e-06 168
27 5.727624526137037e-07 56
27.5 9.649038605987146e-08 7

0.5 4.424361033628938e-07 18
1 2.005748652128833e-06 62
1.5 1.899319786029691e-06 98
2 3.635484412437758e-06 210
2.5 5.248210036882105e-06 350
3 5.107338425921629e-06 450
3.5 6.956351608067322e-06 602
4 7.979553838564583e-06 762
4.5 1.149813911426955e-05 1142
5 1.177884752295849e-05 1250
5.5 1.479400479286037e-05 1458
6 1.677808901159623e-05 1814
6.5 2.008963172465274e-05 2178
7 2.335107547349355e-05 2498
7.5 2.36758169872149e-05 2622
8 2.964352155763796e-05 3338
8.5 3.228121941664538e-05 3722
9 3.671628376055922e-05 4170
9.5 3.739218290564068e-05 4358
10 4.42256468868604e-05 5034
10.5 4.925928359939743e-05 5714
11 5.246606906000245e-05 5982
11.5 5.649144673324444e-05 6602
12 6.402398637439908e-05 7130
12.5 7.074836837616622e-05 8034
13 7.727371557565929e-05 8606
13.5 8.257231859612977e-05 9066
14 9.286498249284816e-05 9962
14.5 9.848528913737334e-05 10550
15 0.0001084499808460943 11226
15.5 0.0001187787995220559 12146
16 0.0001205377046429629 12303
16.5 0.0001218034772433583 12584
17 0.000115521247311904 12120
17.5 0.000107626919834228 11180
18 0.0001087051058379138 11096
18.5 9.372048230598342e-05 10056
19 9.120353754071034e-05 9716
19.5 8.132858095211376e-05 8604
20 7.670239486099328e-05 8060
20.5 7.033003288435225e-05 7320
21 6.138068848604507e-05 6356
21.5 5.150322402542436e-05 5348
22 4.217545370043268e-05 4308
22.5 3.624557988418724e-05 3563
23 2.325851196550412e-05 2448
23.5 1.869019989891734e-05 1868
24 1.403762059362183e-05 1358
24.5 1.079677839799047e-05 1062
25 7.956504994448378e-06 776
25.5 4.636573768373988e-06 432
26 2.168867969221363e-06 200
26.5 1.869219070468268e-06 168
27 6.04956101788407e-07 56
27.5 3.485351649671792e-08 7

0.5 4.924808290933702e-07 18
1 1.935006354775289e-06 62
1.5 2.011817917392778e-06 98
2 4.063230836688218e-06 210
2.5 4.577047033067438e-06 350
3 5.249002620737306e-06 450
3.5 6.595537375138964e-06 602
4 8.309546852165459e-06 762
4.5 1.257653600773647e-05 1142
5 1.261911143365334e-05 1250
5.5 1.534944414469911e-05 1458
6 1.76535041530167e-05 1814
6.5 2.092838403005453e-05 2178
7 2.40872429719959e-05 2498
7.5 2.421291176794655e-05 2622
8 3.028555111005708e-05 3338
8.5 3.289493092356417e-05 3722
9 3.724423558076644e-05 4170
9.5 3.776825302266537e-05 4358
10 4.468535942858297e-05 5034
10.5 4.88188462737978e-05 5714
11 5.239682042269805e-05 5982
11.5 5.907044643663158e-05 6602
12 6.128049069580815e-05 7130
12.5 7.346506234291087e-05 8034
13 7.876474750491188e-05 8606
13.5 8.389614697525683e-05 9066
14 9.434293814928433e-05 9962
14.5 0.0001005043599014475 10550
15 0.0001086443049864333 11226
15.5 0.0001175201071286718 12146
16 0.000122465450067338 12303
16.5 0.0001239820468876125 12584
17 0.0001158692225096466 12120
17.5 0.0001087622955707655 11180
18 0.0001088505329446356 11096
18.5 9.531207621821639e-05 10056
19 9.190251120629788e-05 9716
19.5 8.259709368248077e-05 8604
20 7.765575327354032e-05 8060
20.5 7.130679637365902e-05 7320
21 6.140976979458335e-05 6356
21.5 5.309980710082932e-05 5348
22 4.24050704571474e-05 4308
22.5 3.585954344915233e-05 3563
23 2.318656310202859e-05 2448
23.5 1.906959143071456e-05 1868
24 1.37710167842799e-05 1358
24.5 1.069231750329868e-05 1062
25 8.049482852243391e-06 776
25.5 4.685306399661717e-06 432
26 2.195290251016604e-06 200
26.5 1.722358291163463e-06 168
27 5.644311359226868e-07 56
27.5 8.920359328398052e-08 7

0.5 5.112692974185939e-07 18
1 1.70782600121645e-06 62
1.5 2.023927227677329e-06 98
2 3.901682554015934e-06 210
2.5 5.082717493897417e-06 350
3 5.62645181446201e-06 450
3.5 7.257916835858115e-06 602
4 8.342054793128004e-06 762
4.5 1.276566574894068e-05 1142
5 1.326235079607688e-05 1250
5.5 1.492440932151514e-05 1458
6 1.846998153960091e-05 1814
6.5 2.200138908470124e-05 2178
7 2.449080874310371e-05 2498
7.5 2.489661391328248e-05 2622
8 3.069406862750981e-05 3338
8.5 3.363395298145236e-05 3722
9 3.779411919576221e-05 4170
9.5 3.767078290026071e-05 4358
10 4.608546199522412e-05 5034
10.5 4.993226396878446e-05 5714
11 5.437123950812748e-05 5982
11.5 5.824189106717802e-05 6602
12 6.600532644876363e-05 7130
12.5 7.215166028143449e-05 8034
13 7.832217606918305e-05 8606
13.5 8.483672018026247e-05 9066
14 9.4711974511517e-05 9962
14.5 0.0001028344295876802 10550
15 0.0001117280782417965 11226
15.5 0.0001209493358060641 12146
16 0.000121867452865982 12303
16.5 0.0001244115725148682 12584
17 0.000117957570716027 12120
17.5 0.0001103042302644292 11180
18 0.0001078598339869736 11096
18.5 9.656822872971853e-05 10056
19 9.283505122376252e-05 9716
19.5 8.390094112362096e-05 8604
20 7.780103847670915e-05 8060
20.5 7.133232328731256e-05 7320
21 6.25582063892804e-05 6356
21.5 5.347402986558134e-05 5348
22 4.339120932385426e-05 4308
22.5 3.60119699310417e-05 3563
23 2.319188510020767e-05 2448
23.5 1.927558776058898e-05 1868
24 1.410701539659448e-05 1358
24.5 1.157040225516197e-05 1062
25 8.327343303259459e-06 776
25.5 4.6299144407271e-06 432
26 1.96055246319872e-06 200
26.5 1.743466141081568e-06 168
27 5.750628882520573e-07 56
27.5 2.979319477327239e-08 7

0.5 4.939052103124273e-07 18
1 1.527175896753831e-06 62
1.5 2.029355770552953e-06 98
2 3.506025018760283e-06 210
2.5 5.53023745557602e-06 350
3 5.398566807418614e-06 450
3.5 6.862013686839744e-06 602
4 8.742132279615845e-06 762
4.5 1.300108501182117e-05 1142
5 1.261986619688365e-05 1250
5.5 1.532060407411182e-05 1458
6 1.871144026548362e-05 1814
6.5 2.304660094997806e-05 2178
7 2.485487964345965e-05 2498
7.5 2.539627598435635e-05 2622
8 3.106433743429058e-05 3338
8.5 3.433874122195341e-05 3722
9 3.81427460291181e-05 4170
9.5 3.84797077763154e-05 4358
10 4.730454071658363e-05 5034
10.5 5.182200348495575e-05 5714
11 5.546495849602004e-05 5982
11.5 6.06447375629612e-05 6602
12 6.452839014939463e-05 7130
12.5 7.521204114799165e-05 8034
13 8.189726680312147e-05 8606
13.5 8.602652515412225e-05 9066
14 9.591683857579795e-05 9962
14.5 0.0001025814352343381 10550
15 0.000111150696638707 11226
15.5 0.0001219204938683309 12146
16 0.0001220187942801817 12303
16.5 0.0001243917330479027 12584
17 0.0001210324149480001 12120
17.5 0.000110922592257746 11180
18 0.0001085219521929955 11096
18.5 9.638946925572465e-05 10056
19 9.322915505851727e-05 9716
19.5 8.498950699271837e-05 8604
20 7.835503070689428e-05 8060
20.5 7.112984781641227e-05 7320
21 6.410358687053656e-05 6356
21.5 5.34570237999371e-05 5348
22 4.404849445906083e-05 4308
22.5 3.775351395930241e-05 3563
23 2.343513178927025e-05 2448
23.5 1.954297185833e-05 1868
24 1.448779165275278e-05 1358
24.5 1.0993371109421e-05 1062
25 8.002723973213616e-06 776
25.5 4.747582876795015e-06 432
26 2.478396846115158e-06 200
26.5 1.92215355652058e-06 168
27 5.784629316594571e-07 56
27.5 7.885096121227935e-08 7

0.5 4.614073721459545e-07 18
1 1.614144188677654e-06 62
1.5 1.942746070550304e-06 98
2 3.645100485943618e-06 210
2.5 4.575480441519892e-06 350
3 5.806439142404609e-06 450
3.5 7.58778035514769e-06 602
4 8.711060243152542e-06 762
4.5 1.334674028699372e-05 1142
5 1.371360043143579e-05 1250
5.5 1.669452244829736e-05 1458
6 1.8794094159455e-05 1814
6.5 2.283937351307573e-05 2178
7 2.533930307865046e-05 2498
7.5 2.6015764658371e-05 2622
8 3.161953481042079e-05 3338
8.5 3.481326002800577e-05 3722
9 3.86328676373226e-05 4170
9.5 3.972449693789664e-05 4358
10 4.722830098777335e-05 5034
10.5 5.243080103756896e-05 5714
11 5.570785580721031e-05 5982
11.5 6.078977385280606e-05 6602
12 6.589475140721336e-05 7130
12.5 7.465530086960767e-05 8034
13 7.981822487716626e-05 8606
13.5 8.617917535323623e-05 9066
14 9.71419475573269e-05 9962
14.5 0.000103626857943834 10550
15 0.0001128848728833531 11226
15.5 0.0001234639261596816 12146
16 0.0001252496893516749 12303
16.5 0.0001277040118218484 12584
17 0.0001219017886079299 12120
17.5 0.0001097486493338795 11180
18 0.000110788144582931 11096
18.5 9.75511635647757e-05 10056
19 9.310074769670791e-05 9716
19.5 8.526800608783034e-05 8604
20 7.89600360949975e-05 8060
20.5 7.120766512979281e-05 7320
21 6.442823113801759e-05 6356
21.5 5.360518348527501e-05 5348
22 4.468266545397795e-05 4308
22.5 3.789938142879283e-05 3563
23 2.3452451956877e-05 2448
23.5 1.938950205989396e-05 1868
24 1.437855395717733e-05 1358
24.5 1.085841140304603e-05 1062
25 8.289999845681244e-06 776
25.5 4.798581816898491e-06 432
26 2.186215882733353e-06 200
26.5 1.729380983004046e-06 168
27 5.552250187919123e-07 56
27.5 6.499830932619479e-08 7

0.5 4.364124730440981e-07 18
1 1.880797700033667e-06 62
1.5 1.922785247804688e-06 98
2 4.159703188148301e-06 210
2.5 4.944289588574896e-06 350
3 5.623219569113477e-06 450
3.5 7.227773458797847e-06 602
4 8.984316367833844e-06 762
4.5 1.367529522564643e-05 1142
5 1.382402480785041e-05 1250
5.5 1.610116958609593e-05 1458
6 1.910333430572618e-05 1814
6.5 2.249287794139447e-05 2178
7 2.5721950966851e-05 2498
7.5 2.673710789761417e-05 2622
8 3.218201002135782e-05 3338
8.5 3.511598369448663e-05 3722
9 3.914226935961045e-05 4170
9.5 4.103041837659944e-05 4358
10 4.687330919007951e-05 5034
10.5 5.214592767311191e-05 5714
11 5.577942589589677e-05 5982
11.5 6.037971989043038e-05 6602
12 6.638051147647443e-05 7130
12.5 7.629241608644157e-05 8034
13 8.301020589596264e-05 8606
13.5 8.731813804641057e-05 9066
14 9.730709785603416e-05 9962
14.5 0.0001046590973874005 10550
15 0.0001117922850359122 11226
15.5 0.0001229865001943891 12146
16 0.0001256894840859382 12303
16.5 0.0001270285177029066 12584
17 0.0001215619817032435 12120
17.5 0.0001122187043521552 11180
18 0.0001107607718926568 11096
18.5 9.876040104814596e-05 10056
19 9.385553736512866e-05 9716
19.5 8.456871490062001e-05 8604
20 7.96861683252564e-05 8060
20.5 7.166963714944209e-05 7320
21 6.418502947114663e-05 6356
21.5 5.34352733268154e-05 5348
22 4.464333643559405e-05 4308
22.5 3.735702639700261e-05 3563
23 2.363657505469988e-05 2448
23.5 1.958578616947047e-05 1868
24 1.394278157127011e-05 1358
24.5 1.153838746850647e-05 1062
25 8.333904664147915e-06 776
25.5 4.815999002786103e-06 432
26 1.927268750820931e-06 200
26.5 1.789318431450745e-06 168
27 5.851634175338159e-07 56
27.5 3.773859895260645e-08 7

0.5 4.564986179466692e-07 18
1 2.114034844821119e-06 62
1.5 1.948580602339084e-06 98
2 4.246272771424566e-06 210
2.5 5.972089773386427e-06 350
3 5.737904582940996e-06 450
3.5 7.684910634114998e-06 602
4 9.036147256126416e-06 762
4.5 1.367942068305398e-05 1142
5 1.352885016975964e-05 1250
5.5 1.594781610876979e-05 1458
6 1.978755738669398e-05 1814
6.5 2.304056569423714e-05 2178
7 2.577258258814472e-05 2498
7.5 2.729024565493247e-05 2622
8 3.283768774999914e-05 3338
8.5 3.562295580434422e-05 3722
9 3.973693011585815e-05 4170
9.5 4.171114210242956e-05 4358
10 4.724313086343267e-05 5034
10.5 5.298663231674785e-05 5714
11 5.614914422612674e-05 5982
11.5 6.204358361218182e-05 6602
12 6.712874860593631e-05 7130
12.5 7.529755122594806e-05 8034
13 8.246683593130414e-05 8606
13.5 8.793168510266592e-05 9066
14 9.924074594057457e-05 9962
14.5 0.000105107591204728 10550
15 0.000115192960501483 11226
15.5 0.0001244380150391987 12146
16 0.0001250155984225807 12303
16.5 0.0001287464282819317 12584
17 0.0001209330549115465 12120
17.5 0.0001112152072989488 11180
18 0.0001113846205248592 11096
18.5 9.94609047743878e-05 10056
19 9.454597456259359e-05 9716
19.5 8.508073081541252e-05 8604
20 7.957975326369898e-05 8060
20.5 7.21847339975876e-05 7320
21 6.39850753202245e-05 6356
21.5 5.377865918464586e-05 5348
22 4.485746857930952e-05 4308
22.5 3.68731427170524e-05 3563
23 2.336217037956296e-05 2448
23.5 1.949385207487891e-05 1868
24 1.390509886124805e-05 1358
24.5 1.161466543879801e-05 1062
25 8.460824071255257e-06 776
25.5 4.760585207231894e-06 432
26 2.284914343535531e-06 200
26.5 2.014449569312599e-06 168
27 6.196758398730533e-07 56
27.5 5.477510149765311e-08 7

0.5 4.895879811629334e-07 18
1 2.19530534846463e-06 62
1.5 2.006815136817709e-06 98
2 3.784444865614072e-06 210
2.5 5.047096222288507e-06 350
3 6.044508700089826e-06 450
3.5 7.470839028632336e-06 602
4 9.260998795599216e-06 762
4.5 1.386552935805685e-05 1142
5 1.46247900569379e-05 1250
5.5 1.715138919620431e-05 1458
6 1.986225001467429e-05 1814
6.5 2.432017137730845e-05 2178
7 2.604381401874645e-05 2498
7.5 2.750583765754893e-05 2622
8 3.356198739134022e-05 3338
8.5 3.634289030045813e-05 3722
9 4.045618941670327e-05 4170
9.5 4.217979178132126e-05 4358
10 4.827523948087974e-05 5034
10.5 5.360408235752563e-05 5714
11 5.665232073416905e-05 5982
11.5 6.221453975430455e-05 6602
12 6.713462893733251e-05 7130
12.5 7.649866515994093e-05 8034
13 8.363657322734963e-05 8606
13.5 8.841373852115507e-05 9066
14 9.741757275118851e-05 9962
14.5 0.0001049282653677977 10550
15 0.0001135111704378564 11226
15.5 0.0001248226884373159 12146
16 0.0001261092961490274 12303
16.5 0.0001293271111258863 12584
17 0.0001216698720683514 12120
17.5 0.0001109997950367425 11180
18 0.0001132144997528342 11096
18.5 9.814193880023691e-05 10056
19 9.465683240416663e-05 9716
19.5 8.638570535638745e-05 8604
20 7.948645760011399e-05 8060
20.5 7.131419018909975e-05 7320
21 6.328857167751615e-05 6356
21.5 5.431643062766727e-05 5348
22 4.448903537365603e-05 4308
22.5 3.660477720074845e-05 3563
23 2.364162272119669e-05 2448
23.5 1.928475579644e-05 1868
24 1.423348830082947e-05 1358
24.5 1.163119946648159e-05 1062
25 8.584223411186943e-06 776
25.5 4.796150902911597e-06 432
26 2.439701141702086e-06 200
26.5 2.032459677564122e-06 168
27 5.796276216234503e-07 56
27.5 7.95511302721616e-08 7

