1:binCentralValue 2:valuesAverage 3:valuesAverage 4:multiplicity
0.5 1.209389588768472e-15 1.656749397238355e-11 18
1 7.581335280565268e-15 3.499438765483913e-10 62
1.5 1.68424283936567e-14 5.416556217667179e-10 98
2 6.147060888524804e-14 2.035565335571322e-09 210
2.5 1.090369192500461e-13 3.855608497859746e-09 350
3 1.932272094795957e-13 7.059964335809619e-09 450
3.5 2.641525705991906e-13 1.121702195835092e-08 602
4 4.275743664699065e-13 1.536915693083136e-08 762
4.5 6.946881269634577e-13 2.760666725358709e-08 1142
5 7.556586629705679e-13 2.894037863460876e-08 1250
5.5 1.042839056972254e-12 3.891242312112959e-08 1458
6 1.439028269836062e-12 5.020267270045856e-08 1814
6.5 1.928018623766113e-12 6.936346031075774e-08 2178
7 2.316824081735183e-12 8.329170959614833e-08 2498
7.5 2.589284949113478e-12 9.892370851855936e-08 2622
8 3.657518501463316e-12 1.336365772996258e-07 3338
8.5 4.410211193544665e-12 1.606195611121896e-07 3722
9 4.965042642875598e-12 1.850089120816564e-07 4170
9.5 5.532047484884655e-12 2.108685535713494e-07 4358
10 6.621461829586961e-12 2.586112425801934e-07 5034
10.5 7.911711253437985e-12 3.04636908927183e-07 5714
11 8.832520766840736e-12 3.354505403107427e-07 5982
11.5 1.047546407594386e-11 3.945601268378897e-07 6602
12 1.164371189648916e-11 4.412921464411302e-07 7130
12.5 1.309943314791761e-11 5.109034803485394e-07 8034
13 1.457863360502961e-11 5.498174503083896e-07 8606
13.5 1.628376508646659e-11 6.295870412993507e-07 9066
14 1.859699234769478e-11 7.215229970551237e-07 9962
14.5 2.003514035496426e-11 7.792849392607724e-07 10550
15 2.249228575125982e-11 8.60381666049716e-07 11226
15.5 2.49248283637886e-11 9.563576511251918e-07 12146
16 2.649249815242706e-11 1.000330627620951e-06 12303
16.5 2.827540193079237e-11 1.065567097453762e-06 12584
17 2.715166304890449e-11 1.026179520248606e-06 12120
17.5 2.555452106829528e-11 9.742200212651323e-07 11180
18 2.627011821816514e-11 1.011324752478161e-06 11096
18.5 2.409074072377482e-11 9.294695652248663e-07 10056
19 2.471780581082584e-11 9.21666544983828e-07 9716
19.5 2.235186624652425e-11 8.356498075684024e-07 8604
20 1.09174408482236e-11 3.951494063660336e-07 8060
20.5 1.75487412795722e-42 6.53106631735209e-38 7320
21 1.524082218987897e-42 5.865421086166053e-38 6356
21.5 1.221875521592085e-42 4.778172330506683e-38 5348
22 1.000334251908051e-42 3.795032332272795e-38 4308
22.5 7.932621585544585e-43 3.077446078067697e-38 3563
23 5.024310804202421e-43 2.003366083963049e-38 2448
23.5 3.886426698686878e-43 1.471983462470006e-38 1868
24 2.738587245522808e-43 1.095870978340891e-38 1358
24.5 1.948934471561442e-43 7.642553471890343e-39 1062
25 1.33817488446677e-43 5.30054456091412e-39 776
25.5 6.979276723599379e-44 2.518560015807022e-39 432
26 2.89395209656033e-44 1.099510848406685e-39 200
26.5 2.884588363686078e-44 8.891734182922024e-40 168
27 8.074284343432501e-45 2.101414841084189e-40 56
27.5 1.433593154560218e-45 1.509128768502729e-41 7

0.5 7.26064650741688e-15 1.406640632120026e-12 18
1 1.614935121978661e-13 2.952855915311709e-11 62
1.5 2.404504777623232e-13 3.927553921289201e-11 98
2 9.198805347417235e-13 1.310029354254479e-10 210
2.5 1.696374331682419e-12 1.985132661409155e-10 350
3 3.007977258207012e-12 2.716396714320601e-10 450
3.5 4.368273968088171e-12 2.856146249068224e-10 602
4 5.118194367670684e-12 2.164681253252098e-10 762
4.5 7.217994843285275e-12 1.529610404899575e-10 1142
5 5.217055834935222e-12 2.924579746837459e-11 1250
5.5 4.139354525403263e-12 1.466955925298942e-11 1458
6 2.339057580888604e-12 1.06807072575438e-10 1814
6.5 7.189900616903719e-13 3.289263475514878e-10 2178
7 8.129737794705395e-13 5.306877417340286e-10 2498
7.5 4.125133486624525e-12 5.939971429840489e-10 2622
8 1.394181642110361e-11 5.145045483153208e-10 3338
8.5 2.842727946509152e-11 2.2453468269603e-10 3722
9 4.563860956848395e-11 1.102473870444995e-10 4170
9.5 6.152607877756012e-11 6.291680608543376e-10 4358
10 7.883512025370951e-11 2.232147073173661e-09 5034
10.5 8.650216573248521e-11 4.929897825927979e-09 5714
11 7.985220306048104e-11 7.61056356249238e-09 5982
11.5 7.495291183585361e-11 1.056366176981184e-08 6602
12 5.832461367272485e-11 1.190398953796642e-08 7130
12.5 4.503314427677885e-11 1.169672352957731e-08 8034
13 3.40767369842931e-11 1.058078681146015e-08 8606
13.5 2.803490529786408e-11 9.303419505828083e-09 9066
14 2.357987303904924e-11 9.102139232904172e-09 9962
14.5 2.384283170133149e-11 1.094939010417272e-08 10550
15 2.320544282495309e-11 1.443769913596175e-08 11226
15.5 2.246042600866322e-11 1.95368761741959e-08 12146
16 1.808034321676196e-11 2.342593765994302e-08 12303
16.5 1.200042636990508e-11 2.675198998880326e-08 12584
17 9.153229625140782e-12 2.714547579089557e-08 12120
17.5 8.858920310692029e-12 2.607754849996179e-08 11180
18 8.784533138271806e-12 2.643038105960901e-08 11096
18.5 8.911693083159352e-12 2.090410049223032e-08 10056
19 1.069101098522209e-11 1.695699871878163e-08 9716
19.5 1.226145691754603e-11 1.195256244665486e-08 8604
20 6.217792242409436e-12 5.184694124679831e-09 8060
20.5 2.94710066738106e-17 3.74906690992066e-14 7320
21 2.409865588918908e-17 2.984589718542222e-14 6356
21.5 2.126051265437802e-17 2.272414123991426e-14 5348
22 1.816510722821407e-17 1.59097629061944e-14 4308
22.5 1.643607038712291e-17 1.217397402065448e-14 3563
23 1.140875187290919e-17 7.984518469042739e-15 2448
23.5 8.846348386020715e-18 6.568358612506571e-15 1868
24 5.813900687088144e-18 5.410356414814781e-15 1358
24.5 4.027812703644957e-18 5.008815564754996e-15 1062
25 2.241135353520092e-18 4.562811443110469e-15 776
25.5 1.129099986319661e-18 2.81177167810856e-15 432
26 4.154566230812011e-19 1.311537149383855e-15 200
26.5 3.846721331406674e-19 1.140197085705505e-15 168
27 1.191972457716789e-19 5.802556381610449e-16 56
27.5 1.60917933850435e-20 2.426828686633207e-17 7

0.5 2.827956873070034e-14 1.024225342128532e-11 18
1 6.530982150608678e-13 2.263637887475729e-10 62
1.5 1.011924866371857e-12 3.291756141108646e-10 98
2 4.093314366729706e-12 1.224741433737794e-09 210
2.5 7.972958736296641e-12 2.151438794171334e-09 350
3 1.486476517376833e-11 3.547769315380749e-09 450
3.5 2.209235071908629e-11 4.649059412189634e-09 602
4 2.554854076542964e-11 4.701343092274561e-09 762
4.5 3.333831220338827e-11 5.268928985370219e-09 1142
5 1.979869578878058e-11 2.63937708271023e-09 1250
5.5 1.041804836994236e-11 1.154629698455478e-09 1458
6 2.357544502346432e-12 2.12102667471199e-10 1814
6.5 5.920924078817182e-12 5.947372242036924e-10 2178
7 2.688998885173036e-11 2.135077357219057e-09 2498
7.5 5.37787074770055e-11 3.498941521271506e-09 2622
8 7.867876972895518e-11 4.08100839331064e-09 3338
8.5 6.443760619078514e-11 2.592025802921258e-09 3722
9 2.656414622671043e-11 7.883579049577574e-10 4170
9.5 1.880712301740195e-11 8.617041796172605e-10 4358
10 1.050801473323489e-10 3.599896332701539e-09 5034
10.5 3.074643526160742e-10 7.727273648004626e-09 5714
11 5.318498951919021e-10 1.009942225006939e-08 5982
11.5 7.542641656286072e-10 1.109501248860975e-08 6602
12 8.237056004985034e-10 9.360679313209519e-09 7130
12.5 7.590034078723911e-10 7.27337305374621e-09 8034
13 6.542978023669989e-10 5.512265117185116e-09 8606
13.5 5.542882109156674e-10 4.380480293522459e-09 9066
14 4.964008650607155e-10 3.331893232588556e-09 9962
14.5 5.110847258784313e-10 3.218567646073305e-09 10550
15 5.025744884268646e-10 3.228842977663534e-09 11226
15.5 5.028699397682008e-10 3.536485458682701e-09 12146
16 4.250115440780381e-10 3.347183037204168e-09 12303
16.5 2.800072329488534e-10 2.773454278315539e-09 12584
17 1.763961235854646e-10 2.4439295192007e-09 12120
17.5 1.31244478056899e-10 2.356947064079829e-09 11180
18 7.748898458960186e-11 2.479692041181593e-09 11096
18.5 3.125860369420702e-11 1.922105534392845e-09 10056
19 1.456008175052926e-11 1.403744217348546e-09 9716
19.5 1.317876575839258e-11 8.976177515937188e-10 8604
20 7.046277502466249e-12 3.671629768754352e-10 8060
20.5 1.247918123824079e-16 7.492304897501622e-15 7320
21 1.010470225970428e-16 6.129852841779368e-15 6356
21.5 8.168222546765932e-17 4.685506460612623e-15 5348
22 6.861941536659629e-17 3.723650035694917e-15 4308
22.5 5.786489797482866e-17 2.94411675519889e-15 3563
23 3.927206842253878e-17 2.07183680548993e-15 2448
23.5 2.944688670107167e-17 1.745192122264958e-15 1868
24 1.908179509547144e-17 1.420047312651369e-15 1358
24.5 1.368817901644545e-17 1.389280444406319e-15 1062
25 8.390138414968811e-18 1.130061389806364e-15 776
25.5 4.222894515577306e-18 6.474733805918397e-16 432
26 1.976322416116081e-18 3.408767540450126e-16 200
26.5 1.465727699646858e-18 2.738863278700912e-16 168
27 4.381246738312843e-19 1.020588163594137e-16 56
27.5 3.904132286077642e-20 2.876498922200693e-18 7

0.5 9.137059340798201e-12 3.027447825766873e-11 18
1 2.128157728756648e-10 6.958257576469624e-10 62
1.5 3.329117730257121e-10 1.068546474867956e-09 98
2 1.35767381734468e-09 4.244112355578212e-09 210
2.5 2.651999749321955e-09 8.004393635261703e-09 350
3 4.90996592321161e-09 1.416688367685046e-08 450
3.5 7.157607766764082e-09 1.963505020186019e-08 602
4 8.001724202693451e-09 2.069884318415801e-08 762
4.5 9.884427308950858e-09 2.379409699779695e-08 1142
5 5.429979347723259e-09 1.200691452757873e-08 1250
5.5 2.599338552274184e-09 5.256772336090251e-09 1458
6 5.218036303948476e-10 9.53130908274545e-10 1814
6.5 1.106339809626318e-09 1.686960280896601e-09 2178
7 4.167194165408826e-09 5.461403916054533e-09 2498
7.5 6.805181600370524e-09 7.518398038291995e-09 2622
8 7.694930577114976e-09 6.805368722866442e-09 3338
8.5 4.781210544744889e-09 3.291122518012654e-09 3722
9 1.477974637014814e-09 7.714061701031136e-10 4170
9.5 6.232487427855389e-10 1.361627508565635e-10 4358
10 1.734121744262897e-09 6.616070984394465e-11 5034
10.5 2.732485283547319e-09 3.293115628478512e-10 5714
11 2.326671505602993e-09 1.397811127955822e-09 5982
11.5 1.682835085409696e-09 2.964276842817384e-09 6602
12 1.069080730204234e-09 3.783585446161418e-09 7130
12.5 9.768987543623225e-10 3.410267090370474e-09 8034
13 7.975665667123706e-10 2.874746693686614e-09 8606
13.5 7.210357871969458e-10 2.318760428313901e-09 9066
14 7.312946930894201e-10 1.959723534204603e-09 9962
14.5 8.225640604527654e-10 2.047896366808451e-09 10550
15 9.045843587779679e-10 2.165474309605382e-09 11226
15.5 9.329809323834914e-10 2.414040097684105e-09 12146
16 8.265880462930514e-10 2.271769531006793e-09 12303
16.5 7.167767022686196e-10 1.699118846962014e-09 12584
17 5.42390295908522e-10 1.290403811135386e-09 12120
17.5 3.897534646103268e-10 1.1670836901044e-09 11180
18 1.834887082495634e-10 9.947361915050045e-10 11096
18.5 4.838410179969254e-11 5.874505935987618e-10 10056
19 1.340360107932553e-11 3.706600453352611e-10 9716
19.5 1.221493857036752e-11 3.331921688360207e-10 8604
20 7.867062231816719e-12 1.624794112478096e-10 8060
20.5 1.703644474571284e-15 9.548758577322321e-15 7320
21 1.326756094027973e-15 7.015905843324557e-15 6356
21.5 1.03854711523314e-15 5.19456483946724e-15 5348
22 7.795372776516134e-16 3.49087542722668e-15 4308
22.5 5.871332549418208e-16 2.414689417949619e-15 3563
23 3.352239726296958e-16 1.262104473142181e-15 2448
23.5 2.510196744533539e-16 8.559491357694148e-16 1868
24 1.470887792173824e-16 5.729922732517416e-16 1358
24.5 9.511412490340904e-17 4.935129432089664e-16 1062
25 6.442984622600795e-17 3.422386520884884e-16 776
25.5 3.028741214346711e-17 1.890639977146302e-16 432
26 1.156288380202489e-17 8.014539776149412e-17 200
26.5 1.320310402256167e-17 8.660443273079098e-17 168
27 4.202336002498233e-18 2.674756728648199e-17 56
27.5 4.373185278604121e-19 1.754489062055355e-18 7

0.5 7.356973477099411e-11 5.839584594812021e-09 18
1 1.653101425765782e-09 1.328505694336924e-07 62
1.5 2.478991498887117e-09 2.026869095334457e-07 98
2 9.478593204046943e-09 7.951629002160796e-07 210
2.5 1.694078541975464e-08 1.470107041015908e-06 350
3 2.792364730941021e-08 2.532952946373065e-06 450
3.5 3.558485229273493e-08 3.391090907638248e-06 602
4 3.38092524553606e-08 3.412871172536427e-06 762
4.5 3.402306826139807e-08 3.688246978289557e-06 1142
5 1.4534970372843e-08 1.71559040016231e-06 1250
5.5 5.301175442512073e-09 6.842909746721529e-07 1458
6 7.79663341140929e-10 1.109405217423317e-07 1814
6.5 8.898454415932852e-10 1.54733223418424e-07 2178
7 1.977652045886809e-09 4.080315595442599e-07 2498
7.5 1.706345716697156e-09 4.353172270838521e-07 2622
8 7.983205499013473e-10 2.75852286647176e-07 3338
8.5 1.657482185316193e-10 8.467255428591841e-08 3722
9 2.36161351738521e-11 1.143247252399875e-08 4170
9.5 2.9719954499676e-11 3.117057875843078e-09 4358
10 1.264828148033426e-10 2.619922924622777e-08 5034
10.5 2.361754439698062e-10 8.255362792185543e-08 5714
11 2.045903070566876e-10 1.133736677512871e-07 5982
11.5 1.480751866532152e-10 1.06752518253674e-07 6602
12 9.673604048371946e-11 7.288358073203363e-08 7130
12.5 7.742756464376332e-11 5.748893288829097e-08 8034
13 4.803674748472878e-11 4.632756965304344e-08 8606
13.5 3.510670929058729e-11 4.149625203143337e-08 9066
14 4.238202513790635e-11 3.575943300159509e-08 9962
14.5 8.181733384333244e-11 3.510713158104985e-08 10550
15 1.351142985043114e-10 3.352495355963052e-08 11226
15.5 1.694872684874043e-10 3.02782982377713e-08 12146
16 1.750463535647782e-10 2.209050113879452e-08 12303
16.5 1.728163077160531e-10 1.614150569148377e-08 12584
17 1.479078315231645e-10 1.207560143329759e-08 12120
17.5 1.27606070007132e-10 8.00193319036741e-09 11180
18 8.516173872660777e-11 2.788823217484747e-09 11096
18.5 3.294554455616162e-11 4.612906010892373e-10 10056
19 1.250753743270834e-11 1.416100889634866e-10 9716
19.5 1.529909215843498e-11 1.686619123020776e-10 8604
20 1.013893295701878e-11 1.220122500315957e-10 8060
20.5 4.567296728131538e-14 1.050862490446899e-11 7320
21 2.733180102022272e-14 6.520082333994329e-12 6356
21.5 1.602057335646691e-14 4.087501798682905e-12 5348
22 7.87561695935324e-15 2.265627116560576e-12 4308
22.5 4.587385417461752e-15 1.35714020499603e-12 3563
23 1.592130889781995e-15 5.7076927830326e-13 2448
23.5 7.567628714609874e-16 3.422052810721619e-13 1868
24 3.343140805511675e-16 1.963956579978834e-13 1358
24.5 1.93486034062838e-16 1.230759176677925e-13 1062
25 9.699680603098259e-17 8.216207364208042e-14 776
25.5 4.219144622390055e-17 3.193726989698005e-14 432
26 1.823563422604477e-17 1.363803957311275e-14 200
26.5 1.246600061523409e-17 1.131169593762047e-14 168
27 3.870885748789717e-18 4.48511664679382e-15 56
27.5 4.15738863195676e-19 6.855172818067762e-16 7

0.5 1.217721088868529e-09 8.465549866731887e-08 18
1 2.249136104218828e-08 1.793632094337962e-06 62
1.5 3.677396972936178e-08 2.72915353909072e-06 98
2 1.372033813329837e-07 1.016083486617518e-05 210
2.5 2.613407429181736e-07 1.892433661452647e-05 350
3 4.335889600203943e-07 3.040576974163186e-05 450
3.5 5.747232294211172e-07 3.863654033783473e-05 602
4 6.040754433130027e-07 3.976956057376295e-05 762
4.5 6.294080906504713e-07 4.065805746012436e-05 1142
5 3.03313786914155e-07 2.064504192255791e-05 1250
5.5 1.397445567395689e-07 1.154546157865394e-05 1458
6 5.189141191982902e-08 8.098321120399905e-06 1814
6.5 4.720884260082771e-08 8.812751399145749e-06 2178
7 6.324523091777376e-08 1.034376983784969e-05 2498
7.5 5.597291985142439e-08 9.374819268890125e-06 2622
8 3.566850401487545e-08 9.454974258809164e-06 3338
8.5 1.790733853644575e-08 7.925694330831878e-06 3722
9 1.451674285105962e-08 6.717270255546412e-06 4170
9.5 1.491821440820989e-08 5.394159887362313e-06 4358
10 1.653725695619545e-08 4.631780564482483e-06 5034
10.5 2.026429766320315e-08 3.801306597686651e-06 5714
11 1.89223286965133e-08 2.890608282597542e-06 5982
11.5 1.761294225040512e-08 2.218131291074949e-06 6602
12 1.570212954046143e-08 1.775836147929992e-06 7130
12.5 1.417815433550821e-08 1.45986565630649e-06 8034
13 1.153656844449938e-08 1.148938066429852e-06 8606
13.5 9.799474983535453e-09 9.674416516080079e-07 9066
14 8.539298451748461e-09 8.362877812872402e-07 9962
14.5 7.231910440177188e-09 7.362365126790435e-07 10550
15 6.069749088140161e-09 6.476743025895622e-07 11226
15.5 5.470038190488854e-09 5.871418571981057e-07 12146
16 4.603886410582999e-09 4.994826905145834e-07 12303
16.5 3.515051264370448e-09 4.060180092880368e-07 12584
17 2.46985868920576e-09 2.883500732305241e-07 12120
17.5 1.772894973236362e-09 2.057897894025346e-07 11180
18 1.343581625196503e-09 1.402688519003047e-07 11096
18.5 1.020336934496695e-09 8.648921177262666e-08 10056
19 8.38927359573587e-10 6.088555927681237e-08 9716
19.5 6.709678719514258e-10 4.058789799908272e-08 8604
20 6.163301003778865e-10 2.784115606884648e-08 8060
20.5 5.140376354489893e-10 1.758620108185112e-08 7320
21 4.342549531765225e-10 1.106559231387287e-08 6356
21.5 3.506838332298517e-10 7.139322564974799e-09 5348
22 2.58999525105772e-10 4.346396712857389e-09 4308
22.5 2.02226487571341e-10 2.541523519137588e-09 3563
23 1.302215364825367e-10 1.287139195366914e-09 2448
23.5 8.776357787717719e-11 7.63757259959516e-10 1868
24 6.250044488640678e-11 4.60972532243094e-10 1358
24.5 4.625212526644535e-11 2.860022046760764e-10 1062
25 3.038563956091241e-11 1.814845837583422e-10 776
25.5 1.673034236047721e-11 9.709426432680571e-11 432
26 9.294201847612217e-12 3.971203548359248e-11 200
26.5 6.117030687977619e-12 3.042217831764802e-11 168
27 2.60820740082145e-12 1.067469790975045e-11 56
27.5 3.049568325170475e-13 1.406091688850329e-12 7

0.5 1.264739915227756e-08 7.304314869936668e-09 18
1 7.009752483177885e-08 4.404528330749409e-08 62
1.5 1.432958787325972e-07 1.046203532964155e-07 98
2 4.072019094009764e-07 2.397003996108547e-07 210
2.5 8.148295211467693e-07 5.634656742155871e-07 350
3 1.010648354750474e-06 7.371732629557925e-07 450
3.5 1.320439971629511e-06 8.615680739520933e-07 602
4 1.434682448196142e-06 1.267860735078997e-06 762
4.5 1.939764523254028e-06 1.707707043895489e-06 1142
5 2.032599562307373e-06 1.923548490807811e-06 1250
5.5 2.389602941689333e-06 2.244302238764307e-06 1458
6 2.591436292547092e-06 2.688770485314872e-06 1814
6.5 2.952875763387833e-06 3.261674816138387e-06 2178
7 3.321636166701055e-06 3.870324215428198e-06 2498
7.5 3.234000326726255e-06 4.158470937463506e-06 2622
8 3.898171711646807e-06 5.351193475820699e-06 3338
8.5 4.189904546890395e-06 6.058311958566256e-06 3722
9 4.74533122562571e-06 6.892948484813699e-06 4170
9.5 4.815501581319202e-06 7.751035352471443e-06 4358
10 5.582142695237559e-06 9.058270216376129e-06 5034
10.5 6.097131662582311e-06 1.032917243421663e-05 5714
11 6.402108835353611e-06 1.101035868886319e-05 5982
11.5 6.77114703935863e-06 1.253337528708697e-05 6602
12 7.271479648658863e-06 1.418642125302392e-05 7130
12.5 8.317964658500608e-06 1.590523605180137e-05 8034
13 8.50413213092462e-06 1.776759078138284e-05 8606
13.5 9.091091734697039e-06 1.925744894821279e-05 9066
14 9.635988816630756e-06 2.174643963157817e-05 9962
14.5 1.039375117517794e-05 2.434115685249368e-05 10550
15 1.119680189209322e-05 2.546977844113389e-05 11226
15.5 1.196618468608491e-05 2.928793158758753e-05 12146
16 1.220260883796465e-05 2.967784339877135e-05 12303
16.5 1.201118517789399e-05 3.222620656695006e-05 12584
17 1.138432187360014e-05 3.105920180326101e-05 12120
17.5 1.03547817386146e-05 2.990811206871956e-05 11180
18 1.016737637335e-05 3.107558924526196e-05 11096
18.5 9.148996983025235e-06 2.866835856418637e-05 10056
19 8.654708814198344e-06 2.968982718815685e-05 9716
19.5 7.765348932437283e-06 2.66299296734997e-05 8604
20 7.349576253143193e-06 2.549376203574743e-05 8060
20.5 6.492658533479672e-06 2.469376514138337e-05 7320
21 5.561804599241696e-06 2.153117012803702e-05 6356
21.5 4.809984070962038e-06 1.854388909915751e-05 5348
22 3.843996505064503e-06 1.608918563018388e-05 4308
22.5 3.094916657279247e-06 1.3613901698226e-05 3563
23 2.095602837919017e-06 9.698262593370081e-06 2448
23.5 1.613235707966013e-06 7.707310179358546e-06 1868
24 1.1862544225376e-06 5.44870520543975e-06 1358
24.5 8.387120990688049e-07 4.623249382164993e-06 1062
25 6.103875922860753e-07 3.305610763798004e-06 776
25.5 3.113372072776428e-07 2.036506242010113e-06 432
26 1.290423223223407e-07 9.692251195457511e-07 200
26.5 1.333257161885377e-07 7.939044112874459e-07 168
27 4.11778041363068e-08 3.298595519518751e-07 56
27.5 5.307115564170113e-09 2.112326716402452e-08 7

0.5 1.80351197906471e-09 2.693544266304814e-09 18
1 1.785377749987618e-08 3.530003741413868e-08 62
1.5 4.786276338962948e-08 5.783493522694013e-08 98
2 1.412180756575113e-07 1.389949140419929e-07 210
2.5 2.582553840408975e-07 3.586859117514923e-07 350
3 4.067770469617041e-07 4.356667379509763e-07 450
3.5 5.785515133124483e-07 5.74121713118552e-07 602
4 8.588212018431745e-07 7.026740850792755e-07 762
4.5 1.357197923629079e-06 1.173702645809595e-06 1142
5 1.533822397396398e-06 1.325750227479841e-06 1250
5.5 2.054113494789927e-06 1.668715768351078e-06 1458
6 2.323892662087886e-06 2.109218418076929e-06 1814
6.5 3.12982980762602e-06 2.544614091923594e-06 2178
7 3.320516214154304e-06 3.013419008109769e-06 2498
7.5 3.544735513393403e-06 3.433788840765674e-06 2622
8 4.754759289968605e-06 4.684830861404506e-06 3338
8.5 5.130312816617746e-06 5.600775869385904e-06 3722
9 5.705255052079108e-06 6.441363625666746e-06 4170
9.5 5.861806006089339e-06 6.662797690120637e-06 4358
10 6.791674497269102e-06 8.203930428654187e-06 5034
10.5 7.708463157500194e-06 9.610877168260934e-06 5714
11 7.927483581642189e-06 1.059042002569129e-05 5982
11.5 9.033745625777631e-06 1.213502532277831e-05 6602
12 9.678820116770345e-06 1.346629246115448e-05 7130
12.5 1.06036158499247e-05 1.537489570305982e-05 8034
13 1.168049097392619e-05 1.693780169614441e-05 8606
13.5 1.17306425645677e-05 1.867400473433182e-05 9066
14 1.320472690946884e-05 2.137269704409053e-05 9962
14.5 1.371683208838803e-05 2.270714101447601e-05 10550
15 1.442926183561273e-05 2.539900657325698e-05 11226
15.5 1.578801482066196e-05 2.795704909581859e-05 12146
16 1.591238166840495e-05 2.89491368871543e-05 12303
16.5 1.601964227948238e-05 3.02611200432644e-05 12584
17 1.503473291174151e-05 2.941531476539684e-05 12120
17.5 1.37375627725116e-05 2.868211122378766e-05 11180
18 1.344188087136727e-05 2.911775719851304e-05 11096
18.5 1.179609620026843e-05 2.631387486450978e-05 10056
19 1.161831389062243e-05 2.634992416258872e-05 9716
19.5 1.006642408255984e-05 2.39511739922595e-05 8604
20 9.488122301513658e-06 2.329626692761848e-05 8060
20.5 8.617873426723424e-06 2.133469324679777e-05 7320
21 7.589606344195134e-06 1.82007939717238e-05 6356
21.5 6.479996441255544e-06 1.5845209750231e-05 5348
22 4.953795723536742e-06 1.293354720341827e-05 4308
22.5 4.304739480225792e-06 1.045025108272111e-05 3563
23 2.638678116791025e-06 7.802368480576075e-06 2448
23.5 2.124326886547313e-06 6.008685196324394e-06 1868
24 1.538530567145337e-06 3.861146998352415e-06 1358
24.5 1.212565001567218e-06 3.456110030021719e-06 1062
25 9.116591964941409e-07 2.372430140314896e-06 776
25.5 4.711783113877282e-07 1.427900868302226e-06 432
26 2.291395234614045e-07 7.531601219279554e-07 200
26.5 2.106470465438006e-07 5.287675087651151e-07 168
27 5.488800992297972e-08 1.99954127484581e-07 56
27.5 1.091432163659347e-08 1.550934207879707e-08 7

0.5 2.640582379060089e-09 4.678916803334704e-09 18
1 3.660472946629746e-08 2.085374121198611e-08 62
1.5 7.818562131416558e-08 7.728589646008764e-08 98
2 2.015200429906476e-07 2.077660698376545e-07 210
2.5 4.710086604607409e-07 3.859458768027392e-07 350
3 5.761341981910257e-07 6.263605847672491e-07 450
3.5 9.057669563996741e-07 9.232885376705615e-07 602
4 1.2288820133455e-06 1.255258868006189e-06 762
4.5 1.935199658160323e-06 2.040968970138217e-06 1142
5 2.109023158103041e-06 2.71982423554313e-06 1250
5.5 2.65511912911348e-06 3.127182687811905e-06 1458
6 3.323150295676081e-06 4.421146968755795e-06 1814
6.5 3.952109455552169e-06 5.473733780018652e-06 2178
7 4.36914652930082e-06 6.414480319580272e-06 2498
7.5 4.806817844588481e-06 7.251698384349572e-06 2622
8 6.087880587653567e-06 9.858965907700516e-06 3338
8.5 6.302178144983035e-06 1.102196144561758e-05 3722
9 7.141294619389329e-06 1.245340053223778e-05 4170
9.5 7.297087633201083e-06 1.323878880685809e-05 4358
10 8.448242086745459e-06 1.619948196869331e-05 5034
10.5 9.288910609024364e-06 1.903617874318687e-05 5714
11 9.188186114569847e-06 2.037330000248975e-05 5982
11.5 1.02839275616295e-05 2.24980879637007e-05 6602
12 1.067870276744351e-05 2.594306135535036e-05 7130
12.5 1.175976231338692e-05 2.923530036966355e-05 8034
13 1.284986180653358e-05 3.130558235275066e-05 8606
13.5 1.350818871955585e-05 3.391554087266019e-05 9066
14 1.481419384038801e-05 3.79138696121165e-05 9962
14.5 1.58478951949962e-05 4.119308565616398e-05 10550
15 1.687813118736965e-05 4.487357125368256e-05 11226
15.5 1.839594127150481e-05 5.03179006448594e-05 12146
16 1.854602469943933e-05 5.115834304050948e-05 12303
16.5 1.855905491293233e-05 5.30343036241013e-05 12584
17 1.826087385730432e-05 5.104358807324115e-05 12120
17.5 1.62817087450804e-05 4.834204258471378e-05 11180
18 1.620106978006887e-05 4.890959508533648e-05 11096
18.5 1.418722655665179e-05 4.439277420542966e-05 10056
19 1.385099306302092e-05 4.415208230769544e-05 9716
19.5 1.235687183707287e-05 4.025522480392762e-05 8604
20 1.128436504174032e-05 3.765731154669138e-05 8060
20.5 1.029271974890795e-05 3.399390059322487e-05 7320
21 8.933359309597779e-06 3.076418383823191e-05 6356
21.5 7.457341230410908e-06 2.665475106652238e-05 5348
22 6.156675088997271e-06 2.044161247790551e-05 4308
22.5 4.823975529939216e-06 1.843559770034515e-05 3563
23 3.247117041470764e-06 1.222497551168873e-05 2448
23.5 2.617986145913759e-06 9.809980055680693e-06 1868
24 1.836988793902468e-06 6.926289312881518e-06 1358
24.5 1.326298743950736e-06 5.82506649570932e-06 1062
25 1.073985620645607e-06 3.702027831374526e-06 776
25.5 5.808780450930217e-07 2.293726648781176e-06 432
26 2.186404296659135e-07 1.055943804486516e-06 200
26.5 1.949727373455379e-07 9.51381424060528e-07 168
27 9.658492985114451e-08 3.682447484010536e-07 56
27.5 1.108549181098798e-08 3.973657262091521e-08 7

0.5 4.73965292712724e-09 2.569325999661231e-09 18
1 3.14294091453141e-08 3.303922565868416e-08 62
1.5 8.901962739717668e-08 5.731245353839077e-08 98
2 2.32830868963497e-07 1.68111155216723e-07 210
2.5 5.025867959461119e-07 3.260605523878705e-07 350
3 7.632766193579997e-07 4.475625764120661e-07 450
3.5 1.035747635301593e-06 6.78268493689946e-07 602
4 1.530063125535145e-06 1.07466798312585e-06 762
4.5 2.466199312637412e-06 1.616288944862302e-06 1142
5 3.135023426909761e-06 1.982816804766684e-06 1250
5.5 3.756179295504884e-06 2.590820573866562e-06 1458
6 4.514882931176427e-06 3.421664358642329e-06 1814
6.5 5.866449726077205e-06 4.649377813177073e-06 2178
7 6.867190115678134e-06 5.402945528418865e-06 2498
7.5 7.119597013596726e-06 5.8816142379299e-06 2622
8 9.059058373290511e-06 8.271129063271649e-06 3338
8.5 9.668745167883484e-06 9.060325011884103e-06 3722
9 1.105884536419558e-05 1.033257140161562e-05 4170
9.5 1.147606986302566e-05 1.150754444333696e-05 4358
10 1.343564126545369e-05 1.370549069265079e-05 5034
10.5 1.527142612234025e-05 1.607565834991078e-05 5714
11 1.539361463343076e-05 1.687294755274536e-05 5982
11.5 1.715468566647109e-05 1.898013703830769e-05 6602
12 1.824342041124695e-05 2.156991572660436e-05 7130
12.5 2.10392693919459e-05 2.520659249799004e-05 8034
13 2.15440449014605e-05 2.673497093889564e-05 8606
13.5 2.409639532937204e-05 2.990724696723943e-05 9066
14 2.55101896436646e-05 3.249250415422141e-05 9962
14.5 2.730131635007187e-05 3.714211747949834e-05 10550
15 2.875246097957587e-05 3.988939206497654e-05 11226
15.5 3.168079996028006e-05 4.371905401197356e-05 12146
16 3.18168044394223e-05 4.567970634342668e-05 12303
16.5 3.229819556870167e-05 4.780818194661102e-05 12584
17 3.108202020622261e-05 4.720345062847253e-05 12120
17.5 2.689418865314073e-05 4.5201247309878e-05 11180
18 2.711587871757212e-05 4.574497624864297e-05 11096
18.5 2.377654146289781e-05 4.234433678751296e-05 10056
19 2.253684751424483e-05 4.150577919379802e-05 9716
19.5 2.051382482095859e-05 3.865933087077319e-05 8604
20 1.950391590385999e-05 3.561512060534427e-05 8060
20.5 1.798224248766663e-05 3.362377598528171e-05 7320
21 1.531611622500342e-05 2.937600310395471e-05 6356
21.5 1.305746246245528e-05 2.58560838246906e-05 5348
22 1.068013968896142e-05 2.047176887912933e-05 4308
22.5 8.507152274490336e-06 1.76233387580446e-05 3563
23 5.821063562679421e-06 1.220548671470456e-05 2448
23.5 4.238569124255738e-06 9.667850323462947e-06 1868
24 3.253956990513516e-06 6.880720540822137e-06 1358
24.5 2.279238330967141e-06 5.268081436343587e-06 1062
25 1.888184003391782e-06 4.321043677607283e-06 776
25.5 9.648334688720599e-07 2.495009703884013e-06 432
26 5.577567758148002e-07 1.157666638226062e-06 200
26.5 4.342984207310889e-07 9.119869986374546e-07 168
27 1.564669728969517e-07 5.045613392865394e-07 56
27.5 6.39705707478658e-09 2.842250788657115e-08 7

0.5 9.859266878859914e-09 4.258600878645749e-09 18
1 4.469555549383419e-08 2.551796948736764e-08 62
1.5 1.11208756656481e-07 5.106607572794505e-08 98
2 3.319147950138695e-07 1.538731978083521e-07 210
2.5 5.580799498184643e-07 3.026348868239048e-07 350
3 7.464682336667259e-07 4.666750546728097e-07 450
3.5 1.218997194956986e-06 8.237781336449201e-07 602
4 1.76414473129051e-06 1.052283011105407e-06 762
4.5 2.716308164353134e-06 1.835061765781622e-06 1142
5 3.399436786329438e-06 2.176444438292836e-06 1250
5.5 4.139036966029955e-06 2.974427072756444e-06 1458
6 5.064210466287897e-06 3.932762571610866e-06 1814
6.5 6.296260199258127e-06 4.917494548011626e-06 2178
7 7.548903201214476e-06 5.942250262822067e-06 2498
7.5 7.457412090800218e-06 6.910843286614216e-06 2622
8 1.040486788366673e-05 9.30817885135622e-06 3338
8.5 1.18611028128485e-05 1.10268612114462e-05 3722
9 1.387085593132647e-05 1.275734801274305e-05 4170
9.5 1.391971028136486e-05 1.401333081719634e-05 4358
10 1.639675777954162e-05 1.721028551443175e-05 5034
10.5 1.724732438205739e-05 2.0403596601328e-05 5714
11 1.960413167007175e-05 2.16742208605156e-05 5982
11.5 2.147871934306894e-05 2.494704325276354e-05 6602
12 2.270727757820757e-05 2.725592170163343e-05 7130
12.5 2.525727459398351e-05 3.161504706721974e-05 8034
13 2.683505647986775e-05 3.478718089451534e-05 8606
13.5 2.910224139017423e-05 3.782542614442929e-05 9066
14 3.155504928821129e-05 4.1955843634076e-05 9962
14.5 3.373445655404927e-05 4.76333051854212e-05 10550
15 3.65978247084262e-05 5.312446738678023e-05 11226
15.5 3.927508695311607e-05 5.745397523159595e-05 12146
16 4.087582173154448e-05 5.98543143482766e-05 12303
16.5 3.93004881350965e-05 6.208736137751732e-05 12584
17 3.790503816205544e-05 6.211744670344839e-05 12120
17.5 3.504790846883795e-05 5.970195956356967e-05 11180
18 3.496837414893241e-05 5.871618637351733e-05 11096
18.5 3.17308796483584e-05 5.358297973983732e-05 10056
19 2.989422933960377e-05 5.562359022127462e-05 9716
19.5 2.639069522720188e-05 4.701562038663863e-05 8604
20 2.59586383454618e-05 4.697230670022822e-05 8060
20.5 2.246055325130824e-05 4.225331703280785e-05 7320
21 1.976078215647545e-05 3.937931748631155e-05 6356
21.5 1.68223688142829e-05 3.361883745380426e-05 5348
22 1.344648694356315e-05 2.686462627935045e-05 4308
22.5 1.132674660620701e-05 2.341632448482344e-05 3563
23 7.332741103968374e-06 1.603179241619566e-05 2448
23.5 5.312809325288375e-06 1.274253841904115e-05 1868
24 3.928997126273138e-06 8.773722829678008e-06 1358
24.5 3.289252025315424e-06 7.637069732803245e-06 1062
25 2.55278591101094e-06 5.264762484884334e-06 776
25.5 1.303286385597946e-06 2.959517260225088e-06 432
26 6.55303356132641e-07 1.73352607683449e-06 200
26.5 6.443013147011422e-07 1.121136220410154e-06 168
27 1.494465271448241e-07 4.536476977812545e-07 56
27.5 2.401512582506005e-08 5.621388259765444e-08 7

0.5 5.86399215761807e-09 3.338539283078983e-09 18
1 3.684663801047339e-08 1.700071012376257e-08 62
1.5 9.716419006606804e-08 4.893059425141489e-08 98
2 3.319351643476041e-07 1.247288468042727e-07 210
2.5 5.318436203165809e-07 2.447419602542086e-07 350
3 8.439569838562008e-07 4.278025141410798e-07 450
3.5 1.264748460663015e-06 6.406735129563112e-07 602
4 1.785450876080564e-06 9.663146355202265e-07 762
4.5 2.675679317443047e-06 1.590513667470552e-06 1142
5 3.09054527148897e-06 1.942605451850031e-06 1250
5.5 4.306626303062952e-06 2.547577616208395e-06 1458
6 5.259971775507084e-06 3.500454432142273e-06 1814
6.5 6.502431432799862e-06 4.510065891824175e-06 2178
7 8.154451431482799e-06 5.261402399000441e-06 2498
7.5 8.079544781235872e-06 5.856248007276583e-06 2622
8 1.090763369114915e-05 8.132042590148604e-06 3338
8.5 1.238263891981462e-05 9.901330495026488e-06 3722
9 1.431103200743097e-05 1.251942367622232e-05 4170
9.5 1.505837330293707e-05 1.257620537883508e-05 4358
10 1.718897515407192e-05 1.579861671513498e-05 5034
10.5 2.032497489012513e-05 1.843352213860906e-05 5714
11 2.130336087474984e-05 2.098981755043311e-05 5982
11.5 2.408671552023551e-05 2.355322997351128e-05 6602
12 2.581608074462648e-05 2.685546202527915e-05 7130
12.5 2.836086085775451e-05 3.069305443308172e-05 8034
13 3.218563674206452e-05 3.297226256960287e-05 8606
13.5 3.288714276335834e-05 3.685838747110799e-05 9066
14 3.644779449540891e-05 4.22611011796494e-05 9962
14.5 3.953918858056799e-05 4.646718011075955e-05 10550
15 4.250822606116217e-05 5.064041686382107e-05 11226
15.5 4.647668947281117e-05 5.713042037343054e-05 12146
16 4.706992704688817e-05 5.899877938938826e-05 12303
16.5 4.792576359497215e-05 6.12341786582352e-05 12584
17 4.702806843859164e-05 6.245941028718184e-05 12120
17.5 4.297463182277797e-05 5.846496639718901e-05 11180
18 4.161231563583165e-05 5.884366831971081e-05 11096
18.5 3.817521381432596e-05 5.572049117334771e-05 10056
19 3.591575674457681e-05 5.311135242563579e-05 9716
19.5 3.135760706397393e-05 4.887488553439298e-05 8604
20 3.082179607298539e-05 4.730866720989766e-05 8060
20.5 2.750444012760212e-05 4.400607125596226e-05 7320
21 2.427956154093845e-05 3.953132707280844e-05 6356
21.5 2.038021375447127e-05 3.360656192547196e-05 5348
22 1.60167839140387e-05 2.826278021070232e-05 4308
22.5 1.328684900384983e-05 2.28850212420199e-05 3563
23 9.426694445463898e-06 1.63096230711118e-05 2448
23.5 6.28649951499276e-06 1.262289574849926e-05 1868
24 5.111646492578677e-06 9.123024071852075e-06 1358
24.5 3.770497466478192e-06 7.542725448142617e-06 1062
25 3.051913563709519e-06 5.300857620766436e-06 776
25.5 1.559362043386648e-06 3.220836571308388e-06 432
26 8.640413989358594e-07 1.577113517760549e-06 200
26.5 6.3043932267849e-07 1.337871793614357e-06 168
27 2.734498389214058e-07 5.209424471701339e-07 56
27.5 1.329803966291664e-08 5.976974254795855e-08 7

0.5 6.604288351339193e-09 2.098263290457218e-09 18
1 4.259514025432821e-08 1.491213283180961e-08 62
1.5 8.897292083324678e-08 4.015087305157435e-08 98
2 2.632466253047815e-07 1.046465566639508e-07 210
2.5 4.884677765754976e-07 2.600621090804259e-07 350
3 8.740939273351725e-07 3.757114179366948e-07 450
3.5 1.214844783529341e-06 5.202014858177356e-07 602
4 1.686611483729844e-06 8.144452925621374e-07 762
4.5 2.753852666367969e-06 1.393163659686771e-06 1142
5 2.999517329816214e-06 1.718894399541574e-06 1250
5.5 3.893488345503812e-06 2.209495133350511e-06 1458
6 5.04271401178314e-06 2.901336923103067e-06 1814
6.5 6.352370565560176e-06 3.982652826024805e-06 2178
7 8.052646335401981e-06 4.975877951975587e-06 2498
7.5 8.292095564022517e-06 5.157324313801193e-06 2622
8 1.075924907320035e-05 7.65793202367786e-06 3338
8.5 1.196418806830373e-05 8.697961232618057e-06 3722
9 1.475617268036769e-05 1.044963594970432e-05 4170
9.5 1.513718682127646e-05 1.154525628020944e-05 4358
10 1.804279741646328e-05 1.45287874145879e-05 5034
10.5 2.024318940844322e-05 1.63796518855394e-05 5714
11 2.169608366670849e-05 1.87336174810594e-05 5982
11.5 2.429967255722141e-05 2.189705816480451e-05 6602
12 2.635033033090306e-05 2.395642786564274e-05 7130
12.5 2.975765194492293e-05 2.849047886624578e-05 8034
13 3.373643942073091e-05 3.198342499510652e-05 8606
13.5 3.568531814092501e-05 3.416417611118275e-05 9066
14 3.941888890875899e-05 3.993251085055117e-05 9962
14.5 4.135332996841899e-05 4.378847366156933e-05 10550
15 4.428285125785698e-05 4.783754549062576e-05 11226
15.5 5.018628975335374e-05 5.30891458489183e-05 12146
16 5.01327032825184e-05 5.573315405868481e-05 12303
16.5 5.104709293779215e-05 6.008922558981765e-05 12584
17 4.959803942357661e-05 5.806847281413566e-05 12120
17.5 4.525073133637793e-05 5.557748227008691e-05 11180
18 4.421048003373317e-05 5.541310601031409e-05 11096
18.5 3.975922333510781e-05 5.230960935125814e-05 10056
19 3.981130326744728e-05 5.282243600534541e-05 9716
19.5 3.456902059013798e-05 4.707927145827448e-05 8604
20 3.202673994780214e-05 4.515394852198474e-05 8060
20.5 2.958763802165606e-05 4.211143889595413e-05 7320
21 2.489041768059563e-05 3.715179411476538e-05 6356
21.5 2.177606865125758e-05 3.12071342693769e-05 5348
22 1.740576320083103e-05 2.670631051528057e-05 4308
22.5 1.449341433828314e-05 2.297799417604982e-05 3563
23 9.974480400867254e-06 1.526855080706125e-05 2448
23.5 7.456735687812164e-06 1.253617128568629e-05 1868
24 5.518427373743267e-06 8.857133416737785e-06 1358
24.5 4.057711567209155e-06 7.30321330677e-06 1062
25 3.436609962539868e-06 5.420223667093988e-06 776
25.5 1.874706092460905e-06 3.252915917927896e-06 432
26 7.841191840958483e-07 1.585920244827849e-06 200
26.5 8.556185343089698e-07 1.216489595423504e-06 168
27 1.889620443178496e-07 4.396864905117054e-07 56
27.5 2.886758064688613e-08 2.815746966058467e-08 7

0.5 6.06330226651646e-09 2.018325394922711e-09 18
1 3.89756457587993e-08 1.4445635436792e-08 62
1.5 1.078617773326445e-07 2.765317043456072e-08 98
2 2.645199253453884e-07 8.701015865938982e-08 210
2.5 5.427795391770163e-07 1.821834907755305e-07 350
3 7.481811707551992e-07 2.93342989284753e-07 450
3.5 1.200565175867082e-06 5.060559578218627e-07 602
4 1.685459399815339e-06 6.607888122299665e-07 762
4.5 2.525212775710433e-06 1.144702456957075e-06 1142
5 3.198928228234402e-06 1.480607555722763e-06 1250
5.5 3.868855401863556e-06 1.993631469848636e-06 1458
6 5.479891330099809e-06 2.503835886699823e-06 1814
6.5 6.603838704549166e-06 3.337714874381758e-06 2178
7 7.840950812855386e-06 4.054900536220567e-06 2498
7.5 8.529117145404716e-06 4.690962262984453e-06 2622
8 1.056407044535107e-05 6.187139866237211e-06 3338
8.5 1.26677985098993e-05 7.542917200632634e-06 3722
9 1.418650969820937e-05 9.289018459113143e-06 4170
9.5 1.538911433906563e-05 9.92465481541672e-06 4358
10 1.841143161830572e-05 1.286161852685265e-05 5034
10.5 2.075032091087213e-05 1.456112214811231e-05 5714
11 2.140822641207816e-05 1.614569409831799e-05 5982
11.5 2.369960329347416e-05 1.863186646126894e-05 6602
12 2.692702316738388e-05 2.073633725984508e-05 7130
12.5 3.042416114432301e-05 2.452304334262678e-05 8034
13 3.374090140065795e-05 2.739503011655449e-05 8606
13.5 3.479238887434803e-05 3.134971000013333e-05 9066
14 3.897603838853829e-05 3.508731343617805e-05 9962
14.5 4.119064710541671e-05 3.816647786544376e-05 10550
15 4.470974105293955e-05 4.137271097592174e-05 11226
15.5 4.73902581113957e-05 4.844302691689385e-05 12146
16 5.075303353338222e-05 4.891442827587052e-05 12303
16.5 5.087958653466951e-05 5.142705931009324e-05 12584
17 4.767347417868143e-05 5.200438053472262e-05 12120
17.5 4.52857291504727e-05 4.930501259357195e-05 11180
18 4.412815139898624e-05 5.031273551389031e-05 11096
18.5 4.102261196706061e-05 4.72973901599924e-05 10056
19 3.939889471800962e-05 4.678282231132642e-05 9716
19.5 3.456587805790742e-05 4.376514408757784e-05 8604
20 3.297905711219981e-05 4.048705447561332e-05 8060
20.5 2.994429030806632e-05 3.781602916742268e-05 7320
21 2.600006186566554e-05 3.333082850038413e-05 6356
21.5 2.174442498816695e-05 2.72770403580873e-05 5348
22 1.733091885769292e-05 2.351567403911442e-05 4308
22.5 1.405897300423237e-05 2.03397651769795e-05 3563
23 9.859460759277256e-06 1.442630925569437e-05 2448
23.5 7.431097687083452e-06 1.11676567465028e-05 1868
24 5.304196439792577e-06 7.989020985303182e-06 1358
24.5 4.4487406892619e-06 6.651614961501604e-06 1062
25 3.374242158767753e-06 5.093896966445137e-06 776
25.5 1.856070974509622e-06 2.941892712046654e-06 432
26 8.266527334113935e-07 1.71781181558145e-06 200
26.5 7.122925324895587e-07 1.241168019135402e-06 168
27 2.417558385047195e-07 3.630117962306312e-07 56
27.5 5.65936047461659e-08 1.048037172954307e-07 7

0.5 4.041966523753672e-09 2.388394485796371e-09 18
1 4.66265303755683e-08 8.315522392445369e-09 62
1.5 9.297971960755616e-08 3.416471556949333e-08 98
2 2.624626653716166e-07 8.590664296680707e-08 210
2.5 5.452278334515783e-07 1.71515605905941e-07 350
3 7.760479508794454e-07 2.558116588768141e-07 450
3.5 1.110328583578053e-06 3.490763937000697e-07 602
4 1.606825014323354e-06 6.170633109560192e-07 762
4.5 2.774698290927204e-06 1.021705527863957e-06 1142
5 3.084202860996781e-06 1.21202927203896e-06 1250
5.5 4.088527722613975e-06 1.499932239924532e-06 1458
6 5.285458078284835e-06 2.193217901037646e-06 1814
6.5 6.523408235908441e-06 2.804287458594117e-06 2178
7 7.392268090253779e-06 3.6505223469226e-06 2498
7.5 8.011262862734519e-06 4.109129448714652e-06 2622
8 1.042798444976181e-05 5.482127140817922e-06 3338
8.5 1.262210602499308e-05 6.749900890503137e-06 3722
9 1.365168272412772e-05 7.964059027538961e-06 4170
9.5 1.483670183286628e-05 8.895151453132086e-06 4358
10 1.813994092561505e-05 1.101268864147146e-05 5034
10.5 2.024618438790689e-05 1.272811364744573e-05 5714
11 2.113485702175854e-05 1.451546788108197e-05 5982
11.5 2.350509994935348e-05 1.63001710037745e-05 6602
12 2.596319097278116e-05 1.889280394567207e-05 7130
12.5 2.970191419581161e-05 2.231128252888014e-05 8034
13 3.275489330501386e-05 2.434561120693733e-05 8606
13.5 3.343249353842779e-05 2.71343620625889e-05 9066
14 3.847631193301412e-05 3.072013591443021e-05 9962
14.5 4.021762835965679e-05 3.37673536577329e-05 10550
15 4.299312091539446e-05 3.698115195056161e-05 11226
15.5 4.746406553973482e-05 4.122463700391898e-05 12146
16 4.916226919852688e-05 4.307777683302735e-05 12303
16.5 4.992541850287892e-05 4.573122259068193e-05 12584
17 4.784186804196514e-05 4.526394851707532e-05 12120
17.5 4.381941910096891e-05 4.331392269870625e-05 11180
18 4.347561672522971e-05 4.45082407697556e-05 11096
18.5 3.94214177780576e-05 4.082102035674545e-05 10056
19 3.765278642281171e-05 4.092092129568128e-05 9716
19.5 3.293736206998655e-05 3.711058404110729e-05 8604
20 3.141611294577366e-05 3.695915249003017e-05 8060
20.5 2.914203834701953e-05 3.295111201441306e-05 7320
21 2.46184446345773e-05 2.942707889464334e-05 6356
21.5 2.145932607291963e-05 2.554164858097213e-05 5348
22 1.725583226953329e-05 2.130956379216306e-05 4308
22.5 1.363729542641027e-05 1.782586231769718e-05 3563
23 9.315474595101486e-06 1.303399421604436e-05 2448
23.5 7.039598624438775e-06 9.934383309351712e-06 1868
24 5.351224704970432e-06 7.332694979119979e-06 1358
24.5 4.232369017217906e-06 5.677984238043534e-06 1062
25 2.914233766796744e-06 4.310516466401199e-06 776
25.5 1.678561858606579e-06 2.48712592676121e-06 432
26 6.762728395580735e-07 1.1316348272202e-06 200
26.5 6.992472529195605e-07 1.175147602179539e-06 168
27 2.398833046729322e-07 2.768601246838617e-07 56
27.5 6.143337059954571e-08 4.269858736641592e-08 7

0.5 6.369116476592647e-09 1.210829340039301e-09 18
1 2.701936752035238e-08 1.053569839234243e-08 62
1.5 9.53044800891772e-08 2.320620954806208e-08 98
2 2.483240612289863e-07 5.859464021741505e-08 210
2.5 5.041342293102472e-07 1.433333462565157e-07 350
3 7.163430056447501e-07 2.042009095007217e-07 450
3.5 1.134015967066468e-06 3.776890125733776e-07 602
4 1.584195948681012e-06 5.281453621733017e-07 762
4.5 2.458167035518143e-06 8.497704891097033e-07 1142
5 3.138637126747505e-06 9.98383481539456e-07 1250
5.5 3.864036362204296e-06 1.371390908462996e-06 1458
6 4.790069328738065e-06 1.923387509565306e-06 1814
6.5 6.619952852670779e-06 2.44824980617391e-06 2178
7 7.351252425049929e-06 3.052263836980723e-06 2498
7.5 7.771139546644448e-06 3.439574202117176e-06 2622
8 1.057639359258477e-05 4.949422569983232e-06 3338
8.5 1.236342724035162e-05 5.657584250249228e-06 3722
9 1.322412844463142e-05 6.859543875146644e-06 4170
9.5 1.456659795538347e-05 7.439721416828472e-06 4358
10 1.735963809404821e-05 9.336092732436174e-06 5034
10.5 1.908267685028649e-05 1.079490965887672e-05 5714
11 2.077863500939005e-05 1.191911721201315e-05 5982
11.5 2.314904407485652e-05 1.401232977661652e-05 6602
12 2.499399886065685e-05 1.619585867161694e-05 7130
12.5 2.86008502205371e-05 1.878567670584808e-05 8034
13 3.101847789503315e-05 2.080996575801707e-05 8606
13.5 3.247488601472223e-05 2.284698280137049e-05 9066
14 3.681674692642437e-05 2.620360267107374e-05 9962
14.5 3.963996000556378e-05 2.82174420063835e-05 10550
15 4.270073920064369e-05 3.185921542054803e-05 11226
15.5 4.634258845554705e-05 3.643848463160827e-05 12146
16 4.781384401969946e-05 3.738672895552256e-05 12303
16.5 4.865931609018997e-05 4.031505413816573e-05 12584
17 4.66161479420628e-05 3.880141430598419e-05 12120
17.5 4.331817269537293e-05 3.751557624550017e-05 11180
18 4.133544752199694e-05 3.912268557852391e-05 11096
18.5 3.817758578790117e-05 3.532141618856706e-05 10056
19 3.784309438970379e-05 3.48736691515287e-05 9716
19.5 3.337300860953588e-05 3.222599912739228e-05 8604
20 3.12252704092527e-05 3.147912554596937e-05 8060
20.5 2.797684681756684e-05 2.892123092879788e-05 7320
21 2.449499607130273e-05 2.53535370837627e-05 6356
21.5 2.04905538439932e-05 2.178239699715647e-05 5348
22 1.676293907435023e-05 1.870382301256498e-05 4308
22.5 1.336057593388773e-05 1.575926072648551e-05 3563
23 9.333775283894353e-06 1.104566686294182e-05 2448
23.5 7.120779850417807e-06 8.822436782861869e-06 1868
24 4.9250776552794e-06 6.274544654394739e-06 1358
24.5 3.847476561120104e-06 4.969275320059693e-06 1062
25 3.046305345626549e-06 3.559701402560781e-06 776
25.5 1.658821390270015e-06 1.996658647259689e-06 432
26 9.95605304332388e-07 1.140809426794598e-06 200
26.5 6.401696305163647e-07 9.161746911336085e-07 168
27 2.644864103627297e-07 2.143355229789433e-07 56
27.5 1.272902207944866e-08 5.513316240872049e-08 7

0.5 3.485564793812802e-09 2.327199298775059e-09 18
1 3.311411584169486e-08 7.73407585413838e-09 62
1.5 5.974065649095916e-08 2.531053224792969e-08 98
2 2.298926517130549e-07 5.67080130764927e-08 210
2.5 4.483455267545677e-07 1.430051205860329e-07 350
3 6.301748116604755e-07 2.436074096041238e-07 450
3.5 1.05467763425966e-06 3.120171694898355e-07 602
4 1.646529949273998e-06 4.70490820876694e-07 762
4.5 2.424868640636609e-06 7.535126367032132e-07 1142
5 2.717120946222576e-06 8.951078424604386e-07 1250
5.5 3.635586204071777e-06 1.278525552081014e-06 1458
6 4.541848884792367e-06 1.66737468807071e-06 1814
6.5 6.050518405180031e-06 2.200396381759071e-06 2178
7 6.989590761261737e-06 2.865228030774306e-06 2498
7.5 7.534253796223605e-06 2.931452842199829e-06 2622
8 1.060165839723297e-05 4.141401658523893e-06 3338
8.5 1.115826349204107e-05 5.005518162807655e-06 3722
9 1.335183639463465e-05 5.864856346017017e-06 4170
9.5 1.354393112765968e-05 6.470797915266442e-06 4358
10 1.635320770291891e-05 7.996752375858021e-06 5034
10.5 1.864642284309598e-05 9.602244881226185e-06 5714
11 1.904362286376025e-05 1.079905976105272e-05 5982
11.5 2.231511556485134e-05 1.246865465091003e-05 6602
12 2.459573881078734e-05 1.41998937270288e-05 7130
12.5 2.738407715493694e-05 1.621152593845854e-05 8034
13 2.986155848711502e-05 1.852909578927552e-05 8606
13.5 3.114850161285274e-05 2.038746828704604e-05 9066
14 3.470918903017354e-05 2.233020231427954e-05 9962
14.5 3.696048969059707e-05 2.519462145010182e-05 10550
15 4.094646818319872e-05 2.784215699584836e-05 11226
15.5 4.417427962969401e-05 3.16850132330753e-05 12146
16 4.475921111244236e-05 3.343240525383474e-05 12303
16.5 4.654749800715988e-05 3.425258398139402e-05 12584
17 4.40738901805433e-05 3.4868837660005e-05 12120
17.5 4.04840628521413e-05 3.275285349493372e-05 11180
18 4.054244279973747e-05 3.468667924354665e-05 11096
18.5 3.683976514630794e-05 3.061424293136594e-05 10056
19 3.492729515403772e-05 3.107853178809779e-05 9716
19.5 3.123338944905038e-05 2.828679765517623e-05 8604
20 2.901450931527993e-05 2.786318777453131e-05 8060
20.5 2.654792354355453e-05 2.59240741941157e-05 7320
21 2.325265473839584e-05 2.210981588260559e-05 6356
21.5 1.946550488644357e-05 1.989887433140009e-05 5348
22 1.46713377470326e-05 1.62937769411844e-05 4308
22.5 1.291431549714102e-05 1.364035114673041e-05 3563
23 8.627593912801054e-06 9.813097821885363e-06 2448
23.5 6.775193354129728e-06 7.74094507577098e-06 1868
24 4.686651101910864e-06 5.402315482070377e-06 1358
24.5 4.060289222114521e-06 4.476815478546002e-06 1062
25 2.929336427542117e-06 3.269495564018105e-06 776
25.5 1.622608861051916e-06 1.85907598333845e-06 432
26 8.317981353327089e-07 1.047011332468601e-06 200
26.5 5.960327758349913e-07 7.266693962263572e-07 168
27 1.901193037936771e-07 3.521962423591163e-07 56
27.5 1.045980347037358e-07 7.260871560470673e-08 7

0.5 1.940003431276583e-09 1.756438353836517e-09 18
1 3.134845926845913e-08 5.352885237436115e-09 62
1.5 7.517534491948068e-08 1.645686685284881e-08 98
2 2.365924813013332e-07 6.245472306892969e-08 210
2.5 4.018939904449506e-07 1.036253986058146e-07 350
3 7.551705264331263e-07 1.625697837392115e-07 450
3.5 9.429004082502689e-07 2.795290668305759e-07 602
4 1.494725742009015e-06 4.06430440505266e-07 762
4.5 2.527095087177276e-06 6.608452623019112e-07 1142
5 2.865829324807988e-06 7.271811289976235e-07 1250
5.5 3.642460244435948e-06 1.155072069048494e-06 1458
6 4.583382593154981e-06 1.454772687636268e-06 1814
6.5 5.605305123114837e-06 1.944818957492227e-06 2178
7 6.527487378782652e-06 2.544881972428985e-06 2498
7.5 7.369266028134558e-06 2.652938649981196e-06 2622
8 9.983681619902222e-06 3.725896242121319e-06 3338
8.5 1.072366635711029e-05 4.584319293702202e-06 3722
9 1.25239085781581e-05 5.240491501219524e-06 4170
9.5 1.282128731682138e-05 5.788535823603739e-06 4358
10 1.574978737267732e-05 7.359752620216489e-06 5034
10.5 1.816009132055352e-05 8.449071351696005e-06 5714
11 1.907069635388635e-05 9.334607271141443e-06 5982
11.5 2.09551027145572e-05 1.081134944887901e-05 6602
12 2.368132117678886e-05 1.232568723045876e-05 7130
12.5 2.560054720636658e-05 1.409871211658332e-05 8034
13 2.920069512726753e-05 1.628950280402323e-05 8606
13.5 3.04492883646075e-05 1.795216629166935e-05 9066
14 3.28473590777651e-05 1.988279765291855e-05 9962
14.5 3.645685477129878e-05 2.238758767905445e-05 10550
15 3.917079409326936e-05 2.411795338232608e-05 11226
15.5 4.272793672297688e-05 2.767998524281481e-05 12146
16 4.435424060464454e-05 2.852910282341996e-05 12303
16.5 4.388516769547738e-05 3.078684798963347e-05 12584
17 4.284919591343079e-05 3.088658173375657e-05 12120
17.5 3.86381693313484e-05 2.808007376587001e-05 11180
18 3.856998946129122e-05 2.9206836422155e-05 11096
18.5 3.48289871418356e-05 2.747935072593263e-05 10056
19 3.349718880802547e-05 2.773950603834766e-05 9716
19.5 2.992883279504004e-05 2.47973299215635e-05 8604
20 2.764402346907931e-05 2.435958348888948e-05 8060
20.5 2.518890498010097e-05 2.237517437853582e-05 7320
21 2.222314964934166e-05 1.882317508537381e-05 6356
21.5 1.853885271254971e-05 1.731725247185486e-05 5348
22 1.47390422619345e-05 1.40482179364341e-05 4308
22.5 1.258140325684222e-05 1.199337113765897e-05 3563
23 9.019638553717132e-06 8.059989170682674e-06 2448
23.5 6.625628376063301e-06 6.502698221771106e-06 1868
24 4.600015232426021e-06 4.444516628802509e-06 1358
24.5 3.556951559804195e-06 3.859437683303629e-06 1062
25 2.780986650993721e-06 2.765887882301933e-06 776
25.5 1.627718703729562e-06 1.735428768437333e-06 432
26 7.416584468531745e-07 7.620010562264182e-07 200
26.5 6.094477741048163e-07 6.81231415443858e-07 168
27 1.96263239016488e-07 2.968576614481483e-07 56
27.5 2.376363105250481e-08 3.575014163971757e-08 7

0.5 6.64088474720276e-09 6.84311840760251e-10 18
1 2.452757826947293e-08 8.314001120206667e-09 62
1.5 5.859385762829012e-08 1.865480065887801e-08 98
2 2.276496646030549e-07 4.753744119985799e-08 210
2.5 4.025324846431155e-07 1.007259086483733e-07 350
3 6.510362010786992e-07 1.627568500345654e-07 450
3.5 9.29865096412328e-07 2.250305631186149e-07 602
4 1.321808105265258e-06 3.526246897537852e-07 762
4.5 2.086210710693106e-06 6.257503019682254e-07 1142
5 2.723389596028758e-06 7.563269943987831e-07 1250
5.5 3.395228020389242e-06 1.023432835277967e-06 1458
6 4.244342752367402e-06 1.371599214309343e-06 1814
6.5 5.762647956327523e-06 1.661280829615675e-06 2178
7 6.281708370946434e-06 2.084737443285841e-06 2498
7.5 7.101018382897413e-06 2.517796291206646e-06 2622
8 8.988859516995828e-06 3.291256057095217e-06 3338
8.5 1.073241995673189e-05 3.836906323380028e-06 3722
9 1.224741487134786e-05 4.68870529918301e-06 4170
9.5 1.272512849305716e-05 5.178043994802086e-06 4358
10 1.471756757408856e-05 6.513462397995674e-06 5034
10.5 1.72834735716547e-05 7.408554216988682e-06 5714
11 1.851079164414831e-05 8.449080013605616e-06 5982
11.5 2.024551192820556e-05 9.346849632342754e-06 6602
12 2.173317581965428e-05 1.0768286128752e-05 7130
12.5 2.48736774206778e-05 1.295500936441869e-05 8034
13 2.763246425088097e-05 1.412018294032706e-05 8606
13.5 2.862058199852635e-05 1.604100636674174e-05 9066
14 3.16530642886368e-05 1.81276434283181e-05 9962
14.5 3.488678337824883e-05 1.974054126605853e-05 10550
15 3.629112609134107e-05 2.166372684120412e-05 11226
15.5 3.9876563645004e-05 2.417965181977281e-05 12146
16 4.224889109822322e-05 2.551863918087146e-05 12303
16.5 4.215012539685956e-05 2.709703473920689e-05 12584
17 4.083824480703172e-05 2.719732541816302e-05 12120
17.5 3.650393531038482e-05 2.523806414614927e-05 11180
18 3.658035216173346e-05 2.613637743033443e-05 11096
18.5 3.354637701685697e-05 2.389068394633465e-05 10056
19 3.246904827576556e-05 2.421765522906276e-05 9716
19.5 2.794973512608993e-05 2.166678892315605e-05 8604
20 2.679132239087274e-05 2.153777631766087e-05 8060
20.5 2.406461142914428e-05 1.965447421963774e-05 7320
21 2.109653682302983e-05 1.764701344525191e-05 6356
21.5 1.770431440621251e-05 1.509254775639863e-05 5348
22 1.422794423430201e-05 1.20863030176598e-05 4308
22.5 1.181774574040531e-05 1.065948154657722e-05 3563
23 7.931766434480429e-06 6.9813532470814e-06 2448
23.5 6.090873187141693e-06 5.545126068931842e-06 1868
24 4.146127247345418e-06 4.007545762973492e-06 1358
24.5 3.804346063641441e-06 3.492415407639641e-06 1062
25 2.672732087629141e-06 2.30438491207287e-06 776
25.5 1.522961627703656e-06 1.454260815217919e-06 432
26 6.391934646973891e-07 7.526114117808492e-07 200
26.5 5.22275533954878e-07 5.192647322726602e-07 168
27 1.427022488163798e-07 1.510787440360056e-07 56
27.5 3.80534412012158e-08 3.237788960418443e-08 7

0.5 8.645088671095385e-09 3.067288048565526e-10 18
1 2.769753338200034e-08 5.011362350844167e-09 62
1.5 7.283849117193591e-08 1.735039064155106e-08 98
2 1.988298145466095e-07 4.291693582171487e-08 210
2.5 4.741268328717614e-07 8.427934437236483e-08 350
3 6.312685151804742e-07 1.306166374360087e-07 450
3.5 9.083064304748542e-07 1.992180193217035e-07 602
4 1.363322582423474e-06 3.094957167328066e-07 762
4.5 2.171138163443031e-06 5.064531271723845e-07 1142
5 2.69172812788393e-06 6.378134921458007e-07 1250
5.5 3.360011156727759e-06 8.424043842101214e-07 1458
6 4.193857242014596e-06 1.077863275283793e-06 1814
6.5 5.379692734030058e-06 1.435798299435872e-06 2178
7 6.371822325015583e-06 1.838121236361472e-06 2498
7.5 6.549360924269052e-06 2.175126354383916e-06 2622
8 8.844871969631523e-06 2.924642675847482e-06 3338
8.5 1.034280402887112e-05 3.585004100865649e-06 3722
9 1.108331619552456e-05 3.977632811954322e-06 4170
9.5 1.23630635988369e-05 4.643545526047412e-06 4358
10 1.411504357677368e-05 5.728305075401321e-06 5034
10.5 1.590291718101444e-05 6.832489034053727e-06 5714
11 1.774354437275507e-05 7.213755100886381e-06 5982
11.5 1.995761973523009e-05 8.619598965243101e-06 6602
12 2.135985309243996e-05 9.857442108069981e-06 7130
12.5 2.434014959313365e-05 1.170298506185633e-05 8034
13 2.606822938931243e-05 1.257722764554814e-05 8606
13.5 2.741346389284676e-05 1.394446805396751e-05 9066
14 3.112373287231476e-05 1.588555409020436e-05 9962
14.5 3.311407301112462e-05 1.768988344292351e-05 10550
15 3.574449948955269e-05 1.918345822738878e-05 11226
15.5 3.84436489865554e-05 2.178293942798374e-05 12146
16 3.876171358940763e-05 2.227545852140814e-05 12303
16.5 4.063359491460301e-05 2.401000685162052e-05 12584
17 3.951028030262224e-05 2.352716435779119e-05 12120
17.5 3.566338960735999e-05 2.247432525194962e-05 11180
18 3.504966979349168e-05 2.304554310878569e-05 11096
18.5 3.141686346298792e-05 2.143060296744674e-05 10056
19 3.058944976893367e-05 2.198001099655026e-05 9716
19.5 2.701869844414717e-05 2.003203627304621e-05 8604
20 2.547814656070353e-05 1.854510428413159e-05 8060
20.5 2.304695192572053e-05 1.752542105379467e-05 7320
21 2.010013925359899e-05 1.576962034841929e-05 6356
21.5 1.756110967346164e-05 1.318687820463406e-05 5348
22 1.354518160940419e-05 1.086792212745611e-05 4308
22.5 1.154315920929409e-05 9.057802287491097e-06 3563
23 6.967026661631971e-06 6.33405327817286e-06 2448
23.5 5.782242266089566e-06 5.07148751974704e-06 1868
24 4.220347844363171e-06 3.585575986157192e-06 1358
24.5 3.189982641059649e-06 3.100044369686355e-06 1062
25 2.178065537423493e-06 2.106698029812139e-06 776
25.5 1.315428627475912e-06 1.206669706711467e-06 432
26 5.95879655298702e-07 6.24446110547903e-07 200
26.5 5.092149611872396e-07 4.519666203391668e-07 168
27 2.008374450463246e-07 1.262282286289447e-07 56
27.5 2.415050611253113e-08 2.656496766108089e-08 7

0.5 3.737719092755468e-09 1.098312553273861e-09 18
1 2.429983539773303e-08 5.381615070724236e-09 62
1.5 7.613352673380104e-08 1.062869175301745e-08 98
2 2.073612774860216e-07 3.120181494682366e-08 210
2.5 3.537554519507372e-07 6.942114173952531e-08 350
3 6.182269891407597e-07 1.165154976704749e-07 450
3.5 8.79362626549505e-07 1.788981666760716e-07 602
4 1.355789254235578e-06 3.040184009182533e-07 762
4.5 2.133357349916006e-06 4.645278222326224e-07 1142
5 2.62778787912311e-06 5.744144883283602e-07 1250
5.5 2.921537481059654e-06 7.83591770659596e-07 1458
6 3.807553778344008e-06 1.083862265727053e-06 1814
6.5 5.198221905913831e-06 1.405663233460211e-06 2178
7 5.960471552548973e-06 1.734632033122635e-06 2498
7.5 6.623877630371326e-06 1.884973799171224e-06 2622
8 8.71335410569921e-06 2.656162039569627e-06 3338
8.5 9.872866537075628e-06 3.187173174364584e-06 3722
9 1.118800666311878e-05 3.719373403373956e-06 4170
9.5 1.200467872864771e-05 4.173274039512578e-06 4358
10 1.349966017230603e-05 4.930811669438215e-06 5034
10.5 1.502719904105464e-05 6.108118409807325e-06 5714
11 1.684444081225102e-05 6.813920330685405e-06 5982
11.5 1.856438249352872e-05 7.689929824681401e-06 6602
12 2.042551194860295e-05 8.545961115270926e-06 7130
12.5 2.314024294528476e-05 1.048879956049571e-05 8034
13 2.519737114950043e-05 1.145880109323079e-05 8606
13.5 2.692793825015766e-05 1.248590270593535e-05 9066
14 3.002175284176204e-05 1.449770909996798e-05 9962
14.5 3.153544065464038e-05 1.549181780423835e-05 10550
15 3.419879451132639e-05 1.7200950065321e-05 11226
15.5 3.710471495152729e-05 1.935627367716868e-05 12146
16 3.773987612659145e-05 2.028592131072518e-05 12303
16.5 3.888025738360323e-05 2.120790031542179e-05 12584
17 3.667672947444272e-05 2.123045429335766e-05 12120
17.5 3.380733645990777e-05 2.022510375407526e-05 11180
18 3.363272504546825e-05 2.034927496988709e-05 11096
18.5 2.992182041233077e-05 1.91198713213437e-05 10056
19 2.937878680655452e-05 1.87820171027499e-05 9716
19.5 2.589510889741159e-05 1.758855394983121e-05 8604
20 2.409481690044167e-05 1.640804446266041e-05 8060
20.5 2.258595027253942e-05 1.516706907903689e-05 7320
21 1.943139661341909e-05 1.378138005873371e-05 6356
21.5 1.60117235154832e-05 1.212166784956618e-05 5348
22 1.294698609348208e-05 1.016762656982977e-05 4308
22.5 1.052244359262625e-05 8.352972150371141e-06 3563
23 7.067126856400567e-06 5.770743068026253e-06 2448
23.5 5.214192378267098e-06 4.536467942521569e-06 1868
24 4.325986483334827e-06 3.414715110339373e-06 1358
24.5 3.273672989643849e-06 2.45992512211371e-06 1062
25 2.448030336584528e-06 1.952312187245707e-06 776
25.5 1.404480181335275e-06 1.115863565473555e-06 432
26 4.858935076510835e-07 5.315665130693239e-07 200
26.5 4.61521354325161e-07 4.923828611569098e-07 168
27 1.54379372210916e-07 1.412746492836806e-07 56
27.5 4.153872447727099e-08 3.184081844857867e-09 7

0.5 3.886972990114611e-09 6.07909115986932e-10 18
1 3.157903555076723e-08 6.274075214117709e-09 62
1.5 5.928264491666481e-08 1.132101904316268e-08 98
2 1.95884392843127e-07 3.165130298182128e-08 210
2.5 3.360077796286035e-07 6.361638172659304e-08 350
3 5.719107772903288e-07 1.13468777338657e-07 450
3.5 9.646816065168358e-07 1.600643786943185e-07 602
4 1.293652395512449e-06 2.394457246303827e-07 762
4.5 2.09831353789362e-06 4.680246018688278e-07 1142
5 2.43876696846694e-06 5.039543679270718e-07 1250
5.5 2.992283493932323e-06 6.711146712730764e-07 1458
6 4.108367504262665e-06 8.999075709122837e-07 1814
6.5 5.088298302704673e-06 1.25896559246134e-06 2178
7 6.010077927901074e-06 1.506357574800049e-06 2498
7.5 6.057990555964418e-06 1.81638700606188e-06 2622
8 8.061400061320795e-06 2.28423580656963e-06 3338
8.5 9.75932054656787e-06 2.928955742892235e-06 3722
9 1.041685727031689e-05 3.51595275370368e-06 4170
9.5 1.152188441895156e-05 3.697963135704372e-06 4358
10 1.313565598519384e-05 4.544676761166876e-06 5034
10.5 1.497282298576332e-05 5.452955047687742e-06 5714
11 1.612607407033202e-05 6.003268865569738e-06 5982
11.5 1.794194082484779e-05 7.100926144087883e-06 6602
12 1.963712540542824e-05 7.614357969241836e-06 7130
12.5 2.195717864685395e-05 9.117212501539734e-06 8034
13 2.424197154303723e-05 1.027130880810952e-05 8606
13.5 2.549639243966046e-05 1.144801536563527e-05 9066
14 2.801906874164906e-05 1.309364045761318e-05 9962
14.5 2.987126607178009e-05 1.414214357498539e-05 10550
15 3.289331972404586e-05 1.527521396428599e-05 11226
15.5 3.632310724871638e-05 1.714055205249234e-05 12146
16 3.60611521397713e-05 1.81214183926135e-05 12303
16.5 3.686446800228909e-05 1.908780489692841e-05 12584
17 3.544869963719703e-05 1.890076409472345e-05 12120
17.5 3.276750117232915e-05 1.827043626883637e-05 11180
18 3.196369055326929e-05 1.846526433372995e-05 11096
18.5 2.862775055244179e-05 1.742920766482227e-05 10056
19 2.789419988020771e-05 1.700189441678864e-05 9716
19.5 2.467040659168304e-05 1.589879975399396e-05 8604
20 2.291975890268956e-05 1.507386058776704e-05 8060
20.5 2.114317702765345e-05 1.41318204735779e-05 7320
21 1.824424800811389e-05 1.240797430707092e-05 6356
21.5 1.554528131861064e-05 1.079957557724476e-05 5348
22 1.251011559790488e-05 8.822566813939392e-06 4308
22.5 1.022006679534573e-05 7.467030427738628e-06 3563
23 6.725584263484298e-06 5.34632536801351e-06 2448
23.5 5.324622220120399e-06 4.383733069025008e-06 1868
24 3.909327840669234e-06 3.011959873111481e-06 1358
24.5 2.95300395348009e-06 2.428576467215238e-06 1062
25 2.009696816389718e-06 1.83333779144159e-06 776
25.5 1.355296282558072e-06 1.012646964297969e-06 432
26 6.268350063033969e-07 4.630996988258879e-07 200
26.5 4.910156356395786e-07 4.095919495365724e-07 168
27 1.225864001592191e-07 1.550306793842114e-07 56
27.5 2.914946365850431e-08 6.659903379352807e-09 7

0.5 2.809787941608872e-09 4.89606987188937e-10 18
1 2.789822056713878e-08 4.230162426620823e-09 62
1.5 5.170710145358666e-08 7.993590349766703e-09 98
2 1.931986311787701e-07 3.040367626513325e-08 210
2.5 3.184950082655622e-07 7.026929698221367e-08 350
3 5.918190139380995e-07 9.137654854219296e-08 450
3.5 9.600469576024423e-07 1.504083438244288e-07 602
4 1.274741002845736e-06 2.480998762459389e-07 762
4.5 2.098399339459317e-06 3.641117600751783e-07 1142
5 2.209872543949814e-06 4.648726487835699e-07 1250
5.5 2.881821115822217e-06 5.580223843399891e-07 1458
6 3.712352658109389e-06 8.713601048264019e-07 1814
6.5 4.955464790741166e-06 1.114053980749641e-06 2178
7 5.72104497095693e-06 1.398930046934759e-06 2498
7.5 6.105365339779904e-06 1.460791175474028e-06 2622
8 7.858959029014682e-06 2.190602386535e-06 3338
8.5 8.869157014398864e-06 2.627690401042721e-06 3722
9 1.06082334620884e-05 2.953925535570885e-06 4170
9.5 1.098093473466266e-05 3.53763405630661e-06 4358
10 1.275319445512893e-05 4.1129271859354e-06 5034
10.5 1.425866208931291e-05 5.010146741243935e-06 5714
11 1.573233789241528e-05 5.459113232424454e-06 5982
11.5 1.705978576076136e-05 6.271601122853742e-06 6602
12 1.873171023231761e-05 7.009975505276069e-06 7130
12.5 2.177403705985682e-05 8.409733321495616e-06 8034
13 2.33948397073461e-05 9.555081079076949e-06 8606
13.5 2.402552605602837e-05 1.039532853498364e-05 9066
14 2.661322060875724e-05 1.177165252333614e-05 9962
14.5 2.910947547594055e-05 1.287096681055746e-05 10550
15 3.130741915889649e-05 1.43310251032931e-05 11226
15.5 3.470852521459398e-05 1.568311031433934e-05 12146
16 3.507657358978471e-05 1.652113767966174e-05 12303
16.5 3.555301890664804e-05 1.684607817889955e-05 12584
17 3.416746765621789e-05 1.730567368228212e-05 12120
17.5 3.077804826341895e-05 1.647548088440197e-05 11180
18 3.105725934848156e-05 1.665080477453395e-05 11096
18.5 2.777022227246677e-05 1.568316544069645e-05 10056
19 2.73135803783365e-05 1.488141935037526e-05 9716
19.5 2.338597469009756e-05 1.392264076282814e-05 8604
20 2.246472926943296e-05 1.330655568769038e-05 8060
20.5 2.007279238830117e-05 1.282790607110707e-05 7320
21 1.770635708336646e-05 1.163536159787949e-05 6356
21.5 1.491555914981317e-05 9.66472031508046e-06 5348
22 1.155057680842266e-05 7.869891080336929e-06 4308
22.5 9.813952597929285e-06 6.931811236029046e-06 3563
23 6.549102300063287e-06 4.501378561520981e-06 2448
23.5 5.197273374220844e-06 3.68144637011598e-06 1868
24 3.531234101994906e-06 2.73046820100019e-06 1358
24.5 2.82266451366349e-06 2.262100176028086e-06 1062
25 1.993874139587387e-06 1.599493512366191e-06 776
25.5 1.179544280068473e-06 8.197401635444682e-07 432
26 5.668913410160849e-07 4.683202035272503e-07 200
26.5 3.954469840045286e-07 2.641643784173658e-07 168
27 1.713236197431968e-07 1.472542366485439e-07 56
27.5 2.051002013345087e-08 1.382790468360197e-08 7

0.5 4.081004776668921e-09 5.186469839811079e-10 18
1 3.484011157381612e-08 3.545017899754351e-09 62
1.5 5.095158162484107e-08 8.228149496328305e-09 98
2 1.677579983544313e-07 2.758236519056348e-08 210
2.5 3.416201920786895e-07 5.692261520840037e-08 350
3 5.771419960922001e-07 8.292364045120004e-08 450
3.5 8.129153609067358e-07 1.226180135942275e-07 602
4 1.296378790960163e-06 2.418291820023073e-07 762
4.5 1.883940863539778e-06 3.586770128673651e-07 1142
5 2.450005786573369e-06 4.359358178106573e-07 1250
5.5 2.657786753260663e-06 5.679040546546521e-07 1458
6 3.735188961984882e-06 7.136413087410902e-07 1814
6.5 4.738746030002036e-06 1.061048125620383e-06 2178
7 5.545679265190791e-06 1.308354677780799e-06 2498
7.5 5.856925860673356e-06 1.38719328988562e-06 2622
8 7.510645666541747e-06 1.833319986213746e-06 3338
8.5 8.785422839004734e-06 2.357697370252212e-06 3722
9 9.461250466539671e-06 2.856656200443349e-06 4170
9.5 1.068443120140835e-05 3.130214980139333e-06 4358
10 1.26425773679783e-05 3.709414382104069e-06 5034
10.5 1.432088069581638e-05 4.433964649717346e-06 5714
11 1.484817743872482e-05 4.961470885712202e-06 5982
11.5 1.67703120097718e-05 5.760195964620578e-06 6602
12 1.785200514549745e-05 6.297806366387483e-06 7130
12.5 2.058111852101911e-05 7.679395519405976e-06 8034
13 2.237591014295022e-05 8.413301798763713e-06 8606
13.5 2.332843116748647e-05 9.337647403641556e-06 9066
14 2.548317949041404e-05 1.04733233091683e-05 9962
14.5 2.788720077723581e-05 1.186357332943102e-05 10550
15 2.970488542892447e-05 1.307893942768565e-05 11226
15.5 3.218019870661307e-05 1.389122229736871e-05 12146
16 3.369510678933358e-05 1.490489999619014e-05 12303
16.5 3.443065580166552e-05 1.559290769256272e-05 12584
17 3.300937887024663e-05 1.561385427289089e-05 12120
17.5 2.956454973128016e-05 1.50676176354185e-05 11180
18 2.948920815849059e-05 1.547673115189227e-05 11096
18.5 2.601837687042989e-05 1.382537827265047e-05 10056
19 2.54250841084311e-05 1.419956152511307e-05 9716
19.5 2.270453833042264e-05 1.282742358338891e-05 8604
20 2.208966725936687e-05 1.209439091079114e-05 8060
20.5 1.912286836096488e-05 1.153681342902555e-05 7320
21 1.696789394189907e-05 1.050957609804798e-05 6356
21.5 1.442137152935768e-05 8.849013213959428e-06 5348
22 1.148264116242931e-05 7.29003260679943e-06 4308
22.5 9.335618111891269e-06 5.899460223471269e-06 3563
23 6.655110060727523e-06 4.221593294045914e-06 2448
23.5 5.023723041099691e-06 3.341181818560745e-06 1868
24 3.60705243520438e-06 2.318917587750411e-06 1358
24.5 2.894872994743412e-06 2.033922916064736e-06 1062
25 2.119574857989587e-06 1.374066862150383e-06 776
25.5 1.122787079506746e-06 8.72895048889036e-07 432
26 5.070294513645751e-07 4.960354761650771e-07 200
26.5 5.211020448512693e-07 2.752557751165086e-07 168
27 1.528112038627141e-07 1.313767352201539e-07 56
27.5 1.159108743164971e-08 1.529722947143403e-08 7

0.5 2.591908041707648e-09 4.008110010314294e-10 18
1 3.125755693602789e-08 4.107294535384465e-09 62
1.5 5.461565325119548e-08 8.512488133451199e-09 98
2 1.755755500854019e-07 2.497444832828895e-08 210
2.5 3.612047966939028e-07 5.096651813063543e-08 350
3 5.085642490862106e-07 7.884947842475861e-08 450
3.5 7.445161111443648e-07 1.123430743975998e-07 602
4 1.226248062115894e-06 1.958693763951296e-07 762
4.5 1.907400914699326e-06 3.322173462022439e-07 1142
5 2.17959252512724e-06 3.789355052547558e-07 1250
5.5 2.751138953714908e-06 5.239592796960642e-07 1458
6 3.443010991062366e-06 6.850872581395805e-07 1814
6.5 4.680896371928632e-06 9.381852457894165e-07 2178
7 5.012899340042578e-06 1.16581075161343e-06 2498
7.5 5.601737657273074e-06 1.266597955539054e-06 2622
8 7.235463684903664e-06 1.751755636767798e-06 3338
8.5 8.415104534570436e-06 2.145308790601939e-06 3722
9 9.336911103004923e-06 2.470767569780346e-06 4170
9.5 1.053024333120157e-05 2.787938476681534e-06 4358
10 1.155134370708104e-05 3.355756853852162e-06 5034
10.5 1.35474817264034e-05 4.013920328228307e-06 5714
11 1.466119416601212e-05 4.530738173823198e-06 5982
11.5 1.660379487138912e-05 5.175733111057151e-06 6602
12 1.771861087050703e-05 5.908174331389348e-06 7130
12.5 1.953655742758787e-05 6.99108751053039e-06 8034
13 2.136625051465984e-05 7.758501534787012e-06 8606
13.5 2.275164184926068e-05 8.522249129972092e-06 9066
14 2.509547944010771e-05 9.657930081058378e-06 9962
14.5 2.720177220129295e-05 1.067054904508843e-05 10550
15 2.864536997998909e-05 1.164802420184578e-05 11226
15.5 3.167664938303033e-05 1.2901034086275e-05 12146
16 3.211256876745235e-05 1.363005979370566e-05 12303
16.5 3.307339953527853e-05 1.405205948618225e-05 12584
17 3.187537780655093e-05 1.446438637120078e-05 12120
17.5 2.832415845378288e-05 1.37643358595155e-05 11180
18 2.765059991513779e-05 1.386479820922988e-05 11096
18.5 2.52429228761081e-05 1.260521199902111e-05 10056
19 2.485530462391938e-05 1.264497185618487e-05 9716
19.5 2.154569387630504e-05 1.147174411293673e-05 8604
20 2.076134911236416e-05 1.167570066131269e-05 8060
20.5 1.88376445842974e-05 1.045408530116916e-05 7320
21 1.657747305491849e-05 9.691844875301757e-06 6356
21.5 1.415706948949371e-05 7.816958553551096e-06 5348
22 1.103887672455132e-05 6.497437943430288e-06 4308
22.5 8.62578185583266e-06 5.765764640715223e-06 3563
23 5.884759878308476e-06 4.050164554354392e-06 2448
23.5 4.7225488132477e-06 3.121973676886626e-06 1868
24 3.274214648275469e-06 2.374157761214129e-06 1358
24.5 2.577506898793424e-06 1.837520071491815e-06 1062
25 1.895961695433866e-06 1.282252186578908e-06 776
25.5 1.091671176675494e-06 7.639002084062074e-07 432
26 4.963474079515954e-07 3.796091954720483e-07 200
26.5 4.563894277106514e-07 3.449681302075088e-07 168
27 1.691008542574536e-07 1.094514139108808e-07 56
27.5 2.449273090025525e-08 8.186488064780041e-09 7

0.5 3.324816971644481e-09 4.435342880516855e-10 18
1 2.872995970644696e-08 3.240047073324044e-09 62
1.5 4.966202415399377e-08 9.370627895221137e-09 98
2 1.675617156479806e-07 2.015384890106988e-08 210
2.5 3.33535438997203e-07 4.079403246706283e-08 350
3 4.936192899411635e-07 7.870852212511976e-08 450
3.5 7.519044134870563e-07 1.07379894015824e-07 602
4 1.246226575824065e-06 1.689816216010354e-07 762
4.5 1.871818773115831e-06 2.968558301647638e-07 1142
5 2.100331992503087e-06 3.748138238677282e-07 1250
5.5 2.657309797640801e-06 4.445569835141222e-07 1458
6 3.345628553249857e-06 6.122475355946028e-07 1814
6.5 4.481304637934372e-06 8.213394055238876e-07 2178
7 5.097476177154563e-06 1.007608661505328e-06 2498
7.5 5.532440950410619e-06 1.158631581921604e-06 2622
8 7.232286591626275e-06 1.610641218442479e-06 3338
8.5 8.026039944288727e-06 1.957972450836882e-06 3722
9 9.102403935575383e-06 2.2842635730184e-06 4170
9.5 9.955762903137172e-06 2.509793778692095e-06 4358
10 1.150007587809116e-05 3.064574787193875e-06 5034
10.5 1.355736256237968e-05 3.807911279837768e-06 5714
11 1.39991718840213e-05 4.041349081410677e-06 5982
11.5 1.569397137967244e-05 4.801004570584053e-06 6602
12 1.729190863355171e-05 5.405673372651477e-06 7130
12.5 1.915499492880398e-05 6.196471477603362e-06 8034
13 2.065107827730806e-05 6.995827199570168e-06 8606
13.5 2.171645881861366e-05 7.690153982837424e-06 9066
14 2.442215961432231e-05 8.572345881580699e-06 9962
14.5 2.698602260459771e-05 9.596538979860169e-06 10550
15 2.785301523969367e-05 1.055329963881602e-05 11226
15.5 3.09899935431751e-05 1.160258740518359e-05 12146
16 3.105694782181226e-05 1.236494248808351e-05 12303
16.5 3.207493857280515e-05 1.296524412082748e-05 12584
17 3.067493148170129e-05 1.315232404871524e-05 12120
17.5 2.80702652393848e-05 1.242439169518779e-05 11180
18 2.728991277518254e-05 1.257472656764258e-05 11096
18.5 2.457911578115028e-05 1.178735401742297e-05 10056
19 2.382473297562568e-05 1.180883481803165e-05 9716
19.5 2.089116470571322e-05 1.03870379060274e-05 8604
20 1.95268913597405e-05 1.059386089854294e-05 8060
20.5 1.787153376652275e-05 9.611410903699561e-06 7320
21 1.556653832293134e-05 8.655860601707071e-06 6356
21.5 1.312915847209402e-05 7.561023900277254e-06 5348
22 1.059463702789039e-05 6.11901795181843e-06 4308
22.5 8.753476275417363e-06 5.117707335671752e-06 3563
23 5.836810057581852e-06 3.574465730149795e-06 2448
23.5 4.175271749290591e-06 2.884030351250848e-06 1868
24 3.33931965141528e-06 2.054350999939e-06 1358
24.5 2.658868158900512e-06 1.708692305649641e-06 1062
25 2.022244455262942e-06 1.240938423287757e-06 776
25.5 1.071640848337367e-06 6.959971222498795e-07 432
26 4.765290279605852e-07 3.42745573012322e-07 200
26.5 3.903067708921145e-07 3.227670900142139e-07 168
27 1.225374259488032e-07 1.170440767275033e-07 56
27.5 8.07442226260519e-09 5.547268684089061e-09 7

0.5 3.838361170325052e-09 2.861053058905036e-10 18
1 2.544215424063094e-08 3.483657497417948e-09 62
1.5 5.078411263250147e-08 7.362407480623268e-09 98
2 1.682820908857231e-07 2.04442738595762e-08 210
2.5 3.169156777378202e-07 4.608973223857822e-08 350
3 4.722623089667223e-07 6.50014580860808e-08 450
3.5 7.355228282361888e-07 8.867950933850146e-08 602
4 1.10965525017088e-06 1.601664058218926e-07 762
4.5 1.677866852473243e-06 2.59580959595179e-07 1142
5 2.032182515795978e-06 3.306407847712008e-07 1250
5.5 2.401555295254944e-06 4.214938110153807e-07 1458
6 3.35297184076604e-06 5.844197331366398e-07 1814
6.5 4.317189755641863e-06 8.297103539283265e-07 2178
7 5.099268416045779e-06 9.071880264198187e-07 2498
7.5 5.229521649930636e-06 1.078580175627105e-06 2622
8 7.117281554858189e-06 1.491022433768538e-06 3338
8.5 8.128221164897659e-06 1.842751609068928e-06 3722
9 8.940820841976939e-06 2.100464767103328e-06 4170
9.5 9.242629817890294e-06 2.368023955501797e-06 4358
10 1.070742394620995e-05 2.918369924224175e-06 5034
10.5 1.260996872079464e-05 3.569030645431349e-06 5714
11 1.334333287989396e-05 3.731635784664215e-06 5982
11.5 1.491510275866637e-05 4.338406869412086e-06 6602
12 1.634248506456998e-05 4.855570922853516e-06 7130
12.5 1.832204469594484e-05 5.791774696549536e-06 8034
13 1.985675402499705e-05 6.441928374300002e-06 8606
13.5 2.059618171676428e-05 7.152330489996978e-06 9066
14 2.350087083989785e-05 8.227060896755426e-06 9962
14.5 2.505931559909815e-05 9.006747953598034e-06 10550
15 2.657681836941052e-05 9.632349862014527e-06 11226
15.5 2.958197875752769e-05 1.08943018020766e-05 12146
16 2.998774837051165e-05 1.124804700445984e-05 12303
16.5 3.03645282037981e-05 1.195523288270561e-05 12584
17 2.931712754609037e-05 1.195715897339395e-05 12120
17.5 2.627217338536808e-05 1.144561278441282e-05 11180
18 2.63577880175767e-05 1.168309647830784e-05 11096
18.5 2.430361232896906e-05 1.117026332179301e-05 10056
19 2.298834137486331e-05 1.048905398624739e-05 9716
19.5 2.076965899081575e-05 9.793626470574577e-06 8604
20 1.969780161950661e-05 9.443555495035069e-06 8060
20.5 1.757633293346743e-05 8.694123935775966e-06 7320
21 1.503727082722775e-05 7.76254193690864e-06 6356
21.5 1.298794816480161e-05 6.854228764844459e-06 5348
22 1.003558474662449e-05 5.45761016772714e-06 4308
22.5 8.396453585985228e-06 4.969166952297784e-06 3563
23 5.476506760297651e-06 3.29029972799595e-06 2448
23.5 4.371667994019246e-06 2.529576883439396e-06 1868
24 3.144428091735021e-06 1.953135108797721e-06 1358
24.5 2.423597602011567e-06 1.604791454617566e-06 1062
25 1.789570768538778e-06 1.102953366998184e-06 776
25.5 1.015310667768156e-06 6.69814146987101e-07 432
26 4.768097888861787e-07 2.681452372689785e-07 200
26.5 4.604600974637759e-07 2.454936367246538e-07 168
27 1.657415849211803e-07 7.740061256607434e-08 56
27.5 2.764409077510979e-08 1.758330916932254e-08 7

0.5 4.899828094228757e-09 3.753847617509325e-10 18
1 2.305619798869337e-08 2.90513821168041e-09 62
1.5 4.785949434774237e-08 7.43990893612274e-09 98
2 1.548792953970068e-07 1.758618316430445e-08 210
2.5 2.907211116270231e-07 4.136498530985551e-08 350
3 4.562137572377721e-07 6.741185578085098e-08 450
3.5 6.747657711805252e-07 9.032390377796015e-08 602
4 1.042761334080717e-06 1.430491654131286e-07 762
4.5 1.726070970821718e-06 2.370857345584493e-07 1142
5 2.118805255619784e-06 3.245782712385331e-07 1250
5.5 2.369661219811724e-06 4.061239720903815e-07 1458
6 3.382042823591246e-06 5.122752578137109e-07 1814
6.5 4.148681385275959e-06 7.064933746063748e-07 2178
7 5.010401111056014e-06 9.417920794082662e-07 2498
7.5 4.992928263041397e-06 1.017240220971421e-06 2622
8 7.118593413409977e-06 1.355354052603743e-06 3338
8.5 7.93249799642285e-06 1.636795618927737e-06 3722
9 8.411903397689837e-06 1.904287788021725e-06 4170
9.5 9.418161580706867e-06 2.198070883461291e-06 4358
10 1.077067211393089e-05 2.690052266645999e-06 5034
10.5 1.271145273666264e-05 3.08099421540178e-06 5714
11 1.307327933362666e-05 3.438753103025726e-06 5982
11.5 1.43997488726751e-05 4.078226306216156e-06 6602
12 1.567554211542094e-05 4.445320905544039e-06 7130
12.5 1.877935668473422e-05 5.236226610310744e-06 8034
13 1.913468699425764e-05 5.804535134002588e-06 8606
13.5 2.060698710651791e-05 6.489836815129689e-06 9066
14 2.248933233989266e-05 7.36858908037064e-06 9962
14.5 2.346054644416746e-05 8.283468812700602e-06 10550
15 2.648318878862893e-05 9.035813079893697e-06 11226
15.5 2.853796086965338e-05 1.007957875471333e-05 12146
16 2.928329260467323e-05 1.049456718988582e-05 12303
16.5 2.972659315294869e-05 1.102922979396059e-05 12584
17 2.804109059634643e-05 1.105508735492079e-05 12120
17.5 2.577373819291069e-05 1.050476166439509e-05 11180
18 2.553616582520185e-05 1.064225827875955e-05 11096
18.5 2.348667732675327e-05 1.008199950653301e-05 10056
19 2.224035722357563e-05 9.986030483890481e-06 9716
19.5 1.965671502992713e-05 9.06410603373963e-06 8604
20 1.861414747582056e-05 8.90503939468024e-06 8060
20.5 1.698823647913061e-05 8.157573236862939e-06 7320
21 1.442359117920971e-05 7.208972735707178e-06 6356
21.5 1.209348276332696e-05 6.266168944304717e-06 5348
22 9.636774566201584e-06 4.802845499884436e-06 4308
22.5 8.26835669388061e-06 4.26682788060939e-06 3563
23 5.42289056627726e-06 3.130814108840602e-06 2448
23.5 4.254333942341007e-06 2.468014917679919e-06 1868
24 3.218445613218048e-06 1.780223228293114e-06 1358
24.5 2.261690549169556e-06 1.373559022502117e-06 1062
25 1.650876901117851e-06 1.114228758785331e-06 776
25.5 9.159903333241875e-07 5.800874838508495e-07 432
26 3.941016036459638e-07 2.905351042648727e-07 200
26.5 3.366904836230995e-07 2.863099404969951e-07 168
27 1.286646542208207e-07 9.740011021208878e-08 56
27.5 2.002353697684919e-08 1.181491381319564e-08 7

0.5 3.780509840626043e-09 4.340154263929829e-10 18
1 2.486824086781435e-08 2.025052480384965e-09 62
1.5 5.994629048556556e-08 7.567786385870321e-09 98
2 1.618827416081781e-07 1.783947603370582e-08 210
2.5 2.71930940846487e-07 4.176873928331913e-08 350
3 4.795751598761827e-07 5.69088225208007e-08 450
3.5 6.572892236371425e-07 8.3902644824393e-08 602
4 1.033857586156664e-06 1.260423310303873e-07 762
4.5 1.719961641519218e-06 2.249377517032992e-07 1142
5 1.996113130513744e-06 2.77935585005783e-07 1250
5.5 2.393891785058095e-06 3.656023908920501e-07 1458
6 3.26413708369464e-06 5.064674792360396e-07 1814
6.5 4.034138270184432e-06 6.564335967461691e-07 2178
7 4.739367322899462e-06 8.306959985969114e-07 2498
7.5 5.10293354473743e-06 8.907360142706759e-07 2622
8 6.372767400194059e-06 1.287692926871997e-06 3338
8.5 7.322418749816113e-06 1.542920449259933e-06 3722
9 8.37237174656084e-06 1.803358140727755e-06 4170
9.5 9.008740635110921e-06 1.929165147608898e-06 4358
10 1.059841507621105e-05 2.430112106437968e-06 5034
10.5 1.157823042188103e-05 2.933473549728484e-06 5714
11 1.282337353237854e-05 3.196228928746369e-06 5982
11.5 1.424618272464499e-05 3.786549550556416e-06 6602
12 1.545475504639961e-05 4.191624887285786e-06 7130
12.5 1.774179698128754e-05 5.026147809421145e-06 8034
13 1.824228378333631e-05 5.547983895731004e-06 8606
13.5 1.96335698489742e-05 6.025638662580032e-06 9066
14 2.151964162331205e-05 6.905118344558156e-06 9962
14.5 2.352275914776586e-05 7.50248504372519e-06 10550
15 2.503601929631893e-05 8.431898035943881e-06 11226
15.5 2.75790007869679e-05 9.107451416526629e-06 12146
16 2.779331261782065e-05 9.63668689390452e-06 12303
16.5 2.890512863082915e-05 1.035418821904702e-05 12584
17 2.727974103591535e-05 1.04990909796004e-05 12120
17.5 2.547442414810279e-05 9.653444694000096e-06 11180
18 2.460522945503373e-05 9.865437441579555e-06 11096
18.5 2.244925563785319e-05 8.988717398062123e-06 10056
19 2.176108339157025e-05 9.171479534501216e-06 9716
19.5 1.924492571999677e-05 8.087747794202737e-06 8604
20 1.803185835406773e-05 8.249150954417154e-06 8060
20.5 1.629023017901436e-05 7.613713757645746e-06 7320
21 1.353685055478171e-05 6.969067927802502e-06 6356
21.5 1.174625244846986e-05 5.709399284873829e-06 5348
22 9.21389633296399e-06 4.592524049647741e-06 4308
22.5 8.017329688100265e-06 4.334427218299174e-06 3563
23 5.43540386270369e-06 2.842390957745767e-06 2448
23.5 4.065819045454487e-06 2.205115983927405e-06 1868
24 3.007463859267006e-06 1.597110155821034e-06 1358
24.5 2.226791127912197e-06 1.271217462367415e-06 1062
25 1.702338605631053e-06 1.004487536779318e-06 776
25.5 1.035524232382615e-06 6.149310492028825e-07 432
26 5.244437734726094e-07 2.894598233342023e-07 200
26.5 2.897974442916389e-07 1.919955024637762e-07 168
27 1.354254920180324e-07 8.128957558404601e-08 56
27.5 5.853185108270081e-09 3.36790318090154e-09 7

0.5 3.19402028908431e-09 3.452863131219966e-10 18
1 2.649990343021782e-08 1.722760380581278e-09 62
1.5 4.84007484515199e-08 5.582634669003727e-09 98
2 1.655663832958976e-07 1.492867098919174e-08 210
2.5 2.907544237026458e-07 3.487206551808723e-08 350
3 4.552902298099098e-07 4.557802450491469e-08 450
3.5 6.796825724918371e-07 8.096108641594911e-08 602
4 1.021902100290799e-06 1.08907146562324e-07 762
4.5 1.688595202805206e-06 1.936790971049217e-07 1142
5 1.896426441529887e-06 2.716763589802356e-07 1250
5.5 2.297369569172215e-06 3.377145370900012e-07 1458
6 3.289768690422755e-06 4.819337028634162e-07 1814
6.5 3.799547858105484e-06 6.088622635785171e-07 2178
7 4.41877526106105e-06 7.612209065005142e-07 2498
7.5 4.924487199028749e-06 8.09245875917367e-07 2622
8 5.997654670811731e-06 1.143175632741535e-06 3338
8.5 7.375070139477317e-06 1.456342852402734e-06 3722
9 7.87425529358165e-06 1.672780496721651e-06 4170
9.5 8.222311135181018e-06 1.879489369034131e-06 4358
10 9.995563684667148e-06 2.332961508293591e-06 5034
10.5 1.170895494757799e-05 2.784166951644281e-06 5714
11 1.227393483321885e-05 2.973567214247832e-06 5982
11.5 1.381016647625558e-05 3.421111376462983e-06 6602
12 1.461407845648074e-05 3.911817199676609e-06 7130
12.5 1.737737458792015e-05 4.651548072158367e-06 8034
13 1.79689160973792e-05 5.067729490906395e-06 8606
13.5 1.931609144003652e-05 5.735002636988401e-06 9066
14 2.159081665360207e-05 6.436289695918197e-06 9962
14.5 2.311187600062238e-05 6.943433055665828e-06 10550
15 2.496785711126898e-05 7.712342175790144e-06 11226
15.5 2.685545560071026e-05 8.622657401549054e-06 12146
16 2.761719341206197e-05 8.972737934980205e-06 12303
16.5 2.816759225753573e-05 9.620592739239543e-06 12584
17 2.645783274957842e-05 9.464454886598159e-06 12120
17.5 2.404986744539005e-05 9.034750953346113e-06 11180
18 2.402922487241416e-05 9.073840346129289e-06 11096
18.5 2.172626317491102e-05 8.651587486424624e-06 10056
19 2.132154286109803e-05 8.449211998584338e-06 9716
19.5 1.824316609586994e-05 7.64364134347301e-06 8604
20 1.704636881778872e-05 7.317921264789582e-06 8060
20.5 1.562332054264192e-05 6.907755906033434e-06 7320
21 1.353637437429094e-05 6.301472347190634e-06 6356
21.5 1.118034570960221e-05 5.280069212309703e-06 5348
22 9.100591978780031e-06 4.302293821837587e-06 4308
22.5 7.543801748683846e-06 3.720292461713934e-06 3563
23 4.977775474228788e-06 2.647348346924754e-06 2448
23.5 3.876599640031902e-06 2.058711868898445e-06 1868
24 2.727641145952794e-06 1.425175379919809e-06 1358
24.5 2.112891548466914e-06 1.278081563914515e-06 1062
25 1.618473495369013e-06 9.06747018330599e-07 776
25.5 9.40110170942277e-07 5.473686999750086e-07 432
26 3.638316975883143e-07 2.512256081454663e-07 200
26.5 3.267439650108162e-07 1.763647814652637e-07 168
27 9.112302457920242e-08 5.668393445230415e-08 56
27.5 2.138776312555966e-08 1.077426273521656e-08 7

