#t    <phi>    <pi>    <phi^2>    <pi^2>    rms(phi)    rms(pi)
0    1.45154825462013    -0.1191403115169    2.10699233553075    0.0141944139012679    6.32467036781866e-06    8.53955632208434e-06
0.5    1.39000278211275    -0.12709914240702    1.9321077343227    0.0161541920609544    6.44397780807293e-06    7.76882033636323e-06
1    1.32440391821078    -0.135330121065212    1.75404573861709    0.0183142417141667    6.70888079973063e-06    6.82947603793265e-06
1.5    1.25465669165794    -0.143657291051865    1.57416341396276    0.0206374173208998    6.38142190318179e-06    6.96703701396529e-06
2    1.18077221640338    -0.151830719854713    1.39422302706177    0.0230525675490049    5.62295456094512e-06    7.57657907406649e-06
2.5    1.10290625012098    -0.159521927998087    1.21640219658323    0.0254472455672784    5.22541089843326e-06    7.41966975109479e-06
3    1.02139685445246    -0.16633334063049    1.04325153431331    0.0276667802501507    5.28422829407173e-06    6.69716433865128e-06
3.5    0.936792243882379    -0.171829201389605    0.877579708224994    0.0295252744924619    5.17807301267115e-06    6.5017378347821e-06
4    0.849856817948134    -0.175592050930708    0.722256611036001    0.0308325683955604    4.80351924966417e-06    6.74596813674055e-06
4.49999999999999    0.761543292599093    -0.177300038402729    0.579948186523425    0.0314353036610257    4.55593587275524e-06    6.58911045681254e-06
4.99999999999998    0.672924373640029    -0.176807379818351    0.452827212658758    0.0312608495971603    4.46465300573499e-06    6.23937964185132e-06
5.49999999999997    0.585089201726303    -0.174199684299106    0.342329373995157    0.0303455300484292    4.29351189746943e-06    6.2065268650493e-06
5.99999999999996    0.499024315935218    -0.169796985110849    0.249025267911667    0.0288310161905491    4.12974457363455e-06    6.14940967965194e-06
6.49999999999995    0.415508766063908    -0.164094592685859    0.172647534692342    0.0269270353835961    4.04845932998856e-06    5.90408739231696e-06
6.99999999999994    0.335051478097178    -0.15765801616848    0.112259492990459    0.0248560500961979    3.91862605553588e-06    5.8324315249401e-06
7.49999999999993    0.257885398851957    -0.151007643722496    0.0665048789552626    0.0228033084964494    3.77223820377469e-06    5.81627552620699e-06
7.99999999999992    0.184013835559423    -0.144530775877586    0.0338610916910218    0.0208891452075343    3.70559430415446e-06    5.63536711238622e-06
8.49999999999991    0.113288536568736    -0.138445071120704    0.0128342925310064    0.0191670377482689    3.62221633893677e-06    5.53642323532203e-06
8.9999999999999    0.0454918149243763    -0.132818073386097    0.00206950523733942    0.0176406406486045    3.49652915871679e-06    5.53261289109427e-06
9.49999999999989    -0.0196024196985171    -0.127627838789559    0.000384254869677732    0.0162888652635739    3.41187958525105e-06    5.42957009432973e-06
9.99999999999988    -0.0822009411451987    -0.122826936084563    0.00675699473631968    0.0150864562564035    3.34114787920707e-06    5.33686164412652e-06
10.4999999999999    -0.142482646883508    -0.118340096862901    0.0203013046735035    0.0140043785536469    3.25162453394594e-06    5.30340133835892e-06
10.9999999999999    -0.200549558312517    -0.113881404490768    0.040220125349411    0.012968974316228    3.17262051266415e-06    5.23813322421192e-06
11.4999999999998    -0.25620803352436    -0.108427742398436    0.0656425564519228    0.0117565753486691    3.08272197475422e-06    5.20072115313469e-06
11.9999999999998    -0.308369215610199    -0.0992190099437125    0.0950915731447468    0.00984441196176297    2.94912468597453e-06    5.24904269745818e-06
12.4999999999998    -0.35389761125587    -0.0807479901508638    0.125243519260317    0.00652023794203332    2.77610027990876e-06    5.35063696807466e-06
12.9999999999998    -0.386438577006543    -0.0464064907945556    0.149334773805449    0.00215356241823649    2.57051478432952e-06    5.51101799564484e-06
13.4999999999998    -0.397671170599809    0.00316613467862047    0.158142359932124    1.0024440097786e-05    2.42927210456859e-06    5.5941597132612e-06
13.9999999999998    -0.38321213173631    0.0530347382163506    0.146851537915943    0.002812683486612    2.46086649137271e-06    5.37914177405453e-06
14.4999999999998    -0.347418943887789    0.0867891699168707    0.120699922578468    0.00753236004114567    2.52208523778907e-06    5.12700880711905e-06
14.9999999999998    -0.299527844125852    0.102195015675095    0.089716929413164    0.010443821253217    2.54618994716797e-06    4.93802543698289e-06
15.4999999999998    -0.247121267616923    0.106145199744403    0.0610689209151423    0.01126680345145    2.55878104300697e-06    4.76138527256625e-06
15.9999999999997    -0.194202570799704    0.105055723840011    0.0377146385116092    0.0110367051335307    2.52886326023275e-06    4.6885002218344e-06
16.4999999999997    -0.142326227652374    0.102331219927755    0.0202567550839311    0.0104716785933218    2.485124150397e-06    4.62808668055167e-06
16.9999999999997    -0.091915607082256    0.0993110224815068    0.00844847883125235    0.00986267920722131    2.43981383999651e-06    4.57153690134345e-06
17.4999999999997    -0.0429976005070994    0.0963868582517212    0.00184879365508235    0.00929042646423387    2.39044682975601e-06    4.53833423796355e-06
17.9999999999997    0.00449839201466184    0.0936238573172236    2.02355362447554e-05    0.00876542667900486    2.35099596079776e-06    4.47761364344858e-06
18.4999999999997    0.0506518919016239    0.0910146142155079    0.0025656141585147    0.00828366002058189    2.30236909514161e-06    4.44793884087002e-06
18.9999999999997    0.0955356029038524    0.0885397932207343    0.00912705142730423    0.0078392950030056    2.2586837213607e-06    4.40853945900091e-06
19.4999999999997    0.13920504384659    0.0861419087963936    0.0193780442372702    0.00742042847010515    2.22240828427067e-06    4.36107270497361e-06
19.9999999999997    0.181665981522425    0.0836694711764092    0.0330025288472554    0.00700058042573625    2.17925875365616e-06    4.33546731154007e-06
20.4999999999997    0.22281314520242    0.0808217021493766    0.0496456976795723    0.00653214755682108    2.13952356551761e-06    4.30099176745792e-06
20.9999999999996    0.262345575164288    0.0771134531715827    0.0688252008126831    0.00594648467830103    2.09814088498947e-06    4.27260565704756e-06
21.4999999999996    0.29967366850863    0.0718810051640795    0.0898043076016292    0.0051668789214744    2.05162353615398e-06    4.25158502040093e-06
21.9999999999996    0.333844688735987    0.0643546891267174    0.111452276201244    0.00414152603050456    2.00410833788982e-06    4.23179905839521e-06
22.4999999999996    0.36352632924542    0.0538209082044612    0.132151392058489    0.002896690177721    1.95951034650723e-06    4.21520579343604e-06
22.9999999999996    0.387093629520194    0.0398687645278637    0.149841478018811    0.00158951840252113    1.92171864205377e-06    4.18842302470139e-06
23.4999999999996    0.402849028960063    0.022660056731018    0.162287340137609    0.000513478188402868    1.88242560066666e-06    4.16532289952554e-06
23.9999999999996    0.409358583007495    0.00309995221290373    0.167574449485303    9.60972089218845e-06    1.84347456221199e-06    4.14365801353645e-06
24.4999999999996    0.405819741900195    -0.0172260311296708    0.164689662919239    0.000296736165306315    1.8160756628054e-06    4.10194170202733e-06
24.9999999999996    0.392325790221833    -0.0363985185872298    0.153919525676389    0.00132485217188955    1.7897412372465e-06    4.06751056538801e-06
25.4999999999995    0.369905279254924    -0.0526862964245961    0.136829915623776    0.00277584584712605    1.76439880142122e-06    4.02313837046134e-06
25.9999999999995    0.340303956151697    -0.0650117965595015    0.115806782575545    0.00422653370767285    1.74616449874125e-06    3.9722582828707e-06
26.4999999999995    0.305594954952418    -0.0731476059437064    0.09338827649535    0.00535057227072213    1.72619456985846e-06    3.92764240689422e-06
26.9999999999995    0.267772821160378    -0.0775926884830807    0.0717022837551017    0.0060206253210579    1.707091116755e-06    3.87627381124827e-06
27.4999999999995    0.228466291463202    -0.0792511994589915    0.052196846337781    0.0062807526304299    1.6828650916559e-06    3.83940642018808e-06
27.9999999999995    0.188822300034763    -0.0790969265423906    0.035653860993178    0.00625632380285203    1.66126120173625e-06    3.79469339582366e-06
28.4999999999995    0.149533773242419    -0.0779457505640234    0.0223603493428041    0.00607554004515903    1.63976458093452e-06    3.76431515092342e-06
28.9999999999995    0.11094703618788    -0.0763625217727008    0.0123092448414991    0.00583123474532792    1.6199763424991e-06    3.7204445309399e-06
29.4999999999995    0.0731885856637635    -0.0746688783199721    0.00535656907399173    0.00557544140330519    1.59049385078206e-06    3.70707232271973e-06
29.9999999999994    0.0362725849539936    -0.0730052199383431    0.00131570042171767    0.00532976215168602    1.57257337826479e-06    3.66608424684917e-06
30.4999999999994    0.000171932745695619    -0.0714090868212307    2.95632717474621e-08    0.0050992576939057    1.55006613655452e-06    3.64192826226291e-06
30.9999999999994    -0.0351478676950817    -0.0698810580927313    0.00123537260583174    0.00488336229326261    1.5234068769903e-06    3.61979590660141e-06
31.4999999999994    -0.0697188603682505    -0.0684098314896758    0.00486071949330527    0.00467990505735741    1.50254983054343e-06    3.59326743994784e-06
31.9999999999994    -0.103556143539102    -0.06692212700831    0.0107238748668897    0.00447857109603575    1.4827618103459e-06    3.56642377822663e-06
32.4999999999995    -0.136590857475212    -0.065115183433488    0.018657062347939    0.00423998712621635    1.45781391283908e-06    3.5552161511749e-06
32.9999999999996    -0.168481659406277    -0.0621349061801647    0.028386069558345    0.00386074657854419    1.43253095327023e-06    3.53925351357978e-06
33.4999999999996    -0.198233632980718    -0.0561561603312918    0.0392965732466773    0.00315351435577018    1.39402903256156e-06    3.55196164424212e-06
33.9999999999997    -0.22366220626902    -0.0443170751820428    0.0500247825149385    0.00196400316548457    1.34642545619946e-06    3.57683331567272e-06
34.4999999999998    -0.241150262090544    -0.0242003127470825    0.0581534489080288    0.000585655150015502    1.30034772018627e-06    3.5998468738748e-06
34.9999999999999    -0.246710538797584    0.00261948064409433    0.0608660899554036    6.8616918633256e-06    1.26870159506582e-06    3.60812149671148e-06
35.5    -0.23858110692507    0.0291353202936971    0.056920944583213    0.000848866901177921    1.27326408187133e-06    3.5442348338002e-06
36    -0.218837181879342    0.0482923358838671    0.0478897121745209    0.00233214971728351    1.27616466511308e-06    3.48758775208629e-06
36.5000000000001    -0.191796845755328    0.0585327693680393    0.0367860300433479    0.00342608510150742    1.28632792523541e-06    3.40812787408281e-06
37.0000000000002    -0.16135778930564    0.062446542127961    0.0260363361712507    0.00389957063504377    1.28355035421177e-06    3.36222632970072e-06
37.5000000000003    -0.129887324122359    0.0630898237011018    0.0168707169692866    0.00398032586570332    1.27273596770697e-06    3.32674256068803e-06
38.0000000000003    -0.0984810224174484    0.0624173016112059    0.00969851177798207    0.00389591955128297    1.26336561707884e-06    3.2952591052954e-06
38.5000000000004    -0.0675320422126526    0.0613529740792856    0.00456057672696954    0.00376418743909858    1.24821790725371e-06    3.2749180216594e-06
39.0000000000005    -0.03713595318677    0.060233308183653    0.0013790790206082    0.00362805142533056    1.23216352039611e-06    3.25325071098683e-06
39.5000000000006    -0.0072935134869458    0.0591428804305807    5.31953404638972e-05    0.00349788031611215    1.21640322487506e-06    3.2382371734286e-06
40.0000000000007    0.022013362233667    0.0580909071710861    0.000484588118284876    0.00337455350624625    1.20591827320431e-06    3.20725871349963e-06
40.5000000000007    0.0508032781686372    0.057073720332979    0.00258097307408485    0.00325740956292996    1.18529239930705e-06    3.20668987758446e-06
41.0000000000008    0.0790892850965403    0.0560675833939721    0.00625511501847263    0.0031435739176722    1.17932047900485e-06    3.16736276163891e-06
41.5000000000009    0.10685854578883    0.0549830921282138    0.011418748809447    0.0030231404300349    1.1590956695802e-06    3.17100219685633e-06
42.000000000001    0.134024268937622    0.0536030702987407    0.0179625046655831    0.00287328915531001    1.14847610769846e-06    3.13978764988654e-06
42.500000000001    0.160346551013856    0.0515240706934719    0.0257110164233179    0.00265472987068803    1.130848131073e-06    3.14040447980986e-06
43.0000000000011    0.185330670001085    0.0481310848604148    0.0343474572442934    0.00231660133956975    1.11462908130329e-06    3.11918187890186e-06
43.5000000000012    0.20813082001342    0.0426544448437936    0.043318438240656    0.00181940167467727    1.09428840620182e-06    3.1217053431213e-06
44.0000000000013    0.227515385240924    0.0343676688351741    0.051763250522491    0.00118113667082038    1.07937242687873e-06    3.10743938844334e-06
44.5000000000014    0.241971372669415    0.0229398993293796    0.0585501451926497    0.00052623899084476    1.06235356549111e-06    3.09882049439169e-06
45.0000000000014    0.250001966882163    0.00882034895102283    0.0625009834460425    7.77985652026363e-05    1.0451292358153e-06    3.09593715786953e-06
45.5000000000015    0.250567946671478    -0.00662365493734528    0.0627842959002378    4.38728141401892e-05    1.03777076287921e-06    3.06776313814785e-06
46.0000000000016    0.243481434215612    -0.0214541288980756    0.0592832088087407    0.00046027965612978    1.02435480899334e-06    3.05851917401812e-06
46.5000000000017    0.229517483865882    -0.0338882704200826    0.0526782754011613    0.00114841488123249    1.01783923628202e-06    3.02784557149691e-06
47.0000000000017    0.210161587935457    -0.0429411621534514    0.0441678930445746    0.00184394341611914    1.01091648872487e-06    3.00501840344869e-06
47.5000000000018    0.187146490277935    -0.0485909275568036    0.0350238088243601    0.00236107824970518    1.00551432359637e-06    2.97903418153483e-06
48.0000000000019    0.162029999062034    -0.0514876662883616    0.0262537205970462    0.00265097978853243    1.00167353361431e-06    2.95139756372802e-06
48.500000000002    0.135969229139245    -0.0525152180641961    0.0184876312737054    0.00275784813694391    9.92434012104224e-07    2.93493458310483e-06
49.0000000000021    0.10969246468939    -0.0524667179970082    0.0120324368106052    0.00275275650584535    9.86012686321365e-07    2.90994323816457e-06
49.5000000000021    0.0835865417245812    -0.0519050990511491    0.0069867099584298    0.00269413931589824    9.77063281260341e-07    2.89631528678613e-06
50.0000000000022    0.0578171817403953    -0.0511583132506963    0.00334282650533729    0.00261717302294379    9.67155738993548e-07    2.87878875000699e-06
50.5000000000023    0.0324332321364183    -0.0503780291242119    0.00105191454773252    0.00253794582663369    9.57979021280769e-07    2.86247326664699e-06
51.0000000000024    0.00743638715750027    -0.0496130559176786    5.52998548544729e-05    0.00246145532561834    9.47754196363455e-07    2.85090048167065e-06
51.5000000000025    -0.0171836095859861    -0.0488706564151241    0.000295276439283124    0.00238834106647717    9.37833546965457e-07    2.8340878593665e-06
52.0000000000025    -0.041437702005222    -0.0481482991269991    0.001717083148334    0.00231825871677484    9.27590364281632e-07    2.81990499795817e-06
52.5000000000026    -0.0653313020298426    -0.0474191169937194    0.00426817902575687    0.00224857266436712    9.17804343950586e-07    2.81123901974659e-06
53.0000000000027    -0.0888353225450733    -0.046552122533722    0.00789171453251503    0.00216710012020026    9.09848087435635e-07    2.79384747685152e-06
53.5000000000028    -0.11179709469353    -0.0451493779696687    0.0124985903827218    0.00203846633882352    8.98647711628944e-07    2.78846125485573e-06
54.0000000000028    -0.133749870311364    -0.0423111971223323    0.0178890278090891    0.00179023740969107    8.84544515593321e-07    2.7867919536231e-06
54.5000000000029    -0.153611987244139    -0.0364758054693627    0.0235966426258434    0.00133048439242206    8.65931886829686e-07    2.78985212939947e-06
55.000000000003    -0.169415614563716    -0.0258115777598947    0.0287016504587158    0.000666237554301269    8.45209232290349e-07    2.80110258760873e-06
55.5000000000031    -0.178510465014946    -0.00977891472595888    0.0318659861205406    9.56271810702817e-05    8.29770000531207e-07    2.80226804864668e-06
56.0000000000032    -0.178724127179998    0.00898835539993751    0.0319423136369251    8.07905406128645e-05    8.20395003196584e-07    2.7959396919499e-06
56.5000000000032    -0.169891618099307    0.0256009593301168    0.0288631619010773    0.000655409126252334    8.22470418598214e-07    2.76225293100276e-06
57.0000000000033    -0.154053887207937    0.0367509823530417    0.0237326001645558    0.00135063471136304    8.24623129303494e-07    2.72936981199564e-06
57.5000000000034    -0.134048842594332    0.0425014094867211    0.0179690922015599    0.00180636981563769    8.24480902105765e-07    2.69810045801794e-06
58.0000000000035    -0.112144217736888    0.0446872820617593    0.0125763255724936    0.00199695318522634    8.21581232473747e-07    2.67565091793734e-06
58.5000000000035    -0.0896569958746945    0.0450721493687826    0.00803837690994115    0.00203149865578342    8.16189236360948e-07    2.65736055855252e-06
59.0000000000036    -0.0671888127308002    0.0447358959487118    0.00451433655683193    0.00200130039329604    8.10794555685293e-07    2.63857371504796e-06
59.5000000000037    -0.0449551634773583    0.0441844085940568    0.00202096672392428    0.0019522619697277    8.05156248811566e-07    2.63080567894037e-06
60.0000000000038    -0.0230092259023661    0.043599651395536    0.000529424477261887    0.00190092960867533    7.97353139268671e-07    2.61974553661818e-06
60.5000000000039    -0.00135359010155989    0.0430253667827626    1.83220679207e-06    0.00185118219354099    7.93113542670296e-07    2.59802608787601e-06
61.0000000000039    0.020018620165959    0.0424658875489412    0.000400745153961378    0.00180335161208723    7.82583171430005e-07    2.60152018097578e-06
61.500000000004    0.0411143326423481    0.0419180160369027    0.00169038834923357    0.00175712007512176    7.79695113028826e-07    2.57909539892153e-06
62.0000000000041    0.0619348273009839    0.0413571551478332    0.0038359228333992    0.00171041428854264    7.72333958526145e-07    2.57307033720061e-06
62.5000000000042    0.0824551933276886    0.0406942321193341    0.00679885890729231    0.00165602053435091    7.65381731360842e-07    2.56294187213666e-06
63.0000000000042    0.102577841192043    0.0397173718966382    0.0105222135041945    0.00157746963690271    7.57981437854104e-07    2.55476870071586e-06
63.5000000000043    0.122056555165209    0.0380363195620944    0.0148978026593615    0.00144676161231227    7.50803611761633e-07    2.5460766853142e-06
64.0000000000044    0.140400085699029    0.0350640785563225    0.0197121840648455    0.00122948961146065    7.42196845939115e-07    2.54100151680767e-06
64.5000000000043    0.15678813386641    0.0300971498835788    0.024582518921845    0.000905838437568685    7.30566758998507e-07    2.54048763237933e-06
65.0000000000042    0.170066992047576    0.0225622880950279    0.0289227817846287    0.000509056850497601    7.20036256093777e-07    2.5326985869534e-06
65.5000000000041    0.178910591736431    0.0124146560664166    0.0320089998359867    0.00015412369163209    7.11754391762864e-07    2.52679175514734e-06
66.000000000004    0.182177991997669    0.000470253354815702    0.0331888207688002    2.21144576136858e-07    7.05274545715272e-07    2.52159105248554e-06
66.5000000000039    0.179345109802506    -0.0116837150308982    0.0321646684105619    0.000136509203236834    6.99357460902736e-07    2.51268756004217e-06
67.0000000000038    0.170751706399044    -0.0223132810989756    0.0291561452386726    0.000497882519609781    6.98011810614405e-07    2.49156206801239e-06
67.5000000000037    0.157479290570808    -0.0302874330171832    0.0247997269591674    0.000917328604899056    6.94532079969773e-07    2.47562098580659e-06
68.0000000000036    0.140945037751363    -0.035396877461315    0.0198655036672121    0.00125293894007957    6.9212256973077e-07    2.4633745498075e-06
68.5000000000035    0.122478730109147    -0.0381330313504806    0.015001039329623    0.00145412808597212    6.88258905886651e-07    2.44854626883304e-06
69.0000000000034    0.103080508883647    -0.0392525589703952    0.0106255913121819    0.00154076339162111    6.85821158125838e-07    2.42832247251892e-06
69.5000000000033    0.0833791013902782    -0.0394456420205963    0.00695207454911327    0.00155595868028757    6.80424572189582e-07    2.42291877285848e-06
70.0000000000032    0.0637070829082244    -0.0391975718707821    0.00405859241313433    0.00153644964635778    6.77460233340741e-07    2.40679136776747e-06
70.5000000000031    0.0442078385133847    -0.0387862809557418    0.00195433298647768    0.00150437559612588    6.72438466073564e-07    2.39752841513807e-06
71.000000000003    0.0249264574081337    -0.0383381647470752    0.00062132827936185    0.00146981488190681    6.65089642280513e-07    2.39435424046194e-06
71.5000000000029    0.00586890773846613    -0.0378936014474905    3.44440784831703e-05    0.00143592503629209    6.63733873361336e-07    2.37293826596452e-06
72.0000000000028    -0.0129688194938608    -0.0374589744314908    0.000168190279493879    0.00140317477109929    6.55390111920807e-07    2.3749127583166e-06
72.5000000000027    -0.031591553688658    -0.0370328628842775    0.000998026264886567    0.00137143293899682    6.50544658637359e-07    2.36455607685428e-06
73.0000000000026    -0.0500002918942113    -0.0365961076857433    0.00250002918992616    0.0013392751032432    6.47943113462514e-07    2.34449952466748e-06
73.5000000000025    -0.0681712754888184    -0.0360547788247805    0.00464732280218035    0.00129994708163473    6.3873000091403e-07    2.35178360830514e-06
74.0000000000024    -0.0859926501184885    -0.0351265506740455    0.00739473587480347    0.00123387456773562    6.3457735085618e-07    2.34079737893181e-06
74.5000000000023    -0.103131172801567    -0.033180037995427    0.0106360388038197    0.00110091492682809    6.26961082022338e-07    2.33454709273621e-06
75.0000000000022    -0.118822988349269    -0.0291206520028254    0.0141189025606318    0.000848012378536136    6.17442549604371e-07    2.3380492046896e-06
75.5000000000021    -0.131675479855711    -0.0216196461527595    0.0173384319956013    0.000467409105244801    6.07887058085956e-07    2.33971633803003e-06
76.000000000002    -0.139760475113146    -0.0100956740096201    0.0195329904042084    0.00010192263921886    5.96681833233917e-07    2.34741147343695e-06
76.5000000000019    -0.141340231013476    0.00394315421333299    0.0199770609032936    1.55484706155919e-05    5.92282830598308e-07    2.33783366461276e-06
77.0000000000018    -0.13596434047095    0.0171224035011334    0.0184863018800508    0.000293176707039309    5.91948944400308e-07    2.32027650632147e-06
77.5000000000017    -0.124841255964106    0.0266456037480659    0.0155853391910479    0.000709988204383779    5.93635757648122e-07    2.2988764424309e-06
78.0000000000016    -0.110017717484843    0.0320242325292553    0.0121038981609272    0.00102555147429602    5.93701586935325e-07    2.28214931639832e-06
78.5000000000015    -0.0933204335540649    0.0343813350693675    0.00870870331906526    0.00118207620632311    5.88740042950175e-07    2.27398142360182e-06
79.0000000000014    -0.0759111566417854    0.035070568012884    0.00576250370303991    0.00122994474582062    5.88411762357008e-07    2.25262047345521e-06
79.5000000000013    -0.0583695635003452    0.0350248008048817    0.00340700594356263    0.00122673667645841    5.84633509297284e-07    2.24427492541975e-06
80.0000000000012    -0.0409267860574308    0.034726556017947    0.00167500181733061    0.00120593369785397    5.83005570566841e-07    2.23301618929364e-06
80.5000000000011    -0.0236518846613461    0.0343705622133431    0.000559411648369422    0.00118133555182099    5.79484257816205e-07    2.22703743073143e-06
81.000000000001    -0.00655625736512132    0.0340129743784561    4.29845109684639e-05    0.00115688243101742    5.7511421231613e-07    2.22439011011778e-06
81.5000000000009    0.0103622836720795    0.0336623987225391    0.000107376923227686    0.0011331570926533    5.7187480168876e-07    2.21316331446616e-06
82.0000000000008    0.0271072445970953    0.0333181947625664    0.000734802709970379    0.00111010210707367    5.68881563358942e-07    2.19939889913237e-06
82.5000000000007    0.0436798578723217    0.0329689602222525    0.00190792998406226    0.00108695234297437    5.62165429974813e-07    2.19952236583061e-06
83.0000000000006    0.0600671815028046    0.032562522648317    0.00360806629400427    0.00106031788601389    5.59818649281926e-07    2.18900223298622e-06
83.5000000000005    0.0762101169010005    0.0319572870539034    0.00580798191837165    0.00102126820063111    5.54522426117387e-07    2.18758623357484e-06
84.0000000000004    0.0919448859088455    0.0308674903135069    0.0084538620450937    0.000952801963027835    5.50534279413391e-07    2.1848101136179e-06
84.5000000000003    0.106920484404004    0.0288280399544086    0.0114319899854863    0.000831055892335867    5.47223481365835e-07    2.1732208154257e-06
85.0000000000002    0.120513770684245    0.0252316962856693    0.0145235689248285    0.000636638502148784    5.41939531925519e-07    2.16714691197396e-06
85.5000000000001    0.131796847409796    0.0195128974030914    0.017370408987447    0.000380753169766517    5.34703010563301e-07    2.16862734597394e-06
86    0.139640762909884    0.0115015639512735    0.0194995426663326    0.000132285978034817    5.27388892201535e-07    2.17015721260606e-06
86.4999999999999    0.143009401159164    0.00178112809831645    0.0204516888201768    3.17242198246168e-06    5.23638658272513e-07    2.16329593380514e-06
86.9999999999998    0.141359002420261    -0.00830940250105485    0.0199823675655224    6.9046174564992e-05    5.2061415678666e-07    2.15417163697816e-06
87.4999999999997    0.134899930492235    -0.0172178139344038    0.0181979912470792    0.000296453121275017    5.18991767504102e-07    2.14365730251189e-06
87.9999999999996    0.12451598483007    -0.0239046580080997    0.01550423047847    0.000571432679038582    5.17458862794639e-07    2.13409905114441e-06
88.4999999999995    0.111401856085335    -0.0281702157732095    0.0124103735395252    0.000793561061215482    5.17144804466978e-07    2.12280490640012e-06
88.9999999999994    0.096677623603262    -0.0304484309686166    0.00934656290583998    0.000927106952907395    5.15733875297501e-07    2.11110967994268e-06
89.4999999999993    0.0811740117190149    -0.0313977650711377    0.00658922017882366    0.000985819655867657    5.14678836394828e-07    2.09888106861688e-06
89.9999999999992    0.0654025127695214    -0.0316032990641554    0.00427748867682883    0.000998768516122889    5.1128765474729e-07    2.09390674754078e-06
90.4999999999991    0.0496270539649662    -0.0314641089444373    0.00246284448549899    0.000989990156023006    5.07272914284621e-07    2.08700470254858e-06
90.999999999999    0.0339583276239824    -0.0312010021583234    0.00115316801527375    0.000973502539981934    5.0598574912776e-07    2.0732181188802e-06
91.4999999999989    0.0184302974213219    -0.0309101795082438    0.000339675863289048    0.000955439201524253    5.00663234538206e-07    2.07180996634737e-06
91.9999999999988    0.00304783391689358    -0.0306205016584839    9.28929183372265e-06    0.000937615126072677    4.98754262147915e-07    2.06287754773351e-06
92.4999999999987    -0.0121910898310206    -0.0303360691186268    0.000148622671513466    0.000920277093809912    4.95430730058686e-07    2.059079916348e-06
92.9999999999986    -0.0272889166957575    -0.0300553028269179    0.000744684974668457    0.000903321232258095    4.90371131916444e-07    2.05921314291801e-06
93.4999999999985    -0.0422442397032312    -0.0297595525796127    0.00178457578834228    0.000885630973935713    4.88083415448336e-07    2.04865364391417e-06
93.9999999999984    -0.0570327306898491    -0.0293640766885608    0.00325273237017583    0.000862249003934611    4.84740996288458e-07    2.04032623647349e-06
94.4999999999983    -0.0715529326400515    -0.0286262558818273    0.00511982216962353    0.000819462529941344    4.81446296194527e-07    2.03211500627671e-06
94.9999999999982    -0.0855171245489637    -0.0270230092732052    0.00731317859135059    0.000730243034303522    4.77099125975535e-07    2.03071057594846e-06
95.4999999999981    -0.0982872760971421    -0.0236774029930304    0.00966038864281807    0.0005606194166296    4.71420546435399e-07    2.0335283443419e-06
95.999999999998    -0.108730885786157    -0.0175642367007982    0.011822405524058    0.000308502415035758    4.64422028653513e-07    2.03815901729578e-06
96.4999999999979    -0.115313680428806    -0.00827781284195797    0.0132972448942476    6.85221896064608e-05    4.5912126321969e-07    2.03960204748482e-06
96.9999999999978    -0.11667127273615    0.00298047831629779    0.0136121858820809    8.88325512512679e-06    4.55824928089005e-07    2.03253671606752e-06
97.4999999999977    -0.112441592986502    0.0136045075425106    0.0126431118335497    0.000185082629550063    4.55475710122447e-07    2.01886982193026e-06
97.9999999999976    -0.103547870559695    0.0214051399518104    0.0107221614976562    0.000458180020369484    4.56926269735592e-07    2.00322083099462e-06
98.4999999999975    -0.0915887309736283    0.0259314028337105    0.00838849564156634    0.00067243765690978    4.54624583875632e-07    1.99639919513746e-06
98.9999999999974    -0.0780251376855238    0.02800676920015    0.00608792211105151    0.000784379124963564    4.54493429572302e-07    1.98320308919132e-06
99.4999999999973    -0.0638117577743874    0.028689141506237    0.00407194043046315    0.000823066844249098    4.53928948538177e-07    1.97083967941809e-06
99.9999999999972    -0.049439566652215    0.028736781216133    0.00244427075096227    0.000825802598540123    4.51065826226684e-07    1.96881443399657e-06
100.499999999997    -0.0351116333893685    0.0285562909964774    0.00123282679947051    0.000815461759342995    4.48427720411685e-07    1.96659608893223e-06
100.999999999997    -0.0208921791014816    0.0283184958440033    0.000436483147808737    0.000801937210696744    4.47607040200443e-07    1.95701650946503e-06
101.499999999997    -0.00679378732390246    0.0280755079612705    4.61555463995045e-05    0.000788234151099846    4.43944529806266e-07    1.95358123142405e-06
101.999999999997    0.00718397325706131    0.027836216283323    5.16094719537233e-05    0.000774854940754807    4.42211718300717e-07    1.94496098772811e-06
102.499999999997    0.0210430542085982    0.0276005149869939    0.000442810130619152    0.000761788431309828    4.39488673374151e-07    1.93973044112845e-06
102.999999999997    0.0347839381554059    0.0273605116804123    0.00120992235379075    0.000748597603149102    4.37776396326725e-07    1.93264616377735e-06
103.499999999997    0.048396664511927    0.0270765999258933    0.0023422371360692    0.000733142267269036    4.34952270637611e-07    1.92928710195211e-06
103.999999999996    0.0618350924076494    0.0266355792485857    0.00382357865325079    0.000709454085603916    4.33880580554154e-07    1.92255797803635e-06
104.499999999996    0.0749676178514809    0.02580057126525    0.0056201437265104    0.000665669481302761    4.29785785047754e-07    1.92081115983397e-06
104.999999999996    0.0875048534760632    0.0241743137849641    0.00765709938204779    0.000584397450666033    4.24854359093774e-07    1.9214912179498e-06
105.499999999996    0.0989215337084701    0.0212234556941387    0.00978546983141347    0.000450435075275545    4.21296218135466e-07    1.91689232168281e-06
105.999999999996    0.108420879708106    0.0164362928757797    0.0117550871568545    0.000270151727147756    4.18176392214523e-07    1.91032750516279e-06
106.499999999996    0.115020387931723    0.00964542369850981    0.0132296896401352    9.30342019730755e-05    4.1363006665694e-07    1.91031430962429e-06
106.999999999996    0.117814330810025    0.00136565348899943    0.0138802165443831    1.86501309843764e-06    4.1135598996959e-07    1.90956050706733e-06
107.499999999996    0.116336999155869    -0.00720248216394797    0.0135342973727603    5.18757529436581e-05    4.09370134592925e-07    1.90306843946168e-06
107.999999999996    0.110795253622612    -0.01468726965806    0.0122755882254652    0.000215715893591495    4.07755003492541e-07    1.89286175731823e-06
108.499999999996    0.101980188717182    -0.0202140414450027    0.0103999588909575    0.000408607475106346    4.06610373839538e-07    1.88840157766533e-06
108.999999999995    0.0909289910971446    -0.0236693355772733    0.00826808142210969    0.000560237450203139    4.06304474661959e-07    1.8797772167773e-06
109.499999999995    0.0785861259060036    -0.0254750394500593    0.00617577918507918    0.000648977638481544    4.06110049604854e-07    1.87068556637671e-06
109.999999999995    0.0656311787429841    -0.0262119452712098    0.00430745162335618    0.000687066078387273    4.03296828903643e-07    1.86718439697399e-06
110.499999999995    0.0524693733178001    -0.0263707139999796    0.00275303513652383    0.000695414560319989    4.014344004903e-07    1.85775851060183e-06
110.999999999995    0.0393024323447865    -0.0262721037186222    0.00154468118837741    0.00069022343721074    4.01110470956533e-07    1.84626582986214e-06
111.499999999995    0.0262113086752929    -0.0260857874738769    0.000687032702630994    0.000680468311531754    3.99384217623384e-07    1.84376829364212e-06
111.999999999995    0.0132193739704406    -0.0258814307161681    0.000174751848327178    0.00066984845931566    3.95999445486593e-07    1.8438685218788e-06
112.499999999995    0.000329646596161487    -0.025677984565531    1.0866703297522e-07    0.00065935889473011    3.93210331623666e-07    1.83914662362047e-06
112.999999999995    -0.01245913430049    -0.0254776384576758    0.00015523002767011    0.000649110064748419    3.90465804821225e-07    1.83531374039571e-06
113.499999999995    -0.0251482177210043    -0.0252781436306456    0.00063243285469545    0.000638984548748219    3.90404009609333e-07    1.82665486272695e-06
113.999999999994    -0.0377342640083388    -0.0250585075753623    0.00142387468040196    0.000627928805223694    3.88517247724459e-07    1.82186824997181e-06
114.499999999994    -0.0501899134976762    -0.0247331014019188    0.00251902741705389    0.000611726308263184    3.86875006904797e-07    1.81812705476345e-06
114.999999999994    -0.0624128738629781    -0.0240719320580718    0.0038953668239832    0.000579457916312338    3.83649753700812e-07    1.81766725216239e-06
115.499999999994    -0.0741290864191117    -0.0226025320863454    0.00549512145347752    0.000510874459998592    3.81303710765712e-07    1.81226847017026e-06
115.999999999994    -0.0847562604803845    -0.0195715171986759    0.00718362369076125    0.000383044288736966    3.77428487221223e-07    1.81077359922375e-06
116.499999999994    -0.09330186505769    -0.014163442448495    0.00870523802338128    0.000200603105287572    3.71336091051962e-07    1.81541783580148e-06
116.999999999994    -0.0984811448463118    -0.00616955853098765    0.00969853589037577    3.80634557580659e-05    3.68152557770083e-07    1.81405165835447e-06
117.499999999994    -0.0992232208205515    0.00327518870144946    0.00984524755013863    1.07268642991792e-05    3.67026382517959e-07    1.80805889303182e-06
117.999999999994    -0.0953269068272073    0.0120122337286476    0.00908721916537724    0.000144293762392905    3.66298870053449e-07    1.80034642766928e-06
118.499999999994    -0.0876185612533458    0.0183544115436513    0.00767701227624038    0.000336884426323747    3.66162314288302e-07    1.79165544176225e-06
118.999999999993    -0.0774226803156323    0.022024862644336    0.00599427142739183    0.000485094577665421    3.67748312387412e-07    1.77863842912999e-06
119.499999999993    -0.0659229829014262    0.0237195552426345    0.00434583967475654    0.000562617304034959    3.67159498705875e-07    1.76821070383113e-06
119.999999999993    -0.05388805304106    0.0242931671490699    0.00290392226068944    0.000590157973249712    3.65173046875061e-07    1.76552002759252e-06
120.499999999993    -0.041713415859763    0.0243545322721571    0.00174000906282167    0.000593143245295907    3.63515984172126e-07    1.76078539584721e-06
120.999999999993    -0.0295632591714061    0.024230887170157    0.000873986292966932    0.000587135896126225    3.62223307924119e-07    1.75309648430928e-06
121.499999999993    -0.017489844718661    0.0240602042571006    0.000305894668411893    0.00057889343197226    3.5919398742092e-07    1.75466824577316e-06
121.999999999993    -0.00550370152207572    0.0238845937561342    3.02907305715809e-05    0.000570473821968492    3.57046739187237e-07    1.75297697766125e-06
122.499999999993    0.00639513898311408    0.0237111886063974    4.08978027405163e-05    0.000562220468174089    3.56610336596034e-07    1.74526225868102e-06
122.999999999993    0.0182078570917125    0.0235398547239529    0.00033152605999859    0.000554124763445226    3.55479005087606e-07    1.73793489141871e-06
123.499999999993    0.0299342972246795    0.0233634419241099    0.000896062150460293    0.000545850421544815    3.53322720953169e-07    1.73307815920624e-06
123.999999999992    0.0415648835874684    0.0231462877444002    0.00172763954776346    0.000535750639344474    3.51652215567878e-07    1.73144504780724e-06
124.499999999992    0.0530574754192447    0.0227864640241218    0.0028150956979858    0.000519222945716814    3.49356453816537e-07    1.73038062418143e-06
124.999999999992    0.0642928648335745    0.0220700847481776    0.00413357246862902    0.000487088643774309    3.4747658104908e-07    1.72701136499632e-06
125.499999999992    0.0750091882842453    0.0206377289844716    0.00562637832718015    0.000425915860612892    3.44649504795435e-07    1.72522257689186e-06
125.999999999992    0.0847314162850367    0.0180086392822735    0.00717941290578499    0.00032431109177033    3.41756712641278e-07    1.72374208361428e-06
126.499999999992    0.0927418869064982    0.0137322753656632    0.00860105758709332    0.000188575389675024    3.40035644222316e-07    1.7194838897513e-06
126.999999999992    0.0981666237190028    0.00769341574640877    0.00963668601250199    5.91886487996402e-05    3.37197481929824e-07    1.71829850578384e-06
127.499999999992    0.100225265573447    0.000414626102783833    0.0100451038593797    1.71917749196966e-07    3.34260141036895e-07    1.71583427405399e-06
127.999999999992    0.0985609924386786    -0.00698286142692715    0.00971426923060874    4.87603566325171e-05    3.33879349144223e-07    1.71021931412923e-06
128.499999999992    0.093426145385352    -0.0132955609154976    0.00872844464167589    0.000176771942964559    3.33111058149009e-07    1.70494903867524e-06
128.999999999992    0.0855650610555435    -0.0178325515533877    0.00732137967354939    0.000317999897788112    3.32414838180634e-07    1.6981995730946e-06
129.499999999992    0.0758927146221721    -0.0205865843845531    0.00575970413283306    0.000423807459485161    3.32575683729248e-07    1.69199109219051e-06
129.999999999993    0.0652053586908002    -0.0219795197318151    0.00425173880210548    0.000483099290487416    3.31009896650765e-07    1.68705794936391e-06
130.499999999993    0.0540536055812904    -0.0225244948426028    0.00292179227644692    0.000507352870737508    3.30480346602173e-07    1.68019853479985e-06
130.999999999993    0.0427532191259749    -0.0226292037235511    0.00182783774574207    0.000512080863977567    3.29311134135851e-07    1.67797189197861e-06
131.499999999993    0.0314547239173798    -0.0225473917100309    0.00098939965682606    0.000508384875733961    3.27829100072738e-07    1.67582507981435e-06
131.999999999994    0.0202152404716843    -0.0224064005912024    0.000408655947434682    0.000502046790245288    3.26586812753558e-07    1.67088369389684e-06
132.499999999994    0.0090498925977161    -0.0222548006111418    8.19005561365481e-05    0.000495276153011296    3.26115793332119e-07    1.66421763429093e-06
132.999999999994    -0.00203977106960724    -0.0221041880106413    4.16066612244946e-06    0.000488595130355648    3.25642098712679e-07    1.65706607487576e-06
133.499999999994    -0.0130546247137174    -0.0219555003332296    0.000170423226520219    0.000482043997624212    3.2282883676904e-07    1.65582748389894e-06
133.999999999995    -0.023995127607637    -0.0218053251770363    0.000575766149010354    0.000475472208802178    3.21821762128739e-07    1.65102501972418e-06
134.499999999995    -0.034855861116411    -0.021628464046966    0.00121493105426883    0.000467790459744811    3.19841240306098e-07    1.6473948105864e-06
134.999999999995    -0.0456046591812517    -0.0213332515539459    0.00207978493913883    0.000455107624567438    3.17341432931834e-07    1.64423287372249e-06
135.499999999996    -0.0561324103085351    -0.020689766570468    0.00315084748714499    0.000428066443434512    3.15046834883422e-07    1.64135794882021e-06
135.999999999996    -0.0661634504106312    -0.0192507005766169    0.00437760217033731    0.000370589475389862    3.11863916631605e-07    1.64295598783391e-06
136.499999999996    -0.0751393860777525    -0.0163458430445668    0.00564592734023703    0.000267186587540655    3.09009388560504e-07    1.6440928868981e-06
136.999999999996    -0.0821541147497857    -0.011327338212184    0.00674929857041549    0.000128308593671934    3.07448551855173e-07    1.64278094681143e-06
137.499999999997    -0.0861049876014495    -0.00417849945991234    0.0074140688899389    1.7459860434185e-05    3.05155946121718e-07    1.64246681434498e-06
137.999999999997    -0.0861638212817122    0.00395681671596228    0.00742420409795955    1.56564012090651e-05    3.04501860910274e-07    1.63870269593095e-06
138.499999999997    -0.0822946372989525    0.0112348740999594    0.00677240732825735    0.000126222398720871    3.01990531659964e-07    1.63674442786044e-06
138.999999999997    -0.0752910831889541    0.0163816910426035    0.005668747207857    0.000268359804075845    3.01643689889045e-07    1.63111261142157e-06
139.499999999998    -0.0662869351892554    0.0193055335729748    0.00439395777687592    0.00037270362917514    3.02291844109303e-07    1.6241564776637e-06
139.999999999998    -0.0562505204280551    0.0206376638308595    0.00316412104851849    0.000425913171009717    3.02389439150035e-07    1.61683367141082e-06
140.499999999998    -0.045795341179057    0.0210835466278752    0.00209721327379723    0.000444515941008906    3.01654149853062e-07    1.61217807455209e-06
140.999999999998    -0.0352320208173295    0.0211305376876133    0.00124129529096344    0.000446499625549598    3.01160022492689e-07    1.60684462762267e-06
141.499999999999    -0.024687504451316    0.0210360986064403    0.000609472876123773    0.000442517447148881    3.00042300781961e-07    1.60281054957655e-06
141.999999999999    -0.0142013281820381    0.0209067714015712    0.00020167772222292    0.000437093092999788    2.98280081636474e-07    1.60069768424694e-06
142.499999999999    -0.00378117858587245    0.020773987008249    1.42973115866872e-05    0.000431558538764659    2.97366477484439e-07    1.5955443595175e-06
142.999999999999    0.00657291962787829    0.0206426818086997    4.32032725222424e-05    0.000426120314781122    2.96132909031757e-07    1.58930766467608e-06
143.5    0.016861716336441    0.0205124861191026    0.000284317477897569    0.000420762089294552    2.94905001858634e-07    1.58372135030984e-06
144    0.0270844653122909    0.0203757534169428    0.000733568261339504    0.000415171329798869    2.94641491750102e-07    1.57823138683972e-06
144.5    0.0372307820656681    0.0201967376895866    0.00138613113330713    0.000407908215790057    2.93006448636584e-07    1.57736826469667e-06
145    0.0472582726843855    0.0198763506155077    0.00223334433719739    0.000395069316271041    2.92665660963817e-07    1.57494402161013e-06
145.500000000001    0.0570503891008703    0.0192102508748761    0.00325474689664516    0.000369033741158923    2.90614713969924e-07    1.57583181101034e-06
146.000000000001    0.06635540807978    0.0178603837352912    0.00440304018151692    0.000318993309659031    2.87713270489257e-07    1.57707869682241e-06
146.500000000001    0.0747234314477774    0.01538574753512    0.00558359120741202    0.000236721229704403    2.85196476240174e-07    1.5779583687954e-06
147.000000000001    0.0814875591747657    0.0113987054114015    0.00664022230034104    0.00012993048754428    2.83025283440188e-07    1.57745549644231e-06
147.500000000002    0.085860220633291    0.00585946036303229    0.00737197748727591    3.43332782342494e-05    2.80174955483246e-07    1.57743554103428e-06
148.000000000002    0.0871796152104238    -0.000667020193930464    0.00760028530831563    4.44918415869251e-07    2.79399302760574e-07    1.57377197105796e-06
148.500000000002    0.0852063742337804    -0.0071153577640815    0.0072601262101451    5.06283185676758e-05    2.79407510607232e-07    1.56741852479072e-06
149.000000000002    0.0802537231077966    -0.0124451823660186    0.00644066007274093    0.000154882566560408    2.79371212764104e-07    1.5610729169689e-06
149.500000000003    0.0730355404572015    -0.0161480384115735    0.00533419016995343    0.000260759146955965    2.791483681613e-07    1.55380598372416e-06
150.000000000003    0.0643627139062667    -0.0183171003768971    0.00414255894145733    0.000335516168616127    2.78200086211625e-07    1.54880761580265e-06
150.500000000003    0.0549040993989208    -0.0193708028672673    0.00301446013088395    0.000375228006105107    2.78154576627741e-07    1.54355995195105e-06
151.000000000003    0.0451018556719351    -0.019759425479567    0.00203417738512866    0.000390434897658866    2.76768445871991e-07    1.54152691227483e-06
151.500000000004    0.0351987490228934    -0.0198182760695005    0.00123895193285292    0.000392764068726396    2.76194886403286e-07    1.53605271957071e-06
152.000000000004    0.0253049338627822    -0.0197452732881784    0.000640339677875106    0.000389875819575191    2.74448920071546e-07    1.53308227353887e-06
152.500000000004    0.0154595118067839    -0.0196339928500286    0.00023899650537895    0.000385493677574741    2.73601915400428e-07    1.52963014047414e-06
153.000000000004    0.00567174207003681    -0.0195170852957897    3.21686581835642e-05    0.00038091662076649    2.73017875291647e-07    1.52425760460762e-06
153.500000000005    -0.00405775856549671    -0.0194011465456665    1.64654046502684e-05    0.000376404489590809    2.72775484368627e-07    1.5180186431334e-06
154.000000000005    -0.0137296091323303    -0.0192863410750879    0.000188502167000462    0.000371962954358906    2.71833269780958e-07    1.51468960184447e-06
154.500000000005    -0.0233435486192895    -0.0191674548925238    0.000544921262214481    0.00036739132934624    2.70824058118776e-07    1.5130454100381e-06
155.000000000005    -0.0328916025431389    -0.019013493949685    0.00108185751792841    0.000361512954463636    2.69424745304805e-07    1.51292039216577e-06
155.500000000006    -0.0423351505913884    -0.018723444208498    0.00179226497566731    0.000350567365319406    2.67915185708201e-07    1.51349495057947e-06
156.000000000006    -0.0515541808190261    -0.0180606922948791    0.00265783355999159    0.000326188608464557    2.65985883628022e-07    1.51467864560493e-06
156.500000000006    -0.0602626998854298    -0.0165910775604959    0.00363159299755093    0.000275263856911404    2.63704005478268e-07    1.514269714654e-06
157.000000000007    -0.0679101636507104    -0.0137106559901542    0.00461179032713467    0.000187982089967183    2.61537474122009e-07    1.51222753260126e-06
157.500000000007    -0.0736520218693664    -0.00892185907601477    0.00542462032551297    7.95995716476795e-05    2.59519025756611e-07    1.50844700856191e-06
158.000000000007    -0.0765357861958309    -0.00239090644991028    0.00585772656868083    5.7164359146693e-06    2.58636770632037e-07    1.50414318518982e-06
158.500000000007    -0.0759444969575424    0.00471503564443411    0.00576756661820085    2.22315633847579e-05    2.58245921780258e-07    1.50215635865112e-06
159.000000000008    -0.0719926120284493    0.0108143103139023    0.00518293618674498    0.000116949309821713    2.57211540490338e-07    1.50211151169246e-06
159.500000000008    -0.0654579698754967    0.0149809646679577    0.00428474582028709    0.000224429304630716    2.56255060026904e-07    1.49937273713209e-06
160.000000000008    -0.0573248394338627    0.017282519186433    0.00328613721618388    0.000298685471652823    2.56398168745874e-07    1.49110584006194e-06
160.500000000008    -0.0483881891130685    0.0183041566615602    0.00234141684570816    0.000335042153283364    2.57053382417337e-07    1.48068393518613e-06
161.000000000009    -0.039134629994649    0.0186335416532572    0.0015315192648845    0.000347208876719395    2.57707501016138e-07    1.47503370287608e-06
161.500000000009    -0.0298040380339399    0.0186595843116352    0.000888280683193923    0.00034818008886723    2.55711777132092e-07    1.47790676173048e-06
162.000000000009    -0.0204916678338651    0.0185817788182501    0.00041990845067824    0.000345282506240812    2.54517185088731e-07    1.48001460946914e-06
162.500000000009    -0.0112259660033235    0.0184798660942316    0.000126022312772157    0.00034150545304135    2.53733871921499e-07    1.4766917653187e-06
163.00000000001    -0.00201203927468884    0.0183759777450864    4.04830210674964e-06    0.000337676560244654    2.52703874796079e-07    1.46858557933005e-06
163.50000000001    0.00715019757791288    0.0182731574269054    5.11253254665089e-05    0.000333908284491254    2.51629989518325e-07    1.4638263028799e-06
164.00000000001    0.016261212028111    0.0181706880904318    0.000264427016685574    0.000330173907829366    2.49782941047838e-07    1.46615286547598e-06
164.50000000001    0.0253196031733953    0.0180595815837442    0.000641082304920499    0.000326148489127809    2.4958109550644e-07    1.4655707598134e-06
165.000000000011    0.03431334022013    0.0179015998862362    0.00117740531712415    0.000320467280622835    2.4850522639177e-07    1.46148597759932e-06
165.500000000011    0.0431971499480825    0.0175956193928352    0.00186599376369882    0.000309605823932073    2.48384110398037e-07    1.45415140718653e-06
166.000000000011    0.0518513696038512    0.0169391691600098    0.00268856452985655    0.000286935453941582    2.47712759222421e-07    1.45263752195412e-06
166.500000000011    0.0600243372775798    0.0156064696505212    0.00360292106567322    0.000243561897069966    2.46109815644306e-07    1.45510378231352e-06
167.000000000012    0.0672771464664267    0.0131901094730509    0.00452621443672445    0.000173978990030308    2.43756404321445e-07    1.45576161749489e-06
167.500000000012    0.0729784714136368    0.00936821839284162    0.00532585728992925    8.77635179738784e-05    2.41358303647644e-07    1.45530147517217e-06
168.000000000012    0.0764160823386595    0.0041892751311425    0.00583941764004596    1.75500282370648e-05    2.39128870764067e-07    1.45349776420476e-06
168.500000000012    0.0770425975814281    -0.00172694303732432    0.00593556184215124    2.98233435201852e-06    2.39537684889353e-07    1.44839759096652e-06
169.000000000013    0.0747356151340893    -0.00736905855576596    0.00558541216952811    5.43030260885767e-05    2.39573709533188e-07    1.44577631139281e-06
169.500000000013    0.0698684812740054    -0.0118599352609726    0.00488160467559335    0.000140658066474373    2.39380010468874e-07    1.44219011368056e-06
170.000000000013    0.0631264438941426    -0.0148621597135675    0.00398494791877747    0.000220883793412709    2.39032623004108e-07    1.43566000142238e-06
170.500000000013    0.0552259410164978    -0.0165519651351812    0.00304990456121453    0.000273967551885127    2.38416487134313e-07    1.43138806287932e-06
171.000000000014    0.0467251124867839    -0.0173353601026053    0.00218323613695879    0.000300514711936256    2.37010652961165e-07    1.43152247401853e-06
171.500000000014    0.0379756880717285    -0.0176029485114567    0.00144215288457758    0.000309863798336738    2.37405762577925e-07    1.42819507592237e-06
172.000000000014    0.0291619318867135    -0.0176273808033708    0.000850418271421431    0.000310724556010947    2.36883221338266e-07    1.42263955676489e-06
172.500000000014    0.0203629704301083    -0.0175608469532675    0.000414650564793091    0.000308383347724224    2.35850484345102e-07    1.41708908399779e-06
173.000000000015    0.0116047762165218    -0.0174706253636554    0.000134670831090364    0.000305222752599    2.3412537156992e-07    1.41485038618651e-06
173.500000000015    0.0028926891684145    -0.0173778028513273    8.36765067953988e-06    0.000301988033932883    2.33403722041858e-07    1.41183757398797e-06
174.000000000015    -0.00577317745863054    -0.0172858245578137    3.33295780233761e-05    0.000298799732627265    2.33530009194275e-07    1.4084563340805e-06
174.500000000015    -0.0143932334687541    -0.0171942646281428    0.000207165169740429    0.000295642738080829    2.33164129325808e-07    1.40649381428515e-06
175.000000000016    -0.0229663662704588    -0.0170953024615514    0.000527453979722967    0.000292249368220475    2.32589894157958e-07    1.40304973719063e-06
175.500000000016    -0.0314813341614597    -0.0169506373949986    0.000991074400638903    0.000287324110062871    2.31117217730506e-07    1.40219333975235e-06
176.000000000016    -0.0398913805064442    -0.0166474586984414    0.00159132223876281    0.000277137883083971    2.29989155369391e-07    1.40273219191471e-06
176.500000000016    -0.0480623511845642    -0.0159386152640255    0.00230998960144068    0.000254039458506223    2.28693507654806e-07    1.40413489151254e-06
177.000000000017    -0.0556924333765017    -0.014398112317744    0.00310164713544785    0.00020730564028391    2.27541524628563e-07    1.40340216042052e-06
177.500000000017    -0.0622309818122322    -0.0114836848892166    0.00387269509736551    0.000131875020594602    2.26110803306581e-07    1.39992167627657e-06
178.000000000017    -0.0668848432883589    -0.00684312409754826    0.00447358226175826    4.68283493767297e-05    2.23457037453418e-07    1.4008154578843e-06
178.500000000018    -0.0688375514412167    -0.000813374953061375    0.00473860848847159    6.61580773269906e-07    2.22354488531927e-07    1.3996436374178e-06
179.000000000018    -0.0676618357079618    0.00542859189781455    0.00457812401142115    2.94696119309596e-05    2.23461415652592e-07    1.39209979259898e-06
179.500000000018    -0.0636010149326858    0.0105443081454073    0.00404508910051709    0.000111182436202375    2.22191165711147e-07    1.39178707211359e-06
180.000000000018    -0.0574148440896679    0.0139034267606569    0.00329646432189018    0.000193305277615817    2.22046522537949e-07    1.38811596402094e-06
180.500000000019    -0.0499599966527626    0.0156966230850932    0.00249600126559343    0.000246383978183386    2.22216370013357e-07    1.38126990112088e-06
181.000000000019    -0.0418882775715794    0.0164648796645303    0.001754627797963    0.000271092264269735    2.22069858614304e-07    1.37922804215367e-06
181.500000000019    -0.0335830514631225    0.0166980400825829    0.00112782134562414    0.000278824544495265    2.22263990890773e-07    1.37685158828734e-06
182.000000000019    -0.025227005626556    0.0167049030070196    0.000636401812931401    0.000279053786358746    2.21618869882203e-07    1.37288467382811e-06
182.50000000002    -0.0168899084579567    0.0166379908485395    0.000285269007766481    0.000276822741355799    2.19826222948301e-07    1.37102716034377e-06
183.00000000002    -0.00859139550973963    0.0165554066463192    7.38120768529203e-05    0.000274081491096789    2.19422055278594e-07    1.3681364838162e-06
183.50000000002    -0.000334588651915653    0.0164719397230549    1.11949614051805e-07    0.00027132480010004    2.19228354185123e-07    1.36384928519219e-06
184.00000000002    0.00788068034725351    0.0163892617333632    6.21051227834019e-05    0.000268607902019265    2.1866457242541e-07    1.36183034733451e-06
184.500000000021    0.0160546486383509    0.0163061624243433    0.000257751742948399    0.000265890934854629    2.17940372786119e-07    1.35851528390469e-06
185.000000000021    0.0241850943188995    0.0162115482313064    0.000584918787260769    0.000262814297897184    2.16107314992269e-07    1.35691173143743e-06
185.500000000021    0.0322575649304858    0.0160629352658556    0.00104055049529072    0.000258017891199629    2.14983659883626e-07    1.35814672990158e-06
186.000000000021    0.040221908774901    0.015753963775779    0.00161780194554255    0.000248187376486119    2.14687804766504e-07    1.355567577441e-06
186.500000000022    0.0479513696135668    0.0150794021547972    0.00229933384786278    0.00022738837117625    2.14195526170848e-07    1.35282959102384e-06
187.000000000022    0.0551879449634322    0.0137210863413238    0.00304570926933183    0.000188268212227498    2.12141368375129e-07    1.35699486520257e-06
187.500000000022    0.061495647659419    0.0113038436687371    0.00378171468109562    0.000127776883532769    2.10264976813098e-07    1.3584991725105e-06
188.000000000022    0.0662714999321402    0.00757643922364677    0.00439191170329985    5.74024331339051e-05    2.10201353468539e-07    1.35066348866215e-06
188.500000000023    0.068874769650297    0.0026827770695895    0.00474373389442534    7.19729462531116e-06    2.09449210448759e-07    1.34914638150325e-06
189.000000000023    0.0688704730939379    -0.00270408669829082    0.00474314206422591    7.31208670550035e-06    2.07566827178383e-07    1.35411484971492e-06
189.500000000023    0.0662476766774968    -0.00763725414672327    0.00438875466520911    5.8327652715619e-05    2.07242180068022e-07    1.34683974541498e-06
190.000000000023    0.061430638364207    -0.0114037204828298    0.00377372332987733    0.00013004484263752    2.0819619690373e-07    1.33679032757683e-06
190.500000000024    0.0550712362121635    -0.0138191339134071    0.00303284105797943    0.000190968463904316    2.08609680931338e-07    1.33702577259035e-06
191.000000000024    0.047797537962916    -0.0151210141653465    0.00228460463535977    0.000228645071166066    2.08285186801341e-07    1.33321311721702e-06
191.500000000024    0.0400712509299989    -0.0156933218678802    0.00160570515113825    0.000246280353006754    2.08121048902906e-07    1.32584520373864e-06
192.000000000024    0.0321693116270785    -0.0158702759115864    0.00103486461060281    0.000251865659273608    2.06687031433588e-07    1.32805458991876e-06
192.500000000025    0.024229733159545    -0.0158708516086035    0.000587079969025459    0.000251883932536038    2.06653522212349e-07    1.32428368933719e-06
193.000000000025    0.016308255337652    -0.0158102970236303    0.000265959192200333    0.000249965493711429    2.05613731368113e-07    1.31757981837054e-06
193.500000000025    0.00842157046291012    -0.0157358149167536    7.09228491036216e-05    0.000247615872838616    2.04600522560489e-07    1.32071570007638e-06
194.000000000025    0.000572542332570309    -0.0156603948693776    3.27804764153848e-07    0.000245247969202242    2.03884274009345e-07    1.31810950983129e-06
194.500000000026    -0.00723894085715399    -0.0155856462979564    5.24022647749694e-05    0.000242912372251647    2.03950973257275e-07    1.31401862615422e-06
195.000000000026    -0.0150130733576533    -0.0155104409542799    0.000225392371683295    0.000240573780337361    2.025250059752e-07    1.31952983218948e-06
195.500000000026    -0.0227475982082116    -0.0154233953085641    0.000517453224283099    0.000237881124569341    2.02155400598683e-07    1.31343235335914e-06
196.000000000026    -0.0304270958828255    -0.0152774144060937    0.000925808163903428    0.000233399392654589    2.01921474021519e-07    1.31113260018167e-06
196.500000000027    -0.037994905210823    -0.014945961720417    0.00144361282201971    0.000223381773476969    2.00713282050186e-07    1.31483770904584e-06
197.000000000027    -0.045299947087131    -0.0141693576815878    0.00205208520613687    0.000200770698818258    1.99993875013545e-07    1.30747342489512e-06
197.500000000027    -0.0520210944754056    -0.0125293014594559    0.00270619427045824    0.000156983396777467    1.97891434324311e-07    1.30978736361898e-06
198.000000000027    -0.0576046837746175    -0.00954801825605924    0.00331829959281254    9.11646543290855e-05    1.97144323139376e-07    1.30806915846876e-06
198.500000000028    -0.0613074259408196    -0.00501934277293178    0.00375860047552747    2.51938035817234e-05    1.95931473177129e-07    1.30749413612394e-06
199.000000000028    -0.062443857864669    0.000565991231437741    0.00389923538506111    3.20347779286606e-07    1.95276343960204e-07    1.30584156599573e-06
199.500000000028    -0.0607588649292833    0.00604889730681301    0.00369163966753258    3.65891603390948e-05    1.94150459899618e-07    1.30794689073932e-06
