#tSpectra
0
4.99999999999998
9.99999999999988
14.9999999999998
19.9999999999997
24.9999999999996
29.9999999999994
34.9999999999999
40.0000000000007
45.0000000000014
50.0000000000022
55.000000000003
60.0000000000038
65.0000000000042
70.0000000000032
75.0000000000022
80.0000000000012
85.0000000000002
89.9999999999992
94.9999999999982
99.9999999999972
104.999999999996
109.999999999995
114.999999999994
119.999999999993
124.999999999992
129.999999999993
134.999999999995
139.999999999998
145
150.000000000003
155.000000000005
160.000000000008
165.000000000011
170.000000000013
175.000000000016
180.000000000018
185.000000000021
190.000000000023
195.000000000026
