#t    rel_diff_friedmann    LHS_friedmann    RHS_friedmann
0    -6.11058355933943e-17    0.00709720871636495    0.00709720871636495
0.5    -3.56757656817657e-07    0.00803152642032279    0.00803153215094192
1    -6.97025602505219e-07    0.0090284710742264    0.00902848366038616
1.5    -9.94024685331751e-07    0.0100607395135454    0.0100607595148121
2    -1.20993805566561e-06    0.0110884241865439    0.0110884510191891
2.5    -1.29923362263532e-06    0.0120601328532118    0.0120601641911127
3    -1.2182780874976e-06    0.0129177008501556    0.0129177323248978
3.5    -9.42239339788999e-07    0.0136049383561554    0.0136049639943958
4    -4.85730783995649e-07    0.0140790979536938    0.014079111631003
4.49999999999999    8.32228831124807e-08    0.0143215881823223    0.0143215857985548
4.99999999999998    6.50238361163927e-07    0.0143433664742666    0.0143433478210645
5.49999999999997    1.08974694274922e-06    0.0141819073380782    0.0141818764287316
5.99999999999996    1.31572640053706e-06    0.0138904878745772    0.0138904513224621
6.49999999999995    1.31831465743431e-06    0.0135243449466797    0.0135243092880424
6.99999999999994    1.16228721480947e-06    0.0131292863528414    0.0131292558328735
7.49999999999993    9.50182550759937e-07    0.0127361461413609    0.0127361219380562
7.99999999999992    7.74436890003002e-07    0.0123611217967177    0.012361102650915
8.49999999999991    6.81722452539706e-07    0.0120097711787287    0.0120097548040786
8.9999999999999    6.61084435085498e-07    0.0116819448095655    0.0116819293640719
9.49999999999989    6.6645229556393e-07    0.0113755903552494    0.0113755751926829
9.99999999999988    6.96108246603592e-07    0.0110885668245081    0.0110885513868333
10.4999999999999    9.64180236168838e-07    0.0108192932815907    0.0108192724181133
10.9999999999999    2.19567250082997e-06    0.0105695380072961    0.0105694915929101
11.4999999999998    5.90112689796928e-06    0.0103560963199741    0.0103559740954182
11.9999999999998    1.32695297040504e-05    0.0102407136684601    0.010240441893158
12.4999999999998    1.86428108959366e-05    0.0103760784128456    0.0103756915415226
12.9999999999998    5.84709912952135e-06    0.0109973073859603    0.0109971787820194
13.4999999999998    -1.28225298672232e-05    0.0121808123229795    0.0121811247046447
13.9999999999998    -2.72678057171417e-06    0.0134943031641727    0.0134943767563808
14.4999999999998    1.20040293246632e-05    0.0143243520438595    0.0143240081481036
14.9999999999998    1.27500434896979e-05    0.0145512262695621    0.0145508552167575
15.4999999999998    8.65363312902771e-06    0.0144231097946436    0.0144228601722023
15.9999999999997    5.76047246219593e-06    0.0141632702840482    0.0141631071107312
16.4999999999997    4.52866648467601e-06    0.0138758730398986    0.0138757473620654
16.9999999999997    4.19541761928519e-06    0.0135943456560806    0.0135942315886446
17.4999999999997    4.19694867823537e-06    0.0133256047296026    0.0133254928763138
17.9999999999997    4.27102806124177e-06    0.0130697093407526    0.0130695976990387
18.4999999999997    4.35438259514013e-06    0.0128257560184119    0.0128256443224007
18.9999999999997    4.498755087083e-06    0.0125929476657003    0.0125928343610353
19.4999999999997    4.81606610495016e-06    0.0123712802469768    0.0123711610857438
19.9999999999997    5.43744666748897e-06    0.0121635921244925    0.0121634598474449
20.4999999999997    6.46188291377464e-06    0.0119793019064492    0.0119791470897569
20.9999999999996    7.86372018537013e-06    0.011839273471148    0.0118390872711447
21.4999999999996    9.35326712963288e-06    0.0117803248523729    0.0117801044853836
21.9999999999996    1.02799294588794e-05    0.011856715140869    0.0118564713709844
22.4999999999996    9.80294533330388e-06    0.0121348565966486    0.0121346186843092
22.9999999999996    7.49447836787184e-06    0.0126775195782756    0.0126773295569072
23.4999999999996    4.01592697889262e-06    0.0135165394188283    0.0135164308563936
23.9999999999996    1.00719493274082e-06    0.0146204968369401    0.0146204673855891
24.4999999999996    -4.31373969577025e-08    0.0158755091952193    0.0158755105648757
24.9999999999996    1.11063375481059e-06    0.0171027978291953    0.0171027598393484
25.4999999999995    3.46977779582873e-06    0.018118669038759    0.0181185433036843
25.9999999999995    5.67793639114348e-06    0.0188053621154132    0.0188051485653259
26.4999999999995    6.88365573389179e-06    0.0191452582935708    0.0191449947166511
26.9999999999995    7.00056433559662e-06    0.0192013009710568    0.0192010321330533
27.4999999999995    6.43274126661883e-06    0.0190689789828071    0.0190687336527692
27.9999999999995    5.66598752083496e-06    0.0188352226402518    0.0188350092011883
28.4999999999995    5.02569815996367e-06    0.0185599241189626    0.0185597375667471
28.9999999999995    4.63789042987231e-06    0.0182759501500114    0.018275780627089
29.4999999999995    4.48831081870017e-06    0.0179973494850734    0.0179971879304017
29.9999999999994    4.4919775636476e-06    0.0177282119421439    0.0177280526733988
30.4999999999994    4.55172400371759e-06    0.0174688506299705    0.0174686916039209
30.9999999999994    4.62251128639234e-06    0.0172187719312563    0.0172186127440569
31.4999999999994    4.80149970103017e-06    0.0169775423011511    0.0169773792666054
31.9999999999994    5.45285901548774e-06    0.0167460224562209    0.0167458398298177
32.4999999999995    7.32828714543188e-06    0.0165319494057945    0.0165317071058255
32.9999999999996    1.13424264756032e-05    0.0163651208879886    0.0163647496518384
33.4999999999996    1.67360208351481e-05    0.0163248340381862    0.0163242876218058
33.9999999999997    1.696506380332e-05    0.0165619976298037    0.0165614356886441
34.4999999999998    4.25927042600306e-06    0.0172443147022017    0.0172441678064281
34.9999999999999    -7.21542235166571e-06    0.0183475113967352    0.0183477761687333
35.5    1.03758205874403e-06    0.0194964343851604    0.0194963939269013
36    1.27782608622997e-05    0.0202548630729783    0.0202543454357446
36.5000000000001    1.448485923965e-05    0.0205234220077616    0.0205228274586158
37.0000000000002    1.11760482967529e-05    0.0204682496842404    0.0204677921810594
37.5000000000003    8.19865139677707e-06    0.0202687953106246    0.0202684629597755
38.0000000000003    6.67418588402778e-06    0.0200249690126381    0.0200247017136911
38.5000000000004    6.14476740251647e-06    0.0197757582741397    0.0197755152407635
39.0000000000005    6.06915330174848e-06    0.0195320404713453    0.0195318033868884
39.5000000000006    6.12791977553131e-06    0.019295526788096    0.0192952903066648
40.0000000000007    6.20226938428557e-06    0.0190660428209331    0.0190658063169326
40.5000000000007    6.31801776182985e-06    0.018843286439935    0.0188430483370025
41.0000000000008    6.60008281254425e-06    0.0186274028696332    0.018627156986453
41.5000000000009    7.23242365473883e-06    0.0184208706925238    0.018420604239369
42.000000000001    8.39580332236301e-06    0.018232881273679    0.018232575116879
42.500000000001    1.01226546536643e-05    0.0180862253744645    0.0180858592169441
43.0000000000011    1.20171145290518e-05    0.0180248970955283    0.0180244638862287
43.5000000000012    1.29837551645616e-05    0.0181174044470423    0.0181169339892635
44.0000000000013    1.15473924711799e-05    0.0184468356440544    0.0184464096232717
44.5000000000014    7.32974737303677e-06    0.0190786588900882    0.0190783792086384
45.0000000000014    2.52070601952729e-06    0.0200094681428565    0.0200093672671372
45.5000000000015    5.74519133862056e-07    0.0211267485244639    0.0211267242490353
46.0000000000016    2.65218010403088e-06    0.0222271290559735    0.0222270111555873
46.5000000000017    6.56904265242529e-06    0.0231050997299807    0.0231047961752035
47.0000000000017    9.46928589628737e-06    0.0236497252553215    0.023649277367543
47.5000000000018    1.02617201335902e-05    0.0238716561813412    0.023871166257859
48.0000000000019    9.53567143084078e-06    0.0238567809501981    0.0238563259736876
48.500000000002    8.31391063171085e-06    0.0237033466035012    0.0237029524717673
49.0000000000021    7.26737013862744e-06    0.0234854255333529    0.0234850841812732
49.5000000000021    6.62275511365507e-06    0.0232459111945273    0.023245603292612
50.0000000000022    6.34412072443334e-06    0.0230043485367786    0.0230040566539017
50.5000000000023    6.29811521110247e-06    0.0227673409796021    0.0227670541987352
51.0000000000024    6.34775256279701e-06    0.0225361880299034    0.0225359019234289
51.5000000000025    6.41269735438487e-06    0.0223108111893203    0.0223105250461955
52.0000000000025    6.53167230634416e-06    0.0220910104031666    0.0220907218225698
52.5000000000026    6.94004690089063e-06    0.021877147939197    0.0218768442844389
53.0000000000027    8.14888796991424e-06    0.0216732857662131    0.0216729325427362
53.5000000000028    1.08819042644641e-05    0.0214966408626578    0.0214961730189731
54.0000000000028    1.52591864104748e-05    0.0213964730985073    0.0213958201229281
54.5000000000029    1.82755821951677e-05    0.021476603277736    0.0214758182972251
55.000000000003    1.2756649618261e-05    0.0218859139723453    0.021885355597596
55.5000000000031    -5.26231348059266e-07    0.0227084001287646    0.0227084240285212
56.0000000000032    -3.4553542348909e-06    0.0237813250770415    0.023781489423414
56.5000000000032    7.50114733284739e-06    0.024720897872771    0.0247205270053586
57.0000000000033    1.52001510893091e-05    0.0252536075964436    0.0252528398908108
57.5000000000034    1.46661360506271e-05    0.0253959043276543    0.0253951594190032
58.0000000000035    1.13872089119018e-05    0.0253052721313253    0.0253046958250471
58.5000000000035    8.89047439363851e-06    0.0251151095643692    0.0251146629978625
59.0000000000036    7.67165874913602e-06    0.0248949840582122    0.024894602089498
59.5000000000037    7.26927509614357e-06    0.0246713455296673    0.0246709868466794
60.0000000000038    7.22757531700002e-06    0.0244513759625466    0.0244510225167784
60.5000000000039    7.28371941799333e-06    0.0242361594333923    0.0242358063771937
61.0000000000039    7.35124707186095e-06    0.0240256165226158    0.0240252632887263
61.500000000004    7.48132575214334e-06    0.0238196337411102    0.023819277338898
62.0000000000041    7.82874195332367e-06    0.0236187369457588    0.0236183671386603
62.5000000000042    8.61390877033374e-06    0.0234264918808708    0.0234260882970195
63.0000000000042    1.00385968714594e-05    0.023254835467048    0.0232543685798977
63.5000000000043    1.2062601977229e-05    0.0231322743174142    0.02313171625331
64.0000000000044    1.39860029657349e-05    0.0231122265810707    0.0231115800947735
64.5000000000043    1.41754490656688e-05    0.023273681916801    0.0232730220963691
65.0000000000042    1.09862542942642e-05    0.0237009909743729    0.0237004702098664
65.5000000000041    5.27009777040242e-06    0.0244341573540842    0.024433899814645
66.000000000004    1.25565777078499e-06    0.0254090112751558    0.025408947465191
66.5000000000039    2.35147955558211e-06    0.0264445962135066    0.0264444718459443
67.0000000000038    6.96756340873319e-06    0.0273204118995628    0.0273200311888109
67.5000000000037    1.09431976414268e-05    0.0278934032225435    0.0278927927431754
68.0000000000036    1.21854769055398e-05    0.0281505043668039    0.028149818320522
68.5000000000035    1.13349002928981e-05    0.0281687348131452    0.0281680962407824
69.0000000000034    9.81902566884793e-06    0.0280454431819339    0.0280448924294888
69.5000000000033    8.54510595896839e-06    0.0278554259094985    0.0278549498584345
70.0000000000032    7.78099076454072e-06    0.0276418934427888    0.0276414632835007
70.5000000000031    7.45463799766047e-06    0.0274243883706415    0.0274239794959143
71.000000000003    7.39252061782384e-06    0.0272095125527704    0.0272091102619793
71.5000000000029    7.43470506004474e-06    0.0269986426799531    0.0269982412290471
72.0000000000028    7.49315271934314e-06    0.0267918083478501    0.0267914068406355
72.5000000000027    7.60247653031162e-06    0.0265889116502277    0.0265885073701476
73.0000000000026    7.97841833928e-06    0.0263903400766181    0.0263899189736313
73.5000000000025    9.07200692657437e-06    0.0261996921996239    0.0261992168363582
74.0000000000024    1.15024975674906e-05    0.0260318849618819    0.0260312861053833
74.5000000000023    1.53958816424736e-05    0.0259291708492997    0.0259283724567007
75.0000000000022    1.8391709422679e-05    0.0259805340711748    0.025979578435884
75.5000000000021    1.44658543207541e-05    0.0263168697006865    0.0263161083196939
76.000000000002    2.59110870381652e-06    0.0270269336430705    0.0270267935839874
76.5000000000019    -2.75539377402089e-06    0.0280029051470269    0.0280030594655131
77.0000000000018    5.97250325466553e-06    0.0289233651626046    0.0289230196748829
77.5000000000017    1.48953430110265e-05    0.0295076279011869    0.0295067488618025
78.0000000000016    1.59364921725543e-05    0.0297189714802283    0.0297180242630108
78.5000000000015    1.30182602947407e-05    0.0296819723665282    0.0296811995613041
79.0000000000014    1.02582766469325e-05    0.0295267173356556    0.0295261115554001
79.5000000000013    8.72627961818524e-06    0.0293299136147845    0.0293294017371965
80.0000000000012    8.12996828734042e-06    0.0291241748537944    0.0291237013004085
80.5000000000011    8.00480270908117e-06    0.0289197119329063    0.0289192489434356
81.000000000001    8.03845214131519e-06    0.0287185826223945    0.0287181209202019
81.5000000000009    8.09462072372241e-06    0.0285209094154872    0.0285204476873358
82.0000000000008    8.18505302166147e-06    0.0283266157901426    0.0283261520842337
82.5000000000007    8.44099973114458e-06    0.0281359307281766    0.0281354557414185
83.0000000000006    9.08310646944734e-06    0.0279510416786737    0.0279505339187107
83.5000000000005    1.0357450673733e-05    0.0277804809651841    0.0277799055012219
84.0000000000004    1.23444838707927e-05    0.0276468248482266    0.0276461422850857
84.5000000000003    1.45260598591449e-05    0.0275960272775188    0.0275952255660763
85.0000000000002    1.53098885505724e-05    0.0277016264072609    0.0277007782026208
85.5000000000001    1.26148030058177e-05    0.0280499339347789    0.0280492262549244
86    6.62217441930073e-06    0.0286930213756779    0.0286926413578101
86.4999999999999    1.7851695401159e-06    0.0295833961566363    0.0295832905340694
86.9999999999998    2.61380741261297e-06    0.030550873024295    0.0305507133165157
87.4999999999997    7.74283133083297e-06    0.0313763952173785    0.0313759093368687
87.9999999999996    1.21979675949835e-05    0.0319152236857481    0.0319144450935168
88.4999999999995    1.34540157083769e-05    0.032153830618362    0.0321529654337178
88.9999999999994    1.23709989638714e-05    0.0321681493214398    0.032167353427002
89.4999999999993    1.06531955748371e-05    0.0320520860968589    0.0320514031898505
89.9999999999992    9.28729455161201e-06    0.0318758481074617    0.0318752560321796
90.4999999999991    8.50678532716694e-06    0.0316787759547019    0.0316782369901938
90.999999999999    8.19090206099833e-06    0.0314780530314215    0.0314775373683463
91.4999999999989    8.13698363327236e-06    0.0312792381426493    0.0312787291094937
91.9999999999988    8.1770373465824e-06    0.0310834273558701    0.0310829190193341
92.4999999999987    8.2304118812041e-06    0.0308906510829284    0.03089014260155
92.9999999999986    8.34686632728999e-06    0.0307008668990434    0.030700354391257
93.4999999999985    8.75393052918433e-06    0.0305146063347593    0.030514072093948
93.9999999999984    9.89287046602759e-06    0.0303358415643057    0.0303352413531414
94.4999999999983    1.23189238980006e-05    0.030179983052424    0.0301792394917549
94.9999999999982    1.60160822747277e-05    0.030088885370798    0.030087921574107
95.4999999999981    1.85653316568201e-05    0.0301475955730947    0.0301464761936555
95.999999999998    1.44490451325785e-05    0.0304764883933904    0.0304756076938031
96.4999999999979    3.23775105199405e-06    0.0311514402976159    0.0311512385770518
96.9999999999978    -1.71422872012996e-06    0.0320680210063045    0.0320681309503382
97.4999999999977    6.46696108039212e-06    0.0329336758187609    0.032933249859916
97.9999999999976    1.51914412177423e-05    0.0334929013304633    0.0334918837350385
98.4999999999975    1.65064995798111e-05    0.033706566419768    0.0337054536832865
98.9999999999974    1.37650393852627e-05    0.0336841369243007    0.0336832096101223
99.4999999999973    1.09966085373115e-05    0.0335455115192791    0.0335447737536753
99.9999999999972    9.39302743874168e-06    0.0333640495550548    0.0333634227820762
100.499999999997    8.73596345148762e-06    0.0331721360349939    0.0331715564589211
100.999999999997    8.57743533126422e-06    0.0329803882199787    0.0329798224505373
101.499999999997    8.59778183647731e-06    0.032791118684884    0.0327905548279626
101.999999999997    8.6469441339423e-06    0.0326045340319177    0.0326039701776248
102.499999999997    8.72399990632261e-06    0.0324205890934571    0.0324200234239595
102.999999999997    8.95323727518112e-06    0.0322394667672278    0.0322388894772052
103.499999999997    9.55821065227481e-06    0.0320630041281909    0.0320623912041541
103.999999999996    1.08034909504761e-05    0.0318987383683954    0.0318980491403789
104.499999999996    1.28071539424366e-05    0.0317673715846179    0.0317665578958024
104.999999999996    1.50843694419883e-05    0.0317123157459154    0.0317113590397736
105.499999999996    1.59868158656224e-05    0.031804780784986    0.0318037638868949
105.999999999996    1.32309212012347e-05    0.0321299496721816    0.032129099465766
106.499999999996    6.92284330474757e-06    0.0327395201860732    0.032739066888075
106.999999999996    1.95878489196109e-06    0.0335846541169601    0.0335845225469917
107.499999999996    3.23523947501925e-06    0.0344943292705156    0.0344941060764062
107.999999999996    8.90055841804038e-06    0.0352551877118197    0.0352545601356899
108.499999999996    1.33893927931104e-05    0.0357357094740312    0.0357347525279424
108.999999999995    1.43110622265331e-05    0.0359342791511553    0.0359332506504642
109.499999999995    1.292341573165e-05    0.0359298025150585    0.0359288738555098
109.999999999995    1.10822400764268e-05    0.0358114938820825    0.0358107001477335
110.499999999995    9.72163272047786e-06    0.035642636499887    0.0356419434973816
110.999999999995    8.99028934906177e-06    0.0354570981947544    0.0354564606613416
111.499999999995    8.7171391770362e-06    0.0352689464034216    0.0352683315201528
111.999999999995    8.68239670655967e-06    0.0350824337828105    0.0350818245888847
112.499999999995    8.72206100200953e-06    0.0348983096408546    0.0348977008757931
112.999999999995    8.77312076588933e-06    0.0347165823960718    0.0347159732558759
113.499999999995    8.91083843669745e-06    0.0345372571718843    0.0345366416655316
113.999999999994    9.38818187605923e-06    0.0343611148954486    0.0343604697247134
114.499999999994    1.0654221624701e-05    0.034192994692218    0.0341922661004936
114.999999999994    1.32030088904608e-05    0.0340502046115866    0.0340493054931493
115.499999999994    1.67897376188393e-05    0.0339771852908131    0.0339760443739166
115.999999999994    1.86587366941322e-05    0.0340595254014252    0.0340582544097075
116.499999999994    1.36254864444751e-05    0.0344097838516216    0.0344088461643112
116.999999999994    2.77172906304086e-06    0.0350840736345149    0.0350838791479609
117.499999999994    -6.66382031915609e-07    0.0359617909210736    0.0359618388496882
117.999999999994    7.86245926824498e-06    0.0367640680570017    0.0367634899495718
118.499999999994    1.58850921260453e-05    0.0372690419121769    0.0372678578866568
118.999999999993    1.67840270235091e-05    0.0374551938667794    0.0374539365899095
119.499999999993    1.40310018872727e-05    0.0374273126449465    0.0374262623742941
119.999999999993    1.134913810809e-05    0.037294529195935    0.0372936826840172
120.499999999993    9.80307227588869e-06    0.0371229189680535    0.037122191137873
120.999999999993    9.16841227334222e-06    0.0369416279740811    0.036940950588141
121.499999999993    9.01374427831911e-06    0.0367602228247593    0.0367595601362363
121.999999999993    9.03073389304171e-06    0.0365807901350694    0.0365801294382734
122.499999999993    9.0748485378173e-06    0.0364035248259144    0.0364028641189622
122.999999999993    9.14880562788834e-06    0.0362284000332442    0.0362277371461286
123.499999999993    9.38213704296689e-06    0.0360556232805235    0.0360549467292734
123.999999999992    1.00074683518628e-05    0.0358870716302528    0.0358863533599737
124.499999999992    1.13003156563736e-05    0.0357303567905834    0.0357295492710882
124.999999999992    1.33753244533431e-05    0.0356063453763018    0.0356053928961975
125.499999999992    1.56856575591937e-05    0.0355587375434176    0.0355576220365544
125.999999999992    1.64265317816426e-05    0.0356587420850585    0.0356575706053815
126.499999999992    1.32174387369011e-05    0.0359894943935636    0.0359885430282636
126.999999999992    6.53544687613556e-06    0.0365956128428341    0.0365951345085929
127.499999999992    1.95790501196897e-06    0.0374164082953141    0.0374162617800543
127.999999999992    4.18942069970872e-06    0.0382737511442019    0.0382734304558548
128.499999999992    1.03214862711365e-05    0.0389636147155264    0.0389628103989994
128.999999999992    1.44717376642969e-05    0.0393763179795142    0.0393751783085192
129.499999999992    1.48420705787879e-05    0.0395275342449464    0.0395263609214548
129.999999999993    1.31493631285021e-05    0.0394996877847269    0.0394986490069099
130.499999999993    1.12647211712437e-05    0.0393759888189571    0.0393751017098804
130.999999999993    9.97836197229365e-06    0.0392117791685395    0.0392109966376956
131.499999999993    9.3336083913932e-06    0.039035096375726    0.039034367705921
131.999999999994    9.11701771035408e-06    0.0388568933952307    0.0388561848837197
132.499999999994    9.10340388296281e-06    0.0386802038833823    0.0386794996467568
132.999999999994    9.14219733231122e-06    0.038505483093043    0.0385047790500299
133.499999999994    9.1953646806456e-06    0.0383327234625418    0.0383320185022813
133.999999999995    9.37020722237336e-06    0.0381619924971569    0.0381612773323027
134.499999999995    9.95204738544767e-06    0.0379944590322213    0.037993702794434
134.999999999995    1.14016626341593e-05    0.0378362818833663    0.0378354191001607
135.499999999996    1.41318276376246e-05    0.0377076979439185    0.0377066322016035
135.999999999996    1.75796988198104e-05    0.0376574932834089    0.0376561692919039
136.499999999996    1.85177693297286e-05    0.0377736424339851    0.0377722434926957
136.999999999996    1.22292681135207e-05    0.0381604906961075    0.0381595573577774
137.499999999997    1.88665205238006e-06    0.0388490860931919    0.0388489395040525
137.999999999997    5.94731193469277e-07    0.0396946289184764    0.0396945817032364
138.499999999997    9.69113945014814e-06    0.0404286647133317    0.0404278811212706
138.999999999997    1.66794584405572e-05    0.0408674456781301    0.0408660824071452
139.499999999998    1.68500199326863e-05    0.0410139359858921    0.0410125538379036
139.999999999998    1.40142585585225e-05    0.0409718714152471    0.0409707230505413
140.499999999998    1.14744037035236e-05    0.0408396359315567    0.0408386987213711
140.999999999998    1.0055123811109e-05    0.0406747035956711    0.0406738856255347
141.499999999999    9.48807462862326e-06    0.0405018494228716    0.0405010808610239
141.999999999999    9.35790821743162e-06    0.0403289989494847    0.0403282441664066
142.499999999999    9.37716742912701e-06    0.0401578085381503    0.0401570554122239
142.999999999999    9.41766165881683e-06    0.039988419629123    0.0399876664414035
143.5    9.49569831113847e-06    0.0398208182584959    0.0398200620127236
144    9.75421836477918e-06    0.0396552811791375    0.0396545075741396
144.5    1.04396253407015e-05    0.0394939640328782    0.0394931394371112
145    1.18332374855399e-05    0.0393452142366155    0.0393442830851061
145.500000000001    1.40144120124558e-05    0.0392313443113024    0.0392302447182666
146.000000000001    1.62978737689714e-05    0.0391981237356565    0.0391968460643346
146.500000000001    1.66487406004141e-05    0.03931809211859    0.0393167829469529
147.000000000001    1.27115064980754e-05    0.0396712142452722    0.0396702056962971
147.500000000002    5.722607050516e-06    0.0402899483666942    0.0402894872422478
148.000000000002    2.01259982737696e-06    0.0410952611723036    0.0410950957560054
148.500000000002    5.4849482279909e-06    0.0419002877913845    0.0418998281520871
149.000000000002    1.18658050343823e-05    0.0425152288643258    0.0425142199214644
149.500000000003    1.53674275194315e-05    0.0428574669794576    0.0428561497816646
150.000000000003    1.50931522172448e-05    0.0429609441419423    0.0429596473293767
150.500000000003    1.31529162074808e-05    0.0429100516401621    0.0429089228703814
151.000000000003    1.13013154050428e-05    0.042780736646679    0.0427797697004106
151.500000000004    1.01350929720538e-05    0.0426201415809219    0.0426192776714829
152.000000000004    9.59439430866679e-06    0.0424507471271644    0.0424499325565664
152.500000000004    9.43634634857284e-06    0.0422807329192247    0.042279934975475
153.000000000004    9.4407782540317e-06    0.0421121336760716    0.0421113385409466
153.500000000005    9.47784388993572e-06    0.041945195446308    0.041944400353815
154.000000000005    9.53989525552655e-06    0.0417799067507035    0.0417791096064398
154.500000000005    9.77069979482894e-06    0.041616434943636    0.0416156217081971
155.000000000005    1.0491152702641e-05    0.041456524770852    0.0414556549265138
155.500000000006    1.21684688569728e-05    0.0413081451236415    0.0413071398221195
156.000000000006    1.50948351816268e-05    0.0411953784323478    0.0411941347762252
156.500000000006    1.82904084777733e-05    0.0411725136258858    0.0411710075292483
157.000000000007    1.80189210864465e-05    0.0413302087669543    0.0413287193422516
157.500000000007    1.03903110864143e-05    0.0417621079950625    0.0417612401614922
158.000000000007    1.0234685985525e-06    0.0424693341743991    0.0424692472424282
158.500000000007    2.22604748675525e-06    0.0432809985364168    0.0432808058457297
159.000000000008    1.16843666538228e-05    0.0439423539163699    0.0439413270512185
159.500000000008    1.73714089459059e-05    0.0443108027296382    0.0443092632742309
160.000000000008    1.67257396907969e-05    0.0444142998625819    0.0444128141633952
160.500000000008    1.38250119365695e-05    0.0443553952675911    0.0443541688568082
161.000000000009    1.14708853038419e-05    0.0442216227699537    0.0442206082592656
161.500000000009    1.02143650447448e-05    0.0440616833788592    0.0440607832638163
162.000000000009    9.73575610548156e-06    0.0438958060548481    0.0438949513454458
162.500000000009    9.63848939659064e-06    0.043730177403655    0.0437293344260776
163.00000000001    9.66169112768912e-06    0.0435659953809542    0.0435651535467056
163.50000000001    9.69995187987185e-06    0.0434033442182766    0.0434025022057433
164.00000000001    9.78946892016847e-06    0.0432422245389745    0.0432413779104362
164.50000000001    1.00920243780828e-05    0.0430830327659896    0.0430821631847315
165.000000000011    1.08704710607493e-05    0.0429284159408891    0.0429274826468281
165.500000000011    1.24047587310203e-05    0.0427879926769268    0.0427869311406434
166.000000000011    1.47051551561924e-05    0.0426864908459949    0.0426852354415139
166.500000000011    1.68765948245029e-05    0.0426729522140032    0.042671511890062
167.000000000012    1.66152848601166e-05    0.0428217419906017    0.042820319023362
167.500000000012    1.17778380374546e-05    0.0432077972313998    0.0432067794545115
168.000000000012    4.70669943520607e-06    0.0438467926796176    0.0438463799342116
168.500000000012    2.32194982030463e-06    0.0446376304839171    0.0446374231917222
169.000000000013    7.0935200645826e-06    0.0453867725384688    0.045386128639073
169.500000000013    1.33910787845446e-05    0.0459243789136777    0.0459231489761956
170.000000000013    1.60175448593625e-05    0.0461974541524035    0.0461959742365196
170.500000000013    1.51084033987292e-05    0.0462563747152834    0.0462549770164625
171.000000000014    1.30113074271636e-05    0.0461850147858996    0.0461838129466853
171.500000000014    1.12582639886229e-05    0.0460511053052768    0.0460500684059495
172.000000000014    1.02388245461018e-05    0.0458938373260681    0.0458928975377941
172.500000000014    9.80587809312894e-06    0.0457307221513263    0.0457298253003477
173.000000000015    9.70126205341694e-06    0.0455676341500587    0.0455667500315157
173.500000000015    9.71846354925738e-06    0.0454058561125204    0.0454049735707822
174.000000000015    9.75398016092763e-06    0.0452455035334086    0.0452446208945301
174.500000000015    9.83462971405948e-06    0.0450865737988253    0.04508568698803
175.000000000016    1.01436939864035e-05    0.0449294004898337    0.0449284889989004
175.500000000016    1.10379208190724e-05    0.0447765530612696    0.0447755645920858
176.000000000016    1.29767494608376e-05    0.0446383653702475    0.0446372068635137
176.500000000016    1.60732981477835e-05    0.0445436368276573    0.0445422049243621
177.000000000017    1.88284180836633e-05    0.0445528673992824    0.0445511897108422
177.500000000017    1.70711486728619e-05    0.0447584640219901    0.0447569358912897
178.000000000017    8.2620588734429e-06    0.0452393714126925    0.0452386238781687
178.500000000018    5.07923557268194e-07    0.0459627186946074    0.0459626720035359
179.000000000018    4.26304878696164e-06    0.04673409622309    0.0467336977653243
179.500000000018    1.36355558188999e-05    0.0473190657728151    0.0473177753468855
180.000000000018    1.78446676984315e-05    0.0476174599922299    0.0476157605870549
180.500000000019    1.64354666733374e-05    0.0476792556282244    0.0476776883923489
181.000000000019    1.35350396261323e-05    0.0476039985565718    0.0476027099299998
181.500000000019    1.14007932754573e-05    0.0474683076292945    0.0474672252889092
182.000000000019    1.03222093918291e-05    0.0473125187029816    0.0473115419736138
182.50000000002    9.93761088366471e-06    0.0471526152369886    0.047151678077617
183.00000000002    9.87380006410617e-06    0.0469931951208831    0.04699226712722
183.50000000002    9.90020014124305e-06    0.0468350579038616    0.0468341305601487
184.00000000002    9.93821613917054e-06    0.0466782441671002    0.0466773163793617
184.500000000021    1.00480845682236e-05    0.0465227773083244    0.0465218423881171
185.000000000021    1.0414020332788e-05    0.0463692421750007    0.0463682764045966
185.500000000021    1.13158635729776e-05    0.0462210087051067    0.0462199626556862
186.000000000021    1.30208801638592e-05    0.0460894793546389    0.046088279119092
186.500000000022    1.54296016680584e-05    0.0460026223096356    0.0460012027272633
187.000000000022    1.73679801791907e-05    0.0460135559269172    0.0460119576296218
187.500000000022    1.62720071193853e-05    0.0461982011741667    0.0461966977237141
188.000000000022    1.04791651457593e-05    0.0466237749940024    0.0466227978477663
188.500000000023    3.7024348074461e-06    0.0472848453698481    0.0472844952330298
189.000000000023    3.02561767089593e-06    0.0480570301715944    0.0480567393680749
189.500000000023    8.93257348694228e-06    0.0487450203684617    0.0487441495392874
190.000000000023    1.47676665136708e-05    0.0492045415813022    0.0492030883302412
190.500000000024    1.63960164390795e-05    0.0494123285171514    0.0494107082130166
191.000000000024    1.49372656748494e-05    0.0494316693189212    0.0494301925930247
191.500000000024    1.27841968516049e-05    0.0493433022835868    0.0493420406707361
192.000000000024    1.11793394860002e-05    0.0492062326541962    0.0492051324801361
192.500000000025    1.03177793529791e-05    0.0490522871802626    0.0490512749693546
193.000000000025    9.9871667944981e-06    0.0488947288511468    0.0488937522212758
193.500000000025    9.92707203482988e-06    0.0487376116813826    0.0487366440474244
194.000000000025    9.95150531281929e-06    0.0485816912739445    0.0485807243616491
194.500000000026    9.98767215923453e-06    0.0484270115908823    0.0484260442543129
195.000000000026    1.00999931593655e-05    0.0482735957957202    0.0482726206795942
195.500000000026    1.05132199033879e-05    0.0481220478591484    0.0481210360344433
196.000000000026    1.16170182645937e-05    0.0479760809585751    0.0479749662935067
196.500000000027    1.38382992612156e-05    0.0478490212711329    0.0478476969913072
197.000000000027    1.70331473174818e-05    0.0477752095282882    0.0477735820316456
197.500000000027    1.90933183444688e-05    0.0478215956354094    0.0478197695243775
198.000000000027    1.56273793926569e-05    0.0480802310844968    0.0480787283719553
198.500000000028    6.05180955810206e-06    0.0486103401672689    0.048609751809787
199.000000000028    5.73022825983642e-07    0.0493425074136245    0.0493424508648908
199.500000000028    6.62927218994478e-06    0.050065029902824    0.0500643661178036
