#t    rhoGW_over_rho    rhoGW
0    0    0
4.99999999999998    6.88544552255272e-20    3.4700859583523e-22
9.99999999999988    1.11959337152345e-19    9.11965125815511e-23
14.9999999999998    1.00295245104296e-19    3.42846775157483e-23
19.9999999999997    1.46448344202227e-19    1.55456067953172e-23
24.9999999999996    1.20005527099502e-19    7.91177546821391e-24
29.9999999999994    1.35539705886591e-19    4.0512639492989e-24
34.9999999999999    1.48319732968475e-19    2.32494350603723e-24
40.0000000000007    1.63189944533608e-19    1.39506704262049e-24
45.0000000000014    1.72657246240447e-19    8.91262607755002e-25
50.0000000000022    1.66764209219838e-19    5.70304966197578e-25
55.000000000003    1.93733037021891e-19    3.87602047256867e-25
60.0000000000038    1.90115517404848e-19    2.66523078679721e-25
65.0000000000042    2.14202495046747e-19    1.91436675559413e-25
70.0000000000032    2.00067486865432e-19    1.38120585581268e-25
75.0000000000022    2.26718333580521e-19    1.00743893726628e-25
80.0000000000012    2.20037922407537e-19    7.61713134513974e-26
85.0000000000002    2.44194057686977e-19    5.73892381459153e-26
89.9999999999992    2.24048428281013e-19    4.36143475683488e-26
94.9999999999982    2.53857425796967e-19    3.42165358800641e-26
99.9999999999972    2.45592217229113e-19    2.72469496284593e-26
104.999999999996    2.74197704113995e-19    2.18106685627258e-26
109.999999999995    2.56113555416153e-19    1.75007172749342e-26
114.999999999994    2.8458755351279e-19    1.42251549347843e-26
119.999999999993    2.72849094143066e-19    1.1607942995129e-26
124.999999999992    2.99213830756966e-19    9.53989263404181e-27
129.999999999993    2.80595362123431e-19    7.85231184303926e-27
134.999999999995    3.0372786452147e-19    6.48697054479088e-27
139.999999999998    2.97242598279535e-19    5.52467334024654e-27
145    3.24369703827652e-19    4.68311453050506e-27
150.000000000003    3.06612118207084e-19    3.93834135697147e-27
155.000000000005    3.3555379049493e-19    3.40384108699492e-27
160.000000000008    3.22127192155424e-19    2.88659924571741e-27
165.000000000011    3.43408787486609e-19    2.46305587553135e-27
170.000000000013    3.31970827391063e-19    2.13590239530679e-27
175.000000000016    3.49817159452242e-19    1.82976777025237e-27
180.000000000018    3.43706342839452e-19    1.60326995376729e-27
185.000000000021    3.68730072568638e-19    1.41335250728954e-27
190.000000000023    3.55833439007752e-19    1.22859579835283e-27
195.000000000026    3.78505906575622e-19    1.09031840694881e-27
