#t    E^kin_scal0    E^grad_scal0    E^kin_scal1    E^grad_scal1    Vpot_term_0    Vpot_term_1    E_tot
0    0.00709720695063394    2.39557685798879e-11    3.60597722485121e-11    2.42355344148511e-11    0.0141944191142098    0    0.0212916261490948
0.5    0.00710926747014334    2.37238559412063e-11    2.6180982177443e-11    2.40825935624554e-11    0.012368342626417    0    0.0194776101705478
1    0.0070783147691915    2.44330850979549e-11    1.77608864653054e-11    2.47863155462976e-11    0.0105558249959127    0    0.0176341398320845
1.5    0.00699310398852068    1.97122544358234e-11    1.61387582294012e-11    2.00736851989507e-11    0.00878881272914922    0    0.0157819167735946
2    0.00684196735901529    1.33629586148088e-11    1.6659085980744e-11    1.36937827300891e-11    0.00710495188902468    0    0.0139469192917558
2.5    0.00661426167098781    1.08914845444089e-11    1.40137200891005e-11    1.11269854564832e-11    0.00554551090903487    0    0.0121597726160549
3    0.00630253440470677    1.08072747191951e-11    1.00061808515202e-11    1.10150304451559e-11    0.0041515307231545    0    0.0104540651596898
3.5    0.00590520829657099    9.32895993308891e-12    8.21695274974764e-12    9.58100666479311e-12    0.00295826835889326    0    0.00886347668259118
4    0.00542915399228654    7.03894682705407e-12    7.785943754415e-12    7.25918446295983e-12    0.00198879642691049    0    0.0074179504412811
4.49999999999999    0.00489109316637379    5.95772299897934e-12    6.60435224338782e-12    6.09883139034907e-12    0.00124854552685339    0    0.00613963871188809
4.99999999999998    0.00431670750427277    5.45629761457157e-12    5.25713770631168e-12    5.57555516956877e-12    0.000723033113484819    0    0.00503974063404658
5.49999999999997    0.00373697254576166    4.56970554948687e-12    4.65728481834973e-12    4.65788908128746e-12    0.000380337533376682    0    0.00411731009302322
5.99999999999996    0.00318250682778465    3.86368530938316e-12    4.14023346130796e-12    3.89716919990265e-12    0.000177988219114469    0    0.00336049505880021
6.49999999999995    0.00267788507195426    3.52286964301609e-12    3.42936539735212e-12    3.56053435119474e-12    7.18572326969871e-05    0    0.00274974231516402
6.99999999999994    0.00223799599321108    3.06632247271818e-12    3.02813022268814e-12    3.10366080408107e-12    2.38168815860236e-05    0    0.00226181288399522
7.49999999999993    0.00186745309901569    2.62673219309985e-12    2.78287380513023e-12    2.61628663996031e-12    5.93686141379726e-06    0    0.00187338996845538
7.99999999999992    0.00156260146287259    2.40426238142416e-12    2.38720427343195e-12    2.39207145588238e-12    9.33947142537386e-07    0    0.00156353541719866
8.49999999999991    0.00131479872420575    2.15959244912632e-12    2.08571108170541e-12    2.17642525662986e-12    6.02630660365314e-08    0    0.00131485899369352
8.9999999999999    0.00111367206321948    1.88284578349114e-12    1.93028643868073e-12    1.88627648359718e-12    2.97768027074623e-10    0    0.00111367236668692
9.49999999999989    0.000949533219176684    1.71010037950413e-12    1.73155531975176e-12    1.6973814454052e-12    2.23492011730463e-12    0    0.000949533226550641
9.99999999999988    0.000814536122166032    1.55836822528131e-12    1.53792386547785e-12    1.55779377095305e-12    1.41813641761657e-08    0    0.000814550308184294
10.4999999999999    0.000702295669707892    1.39554498922121e-12    1.40315764589705e-12    1.40284137425645e-12    4.46824524977743e-07    0    0.000702742498434414
10.9999999999999    0.000605667718723846    1.27016259078994e-12    1.27726016934597e-12    1.27434372202881e-12    4.01890994166449e-06    0    0.000609686632487277
11.4999999999998    0.000512540691124987    1.15005461013824e-12    1.16344966859362e-12    1.16449548822069e-12    2.01086543092217e-05    0    0.000532649348912209
11.9999999999998    0.000401481368765118    1.01223992806429e-12    1.06792687537384e-12    1.06175991107839e-12    6.98025670592411e-05    0    0.000471283938966285
12.4999999999998    0.000249119441109907    8.78236375076308e-13    9.76747666588562e-13    9.75300033509918e-13    0.000179194217385482    0    0.000428313661325674
12.9999999999998    7.71079408204503e-05    7.50641082944202e-13    8.91771237719165e-13    8.98507837713524e-13    0.000330292911240699    0    0.00040740085460207
13.4999999999998    3.35930682241224e-07    6.53138342249241e-13    8.2058322941505e-13    8.18565984522738e-13    0.000403781775537833    0    0.000404117708512362
13.9999999999998    8.80339676018628e-05    6.25628264312227e-13    7.49454339193424e-13    7.46818851842372e-13    0.000311487171507983    0    0.000399521141231748
14.4999999999998    0.000219911977027394    6.07977420360211e-13    6.78252890510869e-13    6.85632342985093e-13    0.000157746141181451    0    0.000377658120180708
14.9999999999998    0.000284521706561428    5.82234821058395e-13    6.24405800273827e-13    6.1931262206207e-13    5.73158082376095e-05    0    0.000341837516624991
15.4999999999998    0.000286844680194542    5.5914835635954e-13    5.68956810000814e-13    5.67116709367752e-13    1.58230415597991e-05    0    0.000302667723449563
15.9999999999997    0.000263104875461227    5.16892076908403e-13    5.18161152709769e-13    5.22691932589872e-13    3.26117919858932e-06    0    0.000266366056217561
16.4999999999997    0.000234224458695123    4.76985188581884e-13    4.80513312858025e-13    4.75509800519487e-13    4.43716075572924e-07    0    0.000234668176203704
16.9999999999997    0.00020738989595693    4.4112931563441e-13    4.38555102884279e-13    4.41825167100335e-13    2.83955122101651e-08    0    0.00020741829279065
17.4999999999997    0.000183995952574712    4.05003086336407e-13    4.06950775135705e-13    4.05937773568692e-13    2.63671288804052e-10    0    0.000183996217463892
17.9999999999997    0.00016378814231271    3.77616456388835e-13    3.77537348886294e-13    3.7453414948992e-13    3.0766952620649e-16    0    0.000163788143442706
18.4999999999997    0.000146279176257798    3.48329105749178e-13    3.46858037358498e-13    3.50660663216296e-13    5.60272240429851e-10    0    0.000146279737575886
18.9999999999997    0.000131027628976579    3.23452914812043e-13    3.25306860336348e-13    3.22939866889959e-13    2.26226863946745e-08    0    0.000131050252634673
19.4999999999997    0.000117565219676015    3.0236010392153e-13    3.0184685191851e-13    3.01689662192413e-13    1.9488070318601e-07    0    0.000117760101285098
19.9999999999997    0.000105281230703533    2.80502468957958e-13    2.80890910833211e-13    2.82170808524581e-13    8.69554110475094e-07    0    0.000106150785657573
20.4999999999997    9.33693613995647e-05    2.6186224722195e-13    2.63658647116342e-13    2.62508513237116e-13    2.6836852623349e-06    0    9.6053047449929e-05
20.9999999999996    8.08825731497969e-05    2.44320306915258e-13    2.46049309740963e-13    2.46401695991015e-13    6.51121355470304e-06    0    8.73937874412713e-05
21.4999999999996    6.69439604153241e-05    2.27587358293534e-13    2.30238632033342e-13    2.31339048506164e-13    1.32470307618954e-05    0    8.01909918663845e-05
21.9999999999996    5.11523437717042e-05    2.12179562469401e-13    2.17281103726332e-13    2.15756583351019e-13    2.33726481877546e-05    0    7.45249926046761e-05
22.4999999999996    3.41199662622093e-05    1.97634904988174e-13    2.02694999242547e-13    2.03785653932773e-13    3.63560945136372e-05    0    7.0476061379962e-05
22.9999999999996    1.78548526062261e-05    1.84973845051637e-13    1.90628500149123e-13    1.90959788910496e-13    5.01724951948973e-05    0    6.80273483676856e-05
23.4999999999996    5.49749488599413e-06    1.72714397258103e-13    1.79375538366713e-13    1.78526006961761e-13    6.14557033578298e-05    0    6.69531987744399e-05
23.9999999999996    9.7968690891984e-08    1.60852972763292e-13    1.67334728876402e-13    1.67948081017725e-13    6.66482579075896e-05    0    6.67462270946173e-05
24.4999999999996    2.87713216882909e-06    1.50971632733788e-13    1.56797877377727e-13    1.56794572662167e-13    6.37853018945263e-05    0    6.66624345279195e-05
24.9999999999996    1.22030552648e-05    1.40923226638412e-13    1.46281178484807e-13    1.46577129815272e-13    5.37253699284638e-05    0    6.59284256270453e-05
25.4999999999995    2.42687745254167e-05    1.32000346921492e-13    1.36564357588377e-13    1.36619427823509e-13    3.97610080130823e-05    0    6.40297829436831e-05
25.9999999999995    3.50626587945997e-05    1.24019685945489e-13    1.27319158527548e-13    1.27411628006297e-13    2.58277459919966e-05    0    6.08904051653468e-05
26.4999999999995    4.21265393054392e-05    1.1622778339177e-13    1.19106878926341e-13    1.18447038825918e-13    1.46914346864707e-05    0    5.68179743456916e-05
26.9999999999995    4.50163579416665e-05    1.0947921581195e-13    1.10198942244306e-13    1.11569219753826e-13    7.26863778167871e-06    0    5.22849960545926e-05
27.4999999999995    4.46395201179783e-05    1.02542395964975e-13    1.04259512469319e-13    1.03009262211865e-13    3.07744469369291e-06    0    4.77169651214824e-05
27.9999999999995    4.23134638962219e-05    9.66392885554957e-14    9.66013180932747e-14    9.73826261867254e-14    1.077838272637e-06    0    4.33913024594821e-05
28.4999999999995    3.91462481690081e-05    9.05779265597972e-14    9.10478797582439e-14    9.08108374604822e-14    2.92080710846368e-07    0    3.94383291522911e-05
28.9999999999995    3.58345367577801e-05    8.569442450765e-14    8.53273205056101e-14    8.53914635634541e-14    5.34665963497728e-08    0    3.58880036105431e-05
29.4999999999995    3.27137566152255e-05    7.99114907547322e-14    8.02522928310271e-14    8.02605801952368e-14    4.82739315575441e-09    0    3.27185842488056e-05
29.9999999999994    2.98897897529422e-05    7.57649652633052e-14    7.55935313724301e-14    7.55227920231311e-14    7.82532440236677e-11    0    2.98898682330675e-05
30.4999999999994    2.73602440429972e-05    7.13350963695288e-14    7.12133459905307e-14    7.12504772194163e-14    9.70556163927327e-25    0    2.73602442567961e-05
30.9999999999994    2.50925768537081e-05    6.71804287168694e-14    6.70965919310794e-14    6.7387188733652e-14    7.71607542752803e-11    0    2.50926542161266e-05
31.4999999999994    2.30501845528997e-05    6.35292685455883e-14    6.36606071364266e-14    6.34401359329024e-14    5.11850644435756e-09    0    2.30553032499741e-05
31.9999999999994    2.11625915253429e-05    6.01844960677897e-14    6.00732151436597e-14    6.01883973848472e-14    5.97746771354118e-08    0    2.12223663829244e-05
32.4999999999995    1.92375179069679e-05    5.66023108877837e-14    5.69330540439644e-14    5.69883021264171e-14    3.417497992803e-07    0    1.95792678767719e-05
32.9999999999996    1.68324788204934e-05    5.34514281656385e-14    5.40525287411818e-14    5.39732287215621e-14    1.30353808278157e-06    0    1.81360170647522e-05
33.4999999999996    1.32205410043219e-05    4.97534638035949e-14    5.12225481317453e-14    5.1298970701627e-14    3.72658948977256e-06    0    1.69471306463695e-05
33.9999999999997    7.92047697655798e-06    4.60629480079978e-14    4.86279158402139e-14    4.87313323389524e-14    8.19653320319266e-06    0    1.61170103231728e-05
34.4999999999998    2.27193752336133e-06    4.27314145460178e-14    4.62893412799618e-14    4.61550248976519e-14    1.34583808927925e-05    0    1.57303185513296e-05
34.9999999999999    2.55921330286023e-08    3.98537808305018e-14    4.37212540901141e-14    4.40046227793198e-14    1.56496214112731e-05    0    1.56752136718814e-05
35.5    3.04169127919974e-06    3.85569293142438e-14    4.16488416629527e-14    4.15131608729628e-14    1.25389294665228e-05    0    1.55806208674415e-05
36    8.02464604919259e-06    3.71422985731086e-14    3.93186577214655e-14    3.94679554996943e-14    7.1041796869904e-06    0    1.51288258521119e-05
36.5000000000001    1.13208255994811e-05    3.6321352083328e-14    3.74101013115248e-14    3.72323750451794e-14    3.00792622990676e-06    0    1.43287519403517e-05
37.0000000000002    1.23795210904975e-05    3.48996639325019e-14    3.52449383842547e-14    3.55178735668846e-14    9.88096012092386e-07    0    1.33676172082524e-05
37.5000000000003    1.21478619846752e-05    3.33806515065751e-14    3.36613118708771e-14    3.34806851542587e-14    2.4849554418746e-07    0    1.23963576293853e-05
38.0000000000003    1.14393333188501e-05    3.18984842289571e-14    3.17939893500024e-14    3.1975263307139e-14    4.36620572946728e-08    0    1.14829954718126e-05
38.5000000000004    1.06411090638264e-05    3.03193710891411e-14    3.03970152556821e-14    3.02243737055443e-14    4.20487234335957e-09    0    1.06453140271106e-05
39.0000000000005    9.88144176700663e-06    2.88750083617605e-14    2.87273098085691e-14    2.89607971349687e-14    1.07868674502596e-10    0    9.88154972224425e-06
39.5000000000006    9.18498651740045e-06    2.74205894951158e-14    2.75323246154948e-14    2.74105952438751e-14    5.75315999564743e-15    0    9.18498660551712e-06
40.0000000000007    8.54872751592406e-06    2.63291688492188e-14    2.61676862252517e-14    2.62078051392493e-14    4.04816681921209e-12    0    8.54873164279554e-06
40.5000000000007    7.96606664615564e-06    2.48360717134023e-14    2.49521221890058e-14    2.50171331808922e-14    5.70184694480395e-10    0    7.96663690565545e-06
41.0000000000008    7.42586246469966e-06    2.40242382081699e-14    2.38643482985424e-14    2.38504000507137e-14    7.57785535678699e-09    0    7.43344039179543e-06
41.5000000000009    6.90222009180068e-06    2.26521280700882e-14    2.27769887682121e-14    2.281785531462e-14    4.31051095250508e-08    0    6.9453252695727e-06
42.000000000001    6.3439723079529e-06    2.18455911231182e-14    2.18161436817158e-14    2.17875930621377e-14    1.57162366210545e-07    0    6.50113473961277e-06
42.500000000001    5.67127794590077e-06    2.06735407993478e-14    2.08354963608384e-14    2.0891641659011e-14    4.32677880567729e-07    0    6.10395588886918e-06
43.0000000000011    4.79058444395081e-06    1.98520540269605e-14    1.99815161045556e-14    1.99759143115528e-14    9.71711955894076e-07    0    5.76229645965437e-06
43.5000000000012    3.64326198819499e-06    1.87865967556696e-14    1.91174929714953e-14    1.9161172896683e-14    1.84614754784781e-06    0    5.48940959310806e-06
44.0000000000013    2.29064311998752e-06    1.79784859868387e-14    1.83528093294679e-14    1.83263396814387e-14    3.00816942208272e-06    0    5.29881259672787e-06
44.5000000000014    9.88336982105971e-07    1.71405978809807e-14    1.75497965431068e-14    1.7592857345664e-14    4.20662960027494e-06    0    5.19496663466416e-06
45.0000000000014    1.4145599295208e-07    1.62711289670628e-14    1.67990934809362e-14    1.68584036070333e-14    5.02057814428456e-06    0    5.16203418716526e-06
45.5000000000015    7.71898303744337e-08    1.56874483005576e-14    1.61390716668061e-14    1.60737528000698e-14    5.0823511278647e-06    0    5.15954100613941e-06
46.0000000000016    7.83205766877562e-07    1.49245882835419e-14    1.536169992995e-14    1.54477497207889e-14    4.35102997213151e-06    0    5.13423578474311e-06
46.5000000000017    1.88919009744876e-06    1.43948452045759e-14    1.47464704786207e-14    1.47047445274085e-14    3.15550358100896e-06    0    5.04469372230378e-06
47.0000000000017    2.93214114419927e-06    1.38068396963097e-14    1.4052012767581e-14    1.40973306895999e-14    1.94746296907831e-06    0    4.87960415523376e-06
47.5000000000018    3.62957933314807e-06    1.32763448961732e-14    1.34307647281924e-14    1.34763725366656e-14    1.02579637537981e-06    0    4.65537574871136e-06
48.0000000000019    3.94090475353536e-06    1.27889408172183e-14    1.29068287136014e-14    1.2824534596946e-14    4.58804799514416e-07    0    4.39970959157008e-06
48.500000000002    3.96635717818211e-06    1.22393924322845e-14    1.22457189038146e-14    1.23753464929388e-14    1.70553502707866e-07    0    4.13691071775043e-06
49.0000000000021    3.83208084618306e-06    1.17911073548105e-14    1.18247320051239e-14    1.1748980387149e-14    5.00914559742354e-08    0    3.88217233752211e-06
49.5000000000021    3.63205838905619e-06    1.12831936096427e-14    1.12750152610593e-14    1.13119702140343e-14    1.04454540966701e-08    0    3.64250387702304e-06
50.0000000000022    3.41861042348012e-06    1.08353164492366e-14    1.0805599899233e-14    1.08494077246035e-14    1.21786849796252e-09    0    3.4198283244684e-06
50.5000000000023    3.21363778597453e-06    1.04057345927838e-14    1.04244733954017e-14    1.03514344293492e-14    4.03680617656225e-11    0    3.21367818521794e-06
51.0000000000024    3.02280836561151e-06    9.96845045102983e-15    9.91380020158415e-15    1.00312230663226e-14    6.23430536943841e-15    0    3.02280840175929e-06
51.5000000000025    2.84589940766872e-06    9.59311131505657e-15    9.6099455405906e-15    9.54899620118605e-15    1.00811606074276e-12    0    2.84590044453683e-06
52.0000000000025    2.6815391819816e-06    9.22127253733106e-15    9.19993053578553e-15    9.21501809924711e-15    2.1042751506473e-10    0    2.68174963713289e-06
52.5000000000026    2.5259047679959e-06    8.83642315488962e-15    8.8419002840557e-15    8.86786397536806e-15    3.42814423475736e-09    0    2.52933293877684e-06
53.0000000000027    2.3651544749862e-06    8.52714735588434e-15    8.51391710376282e-15    8.5279244149385e-15    2.2967363375482e-08    0    2.38812186393067e-06
53.5000000000028    2.16236338926091e-06    8.16362662335432e-15    8.21618287987107e-15    8.19100613535023e-15    9.65918079224815e-08    0    2.25895522175421e-06
54.0000000000028    1.84644886292536e-06    7.80140307562504e-15    7.87613796028783e-15    7.92825555340355e-15    2.99130622000799e-07    0    2.14557950853196e-06
54.5000000000029    1.3346183202936e-06    7.43515209497503e-15    7.61737935857005e-15    7.61139644448845e-15    7.21429098082655e-07    0    2.05604744104018e-06
55.000000000003    6.5004529854643e-07    7.04942147220544e-15    7.34028060280052e-15    7.33634098996032e-15    1.35065653840469e-06    0    2.00070185867716e-06
55.5000000000031    9.07413928489015e-08    6.72872374033497e-15    7.06112155094208e-15    7.08072445156324e-15    1.89108245739917e-06    0    1.98182387111864e-06
56.0000000000032    7.45327969035004e-08    6.44805533985477e-15    6.79916516633164e-15    6.82106577886883e-15    1.90572531710889e-06    0    1.98025813408068e-06
56.5000000000032    5.87636949334235e-07    6.29297555347687e-15    6.56681387017541e-15    6.54520471595035e-15    1.37522604164198e-06    0    1.96286301038121e-06
57.0000000000033    1.17672359686183e-06    6.14014320025811e-15    6.29530754943923e-15    6.32445321459852e-15    7.34782676567808e-07    0    1.91150629218955e-06
57.5000000000034    1.52940040375614e-06    5.98902184808648e-15    6.07998861408069e-15    6.06765208741788e-15    3.03391150261999e-07    0    1.8327915721548e-06
58.0000000000035    1.64351913532209e-06    5.80849019007032e-15    5.82595447371311e-15    5.87115987174153e-15    9.84902863225868e-08    0    1.74200943915029e-06
58.5000000000035    1.62579802232434e-06    5.62039202005872e-15    5.65269266427369e-15    5.6158358310431e-15    2.43213035789241e-08    0    1.65011934279219e-06
59.0000000000036    1.5580005790125e-06    5.44419472297017e-15    5.42206914382447e-15    5.4393497844218e-15    4.0748051055053e-09    0    1.56207540042362e-06
59.5000000000037    1.47897558874235e-06    5.23296191747654e-15    5.21680725595826e-15    5.25671446038992e-15    3.46074743946287e-10    0    1.47932167919278e-06
60.0000000000038    1.40189479950111e-06    5.04670115979876e-15    5.06768423248488e-15    5.03730073352294e-15    5.89454688655935e-12    0    1.40190070919968e-06
60.5000000000039    1.32947395904151e-06    4.9087329497672e-15    4.87535647872697e-15    4.87855719806889e-15    2.316798045205e-19    0    1.32947397370439e-06
61.0000000000039    1.26166228669213e-06    4.68702270045346e-15    4.68672250066421e-15    4.73273989977603e-15    2.30070472753617e-12    0    1.26166460150334e-06
61.500000000004    1.19796201182053e-06    4.5676984141072e-15    4.56334336122883e-15    4.53686664265614e-15    1.64008834801026e-10    0    1.19812603432323e-06
62.0000000000041    1.13674975208868e-06    4.39833499198378e-15    4.39208851291554e-15    4.40400034076579e-15    1.82189695633664e-09    0    1.13857166223945e-06
62.5000000000042    1.07322347359509e-06    4.25082507565015e-15    4.25253863229627e-15    4.25302366100053e-15    9.65177521428947e-09    0    1.08287526156576e-06
63.0000000000042    9.97193982687596e-07    4.10440796314018e-15    4.10487739924442e-15    4.12308030347595e-15    3.40787338802506e-08    0    1.03127272890021e-06
63.5000000000043    8.92345724072047e-07    3.96643620997218e-15    3.97782857022303e-15    3.98469764109721e-15    9.22834858393244e-08    0    9.84629221840334e-07
64.0000000000044    7.40087310274381e-07    3.82413428177168e-15    3.85864925964195e-15    3.84939873621055e-15    2.0454842535133e-07    0    9.44635747157892e-07
64.5000000000043    5.32232816238114e-07    3.67536408834331e-15    3.73024821286355e-15    3.73319851060997e-15    3.81408077019684e-07    0    9.13640904396609e-07
65.0000000000042    2.91964286711604e-07    3.55341145928561e-15    3.59600662137951e-15    3.63097046466287e-15    6.01753936357868e-07    0    8.93718233849861e-07
65.5000000000041    8.62783447133046e-08    3.42893134279729e-15    3.50903045870706e-15    3.48781096718451e-15    7.98602309517394e-07    0    8.84880664656472e-07
66.000000000004    1.20802719193957e-10    3.30509226597042e-15    3.38822025351111e-15    3.38411837456295e-15    8.83281677718103e-07    0    8.83402490514728e-07
66.5000000000039    7.27449338359448e-08    3.19364229289382e-15    3.25970641394403e-15    3.2926666352843e-15    8.09469534571744e-07    0    8.82214478153705e-07
67.0000000000038    2.58760949306262e-07    3.11491842436661e-15    3.16937936608833e-15    3.16761314823174e-15    6.15428435707552e-07    0    8.74189394465725e-07
67.5000000000037    4.64914238810952e-07    3.02517975177902e-15    3.07206835856805e-15    3.05629948587457e-15    3.90959618971614e-07    0    8.55873866936114e-07
68.0000000000036    6.19248101306624e-07    2.92928988248366e-15    2.94638328288482e-15    2.97983616104168e-15    2.09084587442525e-07    0    8.28332697604659e-07
68.5000000000035    7.00954953018307e-07    2.84410747972299e-15    2.87979860660491e-15    2.85233941854559e-15    9.41195300317043e-08    0    7.95074491626257e-07
69.0000000000034    7.24564518851183e-07    2.77465872635783e-15    2.75471637896809e-15    2.79150261821002e-15    3.50504977168301e-08    0    7.59615024888891e-07
69.5000000000033    7.14021504421916e-07    2.67566786572463e-15    2.6926327442417e-15    2.67536010672101e-15    1.02960492305122e-08    0    7.24317561696089e-07
70.0000000000032    6.88221287596438e-07    2.60453998073529e-15    2.59519786355938e-15    2.60257551006536e-15    2.14867798012939e-09    0    6.90369973378881e-07
70.5000000000031    6.57941292847019e-07    2.52217031657384e-15    2.51209119250117e-15    2.52262079718487e-15    2.51554268395925e-10    0    6.58192854672297e-07
71.000000000003    6.27822704588435e-07    2.43125530416691e-15    2.4450935816876e-15    2.43352448217771e-15    8.47255534479437e-12    0    6.27831184453653e-07
71.5000000000029    5.99196609692825e-07    2.38086555584296e-15    2.35245424799336e-15    2.37681005357539e-15    1.51225756036203e-15    0    5.99196618315212e-07
72.0000000000028    5.72175800989581e-07    2.28720997195194e-15    2.29388022125066e-15    2.29197468929725e-15    1.84388542294092e-13    0    5.72175992251188e-07
72.5000000000027    5.46621491215951e-07    2.22139352083992e-15    2.22702983558255e-15    2.22148178501504e-15    4.03299870471573e-11    0    5.46661827872903e-07
73.0000000000026    5.21900831891513e-07    2.17600430062252e-15    2.15632032108283e-15    2.16048474791839e-15    6.63329538878638e-10    0    5.22564167923202e-07
73.5000000000025    4.95403142813353e-07    2.08364496398824e-15    2.08833166420277e-15    2.10193060222325e-15    4.45644270686093e-09    0    4.99859591794121e-07
74.0000000000024    4.59963670852892e-07    2.02756420085487e-15    2.03797930385086e-15    2.03087060275715e-15    1.87631191042773e-08    0    4.78726796053583e-07
74.5000000000023    4.01532933983912e-07    1.96565668665959e-15    1.97220869068351e-15    1.97984190586136e-15    5.82563570517552e-08    0    4.59789296953374e-07
75.0000000000022    3.02663073778597e-07    1.89063347076975e-15    1.91834375478667e-15    1.92122371040566e-15    1.41693987410306e-07    0    4.44357066919105e-07
75.5000000000021    1.63259718112462e-07    1.82189410101667e-15    1.85762674349783e-15    1.87288916799724e-15    2.70946492062703e-07    0    4.34206215727575e-07
76.000000000002    3.48379046638427e-08    1.74676152613442e-15    1.82149746926852e-15    1.80295113871608e-15    3.95293721420514e-07    0    4.30131631455567e-07
76.5000000000019    5.19979832886898e-09    1.69818339051816e-15    1.75375630908291e-15    1.76674894551463e-15    4.2454249420576e-07    0    4.29742297753317e-07
77.0000000000018    9.59066804612107e-08    1.66119656147906e-15    1.70912310547758e-15    1.70926669924286e-15    3.31932483315364e-07    0    4.27839168856161e-07
77.5000000000017    2.27161298854843e-07    1.62979701926663e-15    1.6560511751897e-15    1.66275216198448e-15    1.93466481478659e-07    0    4.20627785282103e-07
78.0000000000016    3.20930989431919e-07    1.59335102867767e-15    1.60697595528342e-15    1.61512572560782e-15    8.73396618491618e-08    0    4.08270656096534e-07
78.5000000000015    3.61850586415398e-07    1.54699863752047e-15    1.56585568995108e-15    1.56292972675419e-15    3.12095795147322e-08    0    3.93060170605915e-07
79.0000000000014    3.68371087704767e-07    1.520185390892e-15    1.51834549280739e-15    1.52067947528003e-15    8.66019877986814e-09    0    3.77031291043845e-07
79.5000000000013    3.595543518392e-07    1.47729316944938e-15    1.47929732463302e-15    1.47340390586918e-15    1.71388488781552e-09    0    3.6126824115701e-07
80.0000000000012    3.45978480349192e-07    1.43996856714424e-15    1.42635550793638e-15    1.44334267558013e-15    1.9508677815208e-10    0    3.46173571437011e-07
80.5000000000011    3.31825288775837e-07    1.39752412728302e-15    1.39439470375525e-15    1.39543338392223e-15    6.96496150499588e-12    0    3.31832257924694e-07
81.000000000001    3.18223448575719e-07    1.35279821407777e-15    1.36102343184136e-15    1.35199120765724e-15    3.02995728502766e-15    0    3.18223455671489e-07
81.5000000000009    3.05305079549585e-07    1.32024604487448e-15    1.31815387241927e-15    1.3210231831517e-15    4.53148030152522e-14    0    3.05305128823811e-07
82.0000000000008    2.93021893624036e-07    1.29184091960396e-15    1.27716345419321e-15    1.29077411229755e-15    1.39396410688104e-11    0    2.93035837124883e-07
82.5000000000007    2.81145586318995e-07    1.24874087215233e-15    1.24924230565862e-15    1.25008980578393e-15    2.34358985891989e-10    0    2.8137994905296e-07
83.0000000000006    2.68799754073248e-07    1.21924330783468e-15    1.21327686070072e-15    1.21998560172665e-15    1.52302860135684e-09    0    2.70322786327111e-07
83.5000000000005    2.5379922179257e-07    1.18097112701255e-15    1.18786363482712e-15    1.18166494550946e-15    6.10867013702147e-09    0    2.59907895480092e-07
84.0000000000004    2.32162233509449e-07    1.14569991662717e-15    1.15462480883544e-15    1.15346887470774e-15    1.81338171126667e-08    0    2.50296054075909e-07
84.5000000000003    1.98576749675341e-07    1.12092669232006e-15    1.12389791058192e-15    1.12480322685568e-15    4.3248770766313e-08    0    2.41825523811282e-07
85.0000000000002    1.49194285986592e-07    1.0913492768114e-15    1.09218518877703e-15    1.099026698333e-15    8.58205947518174e-08    0    2.35014884020971e-07
85.5000000000001    8.75155104931019e-08    1.05540927022309e-15    1.06419020179201e-15    1.07106043148386e-15    1.42890939201204e-07    0    2.30406452884965e-07
86    2.98207048836311e-08    1.02054942179105e-15    1.04371780575208e-15    1.03695243613941e-15    1.98361580373107e-07    0    2.28182288357958e-07
86.4999999999999    7.01291114697434e-10    9.94198477469969e-16    1.01084014140009e-15    1.01630070820729e-15    2.2701636078177e-07    0    2.27717654917807e-07
86.9999999999998    1.49647563102879e-08    9.70138931589871e-16    9.8336733403683e-16    9.91030993410282e-16    2.12584790724728e-07    0    2.27549549979554e-07
87.4999999999997    6.29849424890695e-08    9.47501780163995e-16    9.63777806615016e-16    9.58906197277083e-16    1.63081142444349e-07    0    2.26066087803605e-07
87.9999999999996    1.19003244924157e-07    9.24522860515863e-16    9.3262654244765e-16    9.3946662693078e-16    1.03403569955635e-07    0    2.22406817676408e-07
88.4999999999995    1.61991603821644e-07    9.03639358114557e-16    9.09616706463536e-16    9.13215634284442e-16    5.47351545289949e-08    0    2.16726761077111e-07
88.9999999999994    1.85524820590899e-07    8.83848293868738e-16    8.85775662600461e-16    8.89346968543728e-16    2.42275492672494e-08    0    2.09752372517119e-07
89.4999999999993    1.93416857242192e-07    8.65188676338467e-16    8.65394507208693e-16    8.63590848287665e-16    8.81351036946573e-09    0    2.02230370205832e-07
89.9999999999992    1.92159727102459e-07    8.41404523114124e-16    8.44915009537222e-16    8.39542245897048e-16    2.5050930753062e-09    0    1.94664822703627e-07
90.4999999999991    1.86813850044926e-07    8.2007158304587e-16    8.21107643343268e-16    8.2038394360334e-16    4.96842590195848e-10    0    1.87310695096685e-07
90.999999999999    1.80208905536994e-07    8.04810505313475e-16    7.99439128788279e-16    8.00564518092668e-16    5.29857647847541e-11    0    1.80261893706593e-07
91.4999999999989    1.73533133937999e-07    7.80770532376986e-16    7.75983649924158e-16    7.83970908273956e-16    1.40648577343764e-12    0    1.73534542764498e-07
91.9999999999988    1.67117509480818e-07    7.6319556526217e-16    7.55451660631453e-16    7.65776470450436e-16    2.98695847431682e-17    0    1.67117511795111e-07
92.4999999999987    1.60994230512614e-07    7.42549704175668e-16    7.43877001121618e-16    7.39944348055029e-16    1.26986535552993e-13    0    1.60994359725521e-07
92.9999999999986    1.55132649809547e-07    7.19895167516024e-16    7.25888089686535e-16    7.21812605778105e-16    1.65777070851701e-11    0    1.55149229684228e-07
93.4999999999985    1.49333285939299e-07    7.05512384465219e-16    7.05904909869934e-16    7.06875548950247e-16    2.36698996147618e-10    0    1.49569987053739e-07
93.9999999999984    1.42774709852964e-07    6.90085869942188e-16    6.873137670757e-16    6.91673559610259e-16    1.48653343506586e-09    0    1.44261245357103e-07
94.4999999999983    1.33269776385078e-07    6.75123692320643e-16    6.70179286945172e-16    6.76104596150126e-16    6.00863804986259e-09    0    1.39278416456348e-07
94.9999999999982    1.1665868098762e-07    6.56229527988796e-16    6.56759152405432e-16    6.57837650936963e-16    1.81277459696965e-08    0    1.34786428928142e-07
95.4999999999981    8.79860725424273e-08    6.35432318320017e-16    6.45170611241408e-16    6.38705425947205e-16    4.31284481184256e-08    0    1.31114522580161e-07
95.999999999998    4.75688397536176e-08    6.14325765446413e-16    6.27525375350326e-16    6.26449901936486e-16    8.1126730864337e-08    0    1.28695572486256e-07
96.4999999999979    1.03799610553892e-08    5.95742308445379e-16    6.10365299563226e-16    6.14313692829319e-16    1.1733860873412e-07    0    1.2771857160993e-07
96.9999999999978    1.32184982957818e-09    5.82371065968392e-16    5.95105792142581e-16    6.00770360061399e-16    1.26300929080825e-07    0    1.27622780688651e-07
97.4999999999977    2.70493054747193e-08    5.72702844447351e-16    5.78395626664442e-16    5.89102592927077e-16    1.0014175638019e-07    0    1.27191063595111e-07
97.9999999999976    6.57608967404902e-08    5.64176203123186e-16    5.67965677438908e-16    5.71677031360157e-16    5.97448029238513e-08    0    1.2550570136816e-07
98.4999999999975    9.47823154687721e-08    5.51148871854336e-16    5.57045987038774e-16    5.55441651494899e-16    2.77724580851902e-08    0    1.22554775217599e-07
98.9999999999974    1.08588126971551e-07    5.41972020568001e-16    5.43621684541085e-16    5.4248147776503e-16    1.02653527124492e-08    0    1.18853481312076e-07
99.4999999999973    1.11925568503467e-07    5.3265129984022e-16    5.30602934092666e-16    5.2993223786794e-16    2.96554662557602e-09    0    1.1489111672223e-07
99.9999999999972    1.1032479029842e-07    5.18206450362337e-16    5.17621715302439e-16    5.18138266668913e-16    6.19072476347189e-10    0    1.10943864328733e-07
100.499999999997    1.0704584857485e-07    5.04389234164109e-16    5.0619425187223e-16    5.05591813088461e-16    7.66778671985209e-11    0    1.07122527958224e-07
100.999999999997    1.03452805970202e-07    4.94775594846888e-16    4.92744624585474e-16    4.95815748620508e-16    3.28610906712294e-12    0    1.03456093562605e-07
101.499999999997    9.99443235664544e-08    4.82435122559275e-16    4.83183465113709e-16    4.82870614632155e-16    3.75340234731436e-15    0    9.99443287683459e-08
101.999999999997    9.65802795651198e-08    4.73034779060917e-16    4.70832347305474e-16    4.73430669134928e-16    5.07075386154307e-15    0    9.65802860531714e-08
102.499999999997    9.33535182361069e-08    4.62318086858905e-16    4.60611583502001e-16    4.6250813610581e-16    3.09614960619495e-12    0    9.33566157711509e-08
102.999999999997    9.02059205489324e-08    4.52832967219349e-16    4.51434685716672e-16    4.51207393741634e-16    6.10772912174403e-11    0    9.02669991956249e-08
103.499999999997    8.68812478497623e-08    4.41939014170324e-16    4.39387272785898e-16    4.43392741952193e-16    4.28647795368053e-10    0    8.73098969698494e-08
103.999999999996    8.26937262689622e-08    4.32926337734118e-16    4.3158727586413e-16    4.31911797028115e-16    1.8048017913034e-09    0    8.4498529356691e-08
104.499999999996    7.63261976445714e-08    4.22013055513102e-16    4.21001209130668e-16    4.2380051760742e-16    5.55164066985424e-09    0    8.18778395812405e-08
104.999999999996    6.5923423047724e-08    4.10428031575317e-16    4.12058314244203e-16    4.14564058913624e-16    1.36201613670513e-08    0    7.95435856518258e-08
105.499999999996    4.9993909612651e-08    4.01439325582902e-16    4.03867501343662e-16    4.0506408695714e-16    2.76530747121561e-08    0    7.7646985535178e-08
105.999999999996    2.95027029817948e-08    3.93467663580958e-16    3.95645676767394e-16    3.9600735557852e-16    4.68503765654235e-08    0    7.6353080732339e-08
106.499999999996    9.99661332201577e-09    3.83033185096901e-16    3.87963385632851e-16    3.86762348137491e-16    6.57310633383585e-08    0    7.57276778181332e-08
106.999999999996    1.97154754252046e-10    3.73015076671766e-16    3.77566159046516e-16    3.80494215277696e-16    7.54024223495346e-08    0    7.55995782348621e-08
107.499999999996    5.39447187009717e-09    3.65434857484152e-16    3.68755618014544e-16    3.7286447071647e-16    7.01536493005257e-08    0    7.55481222776778e-08
107.999999999996    2.2063617265238e-08    3.59306484784246e-16    3.61619327464752e-16    3.637995352537e-16    5.30486422285991e-08    0    7.51122605785624e-08
108.499999999996    4.11042457134398e-08    3.51102485204175e-16    3.55567588792392e-16    3.53963085150979e-16    3.29521627705459e-08    0    7.40564095446188e-08
108.999999999995    5.54299338809247e-08    3.44634396099996e-16    3.4588569318404e-16    3.48123673763825e-16    1.70061207741806e-08    0    7.24360556937491e-08
109.499999999995    6.31574492117894e-08    3.38515372131622e-16    3.38604303275482e-16    3.40271227831869e-16    7.30205681330393e-09    0    7.04595070424842e-08
109.999999999995    6.57751794536153e-08    3.30617849855164e-16    3.32404251152302e-16    3.31768113632069e-16    2.5566860414317e-09    0    6.83318664898372e-08
110.499999999995    6.54982022777686e-08    3.25045690659222e-16    3.24681221460413e-16    3.25221106304705e-16    6.89192363051103e-10    0    6.61873956157677e-08
110.999999999995    6.39665935924966e-08    3.20331807271713e-16    3.17707174724296e-16    3.18329925053107e-16    1.2570174174082e-10    0    6.40922962906064e-08
111.499999999995    6.20590873285926e-08    3.12729134006057e-16    3.11515204120411e-16    3.11061730643239e-16    1.14188195723417e-11    0    6.2070507083471e-08
111.999999999995    6.01261489225452e-08    3.04519207938555e-16    3.04708157842975e-16    3.04808803143381e-16    1.93971559244011e-13    0    6.01263438081406e-08
112.499999999995    5.82575998288214e-08    2.98136943090516e-16    2.96906424264733e-16    2.99912521822183e-16    4.81363335654486e-23    0    5.82576007237773e-08
112.999999999995    5.64607508623004e-08    2.9166865625709e-16    2.90805534130209e-16    2.93678810136099e-16    1.44782245951384e-13    0    5.64608965206994e-08
113.499999999995    5.47229005350677e-08    2.86917905041206e-16    2.84877696456535e-16    2.87613350945778e-16    1.01010043252714e-11    0    5.47330023988019e-08
113.999999999994    5.29531274902223e-08    2.8110605143241e-16    2.80790034599171e-16    2.80044759904533e-16    1.18900288641229e-10    0    5.30720286208044e-08
114.499999999994    5.08032827160321e-08    2.75154916396471e-16    2.74668508632312e-16    2.74846965114356e-16    6.78884473345623e-10    0    5.14821680140481e-08
114.999999999994    4.73978736508601e-08    2.6841795334993e-16    2.68496740004331e-16    2.6999433410906e-16    2.58728743422862e-09    0    4.99851618919977e-08
115.499999999994    4.11621077130306e-08    2.63322702487815e-16    2.64341011482618e-16    2.63421657983534e-16    7.4767175815491e-09    0    4.86388260856651e-08
115.999999999994    3.0402693837953e-08    2.57266704315482e-16    2.58987849741576e-16    2.58322566042255e-16    1.71489370888262e-08    0    4.75516317013563e-08
116.499999999994    1.56853119773256e-08    2.49717394897795e-16    2.52235628178424e-16    2.54844843673066e-16    3.11709025579842e-08    0    4.68562152921077e-08
116.999999999994    2.93183971189479e-09    2.43939759499786e-16    2.46664744457873e-16    2.50359706120367e-16    4.36623961332204e-08    0    4.65942365860794e-08
117.499999999994    8.13842025945264e-10    2.39447147117899e-16    2.42249587512095e-16    2.44854804341673e-16    4.57582065008438e-08    0    4.65720492533406e-08
117.999999999994    1.07821224940362e-08    2.354241281449e-16    2.36947597376902e-16    2.40375068270404e-16    3.56354558879044e-08    0    4.64175790946874e-08
118.499999999994    2.47913834060551e-08    2.31687396574471e-16    2.32039677560676e-16    2.3564867940111e-16    2.10796703607768e-08    0    4.58710544662077e-08
118.999999999993    3.51570843593339e-08    2.29132724306831e-16    2.28263503457037e-16    2.29995587244253e-16    9.78426382667223e-09    0    4.49413488733979e-08
119.499999999993    4.01599962344645e-08    2.26020035557592e-16    2.24310783798534e-16    2.24749377038713e-16    3.62399304469306e-09    0    4.37839899542377e-08
119.999999999993    4.14938772605921e-08    2.21075954076935e-16    2.19964458341909e-16    2.20133748695665e-16    1.04957647959748e-09    0    4.25434544013637e-08
120.499999999993    4.10825137191584e-08    2.16781167099218e-16    2.16238849101783e-16    2.15139502048404e-16    2.19117992780992e-10    0    4.13016323600989e-08
120.999999999993    4.00650473875794e-08    2.13311628727498e-16    2.11830974536308e-16    2.11065317282588e-16    2.69494158390476e-11    0    4.00919974396263e-08
121.499999999993    3.8922704450736e-08    2.07752762018236e-16    2.07460779551961e-16    2.07180838661978e-16    1.12167334313309e-12    0    3.89238267464735e-08
121.999999999993    3.77976327655555e-08    2.03128728885748e-16    2.02157319130863e-16    2.04448358606827e-16    1.05757002697795e-15    0    3.77976344328599e-08
122.499999999993    3.6711868031998e-08    2.00011080945565e-16    1.98861761417402e-16    1.99915649986853e-16    2.52826500838913e-15    0    3.67118711590515e-08
122.999999999993    3.56635132230196e-08    1.96895153499224e-16    1.95171668551518e-16    1.95987271628353e-16    1.30836927651984e-12    0    3.56648221803502e-08
123.499999999993    3.46299661162641e-08    1.9331115667857e-16    1.91171291913974e-16    1.92568543727415e-16    2.51048710683069e-11    0    3.46550715643834e-08
123.999999999992    3.35079114910594e-08    1.89128671460073e-16    1.87886082520096e-16    1.88622241148969e-16    1.74900310637648e-10    0    3.36828123673341e-08
124.499999999992    3.20175500211428e-08    1.84948477891102e-16    1.84663268064457e-16    1.84802390181235e-16    7.35806384505876e-10    0    3.27533569600628e-08
124.999999999992    2.96164417975473e-08    1.81370295679031e-16    1.81261661826073e-16    1.81340660441153e-16    2.2667517271079e-09    0    3.18831940686278e-08
125.499999999992    2.55373348442584e-08    1.77563599700357e-16    1.77066958985508e-16    1.78839247908821e-16    5.56957562595292e-09    0    3.11069110036812e-08
125.999999999992    1.9176395909439e-08    1.73803582970404e-16    1.73455472472287e-16    1.75904428123609e-16    1.1302434644464e-08    0    3.04788310770665e-08
126.499999999992    1.09964868680167e-08    1.70669135484574e-16    1.70675870452561e-16    1.72266540041708e-16    1.90608442159872e-08    0    3.00573315976154e-08
126.999999999992    3.40376768695882e-09    1.67001004105209e-16    1.68067845481856e-16    1.68566358640228e-16    2.64590234582763e-08    0    2.98627916488703e-08
127.499999999992    9.74906683235621e-12    1.63636288735721e-16    1.64934113749045e-16    1.65478096080212e-16    2.98190329722622e-08    0    2.9828782533143e-08
127.999999999992    2.72639485062034e-09    1.60865213267084e-16    1.61631476361363e-16    1.62629738782024e-16    2.70774135447784e-08    0    2.98038088805252e-08
128.499999999992    9.74496811525988e-09    1.58075502864877e-16    1.58972628871267e-16    1.59218172340337e-16    1.98874205066911e-08    0    2.96323890982173e-08
128.999999999992    1.72832130710777e-08    1.55599019715978e-16    1.55659008877026e-16    1.56561654413521e-16    1.19621003556543e-08    0    2.92453138945517e-08
129.499999999992    2.27093135110613e-08    1.5306567648253e-16    1.52495553901988e-16    1.53873875160782e-16    5.96218695940982e-09    0    2.86715009299063e-08
129.999999999993    2.55231654890533e-08    1.50381080559818e-16    1.50183988881873e-16    1.50464962652646e-16    2.46130174183509e-09    0    2.79844676819184e-08
130.499999999993    2.64305416644614e-08    1.48096786826872e-16    1.47656130004691e-16    1.47415065659039e-16    8.20691834159e-10    0    2.72512339417884e-08
130.999999999993    2.63070449408612e-08    1.45074188117856e-16    1.44446066508144e-16    1.45187356889766e-16    2.06531926162263e-10    0    2.65135773017311e-08
131.499999999993    2.57575755264005e-08    1.42122956685773e-16    1.41678183410058e-16    1.42647433427906e-16    3.36703931940505e-11    0    2.57912463460431e-08
131.999999999994    2.50886160484121e-08    1.39720981006087e-16    1.39940985257994e-16    1.39208711384039e-16    2.43848966926709e-12    0    2.50910549569521e-08
132.499999999994    2.44141130388594e-08    1.37667942737018e-16    1.37920470101611e-16    1.36184902881968e-16    2.01726080626653e-14    0    2.44141336232408e-08
132.999999999994    2.37598679144809e-08    1.35744858957389e-16    1.35059334728199e-16    1.34127471413567e-16    2.71757651474586e-18    0    2.37598683221301e-08
133.499999999994    2.31271815381903e-08    1.32929520361395e-16    1.32317399473191e-16    1.32070872155041e-16    1.91870865648746e-13    0    2.31273738063737e-08
133.999999999995    2.25082412977823e-08    1.30753006640035e-16    1.29834886242557e-16    1.2987106362306e-16    7.60026808660608e-12    0    2.25158419563279e-08
134.499999999995    2.18517825855153e-08    1.28447736934601e-16    1.27906464886508e-16    1.27231521758731e-16    7.33407483954409e-11    0    2.19251237174965e-08
134.999999999995    2.09800542631218e-08    1.26134453097159e-16    1.25412853390577e-16    1.25268403113915e-16    3.77783420167228e-10    0    2.13578380601048e-08
135.499999999996    1.9475869944477e-08    1.2383507411284e-16    1.22816749168866e-16    1.23512741186074e-16    1.34817633027006e-09    0    2.08240466449116e-08
135.999999999996    1.66419409198351e-08    1.2094038118677e-16    1.20114146115161e-16    1.21961344395758e-16    3.70623741011101e-09    0    2.03481786929619e-08
136.499999999996    1.1843322784127e-08    1.18194104630739e-16    1.17852435737683e-16    1.20057667443971e-16    8.1296269102252e-09    0    1.99729500504564e-08
136.999999999996    5.61395535145798e-09    1.15846624831282e-16    1.16008560526437e-16    1.1781188839903e-16    1.41313225480875e-08    0    1.97452782492126e-08
137.499999999997    7.54037174976574e-10    1.13410521718543e-16    1.14414792231137e-16    1.15378673368851e-16    1.89159340337448e-08    0    1.96699715519254e-08
137.999999999997    6.67344362406356e-10    1.11448556576703e-16    1.12382507924329e-16    1.13429645089001e-16    1.89963852218171e-08    0    1.96637299214841e-08
138.499999999997    5.30966515164131e-09    1.09299486447974e-16    1.10598559781313e-16    1.11277398545936e-16    1.42819418660758e-08    0    1.95916073488926e-08
138.999999999997    1.11404796550943e-08    1.076464913608e-16    1.08880601669595e-16    1.09115082044725e-16    8.23169099741822e-09    0    1.93721709781547e-08
139.499999999998    1.52690120310653e-08    1.06195058273504e-16    1.07199659709275e-16    1.0698757596914e-16    3.74907861409377e-09    0    1.90180909655414e-08
139.999999999998    1.72207268518743e-08    1.04830051503597e-16    1.05045170918043e-16    1.0541717509361e-16    1.36568464669791e-09    0    1.85864118138646e-08
140.499999999998    1.77391297590299e-08    1.03160853006711e-16    1.03062012088423e-16    1.03758112265415e-16    3.87542654508837e-10    0    1.81266727235197e-08
140.999999999998    1.75879742602026e-08    1.01618998470063e-16    1.01213788968065e-16    1.02049697634322e-16    7.82920795533386e-11    0    1.76662666446384e-08
141.499999999999    1.72072311614245e-08    9.9954167148542e-17    9.93866414276624e-17    1.00403274773509e-16    9.03010220666448e-12    0    1.72162615633753e-08
141.999999999999    1.67793992816082e-08    9.80946417902108e-17    9.81645037281423e-17    9.82308831731368e-17    3.18873620357643e-13    0    1.67797184497186e-08
142.499999999999    1.63568488207162e-08    9.66528277460871e-17    9.7068997238399e-17    9.60113814210628e-17    1.10741262068771e-16    0    1.63568492211906e-08
142.999999999999    1.59472120426485e-08    9.53754495244899e-17    9.54912976990176e-17    9.43524719346734e-17    2.97909010073585e-15    0    1.59472153069579e-08
143.5    1.55495002835549e-08    9.40509367785419e-17    9.36938521778555e-17    9.29875228051757e-17    8.27973813067231e-13    0    1.55503285381003e-08
144    1.51519577606822e-08    9.27460576320429e-17    9.17589713807155e-17    9.18342778966133e-17    1.38702753729159e-11    0    1.51658283123945e-08
144.5    1.47027700818139e-08    9.09449688374272e-17    9.00356144506828e-17    9.05371228101842e-17    9.12914325368633e-11    0    1.47940617858684e-08
145    1.40649524228268e-08    8.93624273311695e-17    8.85304903682748e-17    8.90883633269339e-17    3.7263033734608e-10    0    1.44375830271541e-08
145.500000000001    1.2977482018598e-08    8.74537222549906e-17    8.7246055102388e-17    8.74828016636736e-17    1.12621131936674e-09    0    1.41036936001474e-08
146.000000000001    1.10813440438113e-08    8.55566703900855e-17    8.57189060612835e-17    8.61830080944106e-17    2.72590429723154e-09    0    1.38072485985015e-08
146.500000000001    8.12369678649508e-09    8.3747341962029e-17    8.39918613661284e-17    8.51391827974569e-17    5.44724672085188e-09    0    1.35709437602253e-08
147.000000000001    4.40493170991216e-09    8.21193699851152e-17    8.26974978622967e-17    8.37089706921954e-17    9.0129063121011e-09    0    1.34178382705391e-08
147.500000000002    1.14985757966012e-09    8.04736543352779e-17    8.15600621331338e-17    8.21609247328918e-17    1.22031043872932e-08    0    1.3352962211148e-08
148.000000000002    1.47191861999276e-11    7.92152310765023e-17    8.01815079602238e-17    8.08843651170511e-17    1.33297180909186e-08    0    1.33444375173997e-08
148.500000000002    1.65439788818679e-09    7.82277751234181e-17    7.90338226709798e-17    7.94042524231698e-17    1.16745003734784e-08    0    1.3328898498331e-08
149.000000000002    4.99882391306307e-09    7.72492401339858e-17    7.79334035126235e-17    7.79073221200982e-17    8.2490938818669e-09    0    1.32479180280199e-08
149.500000000003    8.31219104019781e-09    7.63746613076519e-17    7.67413137839793e-17    7.65425017366455e-17    4.76891095411436e-09    0    1.30811022239706e-08
150.000000000003    1.05635211257039e-08    7.52982727247895e-17    7.5292460132843e-17    7.54818030551524e-17    2.28118087330512e-09    0    1.28447022250815e-08
150.500000000003    1.1668921846091e-08    7.42646876421866e-17    7.35512446369892e-17    7.47654155859632e-17    8.99420303183604e-10    0    1.2568342371856e-08
151.000000000003    1.19936734765138e-08    7.29527134672709e-17    7.21480487548751e-17    7.37607146511523e-17    2.83046110831417e-10    0    1.22767198062067e-08
151.500000000004    1.19188491527384e-08    7.19932037446614e-17    7.11540222381749e-17    7.23980158626053e-17    6.55135998462294e-11    0    1.19843629681299e-08
152.000000000004    1.16885218688841e-08    7.08255833844912e-17    7.0408018753952e-17    7.08390567030907e-17    9.26575988867269e-12    0    1.16977878408455e-08
152.500000000004    1.14186030738262e-08    6.97304206344424e-17    6.96547461479193e-17    6.93374671201507e-17    4.93479327368366e-13    0    1.14190967618762e-08
153.000000000004    1.11485773412571e-08    6.88329312124272e-17    6.87119277691709e-17    6.80758991089557e-17    1.23250990458822e-15    0    1.11485787793878e-08
153.500000000005    1.08860206338416e-08    6.80318365814063e-17    6.73730980345859e-17    6.72583172209733e-17    1.69261397187372e-16    0    1.08860210057663e-08
154.000000000005    1.06308876523116e-08    6.69957000894721e-17    6.62227539603154e-17    6.6298764624861e-17    2.60070493860245e-13    0    1.06311479223227e-08
154.500000000005    1.03773033258137e-08    6.58382894283744e-17    6.51504110556872e-17    6.53068036529917e-17    6.43274605722404e-12    0    1.03837362681665e-08
155.000000000005    1.0092415545323e-08    6.45791461515271e-17    6.41076635368411e-17    6.43291995184008e-17    5.15348991262501e-11    0    1.01439506374653e-08
155.500000000006    9.67358866324969e-09    6.32908129094858e-17    6.31376931810154e-17    6.3322145254192e-17    2.39825493732321e-10    0    9.91341434673266e-09
156.000000000006    8.89728399648846e-09    6.19838572597651e-17    6.1910220467475e-17    6.26144957139642e-17    8.00095614002595e-10    0    9.69737979699963e-09
156.500000000006    7.42222632422691e-09    6.08391854530619e-17    6.0616074206134e-17    6.20120508026544e-17    2.08537738347942e-09    0    9.50760389117364e-09
157.000000000007    5.0108731969138e-09    5.98540745573002e-17    5.96558957292279e-17    6.11085867701916e-17    4.35219282017419e-09    0    9.36306619770656e-09
157.500000000007    2.09759328685555e-09    5.90240218873469e-17    5.92131386378041e-17    5.97142384251499e-17    7.18413568206169e-09    0    9.28172914686865e-09
158.000000000007    1.48913556699721e-10    5.82319621094947e-17    5.87461322444552e-17    5.83661690649738e-17    9.11072351567556e-09    0    9.25963724771955e-09
158.500000000007    5.72467067058645e-10    5.72637147248415e-17    5.78332230827729e-17    5.7484855302449e-17    8.68376176674622e-09    0    9.25622900638666e-09
159.000000000008    2.97663259499987e-09    5.6165366695035e-17    5.6681364098826e-17    5.68633170386931e-17    6.24038375967937e-09    0    9.21701652438928e-09
159.500000000008    5.64603972263572e-09    5.52827572750805e-17    5.57397580668537e-17    5.60546524499064e-17    3.4693038878065e-09    0    9.11534377751938e-09
160.000000000008    7.4271439038632e-09    5.48233098614797e-17    5.49854082047969e-17    5.50863282635742e-17    1.5339101856266e-09    0    8.96105425438484e-09
160.500000000008    8.23510894511979e-09    5.45301526997177e-17    5.42940988227493e-17    5.40873692882147e-17    5.42755057496208e-10    0    8.77786416552762e-09
161.000000000009    8.4362227447342e-09    5.3898352463832e-17    5.33526630152884e-17    5.33731310628383e-17    1.48467877345226e-10    0    8.58469078270358e-09
161.500000000009    8.36326966253974e-09    5.2675640236847e-17    5.23182199735209e-17    5.27878131251406e-17    2.83102249220156e-11    0    8.39158004524343e-09
162.000000000009    8.19954778660659e-09    5.15324219105978e-17    5.12411655570359e-17    5.22792063998611e-17    2.92291449707914e-12    0    8.20247085615646e-09
162.500000000009    8.01833546452956e-09    5.07948438768936e-17    5.07246541234648e-17    5.12407039408677e-17    7.72354142952411e-14    0    8.01841285270406e-09
163.00000000001    7.83946735457634e-09    5.04025432400586e-17    5.0328138510766e-17    5.01124871564138e-17    2.50312399908275e-18    0    7.83946750792264e-09
163.50000000001    7.66548069849641e-09    4.97912194308452e-17    4.94660887802771e-17    4.94820090472288e-17    4.92979003914557e-15    0    7.66548577702577e-09
164.00000000001    7.49563965538459e-09    4.87189469180384e-17    4.83406886899346e-17    4.91487223699976e-17    6.67053672274476e-13    0    7.49630685526522e-09
164.50000000001    7.32254335541405e-09    4.78611773878378e-17    4.75551601961561e-17    4.85037656256224e-17    9.29770194061424e-12    0    7.33184120127476e-09
165.000000000011    7.1160240926452e-09    4.72530569991731e-17    4.71845976821396e-17    4.74691896411445e-17    5.63486495499852e-11    0    7.17237288410203e-09
165.500000000011    6.79979454398458e-09    4.68672422990186e-17    4.66212022353506e-17    4.66562485835104e-17    2.19500413612602e-10    0    7.01929509774188e-09
166.000000000011    6.23344417683946e-09    4.61175248861452e-17    4.59310982912759e-17    4.59985160955611e-17    6.4286436593383e-10    0    6.87630868082043e-09
166.500000000011    5.23396809153855e-09    4.51355762325583e-17    4.52897497869409e-17    4.53169309803086e-17    1.51668007315503e-09    0    6.75064830043584e-09
167.000000000012    3.69836782664322e-09    4.42901459181128e-17    4.45949217956323e-17    4.47117966584272e-17    2.95451639611789e-09    0    6.65288435635798e-09
167.500000000012    1.84553161652274e-09    4.35317695340182e-17    4.40727418298362e-17    4.39526683349026e-17    4.74725336637677e-09    0    6.59278511445669e-09
168.000000000012    3.65063502140073e-10    4.28629529530925e-17    4.37496942688582e-17    4.30085529577684e-17    6.20529865877827e-09    0    6.57036229053955e-09
168.500000000012    6.1363195018359e-11    4.23846071877285e-17    4.30583732439807e-17    4.2446637822781e-17    6.50698867542733e-09    0    6.56835199833531e-09
169.000000000013    1.1051268247082e-09    4.17607250986188e-17    4.21099295849328e-17    4.21552285718656e-17    5.45241687957923e-09    0    6.55754383031331e-09
169.500000000013    2.83121131711934e-09    4.12012794003178e-17    4.14252215168123e-17    4.16128559915506e-17    3.68330690950729e-09    0    6.514518350866e-09
170.000000000013    4.39731436506633e-09    4.08220173384407e-17    4.10116359881595e-17    4.08147017372069e-17    2.03669181366038e-09    0    6.43400630137507e-09
170.500000000013    5.39446145446743e-09    4.03207262493853e-17    4.05113924301082e-17    4.0123197017559e-17    9.3079275199878e-10    0    6.32525432742153e-09
171.000000000014    5.85272485207689e-09    3.95831628634563e-17    3.96553629915361e-17    3.9811465904424e-17    3.48559423513845e-10    0    6.20128439464073e-09
171.500000000014    5.96938236914878e-09    3.90504900934422e-17    3.89316945463389e-17    3.93894104125304e-17    1.02627228430143e-10    0    6.07200971495052e-09
172.000000000014    5.92140833292001e-09    3.8652251211599e-17    3.83766146237038e-17    3.88204309370552e-17    2.1501050605732e-11    0    5.94290949937503e-09
172.500000000014    5.81375061608594e-09    3.82614718955991e-17    3.77628940474199e-17    3.83324807536537e-17    2.54646382144385e-12    0    5.81629719426423e-09
173.000000000015    5.69276846512155e-09    3.77028627940386e-17    3.73106372086985e-17    3.77040513622661e-17    8.91267456722427e-14    0    5.69285770458477e-09
173.500000000015    5.5726573509949e-09    3.71963853424779e-17    3.68748822809337e-17    3.70790307664149e-17    2.18402125155826e-17    0    5.57265748398541e-09
174.000000000015    5.45561093389713e-09    3.67195543473e-17    3.63079830948667e-17    3.66071993364227e-17    1.40979579285056e-15    0    5.45561245332766e-09
174.500000000015    5.34127963366132e-09    3.61797258419959e-17    3.58751754769156e-17    3.6021136864134e-17    3.4577976516172e-13    0    5.34162552150252e-09
175.000000000016    5.22481194330773e-09    3.57266271500476e-17    3.55008307211146e-17    3.53952737597723e-17    5.82835981246348e-12    0    5.23064040974293e-09
175.500000000016    5.08337194683159e-09    3.5154006666182e-17    3.50276936583006e-17    3.48873688646887e-17    3.94823677400396e-11    0    5.1228544196407e-09
176.000000000016    4.85245586800115e-09    3.45241024635494e-17    3.45679358149287e-17    3.43844055465163e-17    1.66858702804386e-10    0    5.01931467428198e-09
176.500000000016    4.40224669587188e-09    3.38653298059533e-17    3.40214220900428e-17    3.39861241279695e-17    5.20773452018374e-10    0    4.92302024976313e-09
177.000000000017    3.55557404527197e-09    3.3323062882552e-17    3.3449577479085e-17    3.3630720923565e-17    1.28460647514517e-09    0    4.8401806208205e-09
177.500000000017    2.23870530677381e-09    3.29238703763519e-17    3.29371452636615e-17    3.32302680807483e-17    2.54123234933521e-09    0    4.77993775520031e-09
178.000000000017    7.86823639384501e-10    3.23306578444656e-17    3.24731738441553e-17    3.27938850155945e-17    3.96246108451531e-09    0    4.74928482149752e-09
178.500000000018    1.10019766630463e-11    3.18339078015952e-17    3.2148462585161e-17    3.22265687021392e-17    4.73203212201815e-09    0    4.74303419489013e-09
179.000000000018    4.85019836794572e-10    3.16213130424064e-17    3.18739957404892e-17    3.16165431804451e-17    4.25496033300171e-09    0    4.73998026490813e-09
179.500000000018    1.81092559300068e-09    3.10908870163311e-17    3.14616047444926e-17    3.11532040256661e-17    2.90575272235104e-09    0    4.71667840905741e-09
180.000000000018    3.11588909598951e-09    3.07154056381831e-17    3.09463147829278e-17    3.08047420138494e-17    1.54876128183286e-09    0    4.66465047028883e-09
180.500000000019    3.93035803429119e-09    3.04874828477587e-17    3.03801480297779e-17    3.05209197422557e-17    6.60062932083949e-10    0    4.59042105776369e-09
181.000000000019    4.27990821669379e-09    3.00532479773058e-17    3.00021379900497e-17    3.00627447524723e-17    2.24784107109334e-10    0    4.50469241392125e-09
181.500000000019    4.35679075283561e-09    2.96419986746856e-17    2.95357566397767e-17    2.97089195280822e-17    5.84858826018373e-11    0    4.41527672432413e-09
182.000000000019    4.31582963818735e-09    2.93077261866025e-17    2.90597490043925e-17    2.93797227336526e-17    1.02943661833151e-11    0    4.32612409211786e-09
182.50000000002    4.23780968775337e-09    2.88915095160277e-17    2.88197810059857e-17    2.88275673142729e-17    9.08395019738302e-13    0    4.23871816931196e-09
183.00000000002    4.15341411478665e-09    2.85262715938008e-17    2.84095705223744e-17    2.84617991377585e-17    1.54187790624536e-14    0    4.15342961896335e-09
183.50000000002    4.07026961704077e-09    2.82253924485172e-17    2.79052451943404e-17    2.82051425401705e-17    5.27167735174235e-23    0    4.0702697013766e-09
184.00000000002    3.98917166902171e-09    2.78381429256123e-17    2.755172924636e-17    2.78110303591215e-17    8.82116904336127e-15    0    3.98918057339166e-09
184.500000000021    3.90948544009066e-09    2.75111594259795e-17    2.73025364922118e-17    2.73257049736223e-17    6.18112312343394e-13    0    3.91010363454241e-09
185.000000000021    3.82594594040121e-09    2.7122238589855e-17    2.70356058436015e-17    2.68712280312841e-17    7.08147601216674e-12    0    3.83302749744245e-09
185.500000000021    3.71907360156626e-09    2.66296666462153e-17    2.65950548414071e-17    2.66048375923283e-17    3.90905735439286e-11    0    3.75816425493974e-09
186.000000000021    3.54226031842869e-09    2.62951654037954e-17    2.62854410906337e-17    2.62192595060863e-17    1.44088040706199e-10    0    3.68634843793476e-09
186.500000000022    3.21369094850218e-09    2.5973376067704e-17    2.60513114441625e-17    2.57697247958814e-17    4.05961364556127e-10    0    3.61965239085271e-09
187.000000000022    2.63489827870593e-09    2.53966357974364e-17    2.56172993506334e-17    2.55325080013022e-17    9.27042609743565e-10    0    3.56194096499594e-09
187.500000000022    1.77092338968794e-09    2.49305811146664e-17    2.51517277362912e-17    2.53376125161138e-17    1.74760700994023e-09    0    3.51853047504809e-09
188.000000000022    7.87840659933429e-10    2.48175858355166e-17    2.49574180566815e-17    2.48784405022822e-17    2.7058387676555e-09    0    3.49367950224237e-09
188.500000000023    9.78198203695423e-11    2.44711415201049e-17    2.47757081735669e-17    2.44126823521961e-17    3.38811526356693e-09    0    3.485935157596e-09
189.000000000023    9.8407770040998e-11    2.38942180709619e-17    2.4184032930592e-17    2.43652783034242e-17    3.3868826243518e-09    0    3.48529046683633e-09
189.500000000023    7.77273490835262e-10    2.37633609266054e-17    2.37898393474937e-17    2.41250787054468e-17    2.70016398886109e-09    0    3.47743755137463e-09
190.000000000023    1.71590139719281e-09    2.37248033090218e-17    2.35964228008238e-17    2.36892246247108e-17    1.73682574534587e-09    0    3.45272721354914e-09
190.500000000024    2.49494172252223e-09    2.33261159640296e-17    2.32591993059962e-17    2.34060277557787e-17    9.15601587262422e-10    0    3.410543379776e-09
191.000000000024    2.95780593634665e-09    2.30756652542553e-17    2.27949630888994e-17    2.32608824266791e-17    3.98358737207404e-10    0    3.35616474268557e-09
191.500000000024    3.15473237065832e-09    2.29525548239567e-17    2.26605438778623e-17    2.27940487561711e-17    1.40931693892551e-10    0    3.29566413295802e-09
192.000000000024    3.19481439989641e-09    2.25068995824313e-17    2.24169768959694e-17    2.24469578629316e-17    3.84615374595547e-11    0    3.2332760047268e-09
192.500000000025    3.16403480273019e-09    2.22696953736695e-17    2.19855491889915e-17    2.22995282478218e-17    7.15948087427599e-12    0    3.17119435015924e-09
193.000000000025    3.10960623691089e-09    2.21344706826896e-17    2.17079831144639e-17    2.20074599123134e-17    6.78638329734301e-13    0    3.11028494109054e-09
193.500000000025    3.05076471396938e-09    2.16794612524676e-17    2.13469339337909e-17    2.18096876331068e-17    1.31198125505605e-14    0    3.05077789861801e-09
194.000000000025    2.99268297672535e-09    2.14192904134787e-17    2.1085785431986e-17    2.15214194884221e-17    1.32056637553791e-21    0    2.99268304075317e-09
194.500000000026    2.93595881613168e-09    2.12116531045761e-17    2.10302619097307e-17    2.10353338009364e-17    5.49892240129609e-15    0    2.93596437833133e-09
195.000000000026    2.88013886600108e-09    2.07031624528443e-17    2.05800078620557e-17    2.09561046739575e-17    4.45992647705172e-13    0    2.88058492088806e-09
195.500000000026    2.82104174014601e-09    2.05692777518226e-17    2.03338280370422e-17    2.06812158012189e-17    5.50012395611325e-12    0    2.82654192568644e-09
196.000000000026    2.74190848096177e-09    2.03197850797964e-17    2.03417060744628e-17    2.01587258534109e-17    3.21011957159887e-11    0    2.77400973749798e-09
196.500000000027    2.59970088632867e-09    1.98900552958486e-17    1.9849382184446e-17    2.01487994710712e-17    1.23993379583273e-10    0    2.72369432580018e-09
197.000000000027    2.31481103856681e-09    1.98057531924982e-17    1.9721546904004e-17    1.97803498255777e-17    3.62616546934868e-10    0    2.67742764480933e-09
197.500000000027    1.7931721920432e-09    1.94333350361683e-17    1.94230394601117e-17    1.95912112681353e-17    8.45542926395669e-10    0    2.63871517688645e-09
198.000000000027    1.03170196040322e-09    1.91842533346213e-17    1.91576767000847e-17    1.93760490978059e-17    1.58048237488853e-09    0    2.61218439300973e-09
198.500000000028    2.82473051243062e-10    1.89076788052181e-17    1.90439814186654e-17    1.90134025454901e-17    2.3178867578979e-09    0    2.60035986610602e-09
199.000000000028    3.55833062720092e-12    1.86631421267199e-17    1.86962773216329e-17    1.88907383497108e-17    2.59520216917744e-09    0    2.5987605560548e-09
199.500000000028    4.02624494578109e-10    1.8312408750397e-17    1.85649577657391e-17    1.85537348881908e-17    2.19322520044574e-09    0    2.59584975045495e-09
