#t    a    aDot    H
0    1    0.0842449328824289    0.0842449328824289
0.5    1.04346238346318    0.089618783858758    0.0858859746925611
1    1.08962324167162    0.0950182670554794    0.0872028637253641
1.5    1.13846177887147    0.100303237801904    0.0881041767615008
2    1.18987891805003    0.105301586818736    0.0884977330225367
2.5    1.24368330442985    0.109818636183536    0.0883011260120444
3    1.29958433150407    0.113656063851233    0.0874557049481303
3.5    1.35719705624086    0.116640209002537    0.0859419849653995
4    1.41606280622896    0.118655374735803    0.0837924520112121
4.49999999999999    1.47568583867222    0.119672838114262    0.0810964196972577
4.99999999999998    1.53558096387886    0.119763794505128    0.077992497512216
5.49999999999997    1.5953217085268    0.119087813558224    0.0746481495999922
5.99999999999996    1.65457656990615    0.117857913924255    0.0712314655410239
6.49999999999995    1.71312428005413    0.116294217167836    0.0678842851752478
6.99999999999994    1.77084658552862    0.114583098024278    0.0647052652446875
7.49999999999993    1.8277048090736    0.11285453531587    0.0617465877178886
7.99999999999992    1.88371045786379    0.111180581922913    0.0590221185314207
8.49999999999991    1.9388992508276    0.109589101550878    0.0565212975888775
8.9999999999999    1.99331381801577    0.108083045893264    0.0542227946831046
9.49999999999989    2.04699551332009    0.106656412630696    0.052103881975641
9.99999999999988    2.09998228514798    0.10530226409963    0.0501443582854838
10.4999999999999    2.15230898395887    0.10401583187953    0.0483275555019094
10.9999999999999    2.20401088907595    0.102808258458628    0.0466459848125938
11.4999999999998    2.25514339444116    0.10176490711426    0.0451256923906068
11.9999999999998    2.3058521788522    0.101196411341806    0.0438867730854194
12.4999999999998    2.356542496798    0.101863037520219    0.0432256314743433
12.9999999999998    2.40810888955887    0.104868047497607    0.0435478843802686
13.4999999999998    2.46184186289705    0.110366717460381    0.0448309532483549
13.9999999999998    2.51852846712018    0.116164982521295    0.0461241490965255
14.4999999999998    2.57761112444513    0.119684385129638    0.0464322891822565
14.9999999999998    2.63777659157869    0.120628463761925    0.0457311146618866
15.4999999999998    2.69799603771862    0.120096252208983    0.0445131314242159
15.9999999999997    2.75778358810195    0.119009538626314    0.0431540528197221
16.4999999999997    2.81698599680562    0.117795895683587    0.0418162872719866
16.9999999999997    2.87558210775323    0.11659479257703    0.0405465009198184
17.4999999999997    2.9335880525561    0.115436583151108    0.039349963622372
17.9999999999997    2.9910261005624    0.114322829481922    0.0382219431185925
18.4999999999997    3.04791783226516    0.113250854382702    0.0371567937901185
18.9999999999997    3.10428350075985    0.112218303612647    0.0361495023199973
19.4999999999997    3.16014280970226    0.111226257003357    0.0351965919583984
19.9999999999997    3.21551865520836    0.110288676320339    0.0342988762144789
20.4999999999997    3.27044764281444    0.109449997288484    0.0334663658441249
20.9999999999996    3.32500102196045    0.108808425552197    0.0327243284539031
21.4999999999996    3.37931722811456    0.108537204922427    0.0321180870560008
21.9999999999996    3.43364153707534    0.108888544580543    0.0317122633230058
22.4999999999996    3.48835883322869    0.110158325135455    0.0315788399077903
22.9999999999996    3.5439949829735    0.112594491775911    0.0317704997656179
23.4999999999996    3.60115977315505    0.116260652926208    0.0322842251523736
23.9999999999996    3.66042200809539    0.120915246503243    0.0330331437839208
24.4999999999996    3.72214731118511    0.125998052346928    0.0338509042799844
24.9999999999996    3.78636911887074    0.130777665635977    0.0345390693644206
25.4999999999995    3.85276482897727    0.134605605525026    0.0349374050844308
25.9999999999995    3.92075614620141    0.137132644236933    0.0349760707178366
26.4999999999995    3.98968081012659    0.138366391488579    0.0346810680035803
26.9999999999995    4.0589504523283    0.138568759000926    0.0341390614712827
27.4999999999995    4.12813659065686    0.138090473903188    0.0334510428302508
27.9999999999995    4.19697981977201    0.137241475656056    0.0327000561235749
28.4999999999995    4.26535237684852    0.13623481243413    0.0319398728165076
28.9999999999995    4.33320841864994    0.135188572557045    0.0311982622334063
29.4999999999995    4.40054311716878    0.13415420040041    0.0304858279599638
29.9999999999994    4.46736726473825    0.133147331712445    0.0298044292806194
30.4999999999994    4.5336953385451    0.132169779563902    0.029152770465233
30.9999999999994    4.59954171801949    0.131220318286675    0.028528998394035
31.4999999999994    4.66492013948281    0.130297898299056    0.027931431707961
31.9999999999994    4.72984464152437    0.129406423550846    0.0273595505473389
32.4999999999995    4.79433638018053    0.128576628536428    0.0268184412482935
32.9999999999996    4.85845003746674    0.127926232212117    0.026330667440355
33.4999999999996    4.92234288699228    0.127768673931391    0.0259568820914592
33.9999999999997    4.98639812551904    0.12869342496726    0.0258088948631361
34.4999999999998    5.05132364843527    0.131317610023186    0.0259966731816648
34.9999999999999    5.11797598496515    0.13545298592772    0.0264661237812828
35.5    5.18678393743543    0.139629632904912    0.026920271711559
36    5.25734949443683    0.142319580778536    0.0270705953502111
36.5000000000001    5.32880731580112    0.143259980482205    0.0268840609149831
37.0000000000002    5.40042141233194    0.143067290755925    0.0264918753246235
37.5000000000003    5.47179218331105    0.142368519380601    0.0260186269162094
38.0000000000003    5.54276445649899    0.141509607492347    0.0255305107411563
38.5000000000004    5.61329823609789    0.140626307190866    0.0250523491316618
39.0000000000005    5.68339325683994    0.139757076641383    0.0245904286973606
39.5000000000006    5.75305874815084    0.138908339519613    0.0241451279398565
40.0000000000007    5.8223049648388    0.13807984219622    0.0237156663950259
40.5000000000007    5.89114183079451    0.137270850656412    0.0233012299820829
41.0000000000008    5.95957916614522    0.136482243788828    0.0229013223893639
41.5000000000009    6.02762891252453    0.13572350825308    0.0225168984724766
42.000000000001    6.09531311039337    0.135029186747455    0.0221529533105052
42.500000000001    6.16268263165003    0.134485037734554    0.021822483125104
43.0000000000011    6.22985017955831    0.134256832584149    0.021550571637289
43.5000000000012    6.29703437292975    0.134600908046871    0.0213752855829255
44.0000000000013    6.36459698310286    0.135819128417371    0.0213397845579151
44.5000000000014    6.43303617779772    0.13812551860568    0.0214712796241364
45.0000000000014    6.5028950766986    0.141454827216524    0.0217525925834771
45.5000000000015    6.57458689949636    0.145350433520041    0.02210791883079
46.0000000000016    6.64821877645944    0.149087655612306    0.0224252029942528
46.5000000000017    6.72353575034835    0.152003617489784    0.0226076908242674
47.0000000000017    6.80003123258496    0.153784671717702    0.0226152890270245
47.5000000000018    6.87714261257436    0.154504550681659    0.0224663874788867
48.0000000000019    6.95440791280137    0.154456404691415    0.0222098569178116
48.500000000002    7.03152476134756    0.153958912062606    0.0218955229893979
49.0000000000021    7.10833215374721    0.153249553126111    0.0215591435250145
49.5000000000021    7.18476240313478    0.152466098508906    0.0212207572017111
50.0000000000022    7.26079668032798    0.151671844904645    0.0208891464094535
50.5000000000023    7.33643615181321    0.150888505127469    0.0205670031068391
51.0000000000024    7.41168776937709    0.150120578302588    0.0202545739882408
51.5000000000025    7.48655929142842    0.149368039383666    0.0199514935458645
52.0000000000025    7.56105829088111    0.14863044911177    0.0196573605696208
52.5000000000026    7.63519241315966    0.147909255759053    0.0193720403829148
53.0000000000027    7.70897238323327    0.147218496685074    0.0190970325701605
53.5000000000028    7.78242521990288    0.14661732797544    0.0188395421520375
54.0000000000028    7.85563173654362    0.146275333185426    0.0186204417532669
54.5000000000029    7.92880193006676    0.146548979108474    0.0184831176766753
55.000000000003    8.00236759809503    0.147938885937218    0.0184868895515916
55.5000000000031    8.07697314536497    0.150693065961127    0.0186571210834845
56.0000000000032    8.15319256804594    0.154211948554713    0.0189143022524823
56.5000000000032    8.23109847962372    0.157228807388376    0.0191018012696118
57.0000000000033    8.31019375444568    0.158913837020077    0.0191227595548014
57.5000000000034    8.38980416837615    0.159360924720128    0.0189945940956298
58.0000000000035    8.46943373435985    0.159076309145408    0.0187824020040498
58.5000000000035    8.54882940968792    0.158477473365678    0.0185379150490574
59.0000000000036    8.62789577345875    0.157781443960347    0.0182873609166347
59.5000000000037    8.70660878970969    0.157071147986087    0.0180404508551859
60.0000000000038    8.78496842668175    0.156369357492274    0.0177996493439121
60.5000000000039    8.86298017412101    0.155679669300112    0.0175651605037638
61.0000000000039    8.94065009412777    0.155001988769873    0.0173367693778418
61.500000000004    9.01798411860003    0.154336106407769    0.0171142579514465
62.0000000000041    9.09498842525346    0.153683886421963    0.0168976450805851
62.5000000000042    9.17167209902085    0.153057152334906    0.0166880314388089
63.0000000000042    9.24805607953031    0.152495362116518    0.0164894504104546
63.5000000000043    9.32419351005228    0.152092979185149    0.016311649798042
64.0000000000044    9.4002045359404    0.152027058713476    0.0161727394475537
64.5000000000043    9.47631962005079    0.152557143119557    0.016098775604483
65.0000000000042    9.55290633785112    0.153951261684901    0.0161156465100998
65.5000000000041    9.63043418525615    0.15631429030669    0.0162312817158339
66.000000000004    9.70934341476211    0.15940204288263    0.0164173864362728
66.5000000000039    9.78985804111693    0.162617945545707    0.0166108583865792
67.0000000000038    9.87186897272958    0.165288874094909    0.0167434226033094
67.5000000000037    9.95498701135308    0.167013182780712    0.0167768358301466
68.0000000000036    10.0387215747848    0.167781120412292    0.0167133951432344
68.5000000000035    10.1226491867182    0.167835439681687    0.0165801892949033
69.0000000000034    10.2064872501392    0.167467737734568    0.0164079701106063
69.5000000000033    10.2900840972926    0.166899448499683    0.0162194445566869
70.0000000000032    10.3733750020985    0.166258513895646    0.0160274273186897
70.5000000000031    10.4563404093605    0.165603104954712    0.0158375778208659
71.000000000003    10.5389790789088    0.164953061665343    0.0156517116534994
71.5000000000029    10.6212950886852    0.164312637006266    0.015470113167396
72.0000000000028    10.7032933510518    0.163682034285532    0.0152926794508016
72.5000000000027    10.7849787221641    0.163061067242391    0.0151192757485267
73.0000000000026    10.8663561942562    0.162451039013661    0.0149499092528856
73.5000000000025    10.9474332733723    0.161863189761057    0.0147854922445393
74.0000000000024    11.0282303456648    0.161343995741651    0.0146300893873762
74.5000000000023    11.1088097932494    0.16102537330899    0.0144952858412287
75.0000000000022    11.1893343840618    0.16118478238089    0.014405216329086
75.5000000000021    11.2701417076326    0.162224750579825    0.014394206815515
76.000000000002    11.351751609027    0.164398703288896    0.0144822322537577
76.5000000000019    11.4346724116325    0.16734068586876    0.0146344975915991
77.0000000000018    11.5190554577841    0.17006870718214    0.0147641191420096
77.5000000000017    11.6045667656086    0.171777844616781    0.0148026072912832
78.0000000000016    11.6906485353107    0.172391912455974    0.0147461376445693
78.5000000000015    11.7768388688632    0.172284567987177    0.0146291012304397
79.0000000000014    11.8628768827031    0.171833399942082    0.0144849686666333
79.5000000000013    11.9486526111294    0.171259783997249    0.0143329787525777
80.0000000000012    12.0341323318014    0.170658064133502    0.01418116898071
80.5000000000011    12.1193110611255    0.1700579663906    0.0140319829677518
81.000000000001    12.2041916043793    0.169465579462009    0.0138858504483983
81.5000000000009    12.2887779986722    0.168881347150854    0.0137427291118044
82.0000000000008    12.3730742822098    0.168305127046512    0.0136025310450535
82.5000000000007    12.457084559297    0.167737684281668    0.0134652440932884
83.0000000000006    12.5408144312229    0.167185650337204    0.0133313231970772
83.5000000000005    12.6242768262731    0.1666747760316    0.0132027187240321
84.0000000000004    12.7075070148235    0.166273343769308    0.0130846548874888
84.5000000000003    12.7905910384286    0.166120520338454    0.0129877125958726
85.0000000000002    12.8737055410991    0.166438055766285    0.0129285274729125
85.5000000000001    12.9571504180378    0.167481145012742    0.0129257699115377
86    13.0413325878405    0.169390145450312    0.0129887144821572
86.4999999999999    13.1266590819072    0.171998244632427    0.0131029718650571
86.9999999999998    13.2133617694482    0.174788080326706    0.0132281309916792
87.4999999999997    13.3013717527755    0.177133834197136    0.0133169598962734
87.9999999999996    13.390355007712    0.178648324049648    0.0133415674152596
88.4999999999995    13.4798776250718    0.179314892349637    0.0133024124800749
88.9999999999994    13.5695654696659    0.179354814045901    0.0132174323818136
89.4999999999993    13.6591723532504    0.179030964072863    0.0131070140593299
89.9999999999992    13.7485688100268    0.178538085873748    0.0129859397251255
90.4999999999991    13.8377008169321    0.177985325110532    0.0128623481216436
90.999999999999    13.926552309365    0.177420554140217    0.0127397327205607
91.4999999999989    14.0151220308028    0.17685937391795    0.0126191818757799
91.9999999999988    14.1034128158197    0.176304927202475    0.0125008697898083
92.4999999999987    14.1914281038312    0.175757364235267    0.0123847552867367
92.9999999999986    14.2791713110443    0.175216628488975    0.0122707841143031
93.4999999999985    14.3666460868609    0.174684304775098    0.0121590177497904
93.9999999999984    14.4538587567405    0.174171873631496    0.0120501989512158
94.4999999999983    14.5408282631376    0.1737238701285    0.0119473159977349
94.9999999999982    14.6276127785837    0.173461480942594    0.0118584955432071
95.4999999999981    14.714360850938    0.173630629708859    0.0118000796275015
95.999999999998    14.8013730492927    0.174575165454283    0.0117945250668907
96.4999999999979    14.8891019673359    0.176497706210636    0.0118541539038312
96.9999999999978    14.9779832311528    0.179075461764879    0.0119559128222562
97.4999999999977    15.0681470199929    0.181476378128838    0.0120437090166461
97.9999999999976    15.1593114232855    0.183010659062426    0.0120724915500655
98.4999999999975    15.2509971121107    0.183593481419597    0.0120381297085032
98.9999999999974    15.3427978537488    0.183532386581499    0.0119621198383094
99.4999999999973    15.434477579003    0.183154337975597    0.0118665719029428
99.9999999999972    15.525933187736    0.182658286302743    0.0117647219071524
100.499999999997    15.6171311809769    0.182132193845553    0.0116623336088389
100.999999999997    15.7080653162223    0.181605033575556    0.0115612604047429
101.499999999997    15.7987371222718    0.181083181673186    0.0114618770014161
101.999999999997    15.8891494856269    0.180567256256271    0.0113641863851561
102.499999999997    15.9793053506961    0.180057182843276    0.0112681483263246
102.999999999997    16.0692077146005    0.179553520620532    0.0111737631256947
103.499999999997    16.1588607183975    0.179061453496253    0.0110813167225574
103.999999999996    16.2482744230429    0.178602179069561    0.0109920705681996
104.499999999996    16.3374776978508    0.17823403598813    0.0109095197731518
104.999999999996    16.4265435369583    0.178079520849298    0.0108409611826513
105.499999999996    16.5156258271885    0.178338949152971    0.0107981950559442
105.999999999996    16.6049911542286    0.179248290569761    0.0107948440866296
106.499999999996    16.6950061164755    0.180940653768226    0.010838010630596
106.999999999996    16.7860383944049    0.183261163689856    0.0109174755462814
107.499999999996    16.8782919570082    0.185726490492109    0.0110038676286194
107.999999999996    16.9716921111079    0.187763648536717    0.0110633428480491
108.499999999996    17.0659267104117    0.189038909947215    0.011076978892209
108.999999999995    17.1606049448766    0.189563390851597    0.0110464282267737
109.499999999995    17.2554008216276    0.189551582728972    0.0109850582254451
109.999999999995    17.3501069665067    0.189239250373918    0.0109070941602396
110.499999999995    17.4446181667799    0.188792575330406    0.0108223965423289
110.999999999995    17.5388922836563    0.188300552826471    0.0107361713488565
111.499999999995    17.6329174840195    0.187800283288981    0.0106505507928102
111.999999999995    17.7266931179233    0.187303053319508    0.0105661587343737
112.499999999995    17.820221388185    0.186810892725383    0.0104830848425508
112.999999999995    17.9135048646577    0.186323864268836    0.0104013070405023
113.499999999995    18.006546108186    0.185842022082963    0.0103208033881898
113.999999999994    18.0993480551473    0.185367513052985    0.0102416679588781
114.499999999994    18.1919168522659    0.184913478936009    0.0101645956518857
114.999999999994    18.2842723633081    0.184526975295176    0.0100921147764937
115.499999999994    18.3764745337313    0.184329013697825    0.0100307060181471
115.999999999994    18.4686709287432    0.184552229467501    0.0099927184895735
116.499999999994    18.5611479104872    0.185498743531113    0.00999392626068698
116.999999999994    18.6543161188524    0.187307430804319    0.0100409701224599
117.499999999994    18.7485445655172    0.18963594311489    0.0101147021013926
117.999999999994    18.8439134192654    0.191739583959603    0.0101751467274083
118.499999999994    18.9401490494968    0.193051915069955    0.0101927347332614
118.999999999993    19.0368253022403    0.193533443794036    0.0101662667341524
119.499999999993    19.1335905232458    0.193461398332966    0.0101110869963442
119.999999999993    19.230242244969    0.193117915264056    0.0100424067884314
120.499999999993    19.3266921142464    0.19267308833372    0.00996927395514794
120.999999999993    19.4229112402909    0.192202049869613    0.00989563549417392
121.499999999993    19.5188940180596    0.191729556471503    0.00982276743211517
121.999999999993    19.6146414813019    0.191261052321348    0.00975093286837141
122.499999999993    19.7101558253609    0.190797077613664    0.00968014049732508
122.999999999993    19.8054393047969    0.190337594902437    0.0096103697561678
123.499999999993    19.9004942442992    0.189883183248342    0.00954163152519375
123.999999999992    19.9953240841281    0.189438833479973    0.00947415669198107
124.499999999992    20.0899379226764    0.189024751793471    0.00940892662391509
124.999999999992    20.184362761856    0.188696437105479    0.00934864475692406
125.499999999992    20.2786675516396    0.188570245647126    0.0092989465489748
125.999999999992    20.3729978671629    0.188835224693537    0.00926889728869508
126.499999999992    20.4676046411896    0.18970897288627    0.00926874327562953
126.999999999992    20.562827849696    0.191299798334536    0.00930318532707865
127.499999999992    20.6589966130354    0.193433214043799    0.00936314660711773
127.999999999992    20.7562730372185    0.195636783719734    0.00942542928438713
128.499999999992    20.8545571724117    0.197392033059915    0.00946517499403166
128.999999999992    20.9535445717483    0.198434669298271    0.00947021963843869
129.499999999992    21.0528808052028    0.198815326986997    0.00944361623601953
129.999999999993    21.1522849897505    0.198745283679203    0.0093959250159265
130.499999999993    21.2515863618469    0.198433839903775    0.00933736599824026
130.999999999993    21.3507021250544    0.198019643390598    0.00927461973993948
131.499999999993    21.4496008433597    0.19757301530251    0.00921103458965646
131.999999999994    21.5482744342585    0.197121519361106    0.0091479027688506
132.499999999994    21.6467228612127    0.196672834635041    0.00908557086890257
132.999999999994    21.7449479367172    0.196228140420896    0.00902407956974491
133.499999999994    21.8429516666438    0.195787444598835    0.00896341518247372
133.999999999995    21.9407360689829    0.1953509470086    0.00890357307951773
134.499999999995    22.0383037534381    0.194921674095574    0.00884467680799459
134.999999999995    22.1356613961172    0.194515505508857    0.00878742685967254
135.499999999996    22.2328313866587    0.194184700591778    0.00873414173906355
135.999999999996    22.3298790094355    0.194055387153794    0.00869039133941552
136.499999999996    22.4269576984384    0.194354424786227    0.00866610743193939
136.999999999996    22.5243498894961    0.195347103116753    0.00867270771743119
137.499999999997    22.6224344334478    0.197101715094496    0.00871266598978741
137.999999999997    22.7215166408744    0.199235109653084    0.00876856562007283
138.499999999997    22.8216180871772    0.201068805918103    0.00881045354234007
138.999999999997    22.9224584157865    0.202156982758771    0.00881916673560404
139.499999999998    23.0236529143361    0.202518976853756    0.00879612707884655
139.999999999998    23.1249001151911    0.202415096806654    0.00875312307505639
140.499999999998    23.2260315306208    0.202088188500854    0.00870093490721498
140.999999999998    23.3269751829875    0.201679705463071    0.00864577185344448
141.499999999999    23.4277080433657    0.201250712850592    0.00859028601850717
141.999999999999    23.5282258212796    0.200820813038601    0.00853531475615867
142.499999999999    23.6285294076171    0.200394132993335    0.00848102433868499
142.999999999999    23.7286205530889    0.199971046977114    0.00842741981269881
143.5    23.8285010485708    0.199551542861727    0.00837448996287982
144    23.9281727897252    0.199136338168446    0.00832225426982688
144.5    24.0276389282263    0.198730883440089    0.00827092849337898
145    24.1269086139854    0.198356281061668    0.0082213715911656
145.500000000001    24.2260094062974    0.198069039254757    0.0081758838582499
146.000000000001    24.3250110789022    0.197985160392532    0.00813916013235654
146.500000000001    24.4240587407967    0.198287902098413    0.00811854836261113
147.000000000001    24.5233971139661    0.199176339571929    0.00812189023593706
147.500000000002    24.6233464132929    0.200723562061593    0.00815175803859189
148.000000000002    24.7241970248797    0.202719661533615    0.00819924146897958
148.500000000002    24.8260626569722    0.204695597879838    0.00824518977125644
149.000000000002    24.9288111425054    0.206192213394022    0.0082712413446163
149.500000000003    25.0321419719157    0.207020450630989    0.0082701852227928
150.000000000003    25.1357347252385    0.207270220103956    0.00824603785684602
150.500000000003    25.2393503951408    0.207147415238912    0.00820731960196539
151.000000000003    25.3428510227894    0.206835046949687    0.00816147507491131
151.500000000004    25.4461730965002    0.206446461778646    0.00811306521400029
152.000000000004    25.5492939961671    0.206035790888778    0.008064245959974
152.500000000004    25.6522085762628    0.205622792800858    0.0080157929555871
153.000000000004    25.7549172438315    0.205212411116072    0.00796789246780521
153.500000000005    25.8574215269776    0.204805262252482    0.00792056013933195
154.000000000005    25.959723041625    0.204401337448422    0.00787378729428952
154.500000000005    26.0618234560452    0.204001066035538    0.00782758222499656
155.000000000005    26.1637253556889    0.20360875416065    0.00778210103464406
155.500000000006    26.2654365919167    0.20324405310769    0.00773808013418817
156.000000000006    26.3669834773971    0.202966446567771    0.00769774998121275
156.500000000006    26.4684392969165    0.202910112182429    0.00766611547837151
157.000000000007    26.5699674124093    0.203298324555207    0.00765143296563691
157.500000000007    26.6718506220424    0.204357794064877    0.00766192781148787
158.000000000007    26.7744383247543    0.206080892307849    0.0076969268153542
158.500000000007    26.8779722014155    0.208040857853492    0.00774019915991041
159.000000000008    26.9824146175666    0.209624316138109    0.0077689235418403
159.500000000008    27.0874764217911    0.210501312892909    0.00777116736956591
160.000000000008    27.1928099930088    0.210747004397647    0.00775010028209036
160.500000000008    27.2981596178874    0.210607206115059    0.00771506977258117
161.000000000009    27.4033881368027    0.21028937864275    0.00767384593441316
161.500000000009    27.5084389222538    0.20990875012457    0.00763070382575429
162.000000000009    27.6132945889839    0.209513259854473    0.00758740537748282
162.500000000009    27.7179522142302    0.209117616196376    0.00754448288892774
163.00000000001    27.8224126674083    0.208724688000615    0.00750203407934925
163.50000000001    27.9266773906168    0.208334692786095    0.00746006013791293
164.00000000001    28.0307478482174    0.207947648553607    0.00741855514093362
164.50000000001    28.1346256663268    0.207564526752501    0.00737754712695276
165.000000000011    28.2383140061485    0.20719173714434    0.00733725593883637
165.500000000011    28.3418227997305    0.206852586826771    0.00729849270064372
166.000000000011    28.4451818372077    0.206607092922762    0.00726334231593872
166.500000000011    28.5484649081609    0.206574326125013    0.00723591712512575
167.000000000012    28.6518214293253    0.206934148923279    0.00722237325936565
167.500000000012    28.7554948717279    0.207864853285494    0.00722870026103652
168.000000000012    28.8597879693541    0.209396257558767    0.00725564088624361
168.500000000012    28.9649504841255    0.211276194787574    0.00729420182863307
169.000000000013    29.0710446714395    0.213041715488936    0.00732831303094645
169.500000000013    29.1779059870392    0.214299740815704    0.00734458946131691
170.000000000013    29.285239536312    0.214935930342983    0.00733939464884604
170.500000000013    29.3927584993265    0.21507295207739    0.00731720883163512
171.000000000014    29.5002623532571    0.214906991012158    0.00728491795898994
171.500000000014    29.6076416229906    0.214595212680239    0.00724796710973439
172.000000000014    29.7148487018858    0.21422846992421    0.00720947537285001
172.500000000014    29.8218678581617    0.213847427273106    0.00717082606261296
173.000000000015    29.928696080246    0.213465768098912    0.00713247805806707
173.500000000015    30.0353340354252    0.213086499132442    0.00709452736171062
174.000000000015    30.141783024974    0.21270990464341    0.00705697816440284
174.500000000015    30.248044384238    0.212335992706901    0.00701982548060356
175.000000000016    30.3541195736372    0.21196556439628    0.00698309051204945
175.500000000016    30.4600114478638    0.211604709449647    0.00694696749578824
176.000000000016    30.5657297160893    0.211277933940692    0.00691224897632588
176.500000000016    30.6713059987562    0.211053634954855    0.00688114275158071
177.000000000017    30.7768238207072    0.211075501655882    0.00685826136204045
177.500000000017    30.8824588935005    0.21156196260668    0.00685055433365136
178.000000000017    30.9884950217569    0.212695489873886    0.00686369214524791
178.500000000018    31.0952500440676    0.214389175786949    0.00689459565313419
179.000000000018    31.2029010134996    0.216180702707457    0.00692822448188164
179.500000000018    31.3113549383708    0.217529459551609    0.0069473026631957
180.000000000018    31.4203178977957    0.218214252495638    0.0069450046051554
180.500000000019    31.5294782783051    0.218355800537161    0.00692544921326553
181.000000000019    31.638621860743    0.218183405777277    0.00689610965792406
181.500000000019    31.7476390853836    0.217872227760434    0.00686262771144897
182.000000000019    31.8564866347189    0.217514410334078    0.00682794725068706
182.50000000002    31.9651519568603    0.217146529415021    0.006793226877447
183.00000000002    32.073633287266    0.216779139035294    0.00675879583375296
183.50000000002    32.1819314916202    0.216414088968028    0.00672470790090333
184.00000000002    32.2900477833143    0.216051484991657    0.00669096207108434
184.500000000021    32.3979833900718    0.215691393681631    0.00665755615356383
185.000000000021    32.5057397918919    0.2153351856409    0.00662452806856628
185.500000000021    32.6133204304972    0.214990717718479    0.00659211374004832
186.000000000021    32.7207366776007    0.214684604372644    0.00656111769389376
186.500000000022    32.8280219526588    0.21448221909901    0.00653351028606943
187.000000000022    32.9352564735681    0.21450770598493    0.00651301155517284
187.500000000022    33.0425970282053    0.214937668113727    0.006504866065166
188.000000000022    33.1502879402002    0.215925392193698    0.00651352991513093
188.500000000023    33.2586135998121    0.217450788386357    0.00653817958267464
189.000000000023    33.3677801501301    0.219219137329738    0.00656978487461303
189.500000000023    33.4777978422058    0.220782744725356    0.00659490047003668
190.000000000023    33.5884737422484    0.221820967406831    0.00660407999211403
190.500000000024    33.6995228011438    0.222288840289276    0.00659620142400745
191.000000000024    33.8106918288002    0.222332339795454    0.00657579977721927
191.500000000024    33.9218151496326    0.222133523547408    0.00654839732389185
192.000000000024    34.0328074182007    0.22182477917085    0.0065179688658955
192.500000000025    34.1436337490143    0.221477509423107    0.00648664143515484
193.000000000025    34.2542835868871    0.221121525074215    0.00645529556948209
193.500000000025    34.3647553810899    0.220765965858378    0.00642419721631018
194.000000000025    34.4750499151141    0.220412547904933    0.00639339314801987
194.500000000026    34.5851683037204    0.220061381416373    0.00636288305680155
195.000000000026    34.6951116772439    0.219712529901506    0.00633266530298021
195.500000000026    34.8048814163029    0.219367381028147    0.00630277628026607
196.000000000026    34.9144809734704    0.219034428706026    0.00627345509940296
196.500000000027    35.0239226875809    0.218744191399755    0.00624556516273147
197.000000000027    35.1332449339638    0.218575409248818    0.00622132711224513
197.500000000027    35.2425434358129    0.218681493582355    0.00620504289029645
198.000000000027    35.3520073935672    0.219272048114886    0.00620253457388632
198.500000000028    35.4619195954557    0.220477527578819    0.00621730380345999
199.000000000028    35.5725616837415    0.22213173436865    0.00624446831643771
199.500000000028    35.6840455430304    0.223752161783577    0.00627036980753095
