1:binCentralValue 2:valuesAverage 3:multiplicity
0.05 0 18
0.1 0 62
0.15 0 98
0.2 0 210
0.25 0 350
0.3 0 450
0.35 0 602
0.4 0 762
0.45 0 1142
0.5 0 1250
0.55 0 1458
0.6 0 1814
0.65 0 2178
0.7 0 2498
0.75 0 2622
0.8 0 3338
0.85 0 3722
0.9 0 4170
0.95 0 4358
1 0 5034
1.05 0 5714
1.1 0 5982
1.15 0 6602
1.2 0 7130
1.25 0 8034
1.3 0 8606
1.35 0 9066
1.4 0 9962
1.45 0 10550
1.5 0 11226
1.55 0 12146
1.6 0 12303
1.65 0 12584
1.7 0 12120
1.75 0 11180
1.8 0 11096
1.85 0 10056
1.9 0 9716
1.95 0 8604
2 0 8060
2.05 0 7320
2.1 0 6356
2.15 0 5348
2.2 0 4308
2.25 0 3563
2.3 0 2448
2.35 0 1868
2.4 0 1358
2.45 0 1062
2.5 0 776
2.55 0 432
2.6 0 200
2.65 0 168
2.7 0 56
2.75 0 7

0.05 5.991328153276331e-23 18
0.1 2.371457715055016e-22 62
0.15 7.42550232231864e-22 98
0.2 1.306440462510375e-21 210
0.25 1.888743196684124e-21 350
0.3 1.833515891221929e-21 450
0.35 1.494306283683759e-21 602
0.4 1.124956451650353e-21 762
0.45 1.133295111059084e-21 1142
0.5 1.618829000758311e-21 1250
0.55 3.277585088088658e-21 1458
0.6 7.143043227398422e-21 1814
0.65 1.158619530731458e-20 2178
0.7 1.789423231245045e-20 2498
0.75 2.226015272229202e-20 2622
0.8 3.210745319240436e-20 3338
0.85 3.647955981394741e-20 3722
0.9 4.014616387924782e-20 4170
0.95 3.802528303546437e-20 4358
1 4.049770610227829e-20 5034
1.05 3.848069990775353e-20 5714
1.1 3.326035836812355e-20 5982
1.15 3.104899915048681e-20 6602
1.2 2.919997978545994e-20 7130
1.25 3.053905485746729e-20 8034
1.3 3.236697914735008e-20 8606
1.35 3.532343367917767e-20 9066
1.4 4.405404063660728e-20 9962
1.45 5.247678518837064e-20 10550
1.5 6.18723621022601e-20 11226
1.55 7.615258278765506e-20 12146
1.6 8.445061813289976e-20 12303
1.65 9.292480730569999e-20 12584
1.7 9.855772221979649e-20 12120
1.75 9.989443767940848e-20 11180
1.8 1.006231809572484e-19 11096
1.85 9.687981249011321e-20 10056
1.9 9.561772334286493e-20 9716
1.95 8.858699843608141e-20 8604
2 8.530775723185516e-20 8060
2.05 8.241931041000014e-20 7320
2.1 7.333494489675129e-20 6356
2.15 6.787869748177948e-20 5348
2.2 5.818484743117661e-20 4308
2.25 5.220832717569477e-20 3563
2.3 3.680259227635039e-20 2448
2.35 2.960216200863644e-20 1868
2.4 2.211236879281038e-20 1358
2.45 1.779722796113347e-20 1062
2.5 1.446886680868865e-20 776
2.55 8.775857663321661e-21 432
2.6 3.879182295165754e-21 200
2.65 3.262689783784205e-21 168
2.7 1.183997874915815e-21 56
2.75 5.029958958237892e-23 7

0.05 2.076738029708553e-22 18
0.1 4.593453392112633e-22 62
0.15 4.153384905879226e-22 98
0.2 4.889148258622152e-22 210
0.25 3.847755160432338e-21 350
0.3 1.100066395933846e-20 450
0.35 1.578890727091644e-20 602
0.4 1.452811402363327e-20 762
0.45 9.81546969312792e-21 1142
0.5 4.414990230858872e-21 1250
0.55 9.59187112916208e-21 1458
0.6 2.264176044204824e-20 1814
0.65 2.739916404002771e-20 2178
0.7 2.302264657508131e-20 2498
0.75 1.13753584924311e-20 2622
0.8 9.647292721355172e-21 3338
0.85 2.056078835918573e-20 3722
0.9 4.063243306732141e-20 4170
0.95 5.087781262524379e-20 4358
1 5.437199506129859e-20 5034
1.05 4.455477630944774e-20 5714
1.1 3.312502862710327e-20 5982
1.15 3.570082164108104e-20 6602
1.2 5.015557846746183e-20 7130
1.25 7.381128494961292e-20 8034
1.3 9.177878923265962e-20 8606
1.35 9.861042611870145e-20 9066
1.4 1.036298658128382e-19 9962
1.45 1.052924142343104e-19 10550
1.5 1.133858171675661e-19 11226
1.55 1.270476406825448e-19 12146
1.6 1.425919880295117e-19 12303
1.65 1.588194603520522e-19 12584
1.7 1.560000213595509e-19 12120
1.75 1.525357199474371e-19 11180
1.8 1.571335629320986e-19 11096
1.85 1.548467668043874e-19 10056
1.9 1.481540159413253e-19 9716
1.95 1.329469206669448e-19 8604
2 1.23668310266285e-19 8060
2.05 1.206048496773214e-19 7320
2.1 1.113280256836925e-19 6356
2.15 1.046929207364712e-19 5348
2.2 9.525409980816634e-20 4308
2.25 8.278368638779393e-20 3563
2.3 6.195483100635701e-20 2448
2.35 4.706083619554753e-20 1868
2.4 3.382826257963787e-20 1358
2.45 2.78399207841547e-20 1062
2.5 2.01448057613433e-20 776
2.55 1.260831240645983e-20 432
2.6 5.545095095828964e-21 200
2.65 5.339645172942084e-21 168
2.7 1.46453680427181e-21 56
2.75 2.211914488587227e-22 7

0.05 1.679772654092944e-22 18
0.1 1.009474328631303e-22 62
0.15 1.789442425429925e-21 98
0.2 6.5190059239031e-21 210
0.25 6.047791042591103e-21 350
0.3 2.028659293036088e-21 450
0.35 8.80353135754794e-21 602
0.4 1.088099871487411e-20 762
0.45 4.214172342724626e-21 1142
0.5 9.143779780764419e-21 1250
0.55 2.066259234364471e-20 1458
0.6 1.293227159686361e-20 1814
0.65 6.466297063787517e-21 2178
0.7 2.379587386964613e-20 2498
0.75 2.792882822083463e-20 2622
0.8 1.663696535129513e-20 3338
0.85 1.681617862913927e-20 3722
0.9 3.883937266088187e-20 4170
0.95 4.064786132446046e-20 4358
1 2.999838965860554e-20 5034
1.05 3.201872906799653e-20 5714
1.1 4.78327455521691e-20 5982
1.15 5.597177970796594e-20 6602
1.2 5.242294217589112e-20 7130
1.25 5.875941558202001e-20 8034
1.3 7.521629233775204e-20 8606
1.35 8.975505821472896e-20 9066
1.4 9.432282631293237e-20 9962
1.45 9.629254929015717e-20 10550
1.5 1.066103744583257e-19 11226
1.55 1.257047247580321e-19 12146
1.6 1.346500337842174e-19 12303
1.65 1.428963491180434e-19 12584
1.7 1.364846847803443e-19 12120
1.75 1.342370912308428e-19 11180
1.8 1.350287659754272e-19 11096
1.85 1.255284890179835e-19 10056
1.9 1.228935091642876e-19 9716
1.95 1.107977380578192e-19 8604
2 1.090220901625536e-19 8060
2.05 1.071453663987485e-19 7320
2.1 1.008947490099369e-19 6356
2.15 9.145945149506256e-20 5348
2.2 8.395600008227235e-20 4308
2.25 7.140857321963195e-20 3563
2.3 4.947749656613272e-20 2448
2.35 3.615863194895841e-20 1868
2.4 2.41651487066253e-20 1358
2.45 1.817145367885253e-20 1062
2.5 1.334358568499553e-20 776
2.55 8.428985203520788e-21 432
2.6 3.615261684315061e-21 200
2.65 3.432831597444727e-21 168
2.7 1.286818896016196e-21 56
2.75 3.55140020384673e-23 7

0.05 8.370653505195045e-23 18
0.1 1.481945950529579e-21 62
0.15 5.822885489709164e-21 98
0.2 2.193491922801521e-21 210
0.25 9.687432484368661e-21 350
0.3 3.88354981294251e-21 450
0.35 1.00037745339796e-20 602
0.4 1.276123781735758e-20 762
0.45 8.867423208474384e-21 1142
0.5 2.509248361163014e-20 1250
0.55 7.702868807226822e-21 1458
0.6 2.947894871472356e-20 1814
0.65 2.322399014255914e-20 2178
0.7 1.928605791109631e-20 2498
0.75 3.955805225233814e-20 2622
0.8 2.423720759246417e-20 3338
0.85 4.057977409068337e-20 3722
0.9 5.193250164840188e-20 4170
0.95 3.467895200793917e-20 4358
1 5.994807806243244e-20 5034
1.05 6.048419297477991e-20 5714
1.1 6.117020316274516e-20 5982
1.15 8.111725187636602e-20 6602
1.2 7.893351427681767e-20 7130
1.25 8.620616552399057e-20 8034
1.3 1.103418833995546e-19 8606
1.35 1.187633453850102e-19 9066
1.4 1.305252701714832e-19 9962
1.45 1.506792658671861e-19 10550
1.5 1.660303009982276e-19 11226
1.55 1.874854351856562e-19 12146
1.6 1.97844995926246e-19 12303
1.65 2.029827839460146e-19 12584
1.7 1.942855990096155e-19 12120
1.75 1.94863297969634e-19 11180
1.8 2.048107140568234e-19 11096
1.85 1.858938448779747e-19 10056
1.9 1.856562132382967e-19 9716
1.95 1.685091293240883e-19 8604
2 1.623069513889035e-19 8060
2.05 1.598598815629392e-19 7320
2.1 1.464977913546672e-19 6356
2.15 1.26919721853911e-19 5348
2.2 1.067255708986883e-19 4308
2.25 9.243734509862237e-20 3563
2.3 6.900281652277618e-20 2448
2.35 5.489358363795507e-20 1868
2.4 4.452088986945859e-20 1358
2.45 3.199178418056655e-20 1062
2.5 2.08018555527297e-20 776
2.55 1.042753439190608e-20 432
2.6 4.14755544709161e-21 200
2.65 3.753035395920121e-21 168
2.7 1.273354067287065e-21 56
2.75 9.725974913132307e-23 7

0.05 1.053305227370132e-22 18
0.1 2.123069999845501e-21 62
0.15 5.746521200433129e-22 98
0.2 4.611821963684756e-21 210
0.25 4.376317880264262e-21 350
0.3 5.935527218301299e-21 450
0.35 9.556424765591854e-21 602
0.4 6.485406501068234e-21 762
0.45 1.755735148400615e-20 1142
0.5 7.334588775539431e-21 1250
0.55 2.219185939932244e-20 1458
0.6 1.10589413176556e-20 1814
0.65 2.500618975697787e-20 2178
0.7 1.708552370140271e-20 2498
0.75 2.707549419990452e-20 2622
0.8 2.435167355766967e-20 3338
0.85 3.563109044016812e-20 3722
0.9 3.373697562489446e-20 4170
0.95 3.856723039417066e-20 4358
1 4.392736748630009e-20 5034
1.05 5.151447001524017e-20 5714
1.1 4.838059676828534e-20 5982
1.15 6.398681487992624e-20 6602
1.2 6.579477865461235e-20 7130
1.25 7.866043651226762e-20 8034
1.3 8.415208089185615e-20 8606
1.35 9.559703567038684e-20 9066
1.4 1.091537150453517e-19 9962
1.45 1.268302215626078e-19 10550
1.5 1.318775153258193e-19 11226
1.55 1.529856669803887e-19 12146
1.6 1.634959468726778e-19 12303
1.65 1.634259674444371e-19 12584
1.7 1.620336866272948e-19 12120
1.75 1.601470499502626e-19 11180
1.8 1.599350977517064e-19 11096
1.85 1.46265420958587e-19 10056
1.9 1.541874473316927e-19 9716
1.95 1.35536500662458e-19 8604
2 1.327578235450486e-19 8060
2.05 1.368780849910659e-19 7320
2.1 1.242795465216936e-19 6356
2.15 1.104257449112704e-19 5348
2.2 9.281161664097712e-20 4308
2.25 7.751882777566605e-20 3563
2.3 5.698438954608175e-20 2448
2.35 4.610999000337653e-20 1868
2.4 3.585647875451135e-20 1358
2.45 2.359373353700162e-20 1062
2.5 1.550796552326657e-20 776
2.55 9.604779001674901e-21 432
2.6 3.88675888808746e-21 200
2.65 3.413404449439211e-21 168
2.7 1.402276505838635e-21 56
2.75 5.469076314430777e-23 7

0.05 5.353493680078861e-22 18
0.1 8.239344294221016e-22 62
0.15 4.137235157574758e-21 98
0.2 3.924522530745348e-21 210
0.25 4.833256651551198e-21 350
0.3 7.56079605371704e-21 450
0.35 1.198297346174015e-20 602
0.4 7.896381512059107e-21 762
0.45 1.224152563421036e-20 1142
0.5 1.8493918587544e-20 1250
0.55 1.761129765688262e-20 1458
0.6 1.497801157451013e-20 1814
0.65 2.594316618024138e-20 2178
0.7 2.671323494845887e-20 2498
0.75 2.063640118557715e-20 2622
0.8 3.665983986989489e-20 3338
0.85 3.690644115185558e-20 3722
0.9 3.762321357347964e-20 4170
0.95 4.469931506594218e-20 4358
1 4.900419086647134e-20 5034
1.05 5.659246342043453e-20 5714
1.1 6.072798080754768e-20 5982
1.15 6.600237346400547e-20 6602
1.2 7.716324083371185e-20 7130
1.25 8.426590417403441e-20 8034
1.3 1.007927484988813e-19 8606
1.35 1.101074439274155e-19 9066
1.4 1.227059989414268e-19 9962
1.45 1.403865823152476e-19 10550
1.5 1.45636805279864e-19 11226
1.55 1.709738320642891e-19 12146
1.6 1.787569333591986e-19 12303
1.65 1.893116491759681e-19 12584
1.7 1.840273966336599e-19 12120
1.75 1.821780604695262e-19 11180
1.8 1.743653240013909e-19 11096
1.85 1.645561238922039e-19 10056
1.9 1.729807564199082e-19 9716
1.95 1.565395112010138e-19 8604
2 1.548361324949477e-19 8060
2.05 1.511143719113514e-19 7320
2.1 1.304038680355153e-19 6356
2.15 1.188013472816371e-19 5348
2.2 1.037147233849869e-19 4308
2.25 9.087703842644844e-20 3563
2.3 6.244517767134825e-20 2448
2.35 4.697990600047716e-20 1868
2.4 3.343698854843453e-20 1358
2.45 2.974161300931083e-20 1062
2.5 2.392598065118269e-20 776
2.55 1.136688010474544e-20 432
2.6 5.272501796274558e-21 200
2.65 3.776617864996381e-21 168
2.7 1.062800013572844e-21 56
2.75 1.00091319256446e-22 7

0.05 1.066402332568138e-21 18
0.1 1.538122454661159e-21 62
0.15 1.152811911189316e-21 98
0.2 3.82193848601907e-21 210
0.25 6.026481808180596e-21 350
0.3 8.01971885167872e-21 450
0.35 1.011776656050665e-20 602
0.4 1.290538063308448e-20 762
0.45 1.645315528695006e-20 1142
0.5 1.779302337311359e-20 1250
0.55 1.570364623952532e-20 1458
0.6 1.969707742914526e-20 1814
0.65 2.41401699511822e-20 2178
0.7 2.882456149464374e-20 2498
0.75 3.053514558074016e-20 2622
0.8 3.552722785827624e-20 3338
0.85 3.962781377437788e-20 3722
0.9 4.173898134876626e-20 4170
0.95 4.766728265017997e-20 4358
1 5.642253948721903e-20 5034
1.05 6.075622459204041e-20 5714
1.1 6.431260808646616e-20 5982
1.15 7.652039526818597e-20 6602
1.2 8.029176032752994e-20 7130
1.25 9.944072681601317e-20 8034
1.3 1.097547022570105e-19 8606
1.35 1.155636311666758e-19 9066
1.4 1.353494888655421e-19 9962
1.45 1.521577564861471e-19 10550
1.5 1.707072106828798e-19 11226
1.55 1.823598561763351e-19 12146
1.6 1.939703792486059e-19 12303
1.65 2.074059857376295e-19 12584
1.7 2.011086254455469e-19 12120
1.75 1.962382272866296e-19 11180
1.8 1.934297001253887e-19 11096
1.85 1.804494958212122e-19 10056
1.9 1.834276718876273e-19 9716
1.95 1.766338205201366e-19 8604
2 1.720667690217054e-19 8060
2.05 1.634075091231942e-19 7320
2.1 1.47915851174717e-19 6356
2.15 1.303769819833961e-19 5348
2.2 1.137488647916797e-19 4308
2.25 1.011692895082515e-19 3563
2.3 6.756570083801541e-20 2448
2.35 5.38531642179244e-20 1868
2.4 3.722468650973113e-20 1358
2.45 3.219737875933952e-20 1062
2.5 2.476964067493309e-20 776
2.55 1.111091941869048e-20 432
2.6 5.007098569811271e-21 200
2.65 3.442412684241612e-21 168
2.7 1.215710332029289e-21 56
2.75 5.451977076089856e-23 7

0.05 1.081708325639382e-21 18
0.1 1.273169851717961e-21 62
0.15 3.96873003654635e-21 98
0.2 3.940943651785208e-21 210
0.25 6.470893388414877e-21 350
0.3 9.465936435222531e-21 450
0.35 1.001060857830961e-20 602
0.4 1.174595522957719e-20 762
0.45 1.840916883503971e-20 1142
0.5 1.796731352233058e-20 1250
0.55 1.887485799335505e-20 1458
0.6 2.432035003939535e-20 1814
0.65 2.47168360321748e-20 2178
0.7 3.09221210449574e-20 2498
0.75 3.002180017307966e-20 2622
0.8 4.020990732531978e-20 3338
0.85 4.325361599249526e-20 3722
0.9 4.766106189065845e-20 4170
0.95 5.034464603703969e-20 4358
1 6.175386242482668e-20 5034
1.05 6.811257198134946e-20 5714
1.1 7.559705826960029e-20 5982
1.15 7.794597908215319e-20 6602
1.2 9.379872935350046e-20 7130
1.25 1.029546673621595e-19 8034
1.3 1.217447761633851e-19 8606
1.35 1.272920622824705e-19 9066
1.4 1.453973531469924e-19 9962
1.45 1.702535311838831e-19 10550
1.5 1.800231561748325e-19 11226
1.55 2.0295832400473e-19 12146
1.6 2.132452801116377e-19 12303
1.65 2.321829029285201e-19 12584
1.7 2.221250126222377e-19 12120
1.75 2.139612848445837e-19 11180
1.8 2.15537716102391e-19 11096
1.85 2.00491875292701e-19 10056
1.9 2.092167066052766e-19 9716
1.95 1.89752800728733e-19 8604
2 1.829333140442484e-19 8060
2.05 1.786704865349355e-19 7320
2.1 1.640278354101205e-19 6356
2.15 1.50740445169412e-19 5348
2.2 1.222309867952405e-19 4308
2.25 1.107333700528783e-19 3563
2.3 7.411545273261359e-20 2448
2.35 5.572707657212971e-20 1868
2.4 4.557687456333655e-20 1358
2.45 3.282864567440704e-20 1062
2.5 2.188986487800364e-20 776
2.55 1.478073529904708e-20 432
2.6 7.551410067640383e-21 200
2.65 6.456417236446341e-21 168
2.7 1.737318038121936e-21 56
2.75 2.056147960509947e-22 7

0.05 8.694898838925959e-22 18
0.1 1.443219580659903e-21 62
0.15 2.9942009283818e-21 98
0.2 4.213677166908249e-21 210
0.25 6.570127958481443e-21 350
0.3 1.087087762665181e-20 450
0.35 1.253901093674946e-20 602
0.4 1.193399107317235e-20 762
0.45 1.945752378549579e-20 1142
0.5 2.000137470691959e-20 1250
0.55 2.052880550486099e-20 1458
0.6 2.436311299908739e-20 1814
0.65 2.962260320314667e-20 2178
0.7 3.32494774958124e-20 2498
0.75 3.317074045624152e-20 2622
0.8 4.238726368600958e-20 3338
0.85 4.62328529312864e-20 3722
0.9 5.121829095239202e-20 4170
0.95 5.322278585637146e-20 4358
1 6.558310783610737e-20 5034
1.05 7.223013206092351e-20 5714
1.1 7.777951374458885e-20 5982
1.15 8.441835312520747e-20 6602
1.2 1.003802457791425e-19 7130
1.25 1.070084028119376e-19 8034
1.3 1.306723560511803e-19 8606
1.35 1.346663284287687e-19 9066
1.4 1.600094247388446e-19 9962
1.45 1.725121219140561e-19 10550
1.5 1.950502848204246e-19 11226
1.55 2.197833205533266e-19 12146
1.6 2.257785110741747e-19 12303
1.65 2.449320517032693e-19 12584
1.7 2.347879388572919e-19 12120
1.75 2.248297943816911e-19 11180
1.8 2.25938244740415e-19 11096
1.85 2.114169142902644e-19 10056
1.9 2.117980828789351e-19 9716
1.95 2.014040199537753e-19 8604
2 1.985012244331802e-19 8060
2.05 1.91496183369847e-19 7320
2.1 1.64648547584203e-19 6356
2.15 1.523220020162791e-19 5348
2.2 1.312904178600483e-19 4308
2.25 1.135758087629339e-19 3563
2.3 7.922920905945727e-20 2448
2.35 6.61465069286895e-20 1868
2.4 4.39016926097052e-20 1358
2.45 3.676200152136142e-20 1062
2.5 2.365630191162075e-20 776
2.55 1.501313701249893e-20 432
2.6 7.335177960030291e-21 200
2.65 6.750563104998144e-21 168
2.7 2.03433993954729e-21 56
2.75 2.486147801151911e-22 7

0.05 8.3754021957293e-22 18
0.1 1.471568394477205e-21 62
0.15 2.6385619693158e-21 98
0.2 5.9235518762855e-21 210
0.25 6.939264291251396e-21 350
0.3 7.157774435133054e-21 450
0.35 9.100714348212385e-21 602
0.4 1.437552572125415e-20 762
0.45 1.700593337880928e-20 1142
0.5 1.940901775313876e-20 1250
0.55 1.85437350715686e-20 1458
0.6 2.700343720598212e-20 1814
0.65 2.51908305479526e-20 2178
0.7 2.80425111541429e-20 2498
0.75 3.253295120935132e-20 2622
0.8 3.867245709380302e-20 3338
0.85 4.502770256559676e-20 3722
0.9 5.287205453085327e-20 4170
0.95 5.404108108087713e-20 4358
1 6.347988203671287e-20 5034
1.05 6.753789759008649e-20 5714
1.1 7.328970388310355e-20 5982
1.15 8.404838328981879e-20 6602
1.2 9.413679773529201e-20 7130
1.25 1.096471753455015e-19 8034
1.3 1.168574286610246e-19 8606
1.35 1.370695797972682e-19 9066
1.4 1.470999808977743e-19 9962
1.45 1.7434771159239e-19 10550
1.5 1.840509204042695e-19 11226
1.55 2.062601470390883e-19 12146
1.6 2.255498948225035e-19 12303
1.65 2.353570360904154e-19 12584
1.7 2.314102678078911e-19 12120
1.75 2.215561043536837e-19 11180
1.8 2.138022582687732e-19 11096
1.85 2.097941698888018e-19 10056
1.9 2.083846378022095e-19 9716
1.95 1.922776075649348e-19 8604
2 1.919580823409546e-19 8060
2.05 1.844061821186288e-19 7320
2.1 1.621837393401096e-19 6356
2.15 1.499748851589961e-19 5348
2.2 1.313813250997719e-19 4308
2.25 1.085641868732967e-19 3563
2.3 7.838309240544045e-20 2448
2.35 6.447908825901159e-20 1868
2.4 4.411538162087469e-20 1358
2.45 3.36545645792312e-20 1062
2.5 2.463699784761228e-20 776
2.55 1.513392623071714e-20 432
2.6 7.434076813390396e-21 200
2.65 5.174001535064807e-21 168
2.7 1.177954498133975e-21 56
2.75 1.011660226752499e-22 7

0.05 5.802104558766175e-22 18
0.1 1.413371248488159e-21 62
0.15 4.086945971857253e-21 98
0.2 7.80179463355091e-21 210
0.25 8.192341114045153e-21 350
0.3 1.14085446320734e-20 450
0.35 1.4719457088851e-20 602
0.4 1.448778308354848e-20 762
0.45 2.058230998508725e-20 1142
0.5 2.027342473284177e-20 1250
0.55 2.711036854915991e-20 1458
0.6 2.780460711211283e-20 1814
0.65 3.00495257328079e-20 2178
0.7 3.239543644445152e-20 2498
0.75 3.631395636898829e-20 2622
0.8 4.844320401068954e-20 3338
0.85 5.385833348853961e-20 3722
0.9 5.98130163644606e-20 4170
0.95 5.888485600555727e-20 4358
1 7.426343009604469e-20 5034
1.05 7.887088891047349e-20 5714
1.1 8.426277950897131e-20 5982
1.15 9.072784038035398e-20 6602
1.2 1.116233319918761e-19 7130
1.25 1.269565268892885e-19 8034
1.3 1.362644414439344e-19 8606
1.35 1.613134073653426e-19 9066
1.4 1.686715715916063e-19 9962
1.45 2.003969621145787e-19 10550
1.5 2.143956108543474e-19 11226
1.55 2.352459843745228e-19 12146
1.6 2.592758221824379e-19 12303
1.65 2.727995725759359e-19 12584
1.7 2.600855388661626e-19 12120
1.75 2.562779848780958e-19 11180
1.8 2.520896091172766e-19 11096
1.85 2.398005653105998e-19 10056
1.9 2.474661508537991e-19 9716
1.95 2.208031838973487e-19 8604
2 2.199410450087152e-19 8060
2.05 2.150163353167517e-19 7320
2.1 1.900773742136569e-19 6356
2.15 1.736374817182437e-19 5348
2.2 1.520896303653729e-19 4308
2.25 1.273515264098166e-19 3563
2.3 9.041098126013235e-20 2448
2.35 6.668967254816226e-20 1868
2.4 5.095256351605843e-20 1358
2.45 3.931398998347606e-20 1062
2.5 2.808159396481896e-20 776
2.55 1.625985417911546e-20 432
2.6 8.472064319108989e-21 200
2.65 7.346235792815181e-21 168
2.7 1.921713776570308e-21 56
2.75 2.406710255857081e-22 7

0.05 3.659329184247746e-22 18
0.1 1.844540862404396e-21 62
0.15 3.184810791264458e-21 98
0.2 7.200601910450209e-21 210
0.25 6.85775516084716e-21 350
0.3 1.23884053517189e-20 450
0.35 1.161884766647989e-20 602
0.4 1.271161077641766e-20 762
0.45 2.163099717793283e-20 1142
0.5 2.043094431348429e-20 1250
0.55 2.249289644389988e-20 1458
0.6 2.92397986955069e-20 1814
0.65 3.017628787984971e-20 2178
0.7 3.414463273963106e-20 2498
0.75 3.522524427113104e-20 2622
0.8 4.541709232124633e-20 3338
0.85 4.970163084747809e-20 3722
0.9 5.800742533186374e-20 4170
0.95 6.181057932953938e-20 4358
1 7.16631495013545e-20 5034
1.05 8.320614864446798e-20 5714
1.1 8.312805682618319e-20 5982
1.15 9.631368465475374e-20 6602
1.2 1.125100309115959e-19 7130
1.25 1.275652776333048e-19 8034
1.3 1.347692717274349e-19 8606
1.35 1.471337707483658e-19 9066
1.4 1.788672185988073e-19 9962
1.45 1.879255007437898e-19 10550
1.5 2.158282830266142e-19 11226
1.55 2.352605569391701e-19 12146
1.6 2.589925440901753e-19 12303
1.65 2.627114031342022e-19 12584
1.7 2.640098158896133e-19 12120
1.75 2.46651412486986e-19 11180
1.8 2.454692487751012e-19 11096
1.85 2.348836584371917e-19 10056
1.9 2.425207847199862e-19 9716
1.95 2.235940917223826e-19 8604
2 2.112684962783074e-19 8060
2.05 2.090985897942093e-19 7320
2.1 1.874537669271758e-19 6356
2.15 1.694265638066629e-19 5348
2.2 1.426758461905839e-19 4308
2.25 1.259793483143606e-19 3563
2.3 8.636380267728254e-20 2448
2.35 6.809571756223779e-20 1868
2.4 5.353693420314116e-20 1358
2.45 3.899945937291059e-20 1062
2.5 2.826818008512832e-20 776
2.55 1.627018944214526e-20 432
2.6 8.312944255914946e-21 200
2.65 6.951912914672003e-21 168
2.7 1.483215609976657e-21 56
2.75 1.713630987952956e-22 7

0.05 1.430540370004398e-21 18
0.1 1.526398724704207e-21 62
0.15 3.764137842262861e-21 98
0.2 7.274309374894134e-21 210
0.25 9.31243013812423e-21 350
0.3 1.119677388347352e-20 450
0.35 1.340219410970202e-20 602
0.4 1.557672619206373e-20 762
0.45 2.182417707518971e-20 1142
0.5 2.529731276970686e-20 1250
0.55 2.827605930910155e-20 1458
0.6 3.088630495105481e-20 1814
0.65 3.37701659656143e-20 2178
0.7 4.264636340879521e-20 2498
0.75 4.088063423245726e-20 2622
0.8 5.441420011643081e-20 3338
0.85 5.454118553903584e-20 3722
0.9 6.641599672934964e-20 4170
0.95 7.097360141286301e-20 4358
1 7.491374282965109e-20 5034
1.05 8.401917735459412e-20 5714
1.1 9.353018049515206e-20 5982
1.15 1.094008875875296e-19 6602
1.2 1.209164382989534e-19 7130
1.25 1.367814613580441e-19 8034
1.3 1.528768872418197e-19 8606
1.35 1.6774723666828e-19 9066
1.4 2.083003341988076e-19 9962
1.45 2.212213150542165e-19 10550
1.5 2.296771203758746e-19 11226
1.55 2.741049274521749e-19 12146
1.6 2.815282227030707e-19 12303
1.65 2.906305062380653e-19 12584
1.7 2.974181333195476e-19 12120
1.75 2.760308459249778e-19 11180
1.8 2.837718037438593e-19 11096
1.85 2.664683043994989e-19 10056
1.9 2.653679437354488e-19 9716
1.95 2.490809647233013e-19 8604
2 2.405089010912278e-19 8060
2.05 2.398324371641269e-19 7320
2.1 2.130057798185121e-19 6356
2.15 1.908989955627314e-19 5348
2.2 1.634615913131847e-19 4308
2.25 1.382965443547351e-19 3563
2.3 9.956966207161487e-20 2448
2.35 7.572638788017051e-20 1868
2.4 5.732439962421293e-20 1358
2.45 4.068828866195227e-20 1062
2.5 3.126654751196197e-20 776
2.55 1.732940867827946e-20 432
2.6 7.636455782763282e-21 200
2.65 5.493115657102276e-21 168
2.7 2.474505818337069e-21 56
2.75 1.771241614532418e-22 7

0.05 1.027927789931153e-21 18
0.1 1.837777938568867e-21 62
0.15 4.169363547238899e-21 98
0.2 6.460501818438302e-21 210
0.25 1.283688436203471e-20 350
0.3 1.084386907999644e-20 450
0.35 1.501941227510189e-20 602
0.4 1.523058518636397e-20 762
0.45 1.75728686431778e-20 1142
0.5 2.052306548655051e-20 1250
0.55 2.201699592452531e-20 1458
0.6 2.86029181744074e-20 1814
0.65 3.353782474266419e-20 2178
0.7 3.622377409956677e-20 2498
0.75 3.777063790125353e-20 2622
0.8 4.985280584236168e-20 3338
0.85 5.086582981362913e-20 3722
0.9 6.36994525713804e-20 4170
0.95 5.7936013186716e-20 4358
1 7.828185502739461e-20 5034
1.05 7.917552796846273e-20 5714
1.1 8.873778951629577e-20 5982
1.15 1.043545213595343e-19 6602
1.2 1.149675944157298e-19 7130
1.25 1.267073374512069e-19 8034
1.3 1.448906888313372e-19 8606
1.35 1.556612323332375e-19 9066
1.4 1.808546054593465e-19 9962
1.45 2.091624063542694e-19 10550
1.5 2.230626390154134e-19 11226
1.55 2.583276740138153e-19 12146
1.6 2.671531080356745e-19 12303
1.65 2.742148562450801e-19 12584
1.7 2.775490963814088e-19 12120
1.75 2.551959674449449e-19 11180
1.8 2.614588522367138e-19 11096
1.85 2.439756814675683e-19 10056
1.9 2.526779670685904e-19 9716
1.95 2.299622403120385e-19 8604
2 2.20445178863566e-19 8060
2.05 2.20815945556352e-19 7320
2.1 1.940361437278345e-19 6356
2.15 1.779290194153123e-19 5348
2.2 1.503514869579066e-19 4308
2.25 1.278256946480319e-19 3563
2.3 9.047856838157051e-20 2448
2.35 7.014326996557829e-20 1868
2.4 5.319173664123637e-20 1358
2.45 4.156764311297806e-20 1062
2.5 2.8336561554945e-20 776
2.55 1.679304482178287e-20 432
2.6 7.994641087480704e-21 200
2.65 5.321028755276986e-21 168
2.7 1.789364406655983e-21 56
2.75 1.081844531208088e-22 7

0.05 5.047722883297296e-23 18
0.1 1.804344890257918e-21 62
0.15 4.426111740690769e-21 98
0.2 7.692893137856843e-21 210
0.25 9.122265098271891e-21 350
0.3 1.441913468284653e-20 450
0.35 1.38258074673121e-20 602
0.4 1.749793663458895e-20 762
0.45 2.690558005289105e-20 1142
0.5 2.675976664852626e-20 1250
0.55 2.9383923542044e-20 1458
0.6 3.269766640031902e-20 1814
0.65 3.62361261201691e-20 2178
0.7 4.273238043027407e-20 2498
0.75 4.072604894037705e-20 2622
0.8 5.604023623665917e-20 3338
0.85 5.841436187819445e-20 3722
0.9 6.718742522717487e-20 4170
0.95 7.164438044565849e-20 4358
1 8.475470360734761e-20 5034
1.05 9.458458929590617e-20 5714
1.1 1.103227066576488e-19 5982
1.15 1.052771233905839e-19 6602
1.2 1.282250493836608e-19 7130
1.25 1.49749865199794e-19 8034
1.3 1.530946639243895e-19 8606
1.35 1.731333185106133e-19 9066
1.4 2.125759213377171e-19 9962
1.45 2.370405357067309e-19 10550
1.5 2.687644516609007e-19 11226
1.55 2.929450991729265e-19 12146
1.6 3.193826863289174e-19 12303
1.65 3.152010091005495e-19 12584
1.7 2.95295649353965e-19 12120
1.75 2.928546061515806e-19 11180
1.8 2.948982098459256e-19 11096
1.85 2.810344754431779e-19 10056
1.9 2.8071224883402e-19 9716
1.95 2.651605824461864e-19 8604
2 2.556038000163361e-19 8060
2.05 2.54672276722453e-19 7320
2.1 2.236517243307972e-19 6356
2.15 1.980560371898932e-19 5348
2.2 1.712354190357177e-19 4308
2.25 1.5012664074829e-19 3563
2.3 1.055846759752089e-19 2448
2.35 7.792328865638643e-20 1868
2.4 5.95938509520467e-20 1358
2.45 4.610816333207356e-20 1062
2.5 3.234289488619664e-20 776
2.55 1.781665197610865e-20 432
2.6 8.098824079711537e-21 200
2.65 6.060613203922068e-21 168
2.7 2.814464920976985e-21 56
2.75 2.515331385380384e-22 7

0.05 1.178562453398842e-21 18
0.1 1.660966445111e-21 62
0.15 3.73766420213157e-21 98
0.2 7.663275962608197e-21 210
0.25 9.755941132930733e-21 350
0.3 1.364543857231259e-20 450
0.35 1.164500070656212e-20 602
0.4 1.781879901815922e-20 762
0.45 2.091880269376598e-20 1142
0.5 2.483938332980532e-20 1250
0.55 3.080407320754047e-20 1458
0.6 3.161184328755716e-20 1814
0.65 3.533282838606987e-20 2178
0.7 4.161154835774746e-20 2498
0.75 4.184154684198107e-20 2622
0.8 5.494232955723068e-20 3338
0.85 5.731333756080152e-20 3722
0.9 6.719396327122206e-20 4170
0.95 6.699324534747242e-20 4358
1 8.370100631549839e-20 5034
1.05 9.293420707611779e-20 5714
1.1 9.720599339536761e-20 5982
1.15 1.054943954178454e-19 6602
1.2 1.264342612656846e-19 7130
1.25 1.445782709408703e-19 8034
1.3 1.611896968943275e-19 8606
1.35 1.755740752587818e-19 9066
1.4 1.898790259407284e-19 9962
1.45 2.307122072482796e-19 10550
1.5 2.463822916907748e-19 11226
1.55 2.76121275913039e-19 12146
1.6 2.875586773791903e-19 12303
1.65 3.071106008318309e-19 12584
1.7 2.990308893619222e-19 12120
1.75 2.8137181450243e-19 11180
1.8 2.764637176095537e-19 11096
1.85 2.795240174612413e-19 10056
1.9 2.844631285165222e-19 9716
1.95 2.600912833365559e-19 8604
2 2.530344603364733e-19 8060
2.05 2.466350554251131e-19 7320
2.1 2.14543731306605e-19 6356
2.15 1.956067828857536e-19 5348
2.2 1.617717552789206e-19 4308
2.25 1.429510148802278e-19 3563
2.3 1.01172905463498e-19 2448
2.35 7.765666274034908e-20 1868
2.4 5.899574671077142e-20 1358
2.45 4.260750067555753e-20 1062
2.5 3.424286442068496e-20 776
2.55 1.898544165374984e-20 432
2.6 9.772456466088117e-21 200
2.65 7.668160187216655e-21 168
2.7 1.530013170417778e-21 56
2.75 9.891129211531488e-23 7

0.05 1.275434256649517e-21 18
0.1 2.663973785953671e-21 62
0.15 3.780706715040327e-21 98
0.2 7.477434502635069e-21 210
0.25 9.229460424588245e-21 350
0.3 1.080161493403418e-20 450
0.35 1.321938612731059e-20 602
0.4 2.18161535223715e-20 762
0.45 2.993436903041594e-20 1142
0.5 2.514865266702044e-20 1250
0.55 3.382073423106146e-20 1458
0.6 3.647525941315217e-20 1814
0.65 3.803368084215308e-20 2178
0.7 4.318284775307107e-20 2498
0.75 4.763799374582103e-20 2622
0.8 5.754120871672352e-20 3338
0.85 6.859994993608014e-20 3722
0.9 7.563631102217939e-20 4170
0.95 7.415854237786641e-20 4358
1 9.494228956667878e-20 5034
1.05 9.991292413632301e-20 5714
1.1 1.028933536138726e-19 5982
1.15 1.271582472030955e-19 6602
1.2 1.389169699810237e-19 7130
1.25 1.562638389200723e-19 8034
1.3 1.713819427985666e-19 8606
1.35 1.945092644885061e-19 9066
1.4 2.171366410901439e-19 9962
1.45 2.636689917341261e-19 10550
1.5 2.616807044164693e-19 11226
1.55 3.071625784773145e-19 12146
1.6 3.241490583209874e-19 12303
1.65 3.493287374700257e-19 12584
1.7 3.265927539651968e-19 12120
1.75 3.274012894541433e-19 11180
1.8 3.110270791591268e-19 11096
1.85 2.98197864249538e-19 10056
1.9 3.17332672773609e-19 9716
1.95 2.907875533436295e-19 8604
2 2.764572693666794e-19 8060
2.05 2.649134028377868e-19 7320
2.1 2.45752578018275e-19 6356
2.15 2.192021780665812e-19 5348
2.2 1.810747052094732e-19 4308
2.25 1.6212341438939e-19 3563
2.3 1.136923715040415e-19 2448
2.35 8.55361257921829e-20 1868
2.4 6.202554351338707e-20 1358
2.45 4.974668942159734e-20 1062
2.5 3.542493148686178e-20 776
2.55 1.885976809520035e-20 432
2.6 9.940151948673459e-21 200
2.65 8.812674310578262e-21 168
2.7 1.937035225792034e-21 56
2.75 1.582094776472609e-22 7

0.05 6.517834945866342e-22 18
0.1 1.437549190796438e-21 62
0.15 3.519182671337932e-21 98
0.2 5.852332273358406e-21 210
0.25 1.312616442205632e-20 350
0.3 1.169740429758943e-20 450
0.35 1.18800807609057e-20 602
0.4 1.56465448346669e-20 762
0.45 2.336649336816789e-20 1142
0.5 2.177325151703749e-20 1250
0.55 2.792601051775944e-20 1458
0.6 3.485870491670817e-20 1814
0.65 4.020008051256552e-20 2178
0.7 3.88307059251166e-20 2498
0.75 4.244639350345895e-20 2622
0.8 5.600669760048734e-20 3338
0.85 6.14173687457722e-20 3722
0.9 7.159287057625482e-20 4170
0.95 6.955854008698858e-20 4358
1 8.033229948703927e-20 5034
1.05 9.445540099062936e-20 5714
1.1 1.015728065612574e-19 5982
1.15 1.112998007952758e-19 6602
1.2 1.270017253079813e-19 7130
1.25 1.440774477439525e-19 8034
1.3 1.629633646455426e-19 8606
1.35 1.767691875798335e-19 9066
1.4 2.025833831605661e-19 9962
1.45 2.292076797811231e-19 10550
1.5 2.58871638317758e-19 11226
1.55 2.854323423284239e-19 12146
1.6 2.968056585901053e-19 12303
1.65 3.089508577131264e-19 12584
1.7 3.120033273712339e-19 12120
1.75 2.970366993500445e-19 11180
1.8 2.890490514267703e-19 11096
1.85 2.869341089991958e-19 10056
1.9 2.782715339730327e-19 9716
1.95 2.596473353270167e-19 8604
2 2.507378871598215e-19 8060
2.05 2.472620436378083e-19 7320
2.1 2.262373453521351e-19 6356
2.15 2.076703299108127e-19 5348
2.2 1.698321042017063e-19 4308
2.25 1.509910160725903e-19 3563
2.3 1.010844405220218e-19 2448
2.35 8.039510279636897e-20 1868
2.4 6.069535403446453e-20 1358
2.45 4.690057730293238e-20 1062
2.5 3.323149820345836e-20 776
2.55 1.935681413932574e-20 432
2.6 1.007762039224458e-20 200
2.65 7.261506037177427e-21 168
2.7 1.710649591111779e-21 56
2.75 9.112972331956424e-23 7

0.05 8.895944379760941e-22 18
0.1 1.56271500635836e-21 62
0.15 4.268855498774462e-21 98
0.2 7.591731230924637e-21 210
0.25 8.20726716156483e-21 350
0.3 1.534266818391952e-20 450
0.35 1.282806872609747e-20 602
0.4 1.614572475184456e-20 762
0.45 2.435154590054236e-20 1142
0.5 2.474927266152555e-20 1250
0.55 3.079661037076739e-20 1458
0.6 4.071537145792785e-20 1814
0.65 4.325864583501134e-20 2178
0.7 4.397439749605765e-20 2498
0.75 5.025630051521062e-20 2622
0.8 6.082699168891157e-20 3338
0.85 6.730937388818081e-20 3722
0.9 8.017323335589082e-20 4170
0.95 7.694836650298474e-20 4358
1 1.036484054282679e-19 5034
1.05 1.086811954353294e-19 5714
1.1 1.184379790381847e-19 5982
1.15 1.345304426675654e-19 6602
1.2 1.412187537979693e-19 7130
1.25 1.574466422579129e-19 8034
1.3 1.914425167582898e-19 8606
1.35 2.039734290830415e-19 9066
1.4 2.348048429731975e-19 9962
1.45 2.623395035966319e-19 10550
1.5 2.783735200594979e-19 11226
1.55 3.278618480097623e-19 12146
1.6 3.405792320758249e-19 12303
1.65 3.614233782247257e-19 12584
1.7 3.479758418918006e-19 12120
1.75 3.387400053317123e-19 11180
1.8 3.393739388351099e-19 11096
1.85 3.071768085196268e-19 10056
1.9 3.222747968939222e-19 9716
1.95 3.054752010999881e-19 8604
2 2.804983193206239e-19 8060
2.05 2.878378330910593e-19 7320
2.1 2.578707097785849e-19 6356
2.15 2.216708879875659e-19 5348
2.2 1.987654255663907e-19 4308
2.25 1.604295829231568e-19 3563
2.3 1.172270281943531e-19 2448
2.35 8.700597829482106e-20 1868
2.4 6.509246766227154e-20 1358
2.45 5.123986521477118e-20 1062
2.5 4.103841075886804e-20 776
2.55 2.080229482990389e-20 432
2.6 9.322833009657441e-21 200
2.65 8.037790708717623e-21 168
2.7 2.875866667988738e-21 56
2.75 3.204722926297626e-22 7

0.05 1.102943685728398e-21 18
0.1 3.644041906663782e-21 62
0.15 4.449545234879956e-21 98
0.2 7.227069048105959e-21 210
0.25 1.3102128711372e-20 350
0.3 1.452315211461293e-20 450
0.35 1.497320932579109e-20 602
0.4 2.184483928664061e-20 762
0.45 2.645336739921921e-20 1142
0.5 2.562437417211971e-20 1250
0.55 3.099201669773654e-20 1458
0.6 3.436686155417786e-20 1814
0.65 4.274967140834423e-20 2178
0.7 4.290653258710957e-20 2498
0.75 4.298273729485537e-20 2622
0.8 6.278531896332513e-20 3338
0.85 6.420547334166322e-20 3722
0.9 7.399855060838594e-20 4170
0.95 7.953850720552881e-20 4358
1 9.298044854031004e-20 5034
1.05 1.009793375748504e-19 5714
1.1 1.087622394603563e-19 5982
1.15 1.180879085047979e-19 6602
1.2 1.280585916064964e-19 7130
1.25 1.591822059561118e-19 8034
1.3 1.870947467550995e-19 8606
1.35 1.906547839224177e-19 9066
1.4 2.242788172852426e-19 9962
1.45 2.450031386672396e-19 10550
1.5 2.747429256674537e-19 11226
1.55 3.066239500617965e-19 12146
1.6 3.303357219612138e-19 12303
1.65 3.410089713940058e-19 12584
1.7 3.264145120606084e-19 12120
1.75 3.203141877545341e-19 11180
1.8 3.194124971795276e-19 11096
1.85 3.055031627217643e-19 10056
1.9 3.095938789947802e-19 9716
1.95 2.821487262061114e-19 8604
2 2.788100321121894e-19 8060
2.05 2.657537342087046e-19 7320
2.1 2.457335083904892e-19 6356
2.15 2.161709445058172e-19 5348
2.2 1.85265258513136e-19 4308
2.25 1.569610651841171e-19 3563
2.3 1.109257490170985e-19 2448
2.35 8.312021129742581e-20 1868
2.4 6.787166429208157e-20 1358
2.45 4.872241886545406e-20 1062
2.5 3.539164948231704e-20 776
2.55 2.195763108675413e-20 432
2.6 1.000458530392151e-20 200
2.65 6.925483202654628e-21 168
2.7 3.134182317531771e-21 56
2.75 3.809239808876836e-22 7

0.05 1.617988798715384e-21 18
0.1 1.643633918834575e-21 62
0.15 5.370038061684977e-21 98
0.2 6.962061305085582e-21 210
0.25 1.224971000975293e-20 350
0.3 1.575698313491902e-20 450
0.35 2.080351610887074e-20 602
0.4 1.747798186390997e-20 762
0.45 2.836660056033223e-20 1142
0.5 3.418562123939429e-20 1250
0.55 3.462630486815305e-20 1458
0.6 4.056160215218764e-20 1814
0.65 4.789284010889894e-20 2178
0.7 5.030913765004715e-20 2498
0.75 5.512608023784146e-20 2622
0.8 7.558090367334053e-20 3338
0.85 7.383385185609514e-20 3722
0.9 8.509804212803792e-20 4170
0.95 8.312198603099657e-20 4358
1 1.068611469729167e-19 5034
1.05 1.132797236971936e-19 5714
1.1 1.198953864159207e-19 5982
1.15 1.361102062575709e-19 6602
1.2 1.511964208626104e-19 7130
1.25 1.772799313241007e-19 8034
1.3 1.948950642048281e-19 8606
1.35 2.16130352635271e-19 9066
1.4 2.52319827285701e-19 9962
1.45 2.711714733622948e-19 10550
1.5 3.131126678777752e-19 11226
1.55 3.383461843797142e-19 12146
1.6 3.642598047261054e-19 12303
1.65 3.774920939456767e-19 12584
1.7 3.750226143152021e-19 12120
1.75 3.467211594138956e-19 11180
1.8 3.634182714168709e-19 11096
1.85 3.270622763981137e-19 10056
1.9 3.460266439228544e-19 9716
1.95 3.12720401095255e-19 8604
2 3.095112554556297e-19 8060
2.05 3.009541343812451e-19 7320
2.1 2.726034010370053e-19 6356
2.15 2.454693537512954e-19 5348
2.2 2.058172995837672e-19 4308
2.25 1.778451793742299e-19 3563
2.3 1.293551279983077e-19 2448
2.35 9.611155250100095e-20 1868
2.4 7.768915361582543e-20 1358
2.45 5.873891382966665e-20 1062
2.5 3.985198819026676e-20 776
2.55 2.271495245865575e-20 432
2.6 1.069746947481258e-20 200
2.65 8.814215694308176e-21 168
2.7 2.515887847758494e-21 56
2.75 2.022127393298159e-22 7

0.05 7.812949354584537e-23 18
0.1 9.259292966810321e-22 62
0.15 5.47856972110042e-21 98
0.2 7.352015689794365e-21 210
0.25 1.031657763024871e-20 350
0.3 1.438317840183113e-20 450
0.35 1.612354686278517e-20 602
0.4 2.146586464806855e-20 762
0.45 2.70986073308526e-20 1142
0.5 3.261503372028487e-20 1250
0.55 3.12214285026863e-20 1458
0.6 4.240005183033588e-20 1814
0.65 4.311367298238951e-20 2178
0.7 4.980528654726073e-20 2498
0.75 4.794563823501745e-20 2622
0.8 6.680431111119598e-20 3338
0.85 7.143343350419978e-20 3722
0.9 7.982649180888306e-20 4170
0.95 8.147242097469854e-20 4358
1 9.593361076001289e-20 5034
1.05 1.059279566690899e-19 5714
1.1 1.094020549361634e-19 5982
1.15 1.293452689786018e-19 6602
1.2 1.517076681764423e-19 7130
1.25 1.698522713744835e-19 8034
1.3 1.897458113585039e-19 8606
1.35 2.080297111270967e-19 9066
1.4 2.4292261149264e-19 9962
1.45 2.67110925433517e-19 10550
1.5 2.774094928021112e-19 11226
1.55 3.230611801344262e-19 12146
1.6 3.452953305845923e-19 12303
1.65 3.639718953897675e-19 12584
1.7 3.399979745713536e-19 12120
1.75 3.341236002657788e-19 11180
1.8 3.262413228146582e-19 11096
1.85 3.15307054968658e-19 10056
1.9 3.215426817935211e-19 9716
1.95 2.899526285485122e-19 8604
2 2.818337651495309e-19 8060
2.05 2.798981075314123e-19 7320
2.1 2.503255439786205e-19 6356
2.15 2.292997986545164e-19 5348
2.2 1.899370089389436e-19 4308
2.25 1.664698167402598e-19 3563
2.3 1.18178675973854e-19 2448
2.35 9.022259082340666e-20 1868
2.4 6.967131320349207e-20 1358
2.45 5.074697404081599e-20 1062
2.5 3.780045344578835e-20 776
2.55 1.970109135594686e-20 432
2.6 9.926161800452351e-21 200
2.65 7.653527708445267e-21 168
2.7 2.741713459875591e-21 56
2.75 2.285898813159431e-22 7

0.05 2.125202196768291e-21 18
0.1 2.440820368843904e-21 62
0.15 6.808492886911158e-21 98
0.2 9.859324035704466e-21 210
0.25 1.3281186780936e-20 350
0.3 1.558134591161293e-20 450
0.35 2.111187222664471e-20 602
0.4 1.892273673575204e-20 762
0.45 3.069098365373481e-20 1142
0.5 2.668546365568806e-20 1250
0.55 3.418573517782555e-20 1458
0.6 4.282919180801482e-20 1814
0.65 4.502748551286696e-20 2178
0.7 5.026623368067844e-20 2498
0.75 5.387016460260499e-20 2622
0.8 7.021241294420372e-20 3338
0.85 7.930137480090732e-20 3722
0.9 7.848085779853926e-20 4170
0.95 8.5595962204678e-20 4358
1 1.024046082039517e-19 5034
1.05 1.209315191714697e-19 5714
1.1 1.267480894665669e-19 5982
1.15 1.401931514731786e-19 6602
1.2 1.622979301195841e-19 7130
1.25 1.968236258938735e-19 8034
1.3 2.180931639210676e-19 8606
1.35 2.222761489016113e-19 9066
1.4 2.533056281722521e-19 9962
1.45 2.908139009705543e-19 10550
1.5 3.112371088318266e-19 11226
1.55 3.539614890797968e-19 12146
1.6 3.849341517583524e-19 12303
1.65 3.939696870908895e-19 12584
1.7 3.805811142054681e-19 12120
1.75 3.722842917297191e-19 11180
1.8 3.913787539926506e-19 11096
1.85 3.409710516888644e-19 10056
1.9 3.578856469007337e-19 9716
1.95 3.227939139497539e-19 8604
2 3.136555367217316e-19 8060
2.05 3.111998028259502e-19 7320
2.1 2.772368398987572e-19 6356
2.15 2.55264554594202e-19 5348
2.2 2.139182672819488e-19 4308
2.25 1.810389000393881e-19 3563
2.3 1.257732209448289e-19 2448
2.35 1.013573869120325e-19 1868
2.4 6.983398274745775e-20 1358
2.45 5.835755459508563e-20 1062
2.5 4.317216034442265e-20 776
2.55 2.140644704709199e-20 432
2.6 1.141340376440284e-20 200
2.65 9.392966997932875e-21 168
2.7 2.272172117942917e-21 56
2.75 1.654041804484247e-22 7

0.05 6.868500611471287e-22 18
0.1 3.556673331880972e-21 62
0.15 7.481763147329058e-21 98
0.2 7.911636218990711e-21 210
0.25 1.138137682685478e-20 350
0.3 1.46107680951549e-20 450
0.35 1.480362994380993e-20 602
0.4 1.928206480799318e-20 762
0.45 3.086138559857541e-20 1142
0.5 2.97365456097927e-20 1250
0.55 4.131926817771877e-20 1458
0.6 3.793985474794648e-20 1814
0.65 4.223209439513227e-20 2178
0.7 5.449619786899282e-20 2498
0.75 5.317462975789988e-20 2622
0.8 6.73895363618903e-20 3338
0.85 6.885381086659283e-20 3722
0.9 8.253024403967611e-20 4170
0.95 8.211605331289924e-20 4358
1 1.028511859380454e-19 5034
1.05 1.128640158854667e-19 5714
1.1 1.175736604227891e-19 5982
1.15 1.322111943009503e-19 6602
1.2 1.596372597829086e-19 7130
1.25 1.760698150303712e-19 8034
1.3 2.036398438346374e-19 8606
1.35 2.212921262134974e-19 9066
1.4 2.433291095344092e-19 9962
1.45 2.815002795596787e-19 10550
1.5 2.997060375403221e-19 11226
1.55 3.36876002853844e-19 12146
1.6 3.589791339525412e-19 12303
1.65 3.774416311205675e-19 12584
1.7 3.81638871692534e-19 12120
1.75 3.57523262448317e-19 11180
1.8 3.628375269243754e-19 11096
1.85 3.263877434511607e-19 10056
1.9 3.458388523290724e-19 9716
1.95 3.131013444889373e-19 8604
2 3.102030300141948e-19 8060
2.05 3.056115543527494e-19 7320
2.1 2.672791623198163e-19 6356
2.15 2.43212005136053e-19 5348
2.2 2.004348228616217e-19 4308
2.25 1.788142569492904e-19 3563
2.3 1.272025781716866e-19 2448
2.35 9.407592494332434e-20 1868
2.4 7.286833339621542e-20 1358
2.45 5.31559761076451e-20 1062
2.5 4.156265022688653e-20 776
2.55 2.043019241085872e-20 432
2.6 1.103087651783449e-20 200
2.65 8.376517830200939e-21 168
2.7 2.878761741955756e-21 56
2.75 2.972471844571531e-22 7

0.05 1.15707615461227e-21 18
0.1 3.252828703639399e-21 62
0.15 8.134419557098208e-21 98
0.2 5.853101815291445e-21 210
0.25 1.383791567364314e-20 350
0.3 1.588362450986993e-20 450
0.35 2.228483112308654e-20 602
0.4 2.579037730476662e-20 762
0.45 3.482032285340446e-20 1142
0.5 3.322746781995047e-20 1250
0.55 3.848687527044555e-20 1458
0.6 4.195941578502351e-20 1814
0.65 5.799716526771342e-20 2178
0.7 5.129626938027623e-20 2498
0.75 5.731361242455764e-20 2622
0.8 7.930565744610229e-20 3338
0.85 8.310795980680874e-20 3722
0.9 8.872533632958076e-20 4170
0.95 9.7721932478051e-20 4358
1 1.140613890162796e-19 5034
1.05 1.209356513330728e-19 5714
1.1 1.259638864845769e-19 5982
1.15 1.47944112954538e-19 6602
1.2 1.705567954999577e-19 7130
1.25 1.856894722451905e-19 8034
1.3 2.085544952726485e-19 8606
1.35 2.388129504253673e-19 9066
1.4 2.65756942576513e-19 9962
1.45 2.941280563358836e-19 10550
1.5 3.330553072850111e-19 11226
1.55 3.666325931890278e-19 12146
1.6 3.928654501443569e-19 12303
1.65 4.192458438493322e-19 12584
1.7 4.07471681947165e-19 12120
1.75 4.086348950918737e-19 11180
1.8 3.970118061240714e-19 11096
1.85 3.673406782537397e-19 10056
1.9 3.661067480158556e-19 9716
1.95 3.367959330542227e-19 8604
2 3.393178360116797e-19 8060
2.05 3.341859081445915e-19 7320
2.1 2.9088425415451e-19 6356
2.15 2.662980857375362e-19 5348
2.2 2.247905176918424e-19 4308
2.25 1.975518560063204e-19 3563
2.3 1.330927471904626e-19 2448
2.35 1.01335233449745e-19 1868
2.4 7.723858532422566e-20 1358
2.45 5.988297754020847e-20 1062
2.5 4.426848496850569e-20 776
2.55 2.405639332917903e-20 432
2.6 1.116504939445166e-20 200
2.65 8.97582650987908e-21 168
2.7 2.965357801047118e-21 56
2.75 2.114670030968438e-22 7

0.05 1.174899053355013e-21 18
0.1 1.683748638478703e-21 62
0.15 5.166850875885129e-21 98
0.2 1.124713468695664e-20 210
0.25 1.610342434721945e-20 350
0.3 1.677140677573101e-20 450
0.35 1.749402483367174e-20 602
0.4 2.274532970198175e-20 762
0.45 2.822605071764601e-20 1142
0.5 3.31414728108768e-20 1250
0.55 3.426337689146512e-20 1458
0.6 4.254259021743256e-20 1814
0.65 3.421295684812443e-20 2178
0.7 5.816109816654982e-20 2498
0.75 5.231130214081978e-20 2622
0.8 6.590365417926213e-20 3338
0.85 6.663272823390031e-20 3722
0.9 7.827349536493955e-20 4170
0.95 8.847195867348802e-20 4358
1 1.102947748961937e-19 5034
1.05 1.169492990399127e-19 5714
1.1 1.230780722265606e-19 5982
1.15 1.388966684222336e-19 6602
1.2 1.525691467768831e-19 7130
1.25 1.782930218780025e-19 8034
1.3 2.066904456917413e-19 8606
1.35 2.18948999235628e-19 9066
1.4 2.592098827767122e-19 9962
1.45 2.803694440105198e-19 10550
1.5 3.103971227309954e-19 11226
1.55 3.591662174846075e-19 12146
1.6 3.666812601668213e-19 12303
1.65 3.848193361416422e-19 12584
1.7 3.930580420450816e-19 12120
1.75 3.779973597579311e-19 11180
1.8 3.647150070564889e-19 11096
1.85 3.420743014675146e-19 10056
1.9 3.53390730836712e-19 9716
1.95 3.324084784384182e-19 8604
2 3.169222401372269e-19 8060
2.05 3.127538737566797e-19 7320
2.1 2.895341392710797e-19 6356
2.15 2.504126917547698e-19 5348
2.2 2.102058090501819e-19 4308
2.25 1.797807423867877e-19 3563
2.3 1.281108097224219e-19 2448
2.35 9.975619375398292e-20 1868
2.4 7.424865442907607e-20 1358
2.45 5.860204090318255e-20 1062
2.5 4.326490166696015e-20 776
2.55 2.23849448353944e-20 432
2.6 1.190944570436834e-20 200
2.65 8.432506962784663e-21 168
2.7 3.584249991351531e-21 56
2.75 3.469510521174252e-22 7

0.05 1.467715787664915e-21 18
0.1 2.0174544530132e-21 62
0.15 1.604256645644578e-21 98
0.2 7.482232959649405e-21 210
0.25 1.334364703016366e-20 350
0.3 2.049364064152559e-20 450
0.35 1.97695545291722e-20 602
0.4 2.166999517725929e-20 762
0.45 3.543905384194095e-20 1142
0.5 3.500786364241558e-20 1250
0.55 4.102104828468096e-20 1458
0.6 4.234980467946593e-20 1814
0.65 5.730180243085021e-20 2178
0.7 6.843980088153953e-20 2498
0.75 6.165401456848983e-20 2622
0.8 7.672278444399373e-20 3338
0.85 7.865736144722785e-20 3722
0.9 8.954940947154469e-20 4170
0.95 8.344569868243185e-20 4358
1 1.14427296943624e-19 5034
1.05 1.281863903086032e-19 5714
1.1 1.423660877864485e-19 5982
1.15 1.382762685375404e-19 6602
1.2 1.5199456717302e-19 7130
1.25 1.885843077442466e-19 8034
1.3 2.180007607558602e-19 8606
1.35 2.416177470470587e-19 9066
1.4 2.771189567029994e-19 9962
1.45 3.054313588440943e-19 10550
1.5 3.438336595890267e-19 11226
1.55 3.806486434883831e-19 12146
1.6 4.087227761684197e-19 12303
1.65 4.270353402802607e-19 12584
1.7 4.140775441374363e-19 12120
1.75 4.013356404665175e-19 11180
1.8 4.070151235899669e-19 11096
1.85 3.81004649891673e-19 10056
1.9 3.79222220730521e-19 9716
1.95 3.530702221115887e-19 8604
2 3.419189866032482e-19 8060
2.05 3.377394048026204e-19 7320
2.1 3.097625607059426e-19 6356
2.15 2.846242555371067e-19 5348
2.2 2.335510076416581e-19 4308
2.25 1.929982547687142e-19 3563
2.3 1.40298946362182e-19 2448
2.35 1.093072963002015e-19 1868
2.4 8.474681394579887e-20 1358
2.45 6.041968547194038e-20 1062
2.5 4.635151714124215e-20 776
2.55 2.442406511687002e-20 432
2.6 1.281250465012055e-20 200
2.65 9.193395859824013e-21 168
2.7 3.81163360839615e-21 56
2.75 3.56060403996617e-22 7

0.05 4.967136276855184e-22 18
0.1 2.158298413397687e-21 62
0.15 1.726635703187589e-21 98
0.2 8.092088479480734e-21 210
0.25 1.214347430690528e-20 350
0.3 1.629482541186131e-20 450
0.35 2.072124153704467e-20 602
0.4 1.991036358401431e-20 762
0.45 3.172831746779346e-20 1142
0.5 3.081692850936369e-20 1250
0.55 4.000442852414974e-20 1458
0.6 4.917610830190305e-20 1814
0.65 4.976475639620044e-20 2178
0.7 6.478932641531599e-20 2498
0.75 5.808706005115843e-20 2622
0.8 8.051019358495391e-20 3338
0.85 8.152654330861682e-20 3722
0.9 8.673162453581172e-20 4170
0.95 9.820615725501096e-20 4358
1 1.18033140436927e-19 5034
1.05 1.277271388832507e-19 5714
1.1 1.314104246154435e-19 5982
1.15 1.428993650397206e-19 6602
1.2 1.602208142570536e-19 7130
1.25 1.9929359315235e-19 8034
1.3 2.200027060620637e-19 8606
1.35 2.429131703792302e-19 9066
1.4 2.720202019131884e-19 9962
1.45 3.080616119132372e-19 10550
1.5 3.429381206972437e-19 11226
1.55 3.680403298835001e-19 12146
1.6 4.062778839564625e-19 12303
1.65 4.094342014320385e-19 12584
1.7 4.066865168022135e-19 12120
1.75 3.999682987036928e-19 11180
1.8 3.855149942466274e-19 11096
1.85 3.65700914906417e-19 10056
1.9 3.703377076932985e-19 9716
1.95 3.424531041176643e-19 8604
2 3.331626018708306e-19 8060
2.05 3.29856360028985e-19 7320
2.1 2.919384980809231e-19 6356
2.15 2.602937457813096e-19 5348
2.2 2.194833743412596e-19 4308
2.25 1.926323762041687e-19 3563
2.3 1.372067429931189e-19 2448
2.35 1.05354543788346e-19 1868
2.4 7.85777896999421e-20 1358
2.45 5.681481915569106e-20 1062
2.5 4.386008179931173e-20 776
2.55 2.322519842575008e-20 432
2.6 1.252993760579894e-20 200
2.65 9.350213928036582e-21 168
2.7 2.192408069612583e-21 56
2.75 9.883109730890274e-23 7

0.05 2.426007768410577e-21 18
0.1 2.818727807533318e-21 62
0.15 6.556128197622231e-21 98
0.2 1.225173371794283e-20 210
0.25 1.739635441866885e-20 350
0.3 1.612691761566575e-20 450
0.35 1.992852719755152e-20 602
0.4 2.243778250868537e-20 762
0.45 3.242081143868717e-20 1142
0.5 3.726715219329452e-20 1250
0.55 3.63127342948616e-20 1458
0.6 4.868297197957446e-20 1814
0.65 5.629888511661664e-20 2178
0.7 6.316451963255668e-20 2498
0.75 5.923360804618082e-20 2622
0.8 7.695785104475983e-20 3338
0.85 8.471103868473983e-20 3722
0.9 1.019623707251334e-19 4170
0.95 1.080463631077459e-19 4358
1 1.188408611626411e-19 5034
1.05 1.409718475558891e-19 5714
1.1 1.435520781709104e-19 5982
1.15 1.615876160476255e-19 6602
1.2 1.781442076122044e-19 7130
1.25 2.121365678849404e-19 8034
1.3 2.374479146345793e-19 8606
1.35 2.537899564432167e-19 9066
1.4 2.954337795042139e-19 9962
1.45 3.364040748652712e-19 10550
1.5 3.555442376296541e-19 11226
1.55 4.035104195983184e-19 12146
1.6 4.301925819353554e-19 12303
1.65 4.603232007211206e-19 12584
1.7 4.405749788438959e-19 12120
1.75 4.080194391404843e-19 11180
1.8 4.252840530808952e-19 11096
1.85 3.98259686205611e-19 10056
1.9 3.964271528749594e-19 9716
1.95 3.680557781655699e-19 8604
2 3.6299232036894e-19 8060
2.05 3.452953689529173e-19 7320
2.1 3.200065428263669e-19 6356
2.15 2.865128224357442e-19 5348
2.2 2.432591473778533e-19 4308
2.25 2.106576757602607e-19 3563
2.3 1.485881347823048e-19 2448
2.35 1.124736392258237e-19 1868
2.4 8.337171539428948e-20 1358
2.45 6.671252097838733e-20 1062
2.5 4.914315648439989e-20 776
2.55 2.757205241293467e-20 432
2.6 1.169187664976237e-20 200
2.65 9.774231363077803e-21 168
2.7 4.013262775250946e-21 56
2.75 3.616029479592919e-22 7

0.05 2.258836914842115e-22 18
0.1 3.739888344834092e-21 62
0.15 7.395786269132619e-21 98
0.2 3.189478707433397e-21 210
0.25 1.881375227240409e-20 350
0.3 2.010460374174102e-20 450
0.35 2.217593691417281e-20 602
0.4 2.352304705540343e-20 762
0.45 3.370151971220478e-20 1142
0.5 3.269503230915079e-20 1250
0.55 3.231948826427889e-20 1458
0.6 4.479863486691389e-20 1814
0.65 5.413805567459134e-20 2178
0.7 5.44077501584739e-20 2498
0.75 6.444866044769323e-20 2622
0.8 7.072850882055388e-20 3338
0.85 7.543501388248057e-20 3722
0.9 9.293287987329254e-20 4170
0.95 9.770182260908581e-20 4358
1 1.150134507474119e-19 5034
1.05 1.247799091241344e-19 5714
1.1 1.337709307534293e-19 5982
1.15 1.445714290905497e-19 6602
1.2 1.712534558023933e-19 7130
1.25 1.912098845726599e-19 8034
1.3 2.163566737763795e-19 8606
1.35 2.407038446855427e-19 9066
1.4 2.820943159921799e-19 9962
1.45 3.14572588265076e-19 10550
1.5 3.44992434709265e-19 11226
1.55 3.787551213192001e-19 12146
1.6 4.077201154389343e-19 12303
1.65 4.449377705888778e-19 12584
1.7 4.217499953138155e-19 12120
1.75 4.21414270944393e-19 11180
1.8 3.939584551684877e-19 11096
1.85 3.79767926917644e-19 10056
1.9 3.924625581061603e-19 9716
1.95 3.482496155929876e-19 8604
2 3.508192870723276e-19 8060
2.05 3.409720165954335e-19 7320
2.1 3.080264777362752e-19 6356
2.15 2.796797654281794e-19 5348
2.2 2.360700041146525e-19 4308
2.25 1.967519846294723e-19 3563
2.3 1.451894506907763e-19 2448
2.35 1.092957521131078e-19 1868
2.4 8.46728604692286e-20 1358
2.45 5.990658924513216e-20 1062
2.5 4.415678878340104e-20 776
2.55 2.496400221296614e-20 432
2.6 1.165344888216597e-20 200
2.65 9.417412901991751e-21 168
2.7 3.85038877391414e-21 56
2.75 3.707230129442366e-22 7

0.05 2.056689011431559e-21 18
0.1 3.725661753611896e-21 62
0.15 6.184078470304457e-21 98
0.2 1.630708154591459e-20 210
0.25 1.837309713835986e-20 350
0.3 1.718086058575112e-20 450
0.35 2.582537658397759e-20 602
0.4 2.509820057696064e-20 762
0.45 3.665500531865321e-20 1142
0.5 3.536699790547784e-20 1250
0.55 4.880183956586791e-20 1458
0.6 4.783315650319505e-20 1814
0.65 5.651872912489494e-20 2178
0.7 6.372882535815265e-20 2498
0.75 6.328069620378598e-20 2622
0.8 7.929229122449806e-20 3338
0.85 9.930600433726714e-20 3722
0.9 1.097391185561104e-19 4170
0.95 1.057594053166529e-19 4358
1 1.226225436894613e-19 5034
1.05 1.390034537166365e-19 5714
1.1 1.584596025629822e-19 5982
1.15 1.76305377518393e-19 6602
1.2 1.654446371390081e-19 7130
1.25 2.146334952863127e-19 8034
1.3 2.372250006090414e-19 8606
1.35 2.609187800203681e-19 9066
1.4 2.924386652670294e-19 9962
1.45 3.266051300347065e-19 10550
1.5 3.704599425745559e-19 11226
1.55 4.080667966162132e-19 12146
1.6 4.423318749043908e-19 12303
1.65 4.643402494591032e-19 12584
1.7 4.454771927240181e-19 12120
1.75 4.268288691278678e-19 11180
1.8 4.320667196561314e-19 11096
1.85 4.047862743109546e-19 10056
1.9 4.154578616054821e-19 9716
1.95 3.818854369217777e-19 8604
2 3.748187613583639e-19 8060
2.05 3.752045459131612e-19 7320
2.1 3.235256780176248e-19 6356
2.15 2.972182739897055e-19 5348
2.2 2.46605681656817e-19 4308
2.25 2.208286701277526e-19 3563
2.3 1.516359418168473e-19 2448
2.35 1.158928962053768e-19 1868
2.4 8.981122326581677e-20 1358
2.45 6.502867073027307e-20 1062
2.5 4.721318446511079e-20 776
2.55 2.693419442588326e-20 432
2.6 1.157549648357202e-20 200
2.65 9.862808020169272e-21 168
2.7 3.525659156613512e-21 56
2.75 1.79104546806562e-22 7

0.05 1.243455464904272e-21 18
0.1 2.525413262187514e-21 62
0.15 5.641156756733974e-21 98
0.2 9.208496565010982e-21 210
0.25 1.326014945323295e-20 350
0.3 2.176632491914766e-20 450
0.35 2.238328478825168e-20 602
0.4 2.380525562726095e-20 762
0.45 3.631897095338791e-20 1142
0.5 3.342534782043157e-20 1250
0.55 3.930502480021629e-20 1458
0.6 5.28866929204843e-20 1814
0.65 5.655955463306422e-20 2178
0.7 6.011672616599524e-20 2498
0.75 5.977065678428418e-20 2622
0.8 8.316676406170499e-20 3338
0.85 8.229267004157468e-20 3722
0.9 1.107428522827153e-19 4170
0.95 1.086207426457732e-19 4358
1 1.308564961217916e-19 5034
1.05 1.298947924241599e-19 5714
1.1 1.465121947082011e-19 5982
1.15 1.544478563214603e-19 6602
1.2 1.767562529502545e-19 7130
1.25 1.978013576366964e-19 8034
1.3 2.387210983768886e-19 8606
1.35 2.52652283094838e-19 9066
1.4 2.947103969925979e-19 9962
1.45 3.161623718664889e-19 10550
1.5 3.479469420533037e-19 11226
1.55 4.027006772509738e-19 12146
1.6 4.286547901532206e-19 12303
1.65 4.603387871693191e-19 12584
1.7 4.245630267289467e-19 12120
1.75 4.188820926336717e-19 11180
1.8 4.221700737548873e-19 11096
1.85 4.044868872012478e-19 10056
1.9 4.109553568322267e-19 9716
1.95 3.607927848222674e-19 8604
2 3.559403004504427e-19 8060
2.05 3.490558549080869e-19 7320
2.1 3.261941445938629e-19 6356
2.15 2.870734707408528e-19 5348
2.2 2.402613152989567e-19 4308
2.25 2.060399940503342e-19 3563
2.3 1.518626566574887e-19 2448
2.35 1.113853422281843e-19 1868
2.4 8.399961611216239e-20 1358
2.45 6.479396457594499e-20 1062
2.5 4.898205068760977e-20 776
2.55 2.557186732684117e-20 432
2.6 1.307873862524838e-20 200
2.65 1.054329562708324e-20 168
2.7 2.906163432242637e-21 56
2.75 3.701377959807589e-22 7

0.05 7.690386769535385e-22 18
0.1 2.419481893665918e-21 62
0.15 5.739022270937136e-21 98
0.2 8.001959073411624e-21 210
0.25 1.118797948192416e-20 350
0.3 1.44352631918809e-20 450
0.35 2.269004807570142e-20 602
0.4 2.989633544681238e-20 762
0.45 3.537400455301652e-20 1142
0.5 3.358694132462756e-20 1250
0.55 4.128144518299089e-20 1458
0.6 6.07038142729216e-20 1814
0.65 5.192013454679367e-20 2178
0.7 5.873157490020511e-20 2498
0.75 6.659421442666619e-20 2622
0.8 8.386070787540145e-20 3338
0.85 9.719892493442526e-20 3722
0.9 1.11179248774975e-19 4170
0.95 1.137181531739091e-19 4358
1 1.284287528168368e-19 5034
1.05 1.509369574901156e-19 5714
1.1 1.518952842764055e-19 5982
1.15 1.73584505583986e-19 6602
1.2 1.986598073143939e-19 7130
1.25 2.311243811323981e-19 8034
1.3 2.526716411317744e-19 8606
1.35 2.706357494608492e-19 9066
1.4 3.089736981329335e-19 9962
1.45 3.49056952844037e-19 10550
1.5 3.935710153201779e-19 11226
1.55 4.299763581468783e-19 12146
1.6 4.679779879757465e-19 12303
1.65 4.921856397381925e-19 12584
1.7 4.690226915390124e-19 12120
1.75 4.511493970629299e-19 11180
1.8 4.661367795683208e-19 11096
1.85 4.23361501742117e-19 10056
1.9 4.29577388511838e-19 9716
1.95 3.906927765375641e-19 8604
2 3.919305778664603e-19 8060
2.05 3.843887248909286e-19 7320
2.1 3.492058048420737e-19 6356
2.15 3.020079327587848e-19 5348
2.2 2.583756488615176e-19 4308
2.25 2.262701360246712e-19 3563
2.3 1.582173006344365e-19 2448
2.35 1.168158285536457e-19 1868
2.4 9.177150609485404e-20 1358
2.45 7.022776322769724e-20 1062
2.5 4.948270016738676e-20 776
2.55 2.934483362037522e-20 432
2.6 1.188135738334652e-20 200
2.65 1.046082183911124e-20 168
2.7 2.500478212917264e-21 56
2.75 2.104947325649169e-22 7

0.05 2.350416582182635e-21 18
0.1 2.36753854892078e-21 62
0.15 7.040136260075255e-21 98
0.2 5.34933619846401e-21 210
0.25 1.202508301853516e-20 350
0.3 2.217455209111121e-20 450
0.35 2.041430690584397e-20 602
0.4 1.917549090625323e-20 762
0.45 3.529642285216668e-20 1142
0.5 4.0059458965552e-20 1250
0.55 4.362506246380729e-20 1458
0.6 5.465831933827239e-20 1814
0.65 6.027010108537602e-20 2178
0.7 6.877965757425855e-20 2498
0.75 6.640334611978311e-20 2622
0.8 8.177719315983752e-20 3338
0.85 8.873082159737849e-20 3722
0.9 9.714835449510068e-20 4170
0.95 1.022538133911618e-19 4358
1 1.262839605696897e-19 5034
1.05 1.487575381293321e-19 5714
1.1 1.469547866501319e-19 5982
1.15 1.580629630540638e-19 6602
1.2 1.920240775977377e-19 7130
1.25 2.192110146327569e-19 8034
1.3 2.480396745813092e-19 8606
1.35 2.554944353807877e-19 9066
1.4 2.907989046136478e-19 9962
1.45 3.451237241689327e-19 10550
1.5 3.614239637743355e-19 11226
1.55 4.271189639265762e-19 12146
1.6 4.367525957368092e-19 12303
1.65 4.748786932982722e-19 12584
1.7 4.569879359282667e-19 12120
1.75 4.381927292264785e-19 11180
1.8 4.402102526232731e-19 11096
1.85 3.944753945904423e-19 10056
1.9 4.027185029967483e-19 9716
1.95 3.904124588182263e-19 8604
2 3.561935453519021e-19 8060
2.05 3.502877717018681e-19 7320
2.1 3.244735116671527e-19 6356
2.15 2.926249498603918e-19 5348
2.2 2.570131570893552e-19 4308
2.25 2.141718274616026e-19 3563
2.3 1.457242562717525e-19 2448
2.35 1.210947937135571e-19 1868
2.4 8.779612457240974e-20 1358
2.45 6.635358252653249e-20 1062
2.5 4.771075491617446e-20 776
2.55 2.791284002926493e-20 432
2.6 1.191270264348935e-20 200
2.65 9.775390250711189e-21 168
2.7 2.459570111634108e-21 56
2.75 2.801328642587715e-22 7

0.05 2.229147302655417e-22 18
0.1 2.275016690034516e-21 62
0.15 6.845209494768682e-21 98
0.2 1.064105954676098e-20 210
0.25 8.992559884718631e-21 350
0.3 2.251557951929872e-20 450
0.35 2.083871482105438e-20 602
0.4 3.137855372915785e-20 762
0.45 4.463982754938634e-20 1142
0.5 3.822653948843108e-20 1250
0.55 4.570471583599597e-20 1458
0.6 4.849909386079203e-20 1814
0.65 5.217846501095372e-20 2178
0.7 6.921543140100896e-20 2498
0.75 7.563545167893727e-20 2622
0.8 9.754621196149878e-20 3338
0.85 9.351059167515264e-20 3722
0.9 1.067768631131758e-19 4170
0.95 1.07610368009586e-19 4358
1 1.378345777579404e-19 5034
1.05 1.342238780209803e-19 5714
1.1 1.433672347217412e-19 5982
1.15 1.761854124474929e-19 6602
1.2 1.920190231466827e-19 7130
1.25 2.219957757629684e-19 8034
1.3 2.602448511470907e-19 8606
1.35 2.648369869928197e-19 9066
1.4 3.083137459080325e-19 9962
1.45 3.704608643659841e-19 10550
1.5 4.002118222782079e-19 11226
1.55 4.473829220838544e-19 12146
1.6 4.543150577141405e-19 12303
1.65 4.856363093293984e-19 12584
1.7 4.812930285751879e-19 12120
1.75 4.553500689931629e-19 11180
1.8 4.588982621121051e-19 11096
1.85 4.387119703306187e-19 10056
1.9 4.566101458160934e-19 9716
1.95 3.992738347445504e-19 8604
2 4.061087227927605e-19 8060
2.05 3.857721943325206e-19 7320
2.1 3.557732182004736e-19 6356
2.15 3.077684320772323e-19 5348
2.2 2.745991857979825e-19 4308
2.25 2.265797409862835e-19 3563
2.3 1.609704054757265e-19 2448
2.35 1.213857227656145e-19 1868
2.4 1.020867208040338e-19 1358
2.45 6.888784913320828e-20 1062
2.5 5.013382003602215e-20 776
2.55 2.97784027925297e-20 432
2.6 1.351889702819074e-20 200
2.65 1.203788922006299e-20 168
2.7 4.076841109641709e-21 56
2.75 4.358985835706122e-22 7

0.05 2.275130478250347e-21 18
0.1 2.239990001676009e-21 62
0.15 4.711252749459033e-21 98
0.2 1.287324031025433e-20 210
0.25 1.10280794374406e-20 350
0.3 2.058591844232964e-20 450
0.35 2.474187916712389e-20 602
0.4 2.3780079996473e-20 762
0.45 4.767960206328585e-20 1142
0.5 3.784658009098277e-20 1250
0.55 4.215677137517831e-20 1458
0.6 5.082764583024307e-20 1814
0.65 5.538973692007718e-20 2178
0.7 5.940076784229599e-20 2498
0.75 6.337714139700721e-20 2622
0.8 7.149887783303736e-20 3338
0.85 9.496564533033234e-20 3722
0.9 1.080173951848198e-19 4170
0.95 1.083234453088789e-19 4358
1 1.327449694081738e-19 5034
1.05 1.492060232932262e-19 5714
1.1 1.616001487144632e-19 5982
1.15 1.621766440341654e-19 6602
1.2 1.963849918518408e-19 7130
1.25 2.176601502849379e-19 8034
1.3 2.433702258326705e-19 8606
1.35 2.618865428808847e-19 9066
1.4 3.083034030909401e-19 9962
1.45 3.584308637240717e-19 10550
1.5 3.731126300183784e-19 11226
1.55 4.237140768345139e-19 12146
1.6 4.502574147349969e-19 12303
1.65 4.948209801846366e-19 12584
1.7 4.571232368665279e-19 12120
1.75 4.639270263755915e-19 11180
1.8 4.462918894368009e-19 11096
1.85 4.255381881741e-19 10056
1.9 4.360018652523617e-19 9716
1.95 3.954391552487782e-19 8604
2 3.869084708197937e-19 8060
2.05 3.818035843674143e-19 7320
2.1 3.417535707275517e-19 6356
2.15 3.084932802435157e-19 5348
2.2 2.600574284401689e-19 4308
2.25 2.286543502903394e-19 3563
2.3 1.646409848361652e-19 2448
2.35 1.230716582510172e-19 1868
2.4 9.098478308288939e-20 1358
2.45 6.930754386411104e-20 1062
2.5 5.265417867296275e-20 776
2.55 2.846287374504305e-20 432
2.6 1.357007373452058e-20 200
2.65 9.654863207747115e-21 168
2.7 2.613731777999553e-21 56
2.75 2.370506654581458e-22 7

0.05 1.095099738815039e-21 18
0.1 3.063919717679898e-21 62
0.15 7.989910276337752e-21 98
0.2 1.109864228399364e-20 210
0.25 2.363413626864954e-20 350
0.3 2.237698507456681e-20 450
0.35 3.163317036870376e-20 602
0.4 2.751189172397396e-20 762
0.45 5.030737903524665e-20 1142
0.5 4.357141303557816e-20 1250
0.55 4.950452413307598e-20 1458
0.6 6.093325814193146e-20 1814
0.65 6.241867903745132e-20 2178
0.7 5.870936907469001e-20 2498
0.75 6.563670074576443e-20 2622
0.8 9.615173016261445e-20 3338
0.85 9.806460335498337e-20 3722
0.9 1.156684456360547e-19 4170
0.95 1.091754436699947e-19 4358
1 1.417783887599532e-19 5034
1.05 1.539897590768929e-19 5714
1.1 1.587637714540731e-19 5982
1.15 1.788484121228126e-19 6602
1.2 1.967519533252509e-19 7130
1.25 2.334167041104728e-19 8034
1.3 2.631551144054314e-19 8606
1.35 2.865733590445136e-19 9066
1.4 3.3277323380904e-19 9962
1.45 3.781754328643598e-19 10550
1.5 4.051077458328824e-19 11226
1.55 4.471601587585945e-19 12146
1.6 4.823949693360306e-19 12303
1.65 5.063467540531804e-19 12584
1.7 4.925739727266505e-19 12120
1.75 4.734275285643636e-19 11180
1.8 4.802234824792105e-19 11096
1.85 4.362221301324482e-19 10056
1.9 4.632673268519573e-19 9716
1.95 4.077814307981694e-19 8604
2 4.186309908837807e-19 8060
2.05 4.05941916500985e-19 7320
2.1 3.71465408617882e-19 6356
2.15 3.360037271766055e-19 5348
2.2 2.634741637657706e-19 4308
2.25 2.404492059334607e-19 3563
2.3 1.68525035295591e-19 2448
2.35 1.33617382789463e-19 1868
2.4 9.724154975940163e-20 1358
2.45 7.388569641821043e-20 1062
2.5 5.422767118366997e-20 776
2.55 3.043232997154013e-20 432
2.6 1.566452358961884e-20 200
2.65 1.157298292331629e-20 168
2.7 3.108245701467078e-21 56
2.75 1.556106543486866e-22 7

0.05 1.495708910534644e-21 18
0.1 3.651227457277234e-21 62
0.15 7.58334649562279e-21 98
0.2 9.025538113691098e-21 210
0.25 1.069905337886107e-20 350
0.3 1.268747785034577e-20 450
0.35 2.422253308285498e-20 602
0.4 2.566763062927473e-20 762
0.45 4.364160698129398e-20 1142
0.5 3.925355202860889e-20 1250
0.55 4.667681708146718e-20 1458
0.6 4.759767326019719e-20 1814
0.65 6.062242953330413e-20 2178
0.7 5.689982034437819e-20 2498
0.75 7.666336837814069e-20 2622
0.8 9.637530447175201e-20 3338
0.85 8.326949497140518e-20 3722
0.9 1.00549739430618e-19 4170
0.95 1.139620573119231e-19 4358
1 1.336625219772649e-19 5034
1.05 1.501162242622298e-19 5714
1.1 1.581948086782614e-19 5982
1.15 1.837051073359159e-19 6602
1.2 2.008655197047522e-19 7130
1.25 2.434006253386503e-19 8034
1.3 2.678014554620048e-19 8606
1.35 2.817298150568749e-19 9066
1.4 3.325386298005808e-19 9962
1.45 3.678297880646659e-19 10550
1.5 4.013325347160356e-19 11226
1.55 4.514325354537928e-19 12146
1.6 4.793399505274919e-19 12303
1.65 4.930109123324286e-19 12584
1.7 4.87464219668414e-19 12120
1.75 4.665469502917219e-19 11180
1.8 4.584327283738973e-19 11096
1.85 4.427851903610224e-19 10056
1.9 4.324525197049525e-19 9716
1.95 4.150774004107466e-19 8604
2 3.997350241922451e-19 8060
2.05 3.927774398591222e-19 7320
2.1 3.604073585240229e-19 6356
2.15 3.170884935115867e-19 5348
2.2 2.629678193753272e-19 4308
2.25 2.360305548189684e-19 3563
2.3 1.726262893550048e-19 2448
2.35 1.237278165587163e-19 1868
2.4 9.096751992671877e-20 1358
2.45 7.543244713138009e-20 1062
2.5 5.458389377661991e-20 776
2.55 3.065173782224988e-20 432
2.6 1.530991457692607e-20 200
2.65 1.068291388377471e-20 168
2.7 2.75774917008688e-21 56
2.75 3.287013948166873e-22 7

0.05 1.313455146270692e-21 18
0.1 3.747767465238232e-21 62
0.15 3.958073918402315e-21 98
0.2 9.197014039126988e-21 210
0.25 2.048147025415725e-20 350
0.3 2.166052797624117e-20 450
0.35 2.187702861371402e-20 602
0.4 3.075497183885956e-20 762
0.45 4.167820664883492e-20 1142
0.5 4.560043261493282e-20 1250
0.55 4.731066371732388e-20 1458
0.6 6.110620064933331e-20 1814
0.65 6.088598562154988e-20 2178
0.7 6.401438055353805e-20 2498
0.75 7.225140240401309e-20 2622
0.8 1.026437330832013e-19 3338
0.85 9.762132879351818e-20 3722
0.9 1.326081123397044e-19 4170
0.95 1.205607820682028e-19 4358
1 1.401273262088303e-19 5034
1.05 1.55682176624967e-19 5714
1.1 1.646188985813568e-19 5982
1.15 1.775903604949124e-19 6602
1.2 2.208048540110742e-19 7130
1.25 2.361010900403396e-19 8034
1.3 2.738960046232269e-19 8606
1.35 3.142068158414637e-19 9066
1.4 3.39025299828717e-19 9962
1.45 3.919520123340395e-19 10550
1.5 4.121600418143415e-19 11226
1.55 4.681609399781208e-19 12146
1.6 5.106966393099424e-19 12303
1.65 5.280956724474431e-19 12584
1.7 5.088482065849894e-19 12120
1.75 4.886770399078771e-19 11180
1.8 4.968962995148846e-19 11096
1.85 4.819431153027892e-19 10056
1.9 4.783638149172027e-19 9716
1.95 4.401690013876678e-19 8604
2 4.296555705735536e-19 8060
2.05 4.109371332481019e-19 7320
2.1 3.769484947515746e-19 6356
2.15 3.336895929376889e-19 5348
2.2 2.859044437603929e-19 4308
2.25 2.459064318946927e-19 3563
2.3 1.7276521103748e-19 2448
2.35 1.329967028673848e-19 1868
2.4 1.023585297645943e-19 1358
2.45 7.411634500191571e-20 1062
2.5 5.960118399190629e-20 776
2.55 3.037259881835171e-20 432
2.6 1.182247926822315e-20 200
2.65 1.084380871822058e-20 168
2.7 4.334127969820772e-21 56
2.75 3.9462333261223e-22 7

