#t    rhoGW_over_rho    rhoGW
0    0    0
10.0000000000002    3.05962064527529e-18    2.17698693533513e-21
20.0000000000003    3.53017039625173e-18    2.40592561050621e-22
29.9999999999983    4.03815709105877e-18    6.25563123759955e-23
40.000000000002    5.29688705456071e-18    3.00994807950628e-23
50.0000000000071    1.13114949125257e-17    2.57089998973857e-23
60.0000000000122    2.66144929442351e-17    3.18037601376273e-23
70.0000000000088    3.82102383816806e-16    2.45091221031275e-22
79.9999999999997    2.76420456205841e-15    1.06935593871076e-21
89.9999999999906    9.46207787164394e-15    2.36382130162916e-21
99.9999999999815    3.85407462487885e-14    6.19653172260312e-21
109.999999999972    7.8886903894489e-12    8.99071169991231e-19
119.999999999963    5.25611859506633e-09    4.15437218628014e-16
129.999999999954    3.18042071911231e-08    1.86427052778763e-15
139.999999999945    1.05276801697135e-07    4.59462831770963e-15
149.999999999936    3.17740844546705e-07    1.05534037769823e-14
159.999999999927    5.78791591472973e-07    1.49897945312495e-14
169.999999999918    9.40216051657008e-07    1.90098379863787e-14
179.999999999909    1.84445783467365e-06    3.00510545414628e-14
189.9999999999    2.8815826538428e-06    3.77323492825342e-14
199.999999999891    4.26616875691912e-06    4.57205469258864e-14
209.999999999882    5.48995897806656e-06    4.83030899385113e-14
219.999999999872    6.07934180653469e-06    4.45744783374882e-14
229.999999999863    6.88989317316503e-06    4.23841825849855e-14
239.999999999854    7.90953887532119e-06    4.10964308401495e-14
249.999999999845    8.07722987690709e-06    3.56873260405089e-14
259.999999999836    8.2891852401591e-06    3.13400805626296e-14
269.999999999827    8.31319039602779e-06    2.70537585519506e-14
279.999999999818    9.05137231508995e-06    2.5491711976852e-14
289.999999999809    9.1439550786056e-06    2.23991443237421e-14
