#t    <phi>    <pi>    <phi^2>    <pi^2>    rms(phi)    rms(pi)
0    1.52438726899382    -0.601285781938782    2.32375654602449    0.361544619105345    1.24110988236443e-05    0.000165962685515781
0.5    1.19720165086744    -0.700238278981971    1.43329179295712    0.490333663031556    1.08344101341547e-05    0.000125219501365754
1    0.836842043614079    -0.72418477912342    0.700304606043484    0.52444360448669    9.12662469691494e-06    0.000100859568339779
1.49999999999999    0.490015587307037    -0.649665887330004    0.240115275864152    0.422065772763505    7.76478157484847e-06    8.71964636874568e-05
1.99999999999998    0.193949520392553    -0.534374403302128    0.0376164165080805    0.285556008813201    6.89776226825372e-06    7.68680438841206e-05
2.49999999999997    -0.0481441118569449    -0.439484067379911    0.00231785554553937    0.193146250340008    6.24862755264612e-06    6.97080909466715e-05
2.99999999999996    -0.24956770775396    -0.367100979789864    0.062284040786693    0.134763133476024    5.75560642984271e-06    6.4135373109474e-05
3.49999999999995    -0.411308008482797    -0.270805620378221    0.169174277870639    0.0733356876015013    5.34369406120276e-06    5.97751467588199e-05
3.99999999999994    -0.507901311125011    -0.102477394601561    0.257963741867175    0.0105016195486987    4.96688496016706e-06    5.60747233557726e-05
4.49999999999993    -0.505819465427257    0.110264562865662    0.255853331626568    0.0121582765537388    4.63165686172363e-06    5.22473270890227e-05
4.99999999999992    -0.407908118137259    0.263738396817849    0.1663890328609    0.0695579443128637    4.31508931691281e-06    4.85470320092794e-05
5.4999999999999    -0.260921777377103    0.308041533218125    0.0680801739259468    0.0948895882273119    4.0398350426294e-06    4.51656774891768e-05
5.99999999999989    -0.110472583873789    0.288610636811316    0.0122041918022471    0.0832961014761213    3.80732262462338e-06    4.23731965722503e-05
6.49999999999988    0.0262198805996377    0.258784054651647    0.00068748215162229    0.06696918855102    3.60042114257421e-06    4.01132591485573e-05
6.99999999999987    0.148819574038743    0.230735239267016    0.0221472656288157    0.0532387520890785    3.426785006608e-06    3.80719260266284e-05
7.49999999999986    0.253230381076349    0.179870362798529    0.0641256259106849    0.0323533487390361    3.25760141341607e-06    3.64110089345947e-05
7.99999999999985    0.319172642560338    0.0737863781609032    0.10187117576855    0.0054444308271029    3.09851525076031e-06    3.49999868114111e-05
8.49999999999993    0.320558253395686    -0.06846729285492    0.10275759382887    0.00468777130806577    2.96263092447038e-06    3.34243084538055e-05
9.00000000000001    0.257509606936888    -0.171838057089702    0.066311197672842    0.0295283188826749    2.83755430082807e-06    3.1910989880067e-05
9.50000000000009    0.161106122381078    -0.203489907063456    0.0259551826760637    0.0414081432033031    2.71968870914881e-06    3.04402543860072e-05
10.0000000000002    0.0605649815325467    -0.195614541622866    0.00366811699489528    0.0382650497452299    2.61869542714449e-06    2.91702892626437e-05
10.5000000000002    -0.0336143855707205    -0.181302454901955    0.00112992692366784    0.0328705809404686    2.52404030790422e-06    2.80533974776434e-05
11.0000000000003    -0.120524712521846    -0.16482528557744    0.0145262063343644    0.0271673755021376    2.42708213546252e-06    2.71376645238034e-05
11.5000000000004    -0.194636004150721    -0.125314338668042    0.0378831741172121    0.0157036841683484    2.33508630212887e-06    2.63161499535392e-05
12.0000000000005    -0.238059208718979    -0.0408754972607407    0.0566721868609658    0.00167080692757651    2.24930488645648e-06    2.55198684218539e-05
12.5000000000006    -0.231662828191271    0.0650235683179181    0.0536676659703421    0.00422806504244951    2.18263418268663e-06    2.46100496334767e-05
13.0000000000006    -0.179415735443732    0.134628972727425    0.0321900061292861    0.018124960863025    2.11443302853488e-06    2.37777892884388e-05
13.5000000000007    -0.105828387549943    0.153047040560968    0.0111996476156455    0.0234233971512916    2.05540034094174e-06    2.2952582441463e-05
14.0000000000008    -0.0302823444382805    0.147553942041018    0.000917020388659955    0.0217721663058891    1.99531904969536e-06    2.22271271100856e-05
14.5000000000009    0.0413639265498926    0.139086997363199    0.00171097442340046    0.0193451932999982    1.94307836226814e-06    2.1551976706609e-05
15.0000000000009    0.108158901238807    0.126090780958656    0.0116983479207296    0.0158988854847506    1.88242534935248e-06    2.10234824508773e-05
15.500000000001    0.163478128365633    0.0893029299719144    0.0267250984572533    0.00797501372348771    1.82292724885725e-06    2.05406687824763e-05
16.0000000000011    0.191024883982715    0.0156062419828565    0.0364905063037625    0.000243555187181487    1.7755589422533e-06    1.99588079746368e-05
16.500000000001    0.177559143881775    -0.0664923806394215    0.0315272495790269    0.00442123706127197    1.73143548392797e-06    1.94467028358187e-05
17.0000000000009    0.130744099546818    -0.113229301092159    0.017094019569153    0.0128208749847713    1.68660899565687e-06    1.89460421644882e-05
17.5000000000008    0.07066593503038    -0.122783585057204    0.00499367437643946    0.0150758090984006    1.64971613915753e-06    1.84092613554905e-05
18.0000000000007    0.0102166177236857    -0.118301379961468    0.00010437928030941    0.0139952168223308    1.6116699877169e-06    1.793162152825e-05
18.5000000000006    -0.0475209511298425    -0.112496901159147    0.00225824079876249    0.012655553079199    1.57404372576714e-06    1.7572368388527e-05
19.0000000000005    -0.101217354154625    -0.0998322702549745    0.01024495278442    0.0099664824793264    1.53532898727043e-06    1.71774309221304e-05
19.5000000000004    -0.143224727581921    -0.0627462157501736    0.0205133225931517    0.00393708787318589    1.49535068768268e-06    1.67993619133003e-05
20.0000000000003    -0.158826355002233    0.00357324911789593    0.0252258110454236    1.27683815093333e-05    1.45884287533805e-06    1.65000239188003e-05
20.5000000000002    -0.140052326725672    0.0675116618862812    0.0196146542233181    0.00455782475116    1.42955787781194e-06    1.61403981436507e-05
21.0000000000001    -0.0971263340532012    0.0982189420593153    0.00943352476859134    0.00964696082614005    1.40616883052912e-06    1.5712699321762e-05
21.5    -0.0463174077693668    0.102338280427949    0.00214530226436598    0.0104731238778813    1.3755657461947e-06    1.53925899215153e-05
21.9999999999999    0.0039978428449529    0.0986757108655072    1.59827492484743e-05    0.0097368961404722    1.35481851541512e-06    1.5021951513186e-05
22.4999999999998    0.0522730238039374    0.0939820827826137    0.00273246901937242    0.00883263210088939    1.32868841357621e-06    1.47217982578287e-05
22.9999999999997    0.096488624137464    0.0800149742907801    0.00931005458962107    0.0064023963215197    1.29625526714938e-06    1.45177649683085e-05
23.4999999999996    0.128114186973703    0.041622329770542    0.0164132449055307    0.00173241854006503    1.2640231244609e-06    1.43016531946645e-05
23.9999999999995    0.134341735495841    -0.0180650289161401    0.0180477018975672    0.000326345467333096    1.23800722434825e-06    1.4056746313082e-05
24.4999999999994    0.111925015300664    -0.0671124737311014    0.0125272090515476    0.00450408431903713    1.22217211232335e-06    1.37378802509293e-05
24.9999999999993    0.0723778208409903    -0.086513838842947    0.00523854895114168    0.00748464449193627    1.20465752184937e-06    1.34384844692267e-05
25.4999999999992    0.028472208177484    -0.0875368708993407    0.000810666639907076    0.00766270394095409    1.18536478937277e-06    1.31949324986379e-05
25.9999999999991    -0.014577030270451    -0.0846092415097667    0.000212489812866899    0.00715872391683432    1.1667275650861e-06    1.29605664231082e-05
26.499999999999    -0.0559298010349891    -0.0800050191723861    0.00312814264512734    0.00640080325518303    1.14624240940191e-06    1.27439855640447e-05
26.9999999999989    -0.0926686970831165    -0.0637619223161814    0.00858748742034448    0.00406558289503862    1.12341650785231e-06    1.25532412596344e-05
27.4999999999988    -0.115646253020866    -0.0240846772004852    0.0133740558389737    0.00058007182919433    1.09883979273143e-06    1.23831643526058e-05
27.9999999999987    -0.11441054787831    0.0287410245560967    0.013089773466984    0.000826046641519517    1.08111685264037e-06    1.22059559725119e-05
28.4999999999986    -0.0897689507030972    0.0653511134212433    0.0080584645114781    0.00427076816855056    1.06911620113854e-06    1.19647128586445e-05
28.9999999999985    -0.0533718836924196    0.0769077093700174    0.00284855796998974    0.0059147958979467    1.05478916154965e-06    1.17219293890832e-05
29.4999999999984    -0.014847211625444    0.0763529777396356    0.00022043969413035    0.00582977734320634    1.03905339559397e-06    1.15540920458798e-05
29.9999999999983    0.0227474885999896    0.0739878770687184    0.000517448238656819    0.00547420608292248    1.0247734907263e-06    1.13923960769188e-05
30.4999999999982    0.058707364710432    0.0686632279832588    0.00344655467225846    0.0047146390030921    1.00736312197129e-06    1.12254675108399e-05
30.9999999999981    0.0891143703457479    0.0495897859073853    0.00794137100310007    0.0024591469889148    9.90433537291204e-07    1.10713364959778e-05
31.499999999998    0.104599610358318    0.00930091407003602    0.010941078488057    8.65071220176217e-05    9.72110341263832e-07    1.09306645609206e-05
31.9999999999979    0.0974768633230348    -0.036207694626691    0.0095017388842182    0.00131099726610323    9.59478050593176e-07    1.07667786254829e-05
32.4999999999982    0.0717631334009912    -0.0625595826312392    0.00514994731642449    0.00391370149162179    9.46588040572798e-07    1.06125843075749e-05
32.9999999999984    0.0383342411280454    -0.0688525465431309    0.00146951404373805    0.0047406732746244    9.35374237466253e-07    1.04475063759383e-05
33.4999999999987    0.00411292169420484    -0.0676522976838996    1.69161257254356e-05    0.00457683348722672    9.28856686461675e-07    1.02623463198191e-05
33.9999999999989    -0.0292314182404468    -0.0655713031674175    0.000854475813184104    0.00429959590217821    9.14427626658181e-07    1.0154054568863e-05
34.4999999999992    -0.0607292666059509    -0.058831399890277    0.00368804382330854    0.00346113371356833    9.01046805334632e-07    1.00258991102446e-05
34.9999999999995    -0.0854647681679064    -0.0367384952061494    0.00730422659877628    0.0013497171284852    8.84476616796376e-07    9.9233533294125e-06
35.4999999999997    -0.0943530415557568    0.00307266246997558    0.00890249645157508    9.44135119522405e-06    8.67586095260262e-07    9.82551920173979e-06
36    -0.0827231499261031    0.0409785468433565    0.00684311953443757    0.00167924139496201    8.60840025284939e-07    9.67309907288028e-06
36.5000000000002    -0.0568311947667664    0.0591165186926807    0.00322978469934829    0.00349476287259363    8.54489962460555e-07    9.50008217734411e-06
37.0000000000005    -0.0261659197954021    0.0620506461746762    0.000684655359450828    0.00385028277887731    8.43451405976517e-07    9.39055102537095e-06
37.5000000000007    0.00455929214829639    0.0607213088467675    2.07871455934589e-05    0.0036870774341367    8.36625244442995e-07    9.27750952318898e-06
38.000000000001    0.0344695694683692    0.0585578897645805    0.0011881512200226    0.00342902653736586    8.29380890704255e-07    9.14795593140476e-06
38.5000000000012    0.0620519772319327    0.0498095388147285    0.00385044787905648    0.00248099023907778    8.14972952635227e-07    9.06321299602586e-06
39.0000000000015    0.0815081231265638    0.0248757428529962    0.00664357413625733    0.000618802663202649    8.0139650046538e-07    8.98411142826302e-06
39.5000000000018    0.0846058501420523    -0.013168673057148    0.00715814987888532    0.000173414028932029    7.9114971554797e-07    8.87952549265646e-06
40.000000000002    0.0696960471941248    -0.0435465588631425    0.00485753899509867    0.00189630286581784    7.82947326058327e-07    8.77477661496429e-06
40.5000000000023    0.0442780968756615    -0.0553619618944841    0.00196054986353613    0.00306494689878376    7.78249003927434e-07    8.60101444147653e-06
41.0000000000025    0.0161393725234344    -0.056302598235319    0.000260479346042965    0.00316998264064736    7.6991956036251e-07    8.52054058545974e-06
41.5000000000028    -0.0117105965851639    -0.0550651602191725    0.000137138072965625    0.00303217194140006    7.64965607783994e-07    8.45203630602796e-06
42.000000000003    -0.0387328317994552    -0.0523885472049306    0.00150023225977905    0.00274455994790963    7.57735359624709e-07    8.34663891325941e-06
42.5000000000033    -0.0626882051288285    -0.0411673009843261    0.0039298110628319    0.00169474673852709    7.46877859550652e-07    8.25790462937312e-06
43.0000000000035    -0.0771303209050051    -0.0139386106577449    0.00594908640345161    0.000194284934153617    7.36573484912426e-07    8.19056870848703e-06
43.5000000000038    -0.0752402793300686    0.0210698197437413    0.00566109963419621    0.000443937369824651    7.27643480735864e-07    8.11115907552042e-06
44.0000000000041    -0.0581247969908225    0.0443951063878218    0.00337849202574115    0.00197092553531151    7.1890833501331e-07    8.00783965476375e-06
44.5000000000043    -0.0336188855568968    0.0515650012643778    0.00113022946659679    0.00265894941786247    7.13484570333651e-07    7.90361836440079e-06
45.0000000000046    -0.00774852316816761    0.0514472075380126    6.00396117926339e-05    0.00264681522441653    7.10636166029372e-07    7.8075080855158e-06
45.5000000000048    0.0177043944729183    0.0503115341139712    0.000313445584157717    0.00253125052414194    7.1064563632931e-07    7.6967953170026e-06
46.0000000000051    0.0421827617598845    0.0466531347547255    0.00177938539018406    0.00217651504062303    7.02057541150156e-07    7.62761091287005e-06
46.5000000000053    0.0626267665669366    0.0326727342754411    0.003922111891102    0.00106750762246387    6.87333738685452e-07    7.57827687953812e-06
47.0000000000056    0.072293112619033    0.00402547577021689    0.00522629413260691    1.62045120907172e-05    6.77296529043072e-07    7.54414434716628e-06
47.5000000000058    0.0662423077651243    -0.0268976081551575    0.004388043338503    0.000723481380135409    6.73458391811467e-07    7.46103322342989e-06
48.0000000000061    0.0478282858265369    -0.0439807197530329    0.0022875449255519    0.00193430376390889    6.68578130992837e-07    7.34262020473992e-06
48.5000000000064    0.0244934431876378    -0.0479171766368405    0.000599928759623177    0.00229605586986127    6.61163537482549e-07    7.28114634384711e-06
49.0000000000066    0.000629151318383113    -0.0473377299052986    3.95831818502138e-07    0.00224086072445875    6.61119451080148e-07    7.20220471937275e-06
49.5000000000069    -0.0227866160190007    -0.0461609102066321    0.000519229870032795    0.002130829681792    6.59858457397348e-07    7.11949735314439e-06
50.0000000000071    -0.0449071313299916    -0.0410462649857465    0.00201665044471038    0.00168479591929261    6.4905656444597e-07    7.07195058315181e-06
50.5000000000074    -0.0618496904468198    -0.0242556685337337    0.00382538420877092    0.000588337505297158    6.35209925445666e-07    7.01988577157336e-06
51.0000000000076    -0.067020744686796    0.00469349489141604    0.00449178021876979    2.20289429936858e-05    6.30157663617546e-07    6.97839073882866e-06
51.5000000000079    -0.0576497715298971    0.0308471116350047    0.00332349615783922    0.00095154434415762    6.24406418779811e-07    6.92352349835863e-06
52.0000000000081    -0.0386669609333509    0.0427094145364542    0.00149513386820348    0.00182409413685301    6.18219297872429e-07    6.8415143963511e-06
52.5000000000084    -0.0166220384801517    0.0445385163494911    0.000276292163616109    0.00198367948424322    6.16817686559006e-07    6.75494840296311e-06
53.0000000000087    0.00548614209986303    0.043832324909537    3.00977555213759e-05    0.00192127275175103    6.17645886098288e-07    6.69147258460111e-06
53.5000000000089    0.0271209122644628    0.0423605289407525    0.000735543882436828    0.00179441445622896    6.16555276771126e-07    6.63992678458665e-06
54.0000000000092    0.0469437197459223    0.0353511323943907    0.0022037128239518    0.00124970260507326    6.06715850709312e-07    6.59602299173442e-06
54.5000000000094    0.060348326674085    0.0159816956248808    0.00364192053271571    0.000255414638008666    5.94673226859551e-07    6.55456579592096e-06
55.0000000000097    0.0613882341234584    -0.0120527092069866    0.00376851528914761    0.000145267841477492    5.92513288850463e-07    6.49994720938912e-06
55.5000000000099    0.0495183981403134    -0.0331836267909706    0.00245207175472724    0.0011011531285983    5.87059065113434e-07    6.44948624413802e-06
56.0000000000102    0.0305199359861194    -0.04092018987419    0.000931466492935655    0.00167446197983966    5.82088915722745e-07    6.36395272350764e-06
56.5000000000105    0.00978141106419691    -0.0414896112591568    9.56760027437921e-05    0.00172138788217685    5.80515536920647e-07    6.30403802874845e-06
57.0000000000107    -0.0107947179880025    -0.040790738886717    0.000116525936783478    0.00166388441812403    5.85638958585698e-07    6.26096617400429e-06
57.500000000011    -0.0308103514428434    -0.0386918956866787    0.000949277756377319    0.00149706283035561    5.88045502779423e-07    6.20699477953534e-06
58.0000000000112    -0.0482981934948392    -0.029437578360643    0.00233271549520246    0.000866571057859053    5.80979200403547e-07    6.17414435279669e-06
58.5000000000115    -0.0581361154192498    -0.00802027481187003    0.00337980791637068    6.43248455300483e-05    5.74753136697061e-07    6.12144847937214e-06
59.0000000000117    -0.0555060826559443    0.0179494074842825    0.00308092521212952    0.000322181265948073    5.66567445689128e-07    6.07546359906711e-06
59.500000000012    -0.0418992574526075    0.0342159952738643    0.00175554777538882    0.00117073436882923    5.55811571620023e-07    6.02064179446966e-06
60.0000000000122    -0.0232748768662077    0.0388777565653867    0.000541719893443768    0.00151147999097513    5.53747081408218e-07    5.95127388607221e-06
60.5000000000125    -0.00379099979997404    0.0387840899490768    1.43716797937285e-05    0.00150420566814702    5.57068499485615e-07    5.9134540283713e-06
61.0000000000128    0.0154405690305014    0.038072381614735    0.000238411172308831    0.00144950627640184    5.68464233281444e-07    5.88080113355826e-06
61.500000000013    0.0339118711208896    0.0349673157832848    0.00115001500326055    0.00122271320728322    5.8371404484972e-07    5.84767180627794e-06
62.0000000000133    0.0489595138168494    0.0232663323614016    0.00239703399352984    0.000541322255586235    5.89553573440009e-07    5.83395494519334e-06
62.5000000000135    0.055256949066128    0.000602092771549587    0.0030533304204381    3.62549391620929e-07    5.84326514392111e-07    5.80397007793305e-06
63.0000000000138    0.049502926107247    -0.0223757602228563    0.00245053969349388    0.000500674678412063    5.60643074952296e-07    5.73247801784879e-06
63.500000000014    0.0348263092627004    -0.0342621509214134    0.0012128718171586    0.0011738950179104    5.45299284082732e-07    5.66998151389254e-06
64.0000000000143    0.0168250269013439    -0.0367744304161488    0.000283081530526797    0.00135235876406547    5.43920459876576e-07    5.62434899036864e-06
64.5000000000138    -0.00149528047879023    -0.0363995387105883    2.23586402066587e-06    0.00132492644939643    5.57148740000156e-07    5.57250533165232e-06
65.0000000000134    -0.0195250496517726    -0.0355362235269398    0.000381227564253892    0.00126282321383917    5.91358331959236e-07    5.59307976349857e-06
65.5000000000129    -0.0364471515056776    -0.0310338861014452    0.00132839485330371    0.000963102117539035    6.52604809049049e-07    5.56610814347923e-06
66.0000000000125    -0.0489143595489136    -0.016891770988476    0.00239261457056343    0.000285331957719175    6.95011490787102e-07    5.53100852388797e-06
66.500000000012    -0.0517878923995917    0.00603177051641269    0.00268198579963002    3.63822859284845e-05    6.62065213015104e-07    5.51051894811099e-06
67.0000000000116    -0.0435086556016369    0.0254230005193638    0.00189300311260817    0.000646328985155984    5.88493124543704e-07    5.4542105715092e-06
67.5000000000111    -0.028311838113708    0.0336187723401953    0.000801560177707878    0.00113022188286939    5.75384915747372e-07    5.40439723531286e-06
68.0000000000106    -0.0110696063224949    0.0347381710834971    0.000122536184477754    0.00120674055933132    5.85436541921957e-07    5.39490556725869e-06
68.5000000000102    0.00619413455442607    0.0342859988870909    3.83673032514562e-05    0.00117552974983005    6.10836496128235e-07    5.49039634038041e-06
69.0000000000097    0.0231141562295605    0.0330422315386562    0.000534264218711106    0.00109178909477932    7.11739321600771e-07    5.45207756854502e-06
69.5000000000093    0.0384122282534446    0.0267834047108032    0.00147549928013052    0.000717350797744323    8.5778196316184e-07    5.46275073065811e-06
70.0000000000088    0.0481604281994244    0.0104556949227872    0.00231942684522642    0.000109321585827831    9.35154840743243e-07    5.43225847211644e-06
70.5000000000084    0.0478355954841323    -0.0116801184500258    0.0022882441960088    0.000136425196196181    8.29011956075696e-07    5.4027352221421e-06
71.0000000000079    0.0376403952722392    -0.0272627406454958    0.00141679935672751    0.00074325705603223    6.90726628274753e-07    5.34122254183442e-06
71.5000000000075    0.0223471781439473    -0.0325406568712529    0.000499396371473659    0.00105889437737374    6.90177203704719e-07    5.26888274668559e-06
72.000000000007    0.00591541215174125    -0.0328429320298798    3.49921014549572e-05    0.00107865821178846    7.28003565499163e-07    5.24110246217133e-06
72.5000000000066    -0.0103963098154634    -0.0323742304019929    0.000108083258403257    0.00104809082466444    7.90036190652924e-07    5.5265830862601e-06
73.0000000000061    -0.0262439365957209    -0.030455488243718    0.000688744209006873    0.000927536795318552    9.83185347288003e-07    5.58169388832331e-06
73.5000000000056    -0.0397872430843085    -0.0221651601056588    0.00158302471373987    0.000491294353449099    1.22066317252754e-06    5.56233864221713e-06
74.0000000000052    -0.046717304516651    -0.00416700653666961    0.00218250654294827    1.73639738136944e-05    1.28326568178632e-06    5.50790769244173e-06
74.5000000000047    -0.0435271265104494    0.0162199340176731    0.00189461074337112    0.000263086290377548    1.05567932861554e-06    5.55336636072818e-06
75.0000000000043    -0.0319929662137368    0.0281156449816842    0.00102354988794546    0.000790489522514642    8.90032850719603e-07    5.45697122558093e-06
75.5000000000038    -0.0169064385826517    0.0312310667327498    0.00028582766638196    0.000975379558119819    9.12681165184147e-07    5.37162416710287e-06
76.0000000000034    -0.00127858706597827    0.0311200100745651    1.6347858581261e-06    0.000968455055512878    9.86326102724539e-07    5.33590129555832e-06
76.5000000000029    0.0141689565295979    0.0305788707643577    0.0002007593303417    0.000935067373334156    1.09729932605041e-06    6.00923187356804e-06
77.0000000000025    0.0289252237425044    0.0276531442287066    0.000836668570427667    0.000764696422231497    1.36884192585368e-06    6.04134477187097e-06
77.500000000002    0.0405469831678891    0.0171979773427761    0.00164405784672056    0.000295770460406807    1.64422363807371e-06    5.97696969328432e-06
78.0000000000015    0.0446331988309976    -0.00173263182577396    0.00199212244046933    3.00204854708753e-06    1.60684687163205e-06    5.9584731858891e-06
78.5000000000011    0.0389974936821046    -0.0196244926945731    0.00152080451512121    0.000385120749596387    1.27883790914471e-06    6.00641599203881e-06
79.0000000000006    0.0266343783345991    -0.0282182299438817    0.000709390110684011    0.000796268534863466    1.18888585642299e-06    5.80497061918408e-06
79.5000000000002    0.0119515197751164    -0.029839822743846    0.000142838826399297    0.000890415054572154    1.21008145583416e-06    5.76090300691772e-06
79.9999999999997    -0.00291365159352716    -0.0295640285763223    8.48936729071528e-06    0.000874031824864589    1.29701653595853e-06    6.26122876179856e-06
80.4999999999993    -0.0175573932580996    -0.0288044088075179    0.000308262060271228    0.000829694010576874    1.50055516429338e-06    6.62014022349213e-06
80.9999999999988    -0.0311485503917734    -0.0245352910719419    0.000970232194554546    0.000601980554301964    1.74519280588179e-06    6.80566326383251e-06
81.4999999999984    -0.0406717410020783    -0.0119753977937975    0.00165419052014347    0.000143410196793935    2.00083526844655e-06    6.6689012824049e-06
81.9999999999979    -0.0419858888185024    0.00701166466269811    0.00176281486319189    4.91634863040291e-05    1.81995561485957e-06    6.70536349647877e-06
82.4999999999975    -0.0343765656230908    0.0219588018149146    0.0011817482663273    0.000482189022318153    1.51282036556257e-06    6.72097133774211e-06
82.999999999997    -0.0216056376306812    0.0277945766057147    0.000466803579798787    0.000772538529477132    1.53963677292456e-06    6.38640661772415e-06
83.4999999999965    -0.00743723705145533    0.0284682188030938    5.53124972914182e-05    0.000810439523186971    1.52704887973342e-06    6.43165183887243e-06
83.9999999999961    0.00672150418759712    0.0281449655211995    4.51786213900654e-05    0.000792139138722122    1.68706246938643e-06    7.38462010929841e-06
84.4999999999956    0.0205864395834334    0.0269483459138476    0.000423801498407637    0.000726213403749043    1.9197092026661e-06    7.50044365610536e-06
84.9999999999952    0.0328895170977917    0.0210373644858034    0.00108172033934604    0.000442570763750705    2.10240560682654e-06    7.69689317534731e-06
85.4999999999947    0.0401568232684797    0.00665881404237263    0.00161257046022575    4.43398607620222e-05    2.28250653710011e-06    7.50407378414603e-06
85.9999999999943    0.0388772202987903    -0.0114887672468495    0.0015114382618517    0.000131991832512784    1.92120438917574e-06    7.72402111584844e-06
86.4999999999938    0.0297779135020209    -0.0233572095650065    0.000886724135832455    0.000545559293335366    1.81620847394303e-06    7.39403379732723e-06
86.9999999999934    0.016923626583784    -0.0270381319227416    0.000286409140150258    0.000731060630758808    1.84469452744581e-06    7.27236079285381e-06
87.4999999999929    0.00331593719243264    -0.0271753126156249    1.09954430056188e-05    0.000738497668406502    1.88187692287028e-06    7.25600180295243e-06
87.9999999999925    -0.0101920382216762    -0.0268131127963266    0.000103877647687743    0.000718943090179357    2.13907340474945e-06    8.50592880890899e-06
88.499999999992    -0.0232614813960082    -0.0249072683119816    0.000541096522197461    0.000620372089631381    2.33679808978611e-06    8.65253377379941e-06
88.9999999999915    -0.0341148784743359    -0.0171435841356967    0.00116382494020873    0.000293902551348375    2.62488519430233e-06    8.6215232740912e-06
89.4999999999911    -0.0390193970229831    -0.0014578176595804    0.00152251335079591    2.12530683211484e-06    2.59975580756438e-06    8.63154275694234e-06
89.9999999999906    -0.0354232066178951    0.0150596948917166    0.00125480357167588    0.00022679448803853    2.14051349661712e-06    8.82082396422156e-06
90.4999999999902    -0.0252918843135085    0.023993588905799    0.000639679416972063    0.000575692377462754    2.20094682829914e-06    8.2995344275607e-06
90.9999999999897    -0.012585978742864    0.0261023929747458    0.000158406865670752    0.000681334988972948    2.18057958128309e-06    8.36450159750749e-06
91.4999999999893    0.000458646619844727    0.0259833461705445    2.10362397467583e-07    0.000675134348722453    2.38234602629031e-06    8.39667227815043e-06
91.9999999999888    0.0133581097362798    0.0254997067813364    0.000178439102777523    0.000650235144841487    2.65537774370944e-06    9.94521766703174e-06
92.4999999999884    0.0255701786552204    0.0225852434808154    0.000653834045374685    0.000510093329847191    2.98576562323115e-06    1.0332447703621e-05
92.9999999999879    0.0347907796187872    0.0128994387555393    0.00121039835824288    0.000166395620688181    3.42926485880896e-06    1.0023984784733e-05
93.4999999999875    0.0373032347704115    -0.00340087698298686    0.00139153133393518    1.1566071398288e-05    3.09818496778942e-06    1.03510810173074e-05
93.999999999987    0.0317438335907018    -0.0177056568236173    0.00100767097790883    0.000313490389291333    2.62195721633931e-06    1.02827831031409e-05
94.4999999999865    0.0209839217176365    -0.0240530395711418    0.000440324978048638    0.000578548806789212    2.71969517220095e-06    9.70455053827061e-06
94.9999999999861    0.00857680269999312    -0.0251004259548772    7.3561552138708e-05    0.00063003148029028    2.75392424490789e-06    9.85768776409225e-06
95.4999999999856    -0.00392774255989683    -0.0248825788307326    1.54271706894315e-05    0.000619142901425001    3.0120767848512e-06    1.31208757863364e-05
95.9999999999852    -0.0162378953823724    -0.024125183767508    0.000263669258512868    0.00058202465198424    3.47332667781823e-06    1.26557579124142e-05
96.4999999999847    -0.027486432678716    -0.0199086710320635    0.000755503999640287    0.000396355345611256    4.27067913869934e-06    1.27807797175303e-05
96.9999999999843    -0.0348938608131728    -0.00841699551977704    0.0012175815447651    7.084596848221e-05    4.72398336643769e-06    1.24459737744588e-05
97.4999999999838    -0.035080671252265    0.00771079406283253    0.00123065351143534    5.94565134251255e-05    3.9907195307871e-06    1.29748106781828e-05
97.9999999999834    -0.0279541378435359    0.0194873272162022    0.000781433834019159    0.000379756081463195    3.38286192894913e-06    1.26266330251654e-05
98.4999999999829    -0.0168962656024756    0.0237116709497986    0.000285483803717635    0.000562243483460621    3.52253236458579e-06    1.20095419283001e-05
98.9999999999824    -0.00487183414476393    0.0241097633695704    2.37347817910319e-05    0.000581280837139132    3.72249166554747e-06    1.21409412850781e-05
99.499999999982    0.00712527639344544    0.0238505923132593    5.07695801690616e-05    0.000568851010403919    4.06030425670111e-06    1.60221913644481e-05
99.9999999999815    0.0188344052163826    0.0226012280457746    0.000354734864985164    0.000510815907992601    6.71790629522551e-06    1.99703653321577e-05
100.499999999981    0.0289742647740476    0.0168381331450518    0.000839508157694893    0.000283523068355508    1.1768529170538e-05    1.8453861819068e-05
100.999999999981    0.0344182889038469    0.00386528382925669    0.00118461876895115    1.49407621972386e-05    1.25651296348933e-05    1.85234048002001e-05
101.49999999998    0.0324448984945608    -0.01132004249102    0.00105267151470263    0.000128143791587588    8.73958129110301e-06    2.07265310276188e-05
101.99999999998    0.0241535447237292    -0.0205215561348186    0.000583393751040806    0.000421134641285711    5.32161803741725e-06    1.93672713440394e-05
102.499999999979    0.0130497565938106    -0.0231212312963684    0.000170296185282557    0.000534591666387017    6.17453275789166e-06    1.81583824625964e-05
102.999999999979    0.00144234560627124    -0.0231727516649088    2.08043216344987e-06    0.000536976744501732    8.44485168154403e-06    1.80216036842916e-05
103.499999999978    -0.0100722663169553    -0.0228194410982437    0.000101450631379554    0.000520729886023382    9.08954796178595e-06    5.47173388317929e-05
103.999999999978    -0.021118135650204    -0.0208055333194141    0.000445977205195471    0.000432875914094168    3.93935915215801e-05    7.54810500553549e-05
104.499999999977    -0.0299578464888625    -0.0133492087571362    0.000897476818124477    0.000178204009605626    6.52063971303649e-05    5.13338487128251e-05
104.999999999977    -0.0333358446163462    0.000553877281265189    0.0011112822522189    3.1155672210762e-07    6.09584589943324e-05    6.91135254917829e-05
105.499999999977    -0.0294629333781549    0.0141199566493505    0.00086806573517357    0.000199379071243147    3.59433996209205e-05    7.67819224123158e-05
105.999999999976    -0.0203999300022977    0.0209230106150722    0.000416157485959027    0.000437776894585441    1.84894667614007e-05    6.72412597683602e-05
106.499999999976    -0.00944013354847872    0.022384252675975    8.91170434940657e-05    0.000501058715234528    3.03657858806452e-05    6.28281197775509e-05
106.999999999975    0.00174499568374234    0.0222867722519117    3.04699221682437e-06    0.000496704057538697    4.45228092665759e-05    6.19687833929643e-05
107.499999999975    0.012774919055678    0.0216989971816161    0.000163201469933958    0.000470900661931185    5.39727230394988e-05    0.000232772943877382
107.999999999974    0.0230416474621224    0.0186347050309694    0.000530941416047752    0.000347305843376106    0.000154590682191323    0.000231542188102422
108.499999999974    0.0303725845172487    0.00951172351565805    0.000922535034467305    9.05072399773489e-05    0.00020284035566716    0.000185353011916514
108.999999999973    0.0316711522166908    -0.00460203604627563    0.00100308760542905    2.12432023418245e-05    0.000160382967467284    0.000253902679395652
109.499999999973    0.0262368430748057    -0.0160875786896749    0.000688380913141644    0.000258864302132986    9.47555257744214e-05    0.000232624238857438
109.999999999972    0.0167510875466001    -0.0208448138520227    0.000280605577311135    0.000434558365375654    8.15065474394936e-05    0.000228256106551646
110.499999999972    0.00605730482777005    -0.0216000515241133    3.67082393568631e-05    0.000466609463346355    0.000131520265878532    0.00021734190117452
110.999999999972    -0.00470978945065069    -0.0213723694603555    2.22028342847495e-05    0.000456927870285567    0.000143936150042247    0.000386903005454391
111.499999999971    -0.0152015735435286    -0.0203438314195665    0.000231128122094835    0.000414262875221725    0.000200708483944102    0.000625618409243254
111.999999999971    -0.0245004300154549    -0.0159737110454806    0.000600411847825482    0.000255399744271897    0.00037520245638386    0.00049020374069339
112.49999999997    -0.0301130894561334    -0.00546312154834897    0.00090693509173672    3.0181303411484e-05    0.000370047488340286    0.000579315423106546
112.99999999997    -0.0294330611691793    0.0080337978899181    0.000866373323192239    6.49030549022181e-05    0.000261215243794341    0.000600954545839791
113.499999999969    -0.0228388447904156    0.0172326239377852    0.000521651314598933    0.000297260525822311    0.000196171451134806    0.000545158730262697
113.999999999969    -0.01323460512206    0.0204092336388874    0.000175207630904478    0.000416877938747089    0.000229909042064021    0.000584055665494194
114.499999999968    -0.00287937732130235    0.0208285501000945    8.40417066170672e-06    0.000434084096908817    0.000336685169373996    0.000505566649086324
114.999999999968    0.00745802566201838    0.0203996782072732    5.57036746931192e-05    0.000417166681698683    0.000285530940170229    0.00100985679102763
115.499999999967    0.0173445564140033    0.0187540243947333    0.000301043913495725    0.000353030092099227    0.000458558935341526    0.00114745853998078
115.999999999967    0.0255161900208316    0.0129678178876198    0.000651519635742517    0.000168958196884275    0.000666095010738833    0.000891008483575325
116.499999999967    0.0293239403800042    0.00152020887917543    0.000860181660383413    3.78276494022164e-06    0.000536824900106606    0.0012131487558819
116.999999999966    0.0268889399782306    -0.010753244631992    0.000723196603466823    0.000116694838250027    0.000426040272667646    0.00103080945599154
117.499999999966    0.0194890653149786    -0.0177967124695452    0.000379958484863911    0.000317888164946563    0.000367175724153235    0.00107943977270471
117.999999999965    0.00994064013254124    -0.019844361346049    9.90448531816833e-05    0.000394939186712219    0.000478044911063634    0.00106794638426131
118.499999999965    -7.06650108936688e-05    -0.0200562196426305    3.56783428993879e-07    0.000403246757890449    0.000593118778348213    0.000997402394729633
118.999999999964    -0.0099498908833296    -0.0193618381049675    9.92144628525082e-05    0.000377779482184028    0.000462746434176161    0.00170255906830192
119.499999999964    -0.0191571310372955    -0.0169312636235726    0.000367574621007363    0.000289028039776396    0.000760888577422263    0.00153634367427485
119.999999999963    -0.0260759500095957    -0.00977033595187556    0.000680670414904914    9.77408100829071e-05    0.000845722177773593    0.00151041235111309
120.499999999963    -0.0281065908238184    0.00205948888436674    0.000790371595022311    7.42934390188224e-06    0.000625417688237423    0.00178545496640271
120.999999999962    -0.0242190683097015    0.0127433368484315    0.000586928314443327    0.000164525697735088    0.000604189252917863    0.00146050118195633
121.499999999962    -0.0163190107892217    0.0179419574314304    0.000266611970854897    0.000324713532753667    0.000549415795334941    0.00167322929761786
121.999999999962    -0.00693127345417629    0.0192408354794107    4.85969978646374e-05    0.000372374515995538    0.00074461142085553    0.00147131439529047
122.499999999961    0.00272747772213013    0.0191920897597092    8.02051164011863e-06    0.000371126475648051    0.000762480763955698    0.00167037908970209
122.999999999961    0.0121226687422424    0.0182223001463702    0.000147413192968714    0.000337078216799937    0.000673866110271611    0.00224187291690093
123.49999999996    0.0205580317816497    0.0148594023894375    0.000423719378587131    0.000223950309164061    0.00104245280555695    0.00177439279553348
123.99999999996    0.0261271631766546    0.00652736681856722    0.00068348201967058    4.74815217108889e-05    0.000923777035351042    0.00220794115110812
124.499999999959    0.0265046366930768    -0.00509247891962192    0.000703090727279948    3.04039255985981e-05    0.000771337181753132    0.00211437557018721
124.999999999959    0.0215079918062006    -0.0140324784795985    0.000463162686454573    0.000200742240136709    0.000754304261541317    0.00195749530173448
125.499999999958    0.0133708529927011    -0.0177708602330204    0.00017935538109685    0.000320358705143242    0.000758730086675043    0.00213429888293484
125.999999999958    0.00421300131417659    -0.0186284616717522    1.87402542403579e-05    0.000350118202612524    0.000995426625675771    0.00176028928207365
126.499999999957    -0.00507135024098485    -0.0183044345805936    2.64409787893061e-05    0.00034070914005125    0.000849932657667077    0.00237840592330639
126.999999999957    -0.0139519800909521    -0.0169596207827552    0.000195566263091222    0.000294222932569258    0.000953160339553466    0.00256791656297385
127.499999999957    -0.0215288895441161    -0.0126039313217938    0.000465040172639982    0.000163442219132537    0.00124381977682956    0.00214082562765901
127.999999999956    -0.0257218433962046    -0.00343935798971169    0.00066255590665175    1.96359980264618e-05    0.000970916552993596    0.00279406775956994
128.499999999956    -0.0246551449525639    0.00749127069020956    0.000608791940587501    6.1549537585513e-05    0.000956957656096665    0.00233032208750639
128.999999999955    -0.01887670410252    0.0147497637926073    0.000357079902389559    0.000223929548246476    0.000865993426916326    0.00252468142718356
129.499999999955    -0.0106920528213678    0.0174136036083765    0.000115361459360615    0.000308955505298863    0.00102052232983645    0.00239205239683433
129.999999999954    -0.00179571789990457    0.0180034458654658    4.58910623019264e-06    0.000328756953396436    0.00116811962322143    0.00215241500777085
130.499999999954    0.00708873153240645    0.0173887162628042    5.11197941265913e-05    0.000311289494768923    0.000932566023430947    0.00298697865754225
130.999999999953    0.0154155947017956    0.0155632184572051    0.000239252320319128    0.000249365701276987    0.00126955122350306    0.00267430972968704
131.499999999953    0.0220641599146604    0.0102586506980473    0.000488595759204593    0.000113027831428728    0.00132988964387486    0.00279068401725819
131.999999999952    0.024926911677142    0.000669954324657481    0.00062254333794685    9.96637725297163e-06    0.00109197627575499    0.00308505080279797
132.499999999952    0.022674160442579    -0.00925104221568906    0.000515307445319287    9.28255701061097e-05    0.00109082241610209    0.00269142862243244
132.999999999952    0.0164018936675415    -0.0150264217648805    0.000270034089473177    0.000234740385998191    0.00100596898154888    0.00299115946450822
133.499999999951    0.00829992344600337    -0.0169553703379703    7.05501789592902e-05    0.000293814629396128    0.00128897236191232    0.00251595828630061
133.999999999951    -0.000314170577175025    -0.0172940689062822    1.61741786112567e-06    0.000306822688388294    0.00123236143625285    0.00278170254575447
134.49999999995    -0.00877386585864696    -0.0164282409294168    7.8237114214153e-05    0.00028126716892383    0.00112088898139923    0.00337343576919206
134.99999999995    -0.0165033987281603    -0.0140492779421394    0.000274721007686967    0.000205207223020071    0.00153585093883654    0.00279732234906643
135.499999999949    -0.022188414769632    -0.00794770142169425    0.000494169895573222    7.53650236808922e-05    0.00135799321942319    0.00349271610533857
135.999999999949    -0.0238351847839636    0.00166859710491211    0.000569801935673801    1.2707674188169e-05    0.0012984228849304    0.00315015204230652
136.499999999948    -0.0206701664483258    0.0104279355881832    0.000428580716923531    0.000119391801684697    0.00115105860929648    0.00326342780729102
136.999999999948    -0.0141382026773995    0.0149895563868852    0.000201408071734366    0.000235098890750001    0.00123259757712716    0.00322677704132004
137.499999999947    -0.00620110730843661    0.0164502998285862    4.06637190970415e-05    0.00027814580851189    0.00148660258519067    0.0027447120179552
137.999999999947    0.00210783055435512    0.016515304611041    5.98401614684432e-06    0.000284644189819541    0.00124139699571543    0.00344802891868219
138.499999999947    0.0101273657715221    0.0154217306939626    0.000104533406031408    0.00025006793922464    0.00140352006085112    0.00349830839514374
138.999999999946    0.017226548431668    0.0124752004543133    0.000299570359254816    0.000165844628919723    0.00167820987549629    0.00319593531605757
139.499999999946    0.0219628321144681    0.00579916213432336    0.000484368311112822    4.92504602204041e-05    0.00141503237578119    0.00395223718420773
139.999999999945    0.0225590222074029    -0.00352764021162808    0.000511123703576243    2.29419434561886e-05    0.00148802574646669    0.00324001512241736
140.499999999945    0.018739947562939    -0.0111248507998012    0.00035261923523029    0.000138428722572706    0.00119733060120725    0.00382967586812096
140.999999999944    0.0121200388135317    -0.014756870736753    0.000149138745535536    0.000228415864837514    0.001497799951269    0.00326353043440342
141.499999999944    0.00439079525953253    -0.0159328341923847    2.17918462290165e-05    0.00026373392335853    0.00158516977572852    0.00314304278629941
141.999999999943    -0.00359536965518462    -0.0157217374843274    1.45662247735161e-05    0.000262745585463993    0.00128044594422948    0.00394620779203117
142.499999999943    -0.0111670069252908    -0.0143806321284237    0.000127516914113044    0.000218820551062019    0.00167775756399767    0.00346669448451517
142.999999999942    -0.0176213045628407    -0.0109085991688538    0.000313444798930826    0.00013331378836851    0.00171301618043625    0.00378368240498478
143.499999999942    -0.0214648690595088    -0.00389087238741276    0.000463140603223899    3.20801231272304e-05    0.00154919317131252    0.00411597317679542
143.999999999942    -0.0211926335806823    0.00493196951247638    0.000451711004793307    3.66327058792926e-05    0.00160726062237715    0.00350833045867918
144.499999999941    -0.0169363338147947    0.0114650461554506    0.000288514800800926    0.000149125906308147    0.0012943715520546    0.00420459545753639
144.999999999941    -0.0103426547494234    0.0144169448420987    0.00010991074775483    0.000218599241519963    0.00171471294654835    0.00327886305597655
145.49999999994    -0.00283876789121778    0.015413545048343    1.06475571735633e-05    0.000250456190218417    0.00160902269510229    0.00358870718520162
145.99999999994    0.00481502344028576    0.0149346036849675    2.51145335753901e-05    0.000240864588432063    0.00138927421515293    0.00422163489717182
146.499999999939    0.0119369718144726    0.0133256481190275    0.000145989092093775    0.000189624393662304    0.0018702395553142    0.00347152644670353
146.999999999939    0.01775198921024    0.00940485789478717    0.000318035012711066    0.000106964721850043    0.00170349399487913    0.00430271656385849
147.499999999938    0.0207815904641102    0.00224353642861825    0.000434832375464404    2.17952250889893e-05    0.00171984686713961    0.00409411399236174
147.999999999938    0.0198098058222409    -0.00595953669710512    0.000395198537600147    5.07203049873941e-05    0.00166437101790984    0.00389925984556703
148.499999999937    0.0152775067405668    -0.0115722995076492    0.000235497768804409    0.000152812136211808    0.00144760374286041    0.00434672524057699
148.999999999937    0.00877469012937874    -0.0140360971350786    8.04029158429027e-05    0.000208470122643507    0.00184600351470034    0.00338498151518526
149.499999999937    0.00149696985366635    -0.0148890469628106    4.80064203800632e-06    0.000237498105812087    0.00159991352741968    0.00397673061085451
149.999999999936    -0.00581978027024877    -0.0141524859547096    3.62490703475947e-05    0.000218863902526013    0.00154247462008873    0.00430941339717612
150.499999999936    -0.0124893536639224    -0.0122622266372809    0.000159890467016393    0.000163540126451854    0.00197648983651876    0.00363014109199818
150.999999999935    -0.0176765041811017    -0.00797447675147236    0.00031544387333908    8.51403931686621e-05    0.0017277364598151    0.00464199458303097
151.499999999935    -0.0199673100896434    -0.000825619186765653    0.000402241269473012    1.70211994390716e-05    0.00188355973014878    0.00404222122075425
151.999999999934    -0.0184336879663929    0.00670084533289573    0.0003426369746311    6.32806878424257e-05    0.00168407915157265    0.0042871155416008
152.499999999934    -0.0137386141085281    0.0115323544735105    0.000191319577328199    0.000151894750925723    0.00160314057560511    0.00434736140929486
152.999999999933    -0.007362166748084    0.0136459285676309    5.784638340865e-05    0.000198961620070854    0.00190915797723926    0.00357074972491316
153.499999999933    -0.000308540557410816    0.0143397207925856    2.63713054307519e-06    0.000223972744080349    0.00159434414964518    0.00428312405506031
153.999999999932    0.0066611863621204    0.0133541692221066    4.72398461698663e-05    0.000196978802986233    0.00169364766671448    0.00431798186350686
154.499999999932    0.0128655786852037    0.0111738468972592    0.000169647379638538    0.000140076733949621    0.00203082858296047    0.00390152271122847
154.999999999932    0.017427951348862    0.00659745595378909    0.000306987149798315    6.6898055274969e-05    0.00180379089143271    0.00483442139379491
155.499999999931    0.0190403423039339    -0.000405228709657411    0.000366645867688981    1.65547611292292e-05    0.00202761747822564    0.00404852452408264
155.999999999931    0.0170528918552126    -0.00722882050715932    0.000293753623329127    7.32960707526429e-05    0.00171828481444458    0.00458696248381386
156.49999999993    0.0122747870482197    -0.01139666488284    0.000153684181245981    0.000148595322361454    0.00173602539348887    0.00432566201981791
156.99999999993    0.00604478010025514    -0.0132596884711668    4.03067886056628e-05    0.000190128592968428    0.00194098483899855    0.00378275754126977
157.499999999929    -0.000781996295179615    -0.013748212221884    3.18289657806806e-06    0.000209523451143666    0.00160355179909893    0.00452880909795348
157.999999999929    -0.00738805463870275    -0.0125188672548937    5.78995123639471e-05    0.000175469997941584    0.00182103295398239    0.00432989152242097
158.499999999928    -0.0131040080774543    -0.0100389458013439    0.000176040502822374    0.000118425844609052    0.00207977766320978    0.00420064421330015
158.999999999928    -0.0170317049788647    -0.00524130459612879    0.000293845161084733    5.19736482392605e-05    0.00194066653437669    0.00494998731007057
159.499999999927    -0.0180044789876724    0.00150533757827066    0.000328901400736941    1.91397818269918e-05    0.00217718559599362    0.00410776588943893
159.999999999927    -0.0156373760144484    0.00761613237326317    0.000247683621583224    8.11861340470033e-05    0.00177653960439296    0.00481462996708324
160.499999999927    -0.0108252131815559    0.0112108729818193    0.000120565195890432    0.000144444926024812    0.0018384655189313    0.00433142620972884
160.999999999926    -0.00474635331693633    0.0128928259053526    2.6405341150183e-05    0.000181847627369054    0.00196912958968944    0.00395255202917325
161.499999999926    0.00184495376416018    0.0130965441661682    5.99444175649855e-06    0.000194142388094628    0.00160953016890325    0.00475635564253067
161.999999999925    0.00806106216216598    0.0116226423530371    6.87150487710637e-05    0.00015395416103085    0.00193244031958549    0.00434377091525779
162.499999999925    0.0132532140147446    0.00883212522495647    0.000180204519269013    9.82064561879285e-05    0.00213467504515135    0.00449444325791483
162.999999999924    0.0165219159191454    0.00387198326532474    0.000277407358518194    4.04137937792099e-05    0.00210562410673973    0.00504197772429184
163.499999999924    0.0168716762527529    -0.00253176980493579    0.000290087302982664    2.38076207592239e-05    0.00233106057513693    0.00417106250421152
163.999999999923    0.0141660669978281    -0.00793137280228708    0.000204049254211815    8.80689373967421e-05    0.00183624617762995    0.00501620004265011
164.499999999923    0.00933858013772184    -0.0110250946354742    9.0917443374734e-05    0.000140491959716563    0.00192571139740127    0.00435192463117181
164.999999999922    0.0033978497736087    -0.012557060995381    1.55277078298736e-05    0.000174421845548012    0.00199557629417193    0.0040917068206669
165.499999999922    -0.00293754941831953    -0.0123614658622663    1.11958266867734e-05    0.00017761614739435    0.00160207056701757    0.00498099479324914
165.999999999922    -0.00872024149266593    -0.0106187104615515    8.02570805230476e-05    0.000131687559604257    0.00205291715191701    0.00435092492902284
166.499999999921    -0.0133253525865544    -0.00749040558813492    0.000182474960964086    7.90159607842913e-05    0.0022158383082019    0.00478641670872151
166.999999999921    -0.0158777668602384    -0.00242244410471587    0.000257447758690185    3.17460597176323e-05    0.00231176950020987    0.00508702509106842
167.49999999992    -0.0155879345864031    0.00354861411307435    0.000249129140335641    3.06691953326643e-05    0.00247899892409396    0.00425165064523813
167.99999999992    -0.0125561576086386    0.008225137516786    0.000161206237426396    9.45891026894065e-05    0.00188391707180097    0.00519001112902139
168.499999999919    -0.00770997395910658    0.0108779294511124    6.34858260071587e-05    0.000137249120345329    0.0020105043041628    0.00434968633374303
168.999999999919    -0.00188329443084011    0.012229396127114    7.53540948892487e-06    0.000167846580973765    0.00199715086452964    0.00427649989359213
169.499999999918    0.00414803909407164    0.0115031762347982    1.97913564164881e-05    0.000158954201734354    0.00160783335285141    0.00516053662379485
169.999999999918    0.00942691612540775    0.00944253688017753    9.36854600202842e-05    0.000108191471560387    0.00219515657409934    0.00436233524925283
170.499999999917    0.0133458524288945    0.00593831530229789    0.00018352216306618    6.12148129049635e-05    0.00232602364827872    0.00509423441504788
170.999999999917    0.0150869628009743    0.000817980625767019    0.000234175840296821    2.56945450256361e-05    0.00256113133963077    0.00500254462463914
171.499999999917    0.0141052965612408    -0.00462316826463009    0.000205615931838565    4.11256034759098e-05    0.00258002727854047    0.00444431307097362
171.999999999916    0.0107266016007692    -0.00856484968443104    0.000118793185161376    0.00010128735670635    0.00193214990612835    0.005284950954309
172.499999999916    0.005824168972853    -0.0108349719084364    3.83042396188691e-05    0.000135921019078329    0.00209363210582126    0.00430399846906612
172.999999999915    8.42242255001523e-05    -0.0118104384583602    3.70078083368416e-06    0.000160827810524385    0.00192189674892359    0.00461967032867841
173.499999999915    -0.00554937737829882    -0.0104522303816741    3.36711800547925e-05    0.000136128198034691    0.00169575669481733    0.00518450364867257
173.999999999914    -0.0102058128002446    -0.00797486688837798    0.000109692345889857    8.34157500462671e-05    0.0023523883557401    0.00445165678808683
174.499999999914    -0.0132769816648254    -0.00405223078934913    0.000182509323479307    4.51023950675633e-05    0.00249621340257512    0.00535554112087791
174.999999999913    -0.0140567077022703    0.00103360284688563    0.000205651159941953    2.32892780601997e-05    0.0028390365469446    0.0047139095467679
175.499999999913    -0.0122949611970639    0.00581251972719444    0.000157838844047072    5.67643421300035e-05    0.00258317115378852    0.00479363709003706
175.999999999912    -0.00851762193920715    0.00902375177793114    7.65424221016767e-05    0.000108452182340395    0.00199813377990909    0.0051984696008229
176.499999999912    -0.00348291702936594    0.0109486579807577    1.66856457965329e-05    0.000137936430747446    0.00213422931361313    0.004250096371594
176.999999999912    0.00213960744381118    0.0110439929669295    7.59995916841806e-06    0.000147791485142618    0.00173840132156123    0.00508150612407691
177.499999999911    0.00720471192647649    0.00906441036143842    5.56860585687707e-05    0.000106817571179828    0.00194375528944827    0.00496528307141449
177.999999999911    0.0110312571539325    0.00602098042731563    0.000128058175909902    5.88802851115686e-05    0.0025237950617504    0.00475689812855507
178.49999999991    0.0130022338756415    0.00167676640890456    0.000176796591738263    3.12906154970289e-05    0.00278181702873906    0.00533657848316674
178.99999999991    0.0126148811313644    -0.00319433191249693    0.000168345186820187    2.97443558875543e-05    0.00303479173284345    0.00442047503333725
179.499999999909    0.00996848479693269    -0.00714403303558865    0.000105357409030316    7.78262111084709e-05    0.00244677744873495    0.00517580941446736
179.999999999909    0.00571333247615276    -0.00968086695144785    3.70525142853749e-05    0.000117121146346168    0.00210008245131306    0.00483755738100676
180.499999999908    0.000473124659460494    -0.0109739418501857    4.3077368587069e-06    0.000140867565721204    0.00202086365579603    0.00452108017955299
180.999999999908    -0.00477199207890413    -0.00962929903473633    2.55537632787557e-05    0.000120949628239177    0.00166788934813792    0.00531283618595599
181.499999999907    -0.00897708617694697    -0.00702835310904372    8.62125187576411e-05    7.09265795180687e-05    0.00237159071707341    0.00463991725062679
181.999999999907    -0.011603428185437    -0.00328079281625252    0.000142339695721767    3.85421254417495e-05    0.00277491442519818    0.00527053355350057
182.499999999907    -0.0121143229042657    0.00130041010558303    0.000156980657679652    2.41947327924803e-05    0.00319747372949872    0.00474380294171015
182.999999999906    -0.0103540902898318    0.00557308970319446    0.000116287052388399    5.2620664356965e-05    0.00301328170910237    0.00464341851625642
183.499999999906    -0.00676429983547901    0.00856828832498644    5.09436801668495e-05    0.000101531209210051    0.00227770232967087    0.00530241873016001
183.999999999905    -0.0019714914891095    0.010383998770342    8.67262226823701e-06    0.000127275517099357    0.00218765709758312    0.00440999848490821
184.499999999905    0.00320274579540092    0.00978460557509625    1.30797235065679e-05    0.000124600279151826    0.00167992347343848    0.00537231541252201
184.999999999904    0.00752065864354299    0.0073460625384421    6.14284451876614e-05    7.91646229536999e-05    0.00220638590345467    0.00501995897742178
185.499999999904    0.0103793783575025    0.00390116247737664    0.000116360067172994    3.81994262164852e-05    0.00293744312026688    0.00479378321804332
185.999999999903    0.0112730642909129    -0.000407319291388506    0.000137717578193052    2.78471110588435e-05    0.0032612267149028    0.00526129281200983
186.499999999903    0.00997921951765474    -0.00466461709184862    0.000111385058412977    3.9465989637589e-05    0.00343514719210624    0.00420800867679984
186.999999999902    0.00679199509518893    -0.00786164534192385    5.33590441630149e-05    8.91041387286928e-05    0.00268846550841636    0.00522481303459748
187.499999999902    0.00232140949769032    -0.00980205064340445    1.00443602546259e-05    0.000122240059023607    0.00215764181426368    0.00511467127074078
187.999999999902    -0.00262273108663952    -0.00945474218638086    1.05979307474973e-05    0.000115603397336254    0.00192852596422033    0.00511969213188877
188.499999999901    -0.00678537579941901    -0.00702957769509308    5.07958840335397e-05    8.06567212576256e-05    0.00218049519472036    0.00558943276963553
188.999999999901    -0.0094997006668706    -0.00365710443901537    0.000100954790324168    3.54732890696545e-05    0.00327268659728149    0.00470094418088415
189.4999999999    -0.010299384658164    0.000532067089329236    0.000119679702996281    2.46610448311772e-05    0.00368814027111986    0.00493740310726499
189.9999999999    -0.00898943514128173    0.00459879504166106    9.38870487145099e-05    4.4023535696472e-05    0.00361622794569134    0.00478274187692224
190.499999999899    -0.00587166481870159    0.0076629552345315    4.39911469271426e-05    8.16040098866273e-05    0.0030845906023271    0.00478363114800813
190.999999999899    -0.0015498411240894    0.00934998177446546    6.74480263542434e-06    0.000120010372174861    0.00208393740921018    0.00570860867392609
191.499999999898    0.00303197062229387    0.00847376177244025    1.27394714344481e-05    0.00010552983036256    0.00188324867715207    0.00580733947574021
191.999999999898    0.00665758335869552    0.00587866871641017    5.25524339161068e-05    6.38035921184188e-05    0.00286862645496539    0.00540785042702913
192.499999999897    0.00876538710355561    0.00242090697663418    9.11752480384323e-05    3.44456161845762e-05    0.0037872466203369    0.00534647786819138
192.999999999897    0.00898883450764665    -0.00155403283642037    9.88725788232878e-05    2.35288043515684e-05    0.00425128604276735    0.00459497402548651
193.499999999897    0.00726605231349478    -0.00520462365579325    6.66505819112412e-05    5.29298739480302e-05    0.00372223933792526    0.00508347976779562
193.999999999896    0.00395512126778244    -0.00784729139459279    2.28724377284697e-05    9.40322521186846e-05    0.00268876430458394    0.00569668937954621
194.499999999896    -0.000309203221741356    -0.00876376709354303    4.24268896916545e-06    0.000109992698252624    0.0020364386405758    0.00576099683932878
194.999999999895    -0.00430026485034415    -0.00687180207759761    2.35196473921933e-05    8.58222176927076e-05    0.00224217965584561    0.0062129344032456
195.499999999895    -0.00702662053271488    -0.00390633334485086    6.23914521806959e-05    4.24923711397541e-05    0.00360805433300631    0.00521851807879022
195.999999999894    -0.00807662418132702    -0.000205270677703119    8.35741580639023e-05    2.52050015865091e-05    0.00428279113400431    0.00501626011440639
196.499999999894    -0.00722572120410668    0.00353585078947432    6.90025313466006e-05    3.91131493031561e-05    0.00409774138119082    0.00515857620838638
196.999999999893    -0.00466613885338923    0.00654414121241714    3.23677135995322e-05    7.21149057381752e-05    0.0032549749308441    0.00541194249139057
197.499999999893    -0.0008856271680292    0.00826651690982778    5.10547294904283e-06    0.000107320163509088    0.00207873458341641    0.00624378584583257
197.999999999892    0.00309778422693173    0.0071435043399623    1.41521277060814e-05    8.74446323031439e-05    0.00213444620205204    0.00603448241758013
198.499999999892    0.00598115995951323    0.00423507967111016    4.64791546907171e-05    4.82226900102317e-05    0.00327183132655594    0.00550334354638897
198.999999999892    0.00721271404556537    0.000615825317935459    6.92205560329727e-05    2.728240199426e-05    0.00414696420648608    0.00518682573179875
199.499999999891    0.0065804752317313    -0.00309316357977133    6.1781103945801e-05    3.24043476131751e-05    0.00429865672860394    0.00477877460045473
199.999999999891    0.00424586229013007    -0.00605899714038791    2.96015629409585e-05    6.8588127805007e-05    0.0034020899979586    0.00564594380575809
200.49999999989    0.000740938913581661    -0.00766226419218851    5.0016929835268e-06    0.000100991784728577    0.00211014277001989    0.00650242202396023
200.99999999989    -0.00293291234047396    -0.0065153259523561    1.33963929790811e-05    8.18449235015439e-05    0.00218961598966044    0.00627657958095801
201.499999999889    -0.00548706053366778    -0.00355525050992064    4.18983065319819e-05    4.47215109275353e-05    0.00343372585275054    0.00566407139249183
201.999999999889    -0.00638519580505268    3.01883825598574e-05    5.96236254129374e-05    2.39347007507348e-05    0.00434199262367809    0.00489221722864931
202.499999999888    -0.00545768171050322    0.00359364596782102    4.75841645644775e-05    3.75615182441148e-05    0.00421875276726618    0.00496459735548397
202.999999999888    -0.00295091992306606    0.00621654190273047    1.80766276159702e-05    7.52827683668909e-05    0.00306083309306828    0.00605288155662138
203.499999999887    0.000462766413203214    0.00699536995871948    3.70838856754159e-06    9.61603071872865e-05    0.00186928751516524    0.00687205255567298
203.999999999887    0.00352993580513611    0.00494467712657779    1.97830038581288e-05    6.47438220183588e-05    0.00270602237051856    0.00634775473157692
204.499999999887    0.00525837266074849    0.00187050338515292    4.40820520493495e-05    3.05044158714139e-05    0.00405358717804889    0.00519669442603135
204.999999999886    0.00532932806425214    -0.00160088791301697    4.74621182403793e-05    2.66574257314773e-05    0.00436581958215795    0.00490862339372593
205.499999999886    0.00371873583642425    -0.00470873546043838    2.60814062315186e-05    5.57342024287753e-05    0.00350034427027009    0.00579327306385479
205.999999999885    0.000825524778861137    -0.00655722278131056    5.2625213813275e-06    8.79484003791903e-05    0.00214033413765556    0.00670456782913352
206.499999999885    -0.00233971440951627    -0.00553158224351454    1.04235752612794e-05    7.4656551836267e-05    0.00222470486653428    0.00663763133350306
206.999999999884    -0.00439715053458638    -0.00255584383754235    3.22410594002633e-05    3.46060759129462e-05    0.00359250978794075    0.00529846564498091
207.499999999884    -0.00479925121277381    0.000982034861319741    3.98248257022123e-05    2.61116669415921e-05    0.00409780593719388    0.00501470582115689
207.999999999883    -0.00348020768685534    0.00414657366930678    2.47060838413296e-05    4.7890653123466e-05    0.0035488361891869    0.00554044943379846
208.499999999883    -0.00087248239831601    0.00595764631690752    5.80830495068699e-06    8.18060105215085e-05    0.00224657058988044    0.00680532592049394
208.999999999882    0.0019953151835504    0.0049727376660789    8.84577471941399e-06    7.00047765429454e-05    0.0022055593480356    0.00672879310480754
209.499999999882    0.00379374751260242    0.00206611786601423    2.63607807563618e-05    3.39744318857432e-05    0.00345951738931671    0.00545028337331922
209.999999999882    0.00397317935008526    -0.00134781989809359    3.06279152585983e-05    2.86307005401186e-05    0.00385250063084412    0.00517823155743557
210.499999999881    0.00253373343093411    -0.00422915717638971    1.65923601395957e-05    5.36051177454377e-05    0.00318944431532557    0.00597656651622226
210.999999999881    3.91356429272639e-05    -0.0053209937157338    4.59388666809705e-06    7.71826471857605e-05    0.00214297808424392    0.00699068473490844
211.49999999988    -0.00228760984703302    -0.00357259359816338    1.18308411934583e-05    5.42455122298268e-05    0.00256859541018353    0.00644065891133732
211.99999999988    -0.0033266553802987    -0.000504087001038435    2.32139548489138e-05    2.96884315576536e-05    0.00348530039302834    0.0054253412660438
212.499999999879    -0.00279123744833844    0.00255739131971412    1.96569420202397e-05    4.05524639059823e-05    0.00344469672500104    0.00583199910355216
212.999999999879    -0.000973713207273533    0.00436239826130227    8.58293696304081e-06    6.20974241584275e-05    0.00276311772333752    0.00656253804318226
213.499999999878    0.00115446087520144    0.00374897896900157    6.85841862014499e-06    6.18266289873601e-05    0.00235066771530434    0.00691171365707117
213.999999999878    0.00243687454918365    0.00119841744304917    1.44955477899324e-05    3.91015345043427e-05    0.00292526754699008    0.00613720866001297
214.499999999877    0.00230511843630337    -0.00166048366223129    1.59878575029784e-05    3.94609524256573e-05    0.00326715265905846    0.00605836169546853
214.999999999877    0.000990305566368433    -0.00326798677106122    1.0186517403216e-05    5.12537965148122e-05    0.00303410815371431    0.00636977699601651
215.499999999877    -0.000646120806541011    -0.00297266665171552    6.6555542484959e-06    5.50002260060232e-05    0.00249761529300465    0.0067943711249682
215.999999999876    -0.00168504310874657    -0.000969845812737744    8.88793036852617e-06    4.77436153085275e-05    0.00245938205453969    0.00684127286460952
216.499999999876    -0.00158452646391831    0.00122748619988388    1.2102606917629e-05    4.04563143932376e-05    0.00309707649288349    0.00624096082525217
216.999999999875    -0.000675887194478954    0.00217609241177839    1.01679773714331e-05    4.18360679443105e-05    0.00311627243221328    0.00609103355430842
217.499999999875    0.000360577013938494    0.00174423227787662    5.32523508899308e-06    5.44582897963208e-05    0.00227930237265973    0.00717049116568273
217.999999999874    0.000923959408544513    0.000489239637629185    6.39219598798971e-06    4.80109832476102e-05    0.00235340073071965    0.00691170223784146
218.499999999874    0.0008992733269568    -0.000500634151584787    9.45819666506585e-06    3.80254172695693e-05    0.00294100393547678    0.00614611932163998
218.999999999873    0.000516963940768749    -0.000960139663709903    7.5498206790622e-06    4.37243942936025e-05    0.00269862353117419    0.0065423639550069
219.499999999873    -2.46577494702219e-05    -0.00115131532602366    4.45422446547451e-06    4.97062253002243e-05    0.00211035932032097    0.00695562350334514
219.999999999872    -0.000528343531410224    -0.000762871451970272    5.2083043904166e-06    4.56953155586586e-05    0.00222017060228118    0.0067166466861394
220.499999999872    -0.000716244207239598    5.9128666297574e-05    7.13692059118974e-06    3.75813556912332e-05    0.00257369672393339    0.00613007826149513
220.999999999872    -0.000467029462461383    0.000893771192022127    5.09900008194142e-06    4.47799693352288e-05    0.00220927217950493    0.00663182798265607
221.499999999871    7.78139159751536e-05    0.0011267352835007    3.82267651338232e-06    4.6068228673649e-05    0.00195361754390744    0.00669318282094278
221.999999999871    0.000513485697313348    0.000502328469768395    4.69744814527647e-06    4.05801550158889e-05    0.00210565443127098    0.00635041897234734
222.49999999987    0.000511967733017426    -0.00050036913131353    4.34764440236826e-06    4.24937211439446e-05    0.00202127025474508    0.00649948858575605
222.99999999987    0.000117069131210057    -0.000908553220777146    3.9937398083512e-06    4.19391974600176e-05    0.00199500241274764    0.00641199879172112
223.499999999869    -0.000251255165104265    -0.000489541139276747    3.48600031675108e-06    4.05485159963628e-05    0.00185010031045873    0.0063489263241369
223.999999999869    -0.000339982170961305    0.000153700988673912    2.93825318573026e-06    4.40286893662792e-05    0.00168007895920361    0.0066336313865303
224.499999999868    -0.000144871776475358    0.000517273632091385    3.89444333811965e-06    3.65017845530774e-05    0.00196810962766319    0.00601948606964252
224.999999999868    8.73496606238982e-05    0.000347107593723168    2.57740533905146e-06    4.28911616238313e-05    0.00160305189430672    0.00653992950590532
225.499999999867    0.000167004496957057    -1.38992454440415e-05    2.50947305445003e-06    4.02579601585014e-05    0.0015753039555737    0.00634490086364456
225.999999999867    0.000122301678466946    -0.000129914115719332    2.89511939664741e-06    3.77219923799223e-05    0.0016971039143469    0.00614044906358315
226.499999999867    2.08623181097649e-05    -0.000280501619915304    2.18192345173145e-06    4.0119221897075e-05    0.00147698619337303    0.00632775953543589
226.999999999866    -0.000110788402080706    -0.000164484425988227    2.09375884096869e-06    3.87977973678447e-05    0.00144273517006174    0.00622661563302666
227.499999999866    -9.63733599117503e-05    0.000206845600199766    2.16192513133611e-06    3.72949044626347e-05    0.00146718686841023    0.00610345143015923
227.999999999865    2.79458744344439e-05    0.000203237186780996    1.77702424319516e-06    3.8607767134058e-05    0.00133275776917535    0.00621019015650627
228.499999999865    6.74671941577525e-05    -5.27744683999036e-05    1.72434972295384e-06    3.76899729504174e-05    0.00131141065294831    0.00613898915179873
228.999999999864    1.1174359367411e-05    -0.000117000456355462    1.70679866437474e-06    3.59000242888033e-05    0.00130639725890231    0.00599052044333511
229.499999999864    -1.92023179167633e-05    2.48136767481444e-06    1.44299882965865e-06    3.70935026736987e-05    0.00120109537533256    0.00609044304763727
229.999999999863    4.15467377684608e-06    6.46988203870506e-05    1.41812578068727e-06    3.60353502548669e-05    0.00119084361667395    0.00600259646465656
230.499999999863    7.63108616023888e-06    -6.18462714870273e-05    1.31932904300217e-06    3.54195404731882e-05    0.0011485951460485    0.00595111044359717
230.999999999862    -3.29657904282141e-05    -5.13628215051983e-05    1.19649950214666e-06    3.56741825276128e-05    0.0010933493306387    0.00597256598022825
231.499999999862    -1.62237960139996e-05    0.000110427963613632    1.12773505879655e-06    3.49795125763415e-05    0.00106182477237982    0.00591331702525694
231.999999999862    4.00496958675345e-05    6.47629441063868e-05    1.0867766453063e-06    3.38790620708205e-05    0.00104171621239531    0.00582021200918757
232.499999999861    2.13685454948217e-05    -0.000117335110759867    9.61275086994505e-07    3.44637358604176e-05    0.000980213483001505    0.00586940953863338
232.999999999861    -3.12500032353928e-05    -4.99823897016176e-05    9.51348760061601e-07    3.35316022109475e-05    0.000974870349000004    0.00579043210578168
233.49999999986    -2.28417882577523e-05    8.11759253396873e-05    8.61996278258782e-07    3.3327072644979e-05    0.000928156522881766    0.00577238972299378
233.99999999986    2.59930172654197e-05    7.46083386863239e-05    8.42750253252915e-07    3.26726784441512e-05    0.000917646237014218    0.00571551502840729
234.499999999859    1.89400953597726e-05    -9.55983147769196e-05    7.61186594314224e-07    3.2899654828344e-05    0.000872254473821709    0.00573502535221562
234.999999999859    -2.31356030867792e-05    -2.7032329898429e-05    7.53674741601795e-07    3.20366715965595e-05    0.000867836093667235    0.00566003011031741
235.499999999858    -7.39978843075058e-06    5.83674228526272e-05    6.78408945590441e-07    3.21838281666698e-05    0.000823622600905063    0.00567277898482034
235.999999999858    6.5105690488833e-06    -7.55186418174668e-06    6.76067816413909e-07    3.11920695654959e-05    0.000822207655586208    0.00558498097891508
236.499999999857    1.49166154163596e-06    4.56447362318056e-06    6.30335256604149e-07    3.10516659310954e-05    0.000793935155758954    0.00557240029939306
236.999999999857    5.83429737664257e-06    -1.24137969163115e-05    5.85436500719489e-07    3.10348420901175e-05    0.000765115979243415    0.00557087856516041
237.499999999856    -1.02359496959128e-05    -3.11126040895634e-05    5.74515231121511e-07    3.03428353521462e-05    0.000757898711211026    0.00550834524680624
237.999999999856    -7.48548351045791e-06    4.57775242772806e-05    5.62402172080635e-07    2.9861669712052e-05    0.000749897419396313    0.00546439146935165
238.499999999856    2.09726993846924e-05    2.37910888118445e-05    5.08840529057879e-07    3.01264854279197e-05    0.000713022212093283    0.00548870835552527
238.999999999855    1.26556131581596e-06    -8.96637295036607e-05    4.95024155717337e-07    2.98050684902624e-05    0.000703578392271887    0.00545866548763284
239.499999999855    -2.79850678615115e-05    2.35706762159997e-05    4.97229340530686e-07    2.89742812293441e-05    0.000704589367296635    0.0053827247424113
239.999999999854    2.01540533475733e-05    0.000104371104921529    4.4832042818897e-07    2.93278827748213e-05    0.000669263955642789    0.00541451654788114
240.499999999854    1.48788570056072e-05    -0.000120296848134617    4.41617970950004e-07    2.88739527099258e-05    0.000664376843789886    0.00537210213773479
240.999999999853    -2.83368587541165e-05    -2.1609062589796e-06    4.33158924860584e-07    2.84494846852664e-05    0.000657537791534854    0.00533380539725162
241.499999999853    1.17249718059305e-05    0.000111446707896277    3.99017598068827e-07    2.85561097244419e-05    0.000631569571072718    0.00534262944211378
241.999999999852    1.71958459380031e-05    -9.58353148798111e-05    3.9981883603658e-07    2.8115903137617e-05    0.00063207842782289    0.00530157700406576
242.499999999852    -2.72322554648821e-05    -1.16517103202388e-05    3.84121934837254e-07    2.78326118335643e-05    0.000619177146783979    0.00527564935066868
242.999999999851    1.13238919621534e-05    0.000101935865699429    3.68854727446905e-07    2.77449535233198e-05    0.000607228537634501    0.00526636141967145
243.499999999851    1.0690333551433e-05    -9.71641803707934e-05    3.5838005754081e-07    2.75667368786134e-05    0.000598553067245811    0.00524950435761952
243.999999999851    -2.08147664506818e-05    1.92056961335069e-05    3.4559695345702e-07    2.73411889854174e-05    0.000587506339501646    0.00522884500885744
244.49999999985    1.35605906008019e-05    6.17693346425339e-05    3.45774400898712e-07    2.69686967760805e-05    0.0005878694678934    0.00519277202709481
244.99999999985    4.17247803440763e-06    -8.29511895351514e-05    3.27823741217333e-07    2.69463477630716e-05    0.000572543737756676    0.00519032435048392
245.499999999849    -1.81658821825133e-05    3.80505468509145e-05    3.09331359731181e-07    2.6947468039522e-05    0.000555878908086745    0.00519095561485612
245.999999999849    1.61221253673862e-05    3.35683848878814e-05    3.16621818614058e-07    2.65052876210904e-05    0.000562460572562821    0.00514821918575991
246.499999999848    -3.30103197647136e-06    -8.14830299921919e-05    3.08285371585146e-07    2.63195773513153e-05    0.000555224706558558    0.00512961381267037
246.999999999848    -1.09013210474585e-05    5.93427793053015e-05    2.89464545060801e-07    2.63501431949803e-05    0.000537908641183818    0.0051328960275389
247.499999999847    1.72771930094128e-05    8.99567394953936e-06    2.89731464269059e-07    2.61219388034886e-05    0.00053798974234717    0.00511095469372785
247.999999999847    -6.35363309496537e-06    -6.2907234870661e-05    2.85632039394879e-07    2.59086713208256e-05    0.000534407775711931    0.00508966737622672
248.499999999846    -9.41464098239556e-06    6.17751212104669e-05    2.72356538240883e-07    2.58970998746841e-05    0.000521792969266601    0.00508854436053019
248.999999999846    1.87874576599085e-05    -2.44103976178252e-06    2.69613698947028e-07    2.57152424834133e-05    0.000518903392147041    0.00507101927867941
249.499999999846    -1.14503566998464e-05    -6.81937567579398e-05    2.64643091236567e-07    2.56300580807062e-05    0.000514307282242837    0.0050621544516387
249.999999999845    -8.04548722761711e-06    7.53986417660244e-05    2.56921357541254e-07    2.54917636316897e-05    0.000506810248196033    0.00504837386457357
250.499999999845    2.24860698628902e-05    -8.58056681114413e-06    2.55165521449086e-07    2.52259840543833e-05    0.000504638383509625    0.00502254023659905
250.999999999844    -1.5458225329479e-05    -8.64693919656227e-05    2.53452629326415e-07    2.50230603359971e-05    0.000503203410755609    0.00500155809525893
251.499999999844    -8.35261940403489e-06    0.000105555225780835    2.45909247366868e-07    2.49542373235727e-05    0.000495822025646259    0.0049943062999663
251.999999999843    2.5694627253498e-05    -2.82847498738071e-05    2.42536425084254e-07    2.47501348684469e-05    0.000491809120711031    0.00497487033412646
252.499999999843    -2.17242019278694e-05    -7.78860149445505e-05    2.3936818506532e-07    2.45704016994436e-05    0.000488770134230721    0.00495624207117849
252.999999999842    -8.97388265358057e-08    0.000117218070181159    2.33552552978378e-07    2.44897241354956e-05    0.000483272743826217    0.00494732089716431
253.499999999842    2.14587769883645e-05    -6.77019553433432e-05    2.30435317505606e-07    2.43843941530042e-05    0.000479556918827963    0.00493759157872002
253.999999999841    -2.32598195540665e-05    -2.56425223412162e-05    2.26161607274074e-07    2.42714060893292e-05    0.000474995355838756    0.00492653514656875
254.499999999841    8.38607322819393e-06    9.53245420977736e-05    2.22006367433612e-07    2.42172768798817e-05    0.000471100882199793    0.00492018191854281
254.999999999841    1.14030788480628e-05    -9.15593539285454e-05    2.21297975430752e-07    2.40212818874568e-05    0.000470284961723779    0.00490029578415068
255.49999999984    -2.0053376778294e-05    1.44719798089741e-05    2.16574283066412e-07    2.38905328259138e-05    0.000464943163350317    0.00488777284534727
255.99999999984    1.39728550213877e-05    5.43383554831734e-05    2.11582320967099e-07    2.38704492488587e-05    0.000459768507283448    0.00488543719558261
256.499999999839    -6.6028951066074e-08    -8.02572403227901e-05    2.10897991911169e-07    2.36749032046651e-05    0.000459236309051611    0.00486502435554447
256.999999999839    -1.32932108725901e-05    5.59311329202933e-05    2.11155669922176e-07    2.35317276392672e-05    0.000459324460993395    0.00485062875796916
257.499999999838    1.79738297363894e-05    1.30410937541039e-06    2.05950085900906e-07    2.34847818758856e-05    0.000453461164098441    0.00484610979809417
257.999999999838    -9.81006484282989e-06    -5.79366234025233e-05    2.00956323815254e-07    2.33916379818066e-05    0.000448174169763312    0.00483614322880075
258.499999999837    -4.21271433866895e-06    6.78449322816355e-05    2.02190470480338e-07    2.3231388224625e-05    0.000449636212418705    0.0048194175259868
258.999999999837    1.46503953736455e-05    -2.18729011682263e-05    2.01259679875395e-07    2.30748051726008e-05    0.000448380469903397    0.00480357437215198
259.499999999837    -1.13851870829205e-05    -4.09210166945987e-05    1.94263460188014e-07    2.30185804263855e-05    0.000440606216142147    0.00479759376112424
259.999999999836    -2.88569121167594e-06    6.62248346364292e-05    1.92210415745048e-07    2.29245434962661e-05    0.000438408586288269    0.00478750015849018
260.499999999836    1.45297130483275e-05    -2.5915821756865e-05    1.93202974786377e-07    2.27241265491645e-05    0.000439308390797524    0.00476691251433746
260.999999999835    -1.39214902357268e-05    -3.26980146214633e-05    1.89544512998042e-07    2.26595958313463e-05    0.00043514446464095    0.00476009733841506
261.499999999835    3.386244420653e-06    6.83013718486216e-05    1.85246341155138e-07    2.26639124758157e-05    0.000430389212810755    0.00476017304290709
261.999999999834    8.78478621529963e-06    -5.15386793850383e-05    1.84631310197957e-07    2.25311794646149e-05    0.000429597646326314    0.00474642215032988
262.499999999834    -1.42866732209777e-05    1.97213418256138e-06    1.83337776769122e-07    2.24119429064548e-05    0.000427941196588269    0.0047341249473521
262.999999999833    9.53542856908387e-06    5.42565158475861e-05    1.81504304910369e-07    2.22777854751889e-05    0.00042592649660754    0.00471962304698976
263.499999999833    1.66307361458712e-06    -6.78964480705477e-05    1.80460851358335e-07    2.22160947719226e-05    0.000424803584665298    0.00471290619939142
263.999999999832    -1.08118387913296e-05    3.99357128959312e-05    1.80139390659146e-07    2.2044570581558e-05    0.00042429057826105    0.00469499475190265
264.499999999832    1.22262379441254e-05    9.07075599531075e-06    1.77133979031643e-07    2.1969494157419e-05    0.000420695255663023    0.00468715392096362
264.999999999832    -5.53484092775703e-06    -4.92803488708738e-05    1.746295673453e-07    2.19311894323895e-05    0.000417850371402497    0.00468281548639327
265.499999999831    -3.60730914598254e-06    5.27732130042469e-05    1.75044332574575e-07    2.18537662695005e-05    0.000418367446027174    0.00467450331666261
265.999999999831    1.13386428813999e-05    -2.15975900361685e-05    1.73658112074003e-07    2.17326200192604e-05    0.000416568778536763    0.00466177579505546
266.49999999983    -1.17938882376417e-05    -2.45230445170525e-05    1.70618471385717e-07    2.16512842686418e-05    0.000412891481609823    0.00465302943134142
266.99999999983    3.91460212600066e-06    6.03862864321837e-05    1.69491938992637e-07    2.15805464785888e-05    0.000411675375609026    0.00464509418365223
267.499999999829    6.21130268830244e-06    -4.93788161129713e-05    1.68565061300707e-07    2.15056513840493e-05    0.000410519769340797    0.00463715571407394
267.999999999829    -1.09001826120921e-05    1.55008830745159e-05    1.67287695528381e-07    2.14043241131152e-05    0.000408862912902851    0.00462645478047059
268.499999999828    7.80267293506554e-06    2.61323700083441e-05    1.65594663980477e-07    2.13241564369004e-05    0.000406858430262352    0.00461773467580568
268.999999999828    -1.92429614184076e-07    -4.30128788294916e-05    1.65166578379474e-07    2.13133471937778e-05    0.000406406866760784    0.00461643770520437
269.499999999827    -4.63292858014523e-06    2.59792211507503e-05    1.64155773087004e-07    2.11258371702203e-05    0.000405134926980846    0.00459621172818319
269.999999999827    5.08179235806765e-06    -5.82805369875532e-06    1.62820942511624e-07    2.10165339266205e-05    0.000403478770071057    0.0045843756347414
270.499999999827    -3.33769775795101e-06    -9.38667726925779e-06    1.62911751129576e-07    2.08789918119476e-05    0.000403609478212854    0.0045693439028199
270.999999999826    1.9471007707566e-06    1.96751200802749e-05    1.61571752926024e-07    2.08455486291895e-05    0.000401955173775152    0.00456565017482059
271.499999999826    3.85431955067772e-07    -1.85948956825953e-05    1.6033360025974e-07    2.07454201796999e-05    0.000400416597685395    0.00455467610369326
271.999999999825    -2.08635360541828e-06    1.92936636963179e-05    1.59897849611414e-07    2.07135373567691e-05    0.000399866848763494    0.00455117183935196
272.499999999825    2.74392673573694e-06    -7.54294712119262e-06    1.59107198721566e-07    2.06515006039229e-05    0.000398872999321382    0.00454438595498574
272.999999999824    -1.9634457532351e-06    -1.85661967485005e-06    1.57582775058605e-07    2.04770886228401e-05    0.000396962113984923    0.00452516134251625
273.499999999824    7.90035945103901e-07    9.41775411896546e-06    1.55348170503563e-07    2.05673968321581e-05    0.000394141530857595    0.00453511941828056
273.999999999823    1.90528609966997e-06    -7.10594677481143e-06    1.5516997405954e-07    2.0418652935537e-05    0.000393911594072094    0.00451869477184036
274.499999999823    -3.13468748158595e-06    1.97850078495549e-06    1.54029310061455e-07    2.03559712833675e-05    0.00039245316127641    0.00451175878886517
274.999999999822    1.45656031318361e-06    1.33032965747809e-05    1.53054767544967e-07    2.01810773168553e-05    0.000391219434559457    0.00449231569896368
275.499999999822    2.07556510991136e-06    -1.21748760173599e-05    1.52370073916087e-07    2.01669909196225e-05    0.000390340576862772    0.00449075079380012
275.999999999822    -3.98028086083767e-06    -1.89944800376079e-06    1.51891687779017e-07    2.00880244674547e-05    0.000389712516020831    0.00448196618233025
276.499999999821    2.03248984901228e-06    2.16833726043122e-05    1.51610479070666e-07    2.00211194757749e-05    0.000389366598536237    0.00447444402212469
276.999999999821    2.33066717020792e-06    -2.21528363267839e-05    1.50679025440691e-07    1.99494203982094e-05    0.000388166965919606    0.00446642246658913
277.49999999982    -5.14586025151611e-06    6.42397981058789e-06    1.49745398840987e-07    1.98509195059268e-05    0.000386935290408175    0.0044554324412351
277.99999999982    6.09007706228687e-06    8.79432301127407e-06    1.49593030028634e-07    1.97646788465013e-05    0.000386724631992856    0.00444573970294979
278.499999999819    -2.36894175291031e-06    -2.30299446908773e-05    1.49465378179959e-07    1.96590398527181e-05    0.000386600266806595    0.00443379177165162
278.999999999819    -9.32558350204655e-07    2.18491721626796e-05    1.47423855968782e-07    1.97027376647265e-05    0.000383957011009963    0.00443872282063234
279.499999999818    2.93433398925905e-06    -7.86114211146604e-06    1.47219401835234e-07    1.95730837945497e-05    0.000383680585278006    0.0044241408202039
279.999999999818    -3.60048891284326e-06    -7.6222184848939e-06    1.46586423506856e-07    1.95098548569451e-05    0.000382849134759952    0.00441698955836783
280.499999999817    1.0217278165399e-06    1.83879261997705e-05    1.46364945352621e-07    1.94240858133118e-05    0.000382575353917225    0.00440723810310742
280.999999999817    1.60562572653965e-06    -1.74129840062078e-05    1.45556959429829e-07    1.93497079779261e-05    0.000381515899270077    0.00439879583135136
281.499999999817    -3.02277987302923e-06    9.47339629237708e-06    1.44630742001881e-07    1.93654305292918e-05    0.000380291473482801    0.00440060686542828
281.999999999816    2.29887997929032e-06    5.6307859152533e-06    1.44182893626839e-07    1.92516860636004e-05    0.000379707267217366    0.0043876707212199
282.499999999816    -1.44259918982772e-06    -7.04450270224597e-06    1.43267916611706e-07    1.91917984340255e-05    0.000378504736455548    0.00438083882481508
282.999999999815    1.94797181511591e-06    4.90349364104874e-06    1.42580341004417e-07    1.91433230856765e-05    0.000377593096348735    0.00437530559406159
283.499999999815    -1.86814583843177e-06    -1.44962679625498e-05    1.42414484769612e-07    1.90110952916517e-05    0.000377373813082914    0.00436014737708106
283.999999999814    1.88478433828097e-06    1.30351086538454e-05    1.41492907970255e-07    1.89714649363953e-05    0.000376150708570718    0.00435560501220413
284.499999999814    3.36058873515031e-07    -6.4090762452525e-06    1.40250933689614e-07    1.89337262475765e-05    0.00037450076202065    0.00435128546194319
284.999999999813    -1.63776886978009e-06    9.51218852738756e-07    1.40744320958776e-07    1.87661215784331e-05    0.000375155485994681    0.00433198807403896
285.499999999813    1.44892677321598e-06    4.5068277733591e-06    1.40376428970872e-07    1.87000342405179e-05    0.000374665623699423    0.00432435127262128
285.999999999812    -5.43120193935105e-07    -8.23185344849187e-06    1.38602085644266e-07    1.87406324460224e-05    0.000372292614303212    0.00432903738521755
286.499999999812    -2.18486786968118e-07    7.76541615457908e-06    1.37742798298193e-07    1.87127431146118e-05    0.000371137104803221    0.00432581585517967
286.999999999812    1.14109366424016e-06    -9.83484415450488e-06    1.37918576420127e-07    1.85417886058851e-05    0.000371372150713239    0.00430600648881601
287.499999999811    -1.68581115217098e-06    1.75826955610244e-06    1.37332083038285e-07    1.8474695734945e-05    0.000370579601542023    0.00429821970627761
287.999999999811    1.00645382492484e-06    3.24850520891635e-06    1.35810520164783e-07    1.84869973658205e-05    0.000368523414745225    0.00429964961514708
288.49999999981    1.42901589045154e-06    -4.11361166753783e-06    1.35080468389447e-07    1.8370268760852e-05    0.000367530170602403    0.00428605317734755
288.99999999981    -3.68859839616249e-06    -1.75804853619625e-07    1.34515027828835e-07    1.82923763864057e-05    0.000366744355199514    0.00427695877411722
289.499999999809    4.2095538316252e-06    1.32272687839609e-05    1.34696884002935e-07    1.81777668927006e-05    0.000366986598746431    0.00426351872659909
289.999999999809    -1.72496997573231e-06    -2.33301585377061e-05    1.33495242872695e-07    1.81542989022982e-05    0.000365365936221862    0.00426072231036016
290.499999999808    -3.77314103807592e-06    1.92375375714513e-05    1.32763188896115e-07    1.80769185989851e-05    0.000364347296274889    0.00425165244535972
290.999999999808    6.20531067928071e-06    -3.47686770854666e-06    1.32776661829148e-07    1.79833132905923e-05    0.00036433247995275    0.00424067225826086
291.499999999807    -5.11194820527518e-06    -1.94959612319331e-05    1.32357119376487e-07    1.79142468584784e-05    0.000363773263671251    0.00423247761553136
291.999999999807    7.33565740235668e-07    3.32501806917381e-05    1.31641691789288e-07    1.78565437311086e-05    0.000362823860393156    0.00422556956593932
292.499999999807    3.46788330338772e-06    -2.45817443604575e-05    1.31306683021134e-07    1.78055103643803e-05    0.000362346045661503    0.00421958601076273
292.999999999806    -5.2543204705626e-06    7.41121487530622e-06    1.30662583425048e-07    1.78587893169064e-05    0.000361434607559155    0.0042259595822488
293.499999999806    4.52231645957017e-06    6.01534170857643e-06    1.30226734110892e-07    1.77488484032195e-05    0.000360841076881127    0.00421293392054559
293.999999999805    -1.8870069904652e-06    -2.10028633313748e-05    1.29855595318052e-07    1.76456399447995e-05    0.000360349877927924    0.00420061886208822
294.499999999805    -2.03277162978317e-06    1.92822607870263e-05    1.28918781832257e-07    1.75585380070723e-05    0.00035904686277944    0.00419024655616961
294.999999999804    5.17152477921593e-06    -4.86513873325785e-06    1.28179409225541e-07    1.75465106203269e-05    0.000357984168025625    0.0041888527010092
295.499999999804    -3.88246770237436e-06    -1.20485875885057e-05    1.27480812266182e-07    1.74959493929357e-05    0.000357023442802741    0.00418279861151274
295.999999999803    1.07445408620323e-06    2.20926025310685e-05    1.27170441162516e-07    1.74056786787027e-05    0.000356608029509898    0.00417195285155719
296.499999999803    2.33066313208341e-06    -2.07766141702281e-05    1.26673374087126e-07    1.7325753831782e-05    0.000355904400220748    0.00416236977743276
296.999999999802    -5.55173437300729e-06    1.32670406492165e-05    1.25994179287429e-07    1.73284385548126e-05    0.00035491316900459    0.00416272297185929
297.499999999802    4.64479207801933e-06    3.78827086295373e-06    1.2558995313081e-07    1.72741105938604e-05    0.000354356288271229    0.004156211765883
297.999999999802    -1.94828351685475e-06    -1.54030732134451e-05    1.25304990614563e-07    1.71439657183282e-05    0.000353979088091233    0.00414049857670109
298.499999999801    -1.80457052340615e-06    1.56569193295237e-05    1.24888085500196e-07    1.71565183117721e-05    0.000353390476704484    0.00414201317871506
298.999999999801    3.25614056929311e-06    -4.53695684715903e-06    1.24704740146183e-07    1.70471354413709e-05    0.000353120571044475    0.00412881518808889
299.4999999998    -1.48435140989537e-06    -2.15968423315571e-06    1.24252959809925e-07    1.69907695397397e-05    0.000352492207730635    0.00412198555013282
