#t    a    aDot    H
0    1    0.425173409648965    0.425173409648965
0.5    1.23293681615895    0.500110292390217    0.405625240349496
1    1.49040221610449    0.518397786719542    0.347824084745723
1.49999999999999    1.74177278393869    0.481102372553068    0.276214197965101
1.99999999999998    1.96946867432725    0.430535394899851    0.21860484531287
2.49999999999997    2.17414080861086    0.390087748977163    0.179421566180161
2.99999999999996    2.3612101541368    0.359847909932379    0.15239978080813
3.49999999999995    2.53657187475381    0.345798207493282    0.13632501839785
3.99999999999994    2.71310137170027    0.367496260219062    0.135452461914004
4.49999999999993    2.90951151606356    0.41972653213248    0.144260137763727
4.99999999999992    3.12947137544462    0.453134080151533    0.14479572611114
5.4999999999999    3.3555547893202    0.445904898813373    0.132885596215733
5.99999999999989    3.57268378471037    0.421981855135816    0.118113407333088
6.49999999999988    3.77781127822164    0.399124531024114    0.105649674277005
6.99999999999987    3.97240386163731    0.379970990548356    0.0956526586377206
7.49999999999986    4.15920740348303    0.369850290583994    0.0889232622240167
7.99999999999985    4.34628983818228    0.383384638281563    0.0882096345516393
8.49999999999993    4.54627810529435    0.417462403089729    0.091825091519055
9.00000000000001    4.76122786273757    0.437515423105311    0.0918913010926034
9.50000000000009    4.97919259474776    0.431123050957456    0.0865849317441989
10.0000000000002    5.19079575970453    0.414957214031604    0.0799409634362543
10.5000000000002    5.39429132249586    0.399316553705052    0.0740257672105655
11.0000000000003    5.5904473349215    0.385849978294756    0.0690195176125694
11.5000000000004    5.78137548828805    0.38013006100314    0.0657507995758468
12.0000000000005    5.97385892882011    0.39343769627    0.0658598907268987
12.5000000000006    6.17701083346942    0.418905308543832    0.0678168324190144
13.0000000000006    6.39017137883697    0.429971832431656    0.0672864320753025
13.5000000000007    6.6038517321313    0.422833831929186    0.0640283654267814
14.0000000000008    6.81219381598822    0.410438612532607    0.0602505776581557
14.5000000000009    7.01441260282968    0.39861369780814    0.0568278087387296
15.0000000000009    7.21108023373221    0.388622774971088    0.0538924491719252
15.500000000001    7.40431677601198    0.386526212364072    0.0522028195249984
16.0000000000011    7.60041645490665    0.400507235223803    0.0526954328884498
16.500000000001    7.80580759308189    0.419894442415355    0.0537925688544384
17.0000000000009    8.01772797797109    0.424858478930913    0.0529898844283845
17.5000000000008    8.22856531589094    0.417404240934249    0.0507262475182838
18.0000000000007    8.43475492533124    0.407372597692784    0.0482969097856494
18.5000000000006    8.63604156796116    0.397907029904505    0.046075163808926
19.0000000000005    8.83296328351177    0.390464848563019    0.0442054196344151
19.5000000000004    9.02791050393043    0.391496869792145    0.0433651695618495
20.0000000000003    9.22680620569262    0.405776870029254    0.043978041912152
20.5000000000002    9.43368035305406    0.420005104799813    0.0445218715370021
21.0000000000001    9.64443631558108    0.420842496272114    0.0436357794796386
21.5    9.85317565229047    0.413547202152589    0.0419709560395846
21.9999999999999    10.0578421111393    0.405174780984361    0.0402844642525877
22.4999999999998    10.258437814254    0.397346036356508    0.0387335814235183
22.9999999999997    10.4555794621055    0.392076953504442    0.0374993040725729
23.4999999999996    10.6520417671055    0.395842684676443    0.0371612028314462
23.9999999999995    10.8532252905227    0.409673703588447    0.0377467243719877
24.4999999999994    11.0609614897562    0.419343592451113    0.0379120380121996
24.9999999999993    11.2705567775247    0.417517249914493    0.0370449533378056
25.4999999999992    11.4776698483207    0.410676167617275    0.0357804478648043
25.9999999999991    11.6812064109249    0.403527712758589    0.0345450374356186
26.499999999999    11.8812839500524    0.396971075018539    0.0334114626573492
26.9999999999989    12.0787048393448    0.393758969903788    0.0325994363750961
27.4999999999988    12.2766372066274    0.399807903158372    0.0325665649663851
27.9999999999987    12.4796913254774    0.412376067919457    0.0330437714495058
28.4999999999986    12.6877823728321    0.418127179922982    0.0329551033928753
28.9999999999985    12.8962429655559    0.414726915014013    0.0321587392639618
29.4999999999984    13.1020647993172    0.408470185986376    0.0311760163182572
29.9999999999983    13.3047328665447    0.402252735125247    0.0302338077103922
30.4999999999982    13.5044288582403    0.396814715551148    0.0293840427993381
30.9999999999981    13.7022404846367    0.395649457598909    0.0288748002957999
31.499999999998    13.9016384404467    0.403397846940659    0.029018007385876
31.9999999999979    14.1061598194854    0.414012105831021    0.0293497387757602
32.4999999999982    14.3142096116625    0.416580883497183    0.0291026116564461
32.9999999999984    14.5215989353241    0.412386244321008    0.0283981293077769
33.4999999999987    14.7263807320121    0.40673078873262    0.0276191955195393
33.9999999999989    14.9283626979667    0.401250779853866    0.026878418482458
34.4999999999992    15.1278003819938    0.396917777414791    0.0262376398017011
34.9999999999995    15.3261452543455    0.397788723254411    0.0259549101651391
35.4999999999997    15.5269838267265    0.406514698115547    0.0261811761158542
36    15.7325682608719    0.414732046311917    0.026361369576472
36.5000000000002    15.9402905925261    0.414896561597016    0.0260281680053906
37.0000000000005    16.1467008292399    0.410428021992115    0.0254186924209852
37.5000000000007    16.3506347720829    0.405326893111736    0.0247896732305336
38.000000000001    16.5520652202538    0.400473917020563    0.0241948005696912
38.5000000000012    16.7513698887984    0.397325061600175    0.0237189593590113
39.0000000000015    16.9504022206188    0.400136678902136    0.0236063235369956
39.5000000000018    17.152600865901    0.409039917753437    0.0238471075582829
40.000000000002    17.3588577003584    0.414719726796349    0.0238909572251281
40.5000000000023    17.5660683103191    0.413216717727754    0.0235235745659153
41.0000000000025    17.7716061665301    0.408789857300629    0.0230024148335291
41.5000000000028    17.9748401264117    0.404170776752888    0.0224853614224369
42.000000000003    18.1758267884348    0.399910092320073    0.0220023054232963
42.5000000000033    18.3751350280177    0.398073477214825    0.0216637035106332
43.0000000000035    18.5749985667473    0.402584861447303    0.0216734800813393
43.5000000000038    18.7784072799826    0.410890321290264    0.0218809995525161
44.0000000000041    18.9849837755496    0.414175160147517    0.0218159343744569
44.5000000000043    19.191584708938    0.411632971661255    0.0214486181263368
45.0000000000046    19.3963585830028    0.407413294944388    0.0210046279151288
45.5000000000048    19.5990070096126    0.403206495913958    0.0205728022708599
46.0000000000051    19.7996462665323    0.399573011843908    0.0201808156804959
46.5000000000053    19.9991089124922    0.39917648360558    0.0199597134728457
47.0000000000056    20.1999127509677    0.404976972093245    0.0200484515495664
47.5000000000058    20.4043175514078    0.412048781319828    0.0201941956785219
48.0000000000061    20.6109205581782    0.413289247241561    0.020051954791392
48.5000000000064    20.8168799038977    0.410193414784212    0.0197048460997947
49.0000000000066    21.0209908805336    0.406246213958387    0.0193257404594847
49.5000000000069    21.2231442009941    0.402403826723149    0.0189606131359321
50.0000000000071    21.4235330595031    0.399492997468342    0.0186473909956292
50.5000000000074    21.623311303281    0.400608929716629    0.0185267151777926
51.0000000000076    21.8251078350226    0.407140686015426    0.0186546929844759
51.5000000000079    22.0302516551715    0.412568782288161    0.0187273749181758
52.0000000000081    22.2366596157882    0.412223334562466    0.0185380062331747
52.5000000000084    22.4419905640619    0.408913744133516    0.0182209213111577
53.0000000000087    22.6455275260149    0.40524548133817    0.0178951663136409
53.5000000000089    22.8472609264935    0.401754690630444    0.0175843700443134
54.0000000000092    23.0475058223996    0.3997060123533    0.017342701437343
54.5000000000094    23.2477601547047    0.402297102474572    0.0173047682786403
55.0000000000097    23.4505305223682    0.408924570931642    0.0174377535101643
55.5000000000099    23.6561425887335    0.412558297323131    0.0174397958490332
56.0000000000102    23.862206319785    0.411099081411763    0.0172280415273632
56.5000000000105    24.0669487166694    0.407788637179146    0.016943927623725
57.0000000000107    24.2699869520523    0.404379006048004    0.0166616902945557
57.500000000011    24.4713687819379    0.401270112821068    0.0163975344573795
58.0000000000112    24.6715906179146    0.400240123276203    0.0162227125715024
58.5000000000115    24.8724638510583    0.404120114752407    0.0162476913092473
59.0000000000117    25.0761155349588    0.410229448261414    0.0163593698429691
59.500000000012    25.281940988137    0.412152885096947    0.0163022643431666
60.0000000000122    25.4875752390608    0.409997687392952    0.0160861786006467
60.5000000000125    25.6917812235877    0.406801397926632    0.0158339118018468
61.0000000000128    25.8943836840815    0.40362723201974    0.0155874430897488
61.500000000013    26.0954834133426    0.400976414132468    0.0153657400317577
62.0000000000133    26.2958177632149    0.401100365072403    0.0152533900517633
62.5000000000135    26.4974153106525    0.405925433184501    0.0153194350628346
63.0000000000138    26.7017932867656    0.41102417564661    0.0153931300131189
63.500000000014    26.9076160833746    0.411488922057158    0.015292656204925
64.0000000000143    27.1127857910041    0.408965576421334    0.0150838641065437
64.5000000000138    27.316509940811    0.405931413770259    0.0148602956472048
65.0000000000134    27.5187304277388    0.402984161849407    0.0146439954018809
65.5000000000129    27.7196257265429    0.400909261045882    0.0144630113335907
66.0000000000125    27.9202171762712    0.402255145340587    0.0144073071781997
66.500000000012    28.1225894305259    0.40755608765291    0.0144921252240921
67.0000000000116    28.3274982807474    0.411342501194159    0.0145209611211494
67.5000000000111    28.533153713126    0.410684319203159    0.0143932326349973
68.0000000000106    28.7378588654022    0.408022976292236    0.0141980993853185
68.5000000000102    28.9411524522316    0.405159658245709    0.0139994307038892
69.0000000000097    29.1430401366012    0.402457746401413    0.0138097379173548
69.5000000000093    29.3438222198759    0.401104533030079    0.013669130422907
70.0000000000088    29.5448126356386    0.403629177794534    0.0136615920626166
70.5000000000084    29.7479447102804    0.408881568736021    0.0137448678461043
71.0000000000079    29.9531759002137    0.411265016405643    0.0137302641220996
71.5000000000075    30.1585526687834    0.409828875820397    0.0135891426992982
72.000000000007    30.3628145911419    0.407172680534231    0.0134102416398847
72.5000000000066    30.5657231891162    0.404472481582042    0.0132328778573139
73.0000000000061    30.7673279430206    0.40206903597332    0.0130680518216574
73.5000000000056    30.968103945629    0.401586262222949    0.0129677381259123
74.0000000000052    31.1696160638373    0.405107711169645    0.0129968784453411
74.5000000000047    31.3734286381853    0.409821864726088    0.0130627056880639
75.0000000000043    31.5787862030417    0.410894841512443    0.0130117363875393
75.5000000000038    31.7838205490343    0.408982985472372    0.0128676470734982
76.0000000000034    31.9876710995179    0.406407772616925    0.0127051379061807
76.5000000000029    32.1902347628202    0.403864431557077    0.0125461785082581
77.0000000000025    32.391612719251    0.40184948312582    0.0124059733181174
77.500000000002    32.5925037380187    0.402353208572476    0.0123449616453718
78.0000000000015    32.7946233890799    0.406553406362149    0.0123969530474171
78.5000000000011    32.9989851645202    0.410357018398253    0.0124354435856852
79.0000000000006    33.2043044985563    0.410335415178591    0.0123578982115536
79.5000000000002    33.4089699330645    0.408181319516964    0.0122177163897828
79.9999999999997    33.6124440278953    0.405717551217118    0.0120704567296686
80.4999999999993    33.8146993555545    0.403339857860883    0.0119279445196259
80.9999999999988    34.015917923707    0.401835275109906    0.0118131539478419
81.4999999999984    34.217051802255    0.403368139049143    0.0117885123879247
81.9999999999979    34.4198134558959    0.407832303188535    0.0118487656451454
82.4999999999975    34.6245620738997    0.410520447387867    0.0118563361613553
82.999999999997    34.8297194221587    0.409674990725934    0.0117622248333502
83.4999999999965    35.0340152892825    0.407439295951896    0.0116298201216045
83.9999999999961    35.2371465713607    0.405092388830352    0.0114961745841133
84.4999999999956    35.4391300973244    0.402913946885191    0.011369182758682
84.9999999999952    35.6402714464731    0.4020589306044    0.0112810288554687
85.4999999999947    35.8417705477607    0.404554703524103    0.0112872410414272
85.9999999999943    36.0451506822082    0.408840065409329    0.0113424429547781
86.4999999999938    36.2501164744439    0.410381055685852    0.011320820333782
86.9999999999934    36.4550296972419    0.408979785620419    0.0112187478385558
87.4999999999929    36.6589708595379    0.406759521173844    0.0110957703295158
87.9999999999925    36.8617900207067    0.404526871331563    0.0109741515836405
88.499999999992    37.0635425311281    0.402612222438292    0.0108627560924635
88.9999999999915    37.2647043920457    0.402538392000118    0.0108021356553694
89.4999999999911    37.4666701371339    0.405804685601215    0.01083108491136
89.9999999999906    37.6705908178717    0.409519582272387    0.0108710687403953
90.4999999999902    37.8756176478143    0.41002261929634    0.0108255031801442
90.9999999999897    38.0802408701077    0.408293439648003    0.010721923767255
91.4999999999893    38.2838497655557    0.406137709658579    0.0106085911460238
91.9999999999888    38.4863850333933    0.404022851916644    0.0104978124488982
92.4999999999884    38.6879562646619    0.402468197812597    0.0104029325059028
92.9999999999879    38.88924868646    0.403265216253628    0.0103695810506628
93.4999999999875    39.0917459715702    0.4069959250828    0.0104113007737948
93.999999999987    39.2960880127609    0.409864697064225    0.0104301653877385
94.4999999999865    39.501047562879    0.409526393544227    0.0103674818469645
94.9999999999861    39.7053628908933    0.407640693842233    0.0102666406793055
95.4999999999856    39.9086642724212    0.405568043921241    0.0101624058663749
95.9999999999852    40.1109435347031    0.403590851076244    0.0100618638084907
96.4999999999847    40.3123962005899    0.402516914926551    0.00998494142902527
96.9999999999843    40.5139331680789    0.404196028504319    0.00997671657371413
97.4999999999838    40.7169788418882    0.408016147920793    0.0100207864022819
97.9999999999834    40.9216013429    0.409912404180621    0.0100170176808524
98.4999999999829    41.1263997091658    0.408960457198063    0.00994398877825714
98.9999999999824    41.3304084205221    0.407032415279862    0.00984825533632412
99.499999999982    41.5334264993403    0.405045966226664    0.00975228870734029
99.9999999999815    41.7354805277041    0.403251299336746    0.00966207395333729
100.499999999981    41.9368926215068    0.402786644715731    0.00960458964737809
100.999999999981    42.1387794503903    0.405252433630779    0.00961708998021359
101.49999999998    42.3423389621894    0.408785285695321    0.00965429156051948
101.99999999998    42.5470998634125    0.409725430549655    0.00962992617275872
102.499999999979    42.751676971273    0.408374857267926    0.0095522535301325
102.999999999979    42.955391611125    0.406469980463158    0.00946260679318046
103.499999999978    43.1581495798909    0.404573974573429    0.00937421966677495
103.999999999978    43.3600184364116    0.403040976112782    0.0092952215115833
104.499999999977    43.5614878802788    0.403299324059816    0.009258162282432
104.999999999977    43.7638103824103    0.406333903676107    0.00928470122060995
105.499999999977    43.9678020961265    0.409259644986629    0.00930816701030149
105.999999999976    44.1725716453166    0.40937053241687    0.00926752772521166
106.499999999976    44.3768952938657    0.407802564966369    0.00918952446460896
106.999999999975    44.580334891861    0.405953629745206    0.00910611440515042
107.499999999975    44.7828585628358    0.404168103157084    0.00902506262725473
107.999999999974    44.9845989238358    0.40300681362656    0.00895877307495612
108.499999999974    45.1862384696182    0.404041963072955    0.00894170386288339
108.999999999973    45.3890443933446    0.40732510363662    0.00897408414477099
109.499999999973    45.5933529141852    0.409446571278227    0.00898040054323001
109.999999999972    45.7980294497909    0.408920599319109    0.00892878152688677
110.499999999972    46.0020922434245    0.407267106898137    0.00885323008229809
110.999999999972    46.2052801053657    0.40548918820606    0.0087758192847525
111.499999999971    46.4076044867994    0.403865539358714    0.00870257243020578
111.999999999971    46.6092998901238    0.403208584715943    0.0086508183059274
112.49999999997    46.8112311352795    0.40496644396862    0.00865105305174114
112.99999999997    47.0145182982095    0.408118109330279    0.00868068256578994
113.499999999969    47.2190099151463    0.409383721914459    0.0086698921186643
113.999999999969    47.4235231459304    0.408435651721665    0.00861251177954109
114.499999999968    47.627335860191    0.40678270472208    0.00854095022060822
114.999999999968    47.8303009113305    0.405093068223867    0.00846938155323008
115.499999999967    48.0324719282491    0.403692433122682    0.00840457334208652
115.999999999967    48.2342139922772    0.403633774343895    0.00836820466087665
116.499999999967    48.4365224514541    0.40594484542404    0.00838096595045405
116.999999999966    48.6402340620782    0.408670731920394    0.00840190718241238
117.499999999966    48.8447973915927    0.40917215393678    0.00837698538610804
117.999999999965    49.0491207019748    0.40797175815261    0.00831761614303892
118.499999999965    49.2527060954257    0.406352935286469    0.0082503676955165
118.999999999964    49.4554808153747    0.404772866747207    0.00818459066768128
119.499999999964    49.6575513526467    0.403666229680168    0.00812899989396381
119.999999999963    49.8594301950561    0.404240816262491    0.00810761002845505
120.499999999963    50.0621551661788    0.406856676301235    0.00812703078704252
120.999999999962    50.2661990861431    0.408985940327224    0.00813640075762103
121.499999999962    50.4707489709434    0.408882270503977    0.00810137116727503
121.999999999962    50.6748801638811    0.407552702459449    0.00804249958049108
122.499999999961    50.878266719819    0.405989640030834    0.00797962796701732
122.999999999961    51.0808887041803    0.404542577769929    0.007919646428094
123.49999999996    51.2829220522532    0.403807476176205    0.00787411208286371
123.99999999996    51.4850219966428    0.404970855407609    0.00786579940538854
124.499999999959    51.6881581832704    0.407615613200585    0.00788605412781985
124.999999999959    51.8924280565851    0.409093701573167    0.00788349508577781
125.499999999958    52.0969033908071    0.408559131504483    0.0078422920540912
125.999999999958    52.3008531779292    0.407187192594417    0.007785478971235
126.499999999957    52.5040721403448    0.40569711259368    0.00772696471064647
126.999999999957    52.7065820895414    0.404414520930858    0.00767294149796722
127.499999999957    52.9086459083941    0.404107876495573    0.00763784197379091
127.999999999956    53.1110260453802    0.405734448726999    0.00763936378070201
128.499999999956    53.3145286418534    0.408183878817452    0.00765614719318772
128.999999999955    53.5189281093098    0.409054994280587    0.00764318361244292
129.499999999955    53.7232971108949    0.408245460393993    0.00759903956660176
129.999999999954    53.9270869739514    0.406880354673944    0.00754500896498417
130.499999999954    54.1301711794429    0.405475538463828    0.00749074923705056
130.999999999953    54.3326131687313    0.404400693091593    0.00744305619602201
131.499999999953    54.5347737534175    0.404535678733925    0.00741793998381765
131.999999999952    54.7374614077866    0.406454040380644    0.00742551864714035
132.499999999952    54.941263224409    0.408563143760571    0.00743636239472296
132.999999999952    55.1457147813176    0.408925890165334    0.00741537020214437
133.499999999951    55.3499680309824    0.407967782961282    0.00737069590957884
133.999999999951    55.5536243479757    0.406633765545196    0.00731966222398257
134.49999999995    55.7566068878222    0.405328113047701    0.00726959791264179
134.99999999995    55.9590287593569    0.404504799917089    0.00722858864575007
135.499999999949    56.1613409865285    0.405037350656688    0.00721203132870073
135.999999999949    56.3643326295462    0.407078788032214    0.00722227637658257
136.499999999948    56.5683595264795    0.408778715935059    0.00722627842413762
136.999999999948    56.7728086626272    0.4087575708852    0.00719988284029145
137.499999999947    56.9769536302451    0.407739088958569    0.00715621076557749
137.999999999947    57.1805037791358    0.406446892089744    0.00710813765579397
138.499999999947    57.3834182128884    0.405260444613292    0.00706232666568945
138.999999999946    57.5858677433003    0.404710226062534    0.00702794352021585
139.499999999946    57.7883660325246    0.405556393717189    0.00701795917692037
139.999999999945    57.9916352212623    0.407584675456939    0.00702833561947052
140.499999999945    58.1958179477541    0.408871622890091    0.00702579046585717
140.999999999944    58.4002345103826    0.408591917019667    0.00699640884056768
141.499999999944    58.6042888369238    0.40756057578094    0.0069544496464251
141.999999999943    58.8077591127314    0.406317459552058    0.00690924914811273
142.499999999943    59.0106389507228    0.405272591534863    0.00686778856730035
142.999999999942    59.2131570532318    0.404985042506401    0.00683944350648835
143.499999999942    59.415856008798    0.406055236783722    0.00683412247268801
143.999999999942    59.6193655522785    0.407971995652396    0.00684294426606497
144.499999999941    59.8236479069264    0.408886895869013    0.00683487066026397
144.999999999941    60.0280211512869    0.408450697122104    0.0068043338642248
145.49999999994    60.2320042270095    0.407425151689173    0.0067642635658216
145.99999999994    60.4354181426701    0.406241186545984    0.00672190578026563
146.499999999939    60.6382943186949    0.405353432961577    0.00668477630375243
146.999999999939    60.8409100212742    0.405296839840506    0.00666158411665418
147.499999999938    61.0438104296401    0.40651520166353    0.00665940082708443
147.999999999938    61.2475217296328    0.408257951241977    0.00666570564347347
148.499999999937    61.4518643830888    0.408864885371658    0.00665341710094927
148.999999999937    61.656195858097    0.408338778699868    0.0066228344615952
149.499999999937    61.8601243283073    0.407323848642494    0.0065845947298897
149.999999999936    62.0635019472949    0.406212226338408    0.00654510644087356
150.499999999936    62.2664008127934    0.405487034101099    0.00651213220626343
150.999999999935    62.4691334229467    0.405628073131179    0.00649325596346724
151.499999999935    62.6722309663065    0.406933631230317    0.00649304524437769
151.999999999934    62.8761098549723    0.408464971249081    0.00649634610333291
152.499999999934    63.0804870848223    0.408827556536741    0.00648104628594582
152.999999999933    63.2847813877652    0.40824942955063    0.00645098901502339
153.499999999933    63.4886673064172    0.407249132457905    0.0064145169482356
153.999999999932    63.6920255937426    0.406224374636349    0.00637794717391212
154.499999999932    63.8949691321157    0.405662547143996    0.00634889651961811
154.999999999932    64.0978339319478    0.405974392163194    0.00633366788328938
155.499999999931    64.3011228798027    0.407310062692944    0.00633441601718718
155.999999999931    64.5051397648634    0.408612243491339    0.00633456876430046
156.49999999993    64.7095344667503    0.408782806312719    0.00631719590754842
156.99999999993    64.9137946678627    0.408173018096553    0.00628792416442464
157.499999999929    65.1176458175952    0.407194888929981    0.00625321882904979
157.999999999929    65.3209985996931    0.406270180621876    0.00621959537256346
158.499999999928    65.5240047386489    0.405872942613575    0.00619426337313253
158.999999999928    65.7270150858914    0.406334180723737    0.00618214869780323
159.499999999927    65.9304897825113    0.407649335568256    0.00618301694577109
159.999999999927    66.1346212383827    0.408716429748494    0.00618006759689864
160.499999999927    66.3390209779207    0.408729833289538    0.00616122799619809
160.999999999926    66.5432465536642    0.408099310509216    0.00613284340102196
161.499999999926    66.7470658023814    0.40715200182989    0.00609992359866946
161.999999999925    66.9504223012197    0.406341434686779    0.00606928859774163
162.499999999925    67.1535059650626    0.406114394482287    0.00604755311946889
162.999999999924    67.356673690998    0.406704165354087    0.00603806784194633
163.499999999924    67.5603284795476    0.407957669023081    0.00603842044886713
163.999999999923    67.7645565760179    0.408788467792635    0.00603248200014499
164.499999999923    67.9689512900562    0.408666947723455    0.00601255337866663
164.999999999922    68.1731388458627    0.40801972085916    0.005985051117885
165.499999999922    68.3769246015834    0.407112486703104    0.00595394556095137
165.999999999922    68.5802915711247    0.406437604319893    0.0059264490571373
166.499999999921    68.7834692715301    0.406392913934778    0.00590829334778824
166.999999999921    68.9868091271235    0.407089625974813    0.0059009777539451
167.49999999992    69.1906415852441    0.408241747751594    0.00590024515452184
167.99999999992    69.3949495763421    0.408825947178507    0.0058912925173143
168.499999999919    69.5993258320009    0.408583361605769    0.00587050746140859
168.999999999919    69.80346492489    0.4079170904935    0.00584379430064721
169.499999999918    70.0072084437119    0.407067224988635    0.00581464729187039
169.999999999918    70.2105917339031    0.406563290251866    0.00579062617493288
170.499999999917    70.4138833394527    0.406714879106391    0.00577606091039876
170.999999999917    70.6174128582247    0.407496952692072    0.00577048827192502
171.499999999917    70.821422979571    0.408501251742589    0.0057680463700994
171.999999999916    71.0257918371553    0.408822762618965    0.00575597613267439
172.499999999916    71.2301324213232    0.408468179462817    0.00573448575171452
172.999999999915    71.4342041400391    0.407771660640013    0.00570835309987664
173.499999999915    71.637891955641    0.407019124482836    0.00568161783340676
173.999999999914    71.8413045768664    0.406740444001185    0.00566165169740193
174.499999999914    72.0447399395438    0.407096729442983    0.00565061002072597
174.999999999913    72.2484836397832    0.407936065267399    0.00564629241634037
175.499999999913    72.4526689912938    0.408716468594861    0.00564115131002247
175.999999999912    72.6570688597772    0.408759087698665    0.00562586812423634
176.499999999912    72.8613453652263    0.408292266691716    0.00560368827455906
176.999999999912    73.0653155580488    0.407565069591531    0.00557809223813903
177.499999999911    73.2689375498425    0.406996263104988    0.0055548268709113
177.999999999911    73.4724122166919    0.407010185398709    0.00553963281072513
178.49999999991    73.6760378890703    0.407564859392766    0.00553185093919426
178.99999999991    73.8800267110282    0.408394644944963    0.00552780857189379
179.499999999909    74.08436459256    0.408834455701757    0.00551849851112599
179.999999999909    74.2887441855169    0.408599443895879    0.00550015279401558
180.499999999908    74.4929071988477    0.408008614430768    0.00547714715095828
180.999999999908    74.6967357360775    0.407337163694554    0.00545321237508663
181.499999999907    74.9003189479192    0.407098187712334    0.00543519965509631
181.999999999907    75.1039342027625    0.407442197750371    0.0054250446674388
182.499999999907    75.3078187035423    0.408135283999633    0.00541956055859622
182.999999999906    75.5120632073353    0.408769276125221    0.00541329767407961
183.499999999906    75.716472964391    0.408756220428847    0.00539851110895092
183.999999999905    75.9207418929928    0.408272595321177    0.00537761598663802
184.499999999905    76.1247167581559    0.407625561790068    0.00535470710630126
184.999999999904    76.3284128055934    0.407246173841525    0.00533544664263846
185.499999999904    76.5320693711998    0.407476364421553    0.00532425645575047
185.999999999903    76.7359481648699    0.408066931273051    0.00531780659562979
186.499999999903    76.940143786203    0.408687357442374    0.00531175713133591
186.999999999902    77.1445530274415    0.408831514667478    0.0052995512790391
187.499999999902    77.3488728907648    0.408382580708196    0.00527974830719163
187.999999999902    77.5529114025817    0.407782858411709    0.00525812443448944
188.499999999901    77.7566937723941    0.407411037147059    0.00523956224707309
188.999999999901    77.9604135622046    0.407573726512066    0.00522795747083695
189.4999999999    78.1643450978034    0.408180767097069    0.00522208388730606
189.9999999999    78.3685780157496    0.408702830825748    0.00521513648931606
190.499999999899    78.5729780486931    0.408810946908816    0.00520294580988732
190.999999999899    78.7772999973698    0.408397763519843    0.00518420615498981
191.499999999898    78.9813392535059    0.407786668284382    0.0051630761410048
191.999999999898    79.1851561211467    0.407565148807469    0.0051469892688464
192.499999999897    79.3889836827598    0.407813934058407    0.00513690836109
192.999999999897    79.5930235459025    0.408374211099833    0.00513077896663038
193.499999999897    79.7973386370123    0.408812670863537    0.00512313665902033
193.999999999896    80.0017382244793    0.40869484040596    0.00510857450695872
194.499999999896    80.2059730249402    0.408213466271741    0.00508956441616644
194.999999999895    80.4099550464214    0.407757809777614    0.00507098666504927
195.499999999895    80.6138066582126    0.407744523301263    0.00505799862584363
195.999999999894    80.8177821880301    0.408202116460957    0.00505089480816532
196.499999999894    81.0220073787442    0.408663822780536    0.00504386198271048
196.999999999893    81.2263896530168    0.408789486248846    0.00503271766719061
197.499999999893    81.4307126450042    0.408427589022079    0.00501564551943211
197.999999999892    81.6347902634298    0.407922748875317    0.00499692285064956
198.499999999892    81.8387101268299    0.407838741091868    0.00498344537028771
198.999999999892    82.0426992919607    0.40816884418806    0.00497507819355787
199.499999999891    82.2469026642763    0.408635211999065    0.00496839636219583
199.999999999891    82.451283571914    0.408802553013314    0.00495811023556422
200.49999999989    82.6556164552343    0.408459578865578    0.00494170385973465
200.99999999989    82.8597230571276    0.408005422117    0.00492405003376249
201.499999999889    83.063691529117    0.407946208711986    0.00491124583078499
201.999999999889    83.2677386605276    0.408294018065375    0.00490338785024462
202.499999999888    83.4720002215573    0.408720205057719    0.00489649468052599
202.999999999888    83.6763902807381    0.408753767877341    0.00488493548187193
203.499999999887    83.8806776244688    0.408349795770355    0.00486822242422175
203.999999999887    84.0847528192151    0.408015102567823    0.0048524267347859
204.499999999887    84.2887719888779    0.40813975504513    0.00484216041371424
204.999999999886    84.4929438918357    0.408559263373045    0.00483542464677364
205.499999999886    84.6972976026619    0.408786023262852    0.00482643525630037
205.999999999885    84.9016516383343    0.40856036542739    0.00481216039433229
206.499999999885    85.1058230029729    0.40814998277374    0.00479579385254852
206.999999999884    85.3098771698231    0.408154301242412    0.00478437333147151
207.499999999884    85.5140369788977    0.408505884676586    0.00477706232928043
207.999999999883    85.718365474599    0.408758230443419    0.00476861904890787
208.499999999883    85.9227253516876    0.408605675317566    0.0047555018028713
208.999999999882    86.1269294217507    0.408233584530842    0.00473990640641307
209.499999999882    86.331030589751    0.408250272038762    0.00472889376218368
209.999999999882    86.5352311831032    0.408565173730659    0.0047213738051518
210.499999999881    86.7395694590636    0.408730107710107    0.0047121528301222
210.999999999881    86.9438961487185    0.408522805905991    0.00469869449152829
211.49999999988    87.1480844510023    0.408279198588319    0.00468489010585044
211.99999999988    87.3522444248744    0.408416519242529    0.00467551259766175
212.499999999879    87.5565175772214    0.408651208113451    0.00466728485121667
212.999999999879    87.7608495717908    0.408627703213379    0.00465615026754169
213.499999999878    87.9651149329075    0.408431302372576    0.00464310542519149
213.999999999878    88.169312997997    0.408412239661963    0.00463213589598051
214.499999999877    88.3735590082277    0.408571932645643    0.00462323728082066
214.999999999877    88.5778622831056    0.408611764894772    0.00461302355196605
215.499999999877    88.7821509771133    0.40853354881912    0.00460152794590923
215.999999999876    88.9863985428779    0.408471396627847    0.00459026776357317
216.499999999876    89.1906407975326    0.408514299269794    0.00458023729414774
216.999999999875    89.394924293061    0.408616346244651    0.00457091215721706
217.499999999875    89.5992318331424    0.408583536379307    0.00456012320663862
217.999999999874    89.8034965601249    0.408488925237139    0.00454869733233214
218.499999999874    90.0077479396514    0.408538944077007    0.00453893085238534
218.999999999873    90.2120390268017    0.408612106786428    0.00452946315363774
219.499999999873    90.4163409926928    0.408580530912519    0.00451887929136106
219.999999999872    90.6206150816074    0.408523610548205    0.00450806486118322
220.499999999872    90.8248816260588    0.408561412938978    0.00449834236636931
220.999999999872    91.0291801482023    0.408614630432312    0.00448883127110513
221.499999999871    91.2334742421271    0.408557670447805    0.00447815534639755
221.999999999871    91.4377529211463    0.40856937231167    0.00446827879359645
222.49999999987    91.642042291212    0.408582940265251    0.0044584661150053
222.99999999987    91.8463328650684    0.408580243420674    0.00444851994277137
223.499999999869    92.0506257461216    0.408594793686943    0.0044388051724261
223.999999999869    92.2549198298507    0.408569859197703    0.00442870537366727
224.499999999868    92.4592031884853    0.408582108399898    0.00441905288289118
224.999999999868    92.6635052055248    0.408607557297636    0.0044095845110905
225.499999999867    92.8677982940977    0.408570859539625    0.00439948902681794
225.999999999867    93.0720885361677    0.408594290308756    0.0043900840384599
226.499999999867    93.2763880824766    0.408597427718687    0.00438050224840822
226.999999999866    93.4806833589121    0.408585544584864    0.00437080185877686
227.499999999866    93.6849779475862    0.408595532558589    0.00436137726143444
227.999999999865    93.8892766574618    0.408594170961158    0.00435187260470481
228.499999999865    94.0935732571879    0.408593244471783    0.00434241394313899
228.999999999864    94.2978700366517    0.408598257369519    0.00433305924312718
229.499999999864    94.5021691999142    0.408593999429213    0.00432364677857135
229.999999999863    94.7064668845708    0.408598796368884    0.00431437060012901
230.499999999863    94.9107655588029    0.40859765686867    0.00430507176359798
230.999999999862    95.1150648052341    0.408597062270287    0.00429581857623675
231.499999999862    95.3193639856999    0.408601250717664    0.00428665523595986
231.999999999862    95.5236632942669    0.408597768633613    0.00427745078593668
232.499999999861    95.727963590688    0.408600352410714    0.00426834894511912
232.999999999861    95.9322633048174    0.408600103019472    0.00425925636426586
233.49999999986    96.1365639601412    0.408602105986389    0.00425022581580717
233.99999999986    96.3408643575614    0.408600199266101    0.00424119299728943
234.499999999859    96.54516554014    0.408603361003693    0.00423225087157585
234.999999999859    96.7494664159687    0.408601883026393    0.00422329856858986
235.499999999858    96.9537681153527    0.408603511246012    0.00421441599629081
235.999999999858    97.158069521843    0.408604204063244    0.00420556116516274
236.499999999857    97.3623715254033    0.408603022599569    0.00419672421899623
236.999999999857    97.5666738101572    0.408604429493292    0.00418795079853131
237.499999999856    97.77097608812    0.408605953508732    0.00417921524216409
237.999999999856    97.9752786291437    0.4086052311225    0.00417049317786739
238.499999999856    98.1795817643957    0.408605108519097    0.00416181349702261
238.999999999855    98.3838848427467    0.408607714388741    0.00415319759980859
239.499999999855    98.5881880479559    0.408606740945757    0.00414458110080084
239.999999999854    98.7924919154486    0.408606823654491    0.00413601090257139
240.499999999854    98.9967957079723    0.408608586340093    0.0041274930508401
240.999999999853    99.2010997572093    0.408607828824285    0.00411898486835666
241.499999999853    99.4054042656267    0.40860903930017    0.00411053143758968
241.999999999852    99.609708746685    0.408609927718514    0.00410210945157605
242.499999999852    99.814013581723    0.408609471791405    0.00409370845965286
242.999999999851    100.0183186915    0.408610286377085    0.0040853544802869
243.499999999851    100.22262400182    0.408611070559872    0.00407703424879848
243.999999999851    100.426929571895    0.408611743479989    0.00406874675171133
244.49999999985    100.631235273836    0.408611590308137    0.00406048469142043
244.99999999985    100.835541371474    0.408611461530728    0.00405225633713235
245.499999999849    101.039847722352    0.408613071502586    0.00404407845729752
245.999999999849    101.244154093417    0.408613907199822    0.00403592593427962
246.499999999848    101.448460836962    0.408613280460444    0.00402779181753312
246.999999999848    101.652767912785    0.408613939149126    0.00401970302962832
247.499999999847    101.85707506229    0.408615023231224    0.00401165086452106
247.999999999847    102.061382499307    0.40861505838139    0.00400362064842856
248.499999999846    102.265690236233    0.408615332020419    0.00399562483836487
248.999999999846    102.469998121859    0.408616154714384    0.00398766626528529
249.499999999846    102.674306270447    0.408616450353901    0.00397973422170095
249.999999999845    102.87861468105    0.408616931738472    0.00397183547820204
250.499999999845    103.082923267057    0.408617654948228    0.00396397038420827
250.999999999844    103.287232085695    0.408618074215924    0.00395613345390941
251.499999999844    103.491541187088    0.408618326794289    0.00394832584486884
251.999999999843    103.695850500168    0.408618811408168    0.00394055123167639
252.499999999843    103.90016003116    0.408619178705946    0.00393280605711676
252.999999999842    104.104469821598    0.40861958703714    0.0039250916674124
253.499999999842    104.308779818085    0.408620362501406    0.00391741101002277
253.999999999841    104.513090064219    0.408620681291979    0.00390975600320398
254.499999999841    104.717400531887    0.408621378115569    0.00390213446896193
254.999999999841    104.921711204805    0.408621506866374    0.00389453719515451
255.49999999984    105.126022148309    0.408621971333443    0.00388697263515753
255.99999999984    105.330333321423    0.408622583546347    0.00387943881559176
256.499999999839    105.534644673302    0.408623117657127    0.00387193341979859
256.999999999839    105.738956261089    0.408623511526561    0.00386445569329806
257.499999999838    105.943268113155    0.408623754470211    0.00385700537417604
257.999999999838    106.147580194155    0.408624494560382    0.00384958841089891
258.499999999837    106.351892452504    0.408625102791528    0.00384219869875863
258.999999999837    106.556204954523    0.408625075702179    0.00383483135380595
259.499999999837    106.760517744361    0.408625619915959    0.00382749754824548
259.999999999836    106.96483070862    0.408626249570289    0.00382019255173147
260.499999999836    107.169143862705    0.408626641338144    0.00381291318200358
260.999999999835    107.373457295947    0.408626858930763    0.00380565988300525
261.499999999835    107.577770955257    0.408627436425291    0.00379843747269356
261.999999999834    107.782084806527    0.408628022494894    0.00379124251705094
262.499999999834    107.986398881937    0.40862841614097    0.00378407299782012
262.999999999833    108.19071318908    0.40862893768268    0.00377693173136345
263.499999999833    108.395027722634    0.40862919360935    0.00376981492781171
263.999999999832    108.599342473195    0.408629576983542    0.00376272606884709
264.499999999832    108.803657460141    0.408629985313502    0.0037556640544294
264.999999999832    109.007972663585    0.408630633426542    0.00374863070509198
265.499999999831    109.212288047984    0.408631137812022    0.0037416223496067
265.999999999831    109.416603687813    0.408631447254706    0.00373463837737653
266.49999999983    109.620919563454    0.408631929992678    0.00372768201197346
266.99999999983    109.825235638005    0.408632576669765    0.00372075301542406
267.499999999829    110.029551932719    0.408632815798871    0.00371384604064136
267.999999999829    110.233868436922    0.408633047726464    0.00370696459736686
268.499999999828    110.43818517681    0.408633806731746    0.00370011338087029
268.999999999828    110.642502125814    0.408634251082488    0.00369328461695327
269.499999999827    110.846819296359    0.408634437799022    0.00368647869549149
269.999999999827    111.051136684857    0.408634972386555    0.00367970094305461
270.499999999827    111.255454287563    0.408635574813844    0.00367294868759998
270.999999999826    111.45977210995    0.408635767098986    0.00366621750039006
271.499999999826    111.664090151064    0.408636327388692    0.0036595142344855
271.999999999825    111.868408398672    0.408636838736406    0.00365283501022131
272.499999999825    112.072726859851    0.408637269369403    0.00364617941241325
272.999999999824    112.27704555031    0.408637644044579    0.00363954753210419
273.499999999824    112.481364478993    0.408637958902026    0.00363293920548363
273.999999999823    112.685683578835    0.408638265330954    0.00362635476267107
274.499999999823    112.890002901933    0.408638972810666    0.00361979769958593
274.999999999822    113.094322447613    0.408639388129236    0.00361326173839119
275.499999999822    113.298642201977    0.408639800256031    0.00360674931591457
275.999999999822    113.502962176714    0.408640295239127    0.00360026106281624
276.499999999821    113.707282345502    0.408640422016611    0.00359379288280717
276.999999999821    113.911602742602    0.40864081547846    0.00358735024035996
277.49999999982    114.115923351883    0.408641283948432    0.00358093131918466
277.99999999982    114.320244169299    0.408641922860806    0.0035745368270526
278.499999999819    114.524565207393    0.408642192076702    0.00356816191649967
278.999999999819    114.728886455338    0.408642656028399    0.00356181140298505
279.499999999818    114.933207908567    0.408643055985268    0.00355548290543111
279.999999999818    115.137529563586    0.408643569404222    0.00354917784803211
280.499999999817    115.341851434768    0.408643977256448    0.0035428942068574
280.999999999817    115.546173519011    0.408644489872901    0.00353663368874492
281.499999999817    115.750495809462    0.408644771767132    0.00353039327312952
281.999999999816    115.954818298491    0.408645185502813    0.00352417598077622
282.499999999816    116.159141018852    0.40864567365572    0.00351798119434612
282.999999999815    116.363463941448    0.408646027316059    0.00351180700087857
283.499999999815    116.567787062642    0.408646523360144    0.00350565566746619
283.999999999814    116.772110400639    0.408646902691105    0.00349952485477105
284.499999999814    116.976433947273    0.408647194508669    0.00349341470516075
284.999999999813    117.180757682975    0.408647585242352    0.00348732670211882
285.499999999813    117.385081634909    0.40864793229592    0.00348125951444917
285.999999999812    117.589405807967    0.408648430132085    0.00347521468727753
286.499999999812    117.793730179181    0.408648844722373    0.00346919011819016
286.999999999812    117.998054738118    0.408649416963338    0.00346318774381735
287.499999999811    118.202379509194    0.408649863540964    0.0034572050515208
287.999999999811    118.406704500095    0.4086499336775    0.00345123982128202
288.49999999981    118.611029695047    0.408650571877331    0.00344529992638951
288.99999999981    118.815355078951    0.408650852904194    0.00343937744942691
289.499999999809    119.019680672185    0.408651371372882    0.00343347729606523
289.999999999809    119.224006479833    0.408651799712983    0.00342759660389459
290.499999999808    119.428332486186    0.408652262113145    0.00342173631336947
290.999999999808    119.632658681567    0.408652661531149    0.00341589550909239
291.499999999807    119.836985088736    0.408653094085775    0.00341007489284862
291.999999999807    120.041311710694    0.408653388547312    0.00340427293507245
292.499999999807    120.24563851927    0.40865367898894    0.00339849065646944
292.999999999806    120.449965545139    0.408654148510282    0.00339272947618352
293.499999999806    120.654292758514    0.408654523354392    0.00338698701895592
293.999999999805    120.858620170184    0.408655083466217    0.00338126550585122
294.499999999805    121.062947798629    0.408655487894587    0.00337556201402204
294.999999999804    121.267275620917    0.408655790135715    0.0033698768941852
295.499999999804    121.471603634479    0.40865614002037    0.00336421128719153
295.999999999803    121.675931850144    0.408656649773475    0.00335856601679267
296.499999999803    121.880260275983    0.408657029989836    0.00335293860600954
296.999999999802    122.08458890431    0.408657399608386    0.00334732993964284
297.499999999802    122.28891771999    0.408657942383499    0.00334174142680059
297.999999999802    122.493246737186    0.408658290958551    0.00333616996727456
298.499999999801    122.697575960102    0.408658685001247    0.0033306174291017
298.999999999801    122.901905367925    0.408659035658547    0.00332508299554158
299.4999999998    123.106234982537    0.408659438503324    0.00331956735222463
