1:binCentralValue 2:valuesAverage 3:multiplicity
0.5 0 18
1 0 62
1.5 0 98
2 0 210
2.5 0 350
3 0 450
3.5 0 602
4 0 762
4.5 0 1142
5 0 1250
5.5 0 1458
6 0 1814
6.5 0 2178
7 0 2498
7.5 0 2622
8 0 3338
8.5 0 3722
9 0 4170
9.5 0 4358
10 0 5034
10.5 0 5714
11 0 5982
11.5 0 6602
12 0 7130
12.5 0 8034
13 0 8606
13.5 0 9066
14 0 9962
14.5 0 10550
15 0 11226
15.5 0 12146
16 0 12303
16.5 0 12584
17 0 12120
17.5 0 11180
18 0 11096
18.5 0 10056
19 0 9716
19.5 0 8604
20 0 8060
20.5 0 7320
21 0 6356
21.5 0 5348
22 0 4308
22.5 0 3563
23 0 2448
23.5 0 1868
24 0 1358
24.5 0 1062
25 0 776
25.5 0 432
26 0 200
26.5 0 168
27 0 56
27.5 0 7

0.5 1.639085028394803e-20 18
1 2.415841981992211e-20 62
1.5 5.90979953766499e-20 98
2 8.090652490451452e-20 210
2.5 1.712476623161407e-19 350
3 2.020667938173655e-19 450
3.5 2.944326093066368e-19 602
4 1.985147558279112e-19 762
4.5 3.689813490682993e-19 1142
5 3.589692104650332e-19 1250
5.5 3.853421244635808e-19 1458
6 4.020874422750902e-19 1814
6.5 5.620470013815467e-19 2178
7 5.745214058396681e-19 2498
7.5 5.90545437277451e-19 2622
8 6.922166417324191e-19 3338
8.5 8.783745447475867e-19 3722
9 9.995000807827413e-19 4170
9.5 9.811075595330622e-19 4358
10 1.119682526408289e-18 5034
10.5 1.28123527538599e-18 5714
11 1.306352134219721e-18 5982
11.5 1.534033824552624e-18 6602
12 1.670036971011769e-18 7130
12.5 1.988247136863168e-18 8034
13 2.252984713294747e-18 8606
13.5 2.350988203777963e-18 9066
14 2.73058895246426e-18 9962
14.5 2.980326645794804e-18 10550
15 3.490482931249713e-18 11226
15.5 3.847109791710028e-18 12146
16 3.986421637157195e-18 12303
16.5 4.13001314206218e-18 12584
17 4.083784580201337e-18 12120
17.5 3.948169732048558e-18 11180
18 4.016753440023919e-18 11096
18.5 3.712293467575764e-18 10056
19 3.837144561237228e-18 9716
19.5 3.548899811811053e-18 8604
20 3.396174618857711e-18 8060
20.5 3.207213904880849e-18 7320
21 2.867805621549255e-18 6356
21.5 2.664294189759085e-18 5348
22 2.226618301305811e-18 4308
22.5 1.988138803875983e-18 3563
23 1.489989823530685e-18 2448
23.5 1.151893237315418e-18 1868
24 7.985285479514071e-19 1358
24.5 6.169815995587339e-19 1062
25 4.367565773586362e-19 776
25.5 2.466767540465073e-19 432
26 1.20104867464371e-19 200
26.5 7.542595138783239e-20 168
27 2.404283936289529e-20 56
27.5 1.861143949914696e-21 7

0.5 1.692162645901735e-20 18
1 3.225264223734252e-20 62
1.5 7.634361050333558e-20 98
2 1.021919226753627e-19 210
2.5 1.558609049157022e-19 350
3 2.658086430545156e-19 450
3.5 2.533864247952568e-19 602
4 2.618973498719532e-19 762
4.5 3.941514024190819e-19 1142
5 4.821030961022074e-19 1250
5.5 4.713803871477058e-19 1458
6 4.647657258536575e-19 1814
6.5 6.986877642333934e-19 2178
7 7.899987715942203e-19 2498
7.5 6.664813607566593e-19 2622
8 7.69159156432021e-19 3338
8.5 1.011241964906673e-18 3722
9 1.136881954637467e-18 4170
9.5 1.116503937877872e-18 4358
10 1.283602465838021e-18 5034
10.5 1.489497454990662e-18 5714
11 1.544140521938453e-18 5982
11.5 1.86040315318063e-18 6602
12 1.827355392916464e-18 7130
12.5 2.366032059661556e-18 8034
13 2.604944715836976e-18 8606
13.5 2.740425582501561e-18 9066
14 3.272651265081582e-18 9962
14.5 3.457855771346251e-18 10550
15 3.857973583831573e-18 11226
15.5 4.462243077100535e-18 12146
16 4.741762421295352e-18 12303
16.5 4.827556685914784e-18 12584
17 4.709010120192877e-18 12120
17.5 4.524521693307586e-18 11180
18 4.452983460436617e-18 11096
18.5 4.24796903482802e-18 10056
19 4.450912181229115e-18 9716
19.5 4.016384348484472e-18 8604
20 3.90937205919724e-18 8060
20.5 3.583256386848606e-18 7320
21 3.292721725835203e-18 6356
21.5 2.97093226843072e-18 5348
22 2.538917783803031e-18 4308
22.5 2.196948656194386e-18 3563
23 1.566818906561509e-18 2448
23.5 1.257386818094303e-18 1868
24 9.283387997545064e-19 1358
24.5 8.107601309363708e-19 1062
25 4.810207377986888e-19 776
25.5 2.968979132133604e-19 432
26 1.208649425328447e-19 200
26.5 9.192556211428057e-20 168
27 2.624593633529264e-20 56
27.5 2.220311311519646e-21 7

0.5 4.381437346420612e-21 18
1 3.736432880529177e-20 62
1.5 1.274133550214916e-19 98
2 1.082694131884079e-19 210
2.5 1.906983298816254e-19 350
3 3.726821133550301e-19 450
3.5 3.554985851300496e-19 602
4 2.217491753354918e-19 762
4.5 4.661414610836852e-19 1142
5 5.471521488748685e-19 1250
5.5 4.905817891452213e-19 1458
6 4.769067959187681e-19 1814
6.5 7.081292945481058e-19 2178
7 9.029351877511215e-19 2498
7.5 7.977864456095861e-19 2622
8 8.960975239824882e-19 3338
8.5 1.145475066467e-18 3722
9 1.343425919523912e-18 4170
9.5 1.378219185599882e-18 4358
10 1.505406159467668e-18 5034
10.5 1.692863102114332e-18 5714
11 1.81975563053511e-18 5982
11.5 2.016034712060164e-18 6602
12 2.310119828964776e-18 7130
12.5 2.722255389138606e-18 8034
13 2.994089186880722e-18 8606
13.5 3.306952883965607e-18 9066
14 3.594481317204606e-18 9962
14.5 4.070495422957021e-18 10550
15 4.597183438546861e-18 11226
15.5 5.222238616000633e-18 12146
16 5.338947483148075e-18 12303
16.5 5.47790098797385e-18 12584
17 5.576112211451147e-18 12120
17.5 4.990890298419233e-18 11180
18 5.274765131427835e-18 11096
18.5 4.789083272566928e-18 10056
19 4.836135518720184e-18 9716
19.5 4.37952725859261e-18 8604
20 4.376255359449861e-18 8060
20.5 4.090474626818262e-18 7320
21 3.694585609666377e-18 6356
21.5 3.287350829032515e-18 5348
22 2.770075558393673e-18 4308
22.5 2.506786498582451e-18 3563
23 1.763481098246864e-18 2448
23.5 1.345778604877257e-18 1868
24 1.055024949562013e-18 1358
24.5 8.247661411574391e-19 1062
25 5.241951749822759e-19 776
25.5 2.712617979387481e-19 432
26 1.300651678018482e-19 200
26.5 9.489092893961412e-20 168
27 3.402839418070979e-20 56
27.5 2.706140282983809e-21 7

0.5 1.223432353980895e-20 18
1 8.015900333395198e-20 62
1.5 6.384119890622894e-19 98
2 2.93862298552769e-19 210
2.5 4.287222859988756e-19 350
3 8.990642516129161e-19 450
3.5 1.423614450859385e-18 602
4 5.590343765709824e-19 762
4.5 5.708933463919301e-19 1142
5 2.816305914959387e-18 1250
5.5 7.315742021296584e-19 1458
6 5.150060699269698e-19 1814
6.5 2.143600984570259e-18 2178
7 2.004248707769827e-18 2498
7.5 9.467490105818377e-19 2622
8 1.233904028965824e-18 3338
8.5 2.058256019679968e-18 3722
9 1.958152088589731e-18 4170
9.5 1.641806400603906e-18 4358
10 1.764158513521863e-18 5034
10.5 1.983058495875985e-18 5714
11 2.054068470089085e-18 5982
11.5 2.277650671475211e-18 6602
12 2.344956251130958e-18 7130
12.5 2.778293929138208e-18 8034
13 3.10219565484341e-18 8606
13.5 3.362593811574399e-18 9066
14 3.81244028153655e-18 9962
14.5 4.210915030576065e-18 10550
15 4.80583845047193e-18 11226
15.5 5.439498119302501e-18 12146
16 5.425972612122856e-18 12303
16.5 5.707433875154203e-18 12584
17 5.544856503994017e-18 12120
17.5 5.071595232637799e-18 11180
18 5.197016836803307e-18 11096
18.5 5.009505512109929e-18 10056
19 4.965691683544026e-18 9716
19.5 4.531650412328782e-18 8604
20 4.369402470257958e-18 8060
20.5 3.967040685328961e-18 7320
21 3.663963430782802e-18 6356
21.5 3.268381848829328e-18 5348
22 2.798154116610177e-18 4308
22.5 2.413552284833382e-18 3563
23 1.719945406741253e-18 2448
23.5 1.272603262535511e-18 1868
24 1.034125128163505e-18 1358
24.5 7.523340380285097e-19 1062
25 5.043647882874381e-19 776
25.5 2.766824542176524e-19 432
26 1.376379237555355e-19 200
26.5 9.407040338340103e-20 168
27 3.851354585977728e-20 56
27.5 3.096017397106783e-21 7

0.5 2.730287301464899e-20 18
1 8.764236009880053e-20 62
1.5 1.905704930748175e-18 98
2 2.546778322839649e-18 210
2.5 3.984850859383606e-19 350
3 3.82621777510899e-18 450
3.5 8.427619598359748e-18 602
4 8.522463423022507e-19 762
4.5 2.174275882075292e-18 1142
5 8.022207641199428e-18 1250
5.5 2.162950255486205e-18 1458
6 1.039464268114642e-18 1814
6.5 5.340223663689452e-18 2178
7 9.611452486530323e-18 2498
7.5 2.386002453964638e-18 2622
8 2.651797342693404e-18 3338
8.5 5.434610845717643e-18 3722
9 4.893384642207147e-18 4170
9.5 2.574701195298299e-18 4358
10 2.696864447642e-18 5034
10.5 4.213183640659538e-18 5714
11 4.071880319601369e-18 5982
11.5 3.825141035623965e-18 6602
12 3.805269169954443e-18 7130
12.5 4.350694326902982e-18 8034
13 4.598302542819397e-18 8606
13.5 4.817834328810562e-18 9066
14 5.275185131807737e-18 9962
14.5 5.911597437404555e-18 10550
15 6.529499901586535e-18 11226
15.5 7.413368085710628e-18 12146
16 7.45657210871837e-18 12303
16.5 7.575641205724e-18 12584
17 7.450224343758024e-18 12120
17.5 6.66297820265274e-18 11180
18 6.834725022928552e-18 11096
18.5 6.1441853022192e-18 10056
19 6.158030087577359e-18 9716
19.5 5.394328098478416e-18 8604
20 5.179186550433619e-18 8060
20.5 4.835715462884862e-18 7320
21 4.378252098183015e-18 6356
21.5 3.910588490183931e-18 5348
22 3.243485401987479e-18 4308
22.5 2.844117653354433e-18 3563
23 1.889478143352003e-18 2448
23.5 1.403760637654498e-18 1868
24 1.093113896918544e-18 1358
24.5 8.199808812836401e-19 1062
25 5.344909926011987e-19 776
25.5 3.089784882380567e-19 432
26 1.356276299114426e-19 200
26.5 1.021717731686225e-19 168
27 4.553003026782291e-20 56
27.5 4.553680079340596e-21 7

0.5 7.621382694825235e-20 18
1 5.099146724205174e-19 62
1.5 4.692208683738831e-18 98
2 6.168310510368468e-18 210
2.5 5.646124958225792e-19 350
3 1.486126930619396e-17 450
3.5 1.147978988854342e-17 602
4 5.122337603270485e-18 762
4.5 4.233873029046697e-18 1142
5 3.277338510845802e-17 1250
5.5 3.842082170883901e-18 1458
6 5.607311724319275e-18 1814
6.5 1.776303750331611e-17 2178
7 2.399818558823949e-17 2498
7.5 5.916045394013021e-18 2622
8 4.087406414411493e-18 3338
8.5 2.39286867209441e-17 3722
9 1.495221419534747e-17 4170
9.5 7.554777461746345e-18 4358
10 7.339601573335825e-18 5034
10.5 1.463698441928477e-17 5714
11 1.181217764742328e-17 5982
11.5 7.541749199259037e-18 6602
12 7.366820977458337e-18 7130
12.5 9.846108268619266e-18 8034
13 9.054812514144453e-18 8606
13.5 8.540758945715432e-18 9066
14 8.623442926843937e-18 9962
14.5 9.44480252476807e-18 10550
15 1.102456566817525e-17 11226
15.5 1.245660712292725e-17 12146
16 1.117310183109363e-17 12303
16.5 1.008805655259662e-17 12584
17 9.084029028585065e-18 12120
17.5 7.793650765765565e-18 11180
18 7.828755403693e-18 11096
18.5 7.230946016332776e-18 10056
19 7.054138560587196e-18 9716
19.5 6.235110977262509e-18 8604
20 5.737396315869711e-18 8060
20.5 5.568439024242586e-18 7320
21 4.893325566488533e-18 6356
21.5 4.343985849021353e-18 5348
22 3.539462988427251e-18 4308
22.5 2.951197981530114e-18 3563
23 1.934530341254481e-18 2448
23.5 1.391190137201867e-18 1868
24 9.999089132744941e-19 1358
24.5 8.676354137673036e-19 1062
25 5.72873662798398e-19 776
25.5 3.210217137904883e-19 432
26 1.452314786108828e-19 200
26.5 1.01099623158546e-19 168
27 3.890895264279164e-20 56
27.5 3.568964619957102e-21 7

0.5 1.219257649637161e-18 18
1 1.31193233144008e-18 62
1.5 1.294143081957259e-16 98
2 1.44718413677652e-16 210
2.5 4.176333450024521e-17 350
3 6.397328354246787e-17 450
3.5 3.126196936990707e-16 602
4 8.777019771881487e-17 762
4.5 2.073957521669139e-16 1142
5 2.296232533364862e-16 1250
5.5 1.499492273626721e-16 1458
6 1.001533150687535e-16 1814
6.5 4.361647055097415e-16 2178
7 1.890836888043318e-16 2498
7.5 4.81742750044389e-17 2622
8 6.237525095694653e-17 3338
8.5 4.654404590704302e-16 3722
9 2.51517245778241e-16 4170
9.5 2.967256875863582e-17 4358
10 1.798947146247144e-17 5034
10.5 2.525446726493329e-16 5714
11 2.088211511315142e-16 5982
11.5 1.081529123781333e-16 6602
12 6.608070935131169e-17 7130
12.5 1.051341311394976e-16 8034
13 1.13478018471681e-16 8606
13.5 8.159788711584078e-17 9066
14 6.885779233100307e-17 9962
14.5 6.784412448079496e-17 10550
15 1.019357900976898e-16 11226
15.5 1.138215612650525e-16 12146
16 7.736530927703467e-17 12303
16.5 5.259554675227824e-17 12584
17 3.393544020208335e-17 12120
17.5 1.464574929172697e-17 11180
18 1.400843140006847e-17 11096
18.5 1.234623836957682e-17 10056
19 1.160694189642387e-17 9716
19.5 9.679585492390741e-18 8604
20 9.237512374961999e-18 8060
20.5 8.711611388113677e-18 7320
21 7.60164812299577e-18 6356
21.5 6.652425975134495e-18 5348
22 5.296129938436287e-18 4308
22.5 4.287502186125092e-18 3563
23 2.619100254763309e-18 2448
23.5 1.664847753484162e-18 1868
24 1.163057770841441e-18 1358
24.5 1.007559797386617e-18 1062
25 6.402288322240668e-19 776
25.5 4.155690260010008e-19 432
26 2.115636155993081e-19 200
26.5 1.587146879230518e-19 168
27 3.308438717313586e-20 56
27.5 4.316887788162966e-21 7

0.5 9.462928356172696e-19 18
1 5.869900833490797e-18 62
1.5 1.888667328296382e-15 98
2 2.222481311499529e-16 210
2.5 2.185544486163941e-17 350
3 1.544196082845126e-15 450
3.5 2.098372441744523e-15 602
4 4.614166873826688e-17 762
4.5 1.796601386942932e-16 1142
5 4.500213613498575e-15 1250
5.5 2.197814077772663e-16 1458
6 7.866689224972933e-17 1814
6.5 1.821993044774223e-15 2178
7 2.725694864892315e-15 2498
7.5 2.212830940698364e-16 2622
8 1.882087613034494e-16 3338
8.5 2.167326470908445e-15 3722
9 1.637475086675353e-15 4170
9.5 4.105383712167243e-16 4358
10 2.962793583827277e-16 5034
10.5 1.426691764724883e-15 5714
11 1.131513489711931e-15 5982
11.5 6.254665284642525e-16 6602
12 4.233660128998996e-16 7130
12.5 8.362213373174204e-16 8034
13 8.131876367509132e-16 8606
13.5 4.736299840117155e-16 9066
14 4.011340895867189e-16 9962
14.5 4.527947599895699e-16 10550
15 6.934379165695029e-16 11226
15.5 7.782754602911531e-16 12146
16 8.466714658448917e-16 12303
16.5 7.582668392289769e-16 12584
17 4.653244928970535e-16 12120
17.5 7.785933051715645e-17 11180
18 4.276526287656334e-17 11096
18.5 2.605800430877409e-17 10056
19 2.336375964399872e-17 9716
19.5 1.943095815905721e-17 8604
20 1.801062013126688e-17 8060
20.5 1.735984462818747e-17 7320
21 1.53118845315533e-17 6356
21.5 1.252062708662968e-17 5348
22 9.401882800387413e-18 4308
22.5 8.161094546337835e-18 3563
23 3.975938672326687e-18 2448
23.5 2.399208982339556e-18 1868
24 1.667438560769391e-18 1358
24.5 1.491520819879889e-18 1062
25 1.273088370961386e-18 776
25.5 8.688090446374553e-19 432
26 4.730272868558597e-19 200
26.5 3.512290631535371e-19 168
27 8.295109381576759e-20 56
27.5 9.933914474645654e-21 7

0.5 3.996704461579837e-18 18
1 7.63893136259687e-17 62
1.5 5.382640863510681e-15 98
2 1.462647945779953e-15 210
2.5 6.17939890622799e-16 350
3 5.800636010875161e-15 450
3.5 4.922210782370232e-15 602
4 1.074267908002148e-15 762
4.5 2.344616879832498e-15 1142
5 1.082598797121434e-14 1250
5.5 2.124394341848985e-15 1458
6 9.171156041097906e-16 1814
6.5 4.058341023759323e-15 2178
7 1.254032294290457e-14 2498
7.5 9.754170061374711e-16 2622
8 5.033182703403339e-16 3338
8.5 7.181397675378514e-15 3722
9 6.310509263488183e-15 4170
9.5 1.37523708436361e-15 4358
10 8.558092301381724e-16 5034
10.5 5.587707363207265e-15 5714
11 3.921621346656529e-15 5982
11.5 1.971806697574488e-15 6602
12 1.597961526568084e-15 7130
12.5 3.21571836353553e-15 8034
13 2.888932064361877e-15 8606
13.5 1.701461592233808e-15 9066
14 1.314383585629562e-15 9962
14.5 1.828757169413344e-15 10550
15 2.23257345709207e-15 11226
15.5 3.210823948639966e-15 12146
16 3.924383305248469e-15 12303
16.5 3.821564174459651e-15 12584
17 2.395622857760248e-15 12120
17.5 6.44540877555386e-16 11180
18 1.90906045236487e-16 11096
18.5 5.435627295394186e-17 10056
19 3.827002772285307e-17 9716
19.5 3.26657906047315e-17 8604
20 3.029146232490303e-17 8060
20.5 2.959924328867638e-17 7320
21 2.530940956802817e-17 6356
21.5 2.030773557664931e-17 5348
22 1.584489591648967e-17 4308
22.5 1.338432209671494e-17 3563
23 5.440712626881473e-18 2448
23.5 3.151846337061116e-18 1868
24 2.045212566494791e-18 1358
24.5 2.31866667339088e-18 1062
25 2.102234164757889e-18 776
25.5 1.723173510772011e-18 432
26 8.676686684192369e-19 200
26.5 7.393683954842946e-19 168
27 2.036175322831879e-19 56
27.5 2.061390787419013e-20 7

0.5 8.088410450364193e-17 18
1 7.929298621621392e-16 62
1.5 1.32939996431973e-14 98
2 7.136985292180055e-15 210
2.5 5.443105988439556e-16 350
3 5.850409326642941e-15 450
3.5 4.629515088591719e-14 602
4 3.593455305872503e-15 762
4.5 7.157935630869341e-15 1142
5 6.045967987322024e-14 1250
5.5 4.284817834494131e-15 1458
6 2.021932537275074e-15 1814
6.5 1.475822097901943e-14 2178
7 4.169455644675876e-14 2498
7.5 5.367888972783375e-15 2622
8 2.798655592557945e-15 3338
8.5 2.985340699846936e-14 3722
9 3.03732684173933e-14 4170
9.5 8.828844332177919e-15 4358
10 7.601427053014967e-15 5034
10.5 2.569516560812865e-14 5714
11 1.810334189754348e-14 5982
11.5 9.628762819918857e-15 6602
12 8.832358657628399e-15 7130
12.5 1.345832535655919e-14 8034
13 1.252310293123026e-14 8606
13.5 8.610903285009483e-15 9066
14 5.917103694375612e-15 9962
14.5 6.953276619500164e-15 10550
15 1.176461513949316e-14 11226
15.5 1.680783459345482e-14 12146
16 2.058036235530955e-14 12303
16.5 1.964477896495362e-14 12584
17 1.090718069244057e-14 12120
17.5 4.911867550506105e-15 11180
18 2.862152791461431e-15 11096
18.5 6.030183536368342e-16 10056
19 1.231049938851229e-16 9716
19.5 9.041512883819276e-17 8604
20 7.971679666968416e-17 8060
20.5 7.392845950192109e-17 7320
21 5.936795692989851e-17 6356
21.5 4.840738945861759e-17 5348
22 3.62303029104113e-17 4308
22.5 2.898150074784714e-17 3563
23 1.355747987722172e-17 2448
23.5 8.603315937522205e-18 1868
24 7.480784307093752e-18 1358
24.5 8.527408377664994e-18 1062
25 7.709274187381067e-18 776
25.5 5.157708849271229e-18 432
26 2.741898915414587e-18 200
26.5 1.752887263792732e-18 168
27 4.241271152520929e-19 56
27.5 6.055211871691649e-20 7

0.5 3.585866934514583e-13 18
1 1.297825705098678e-12 62
1.5 7.921109257802812e-12 98
2 9.980267945466062e-12 210
2.5 2.48582457243796e-12 350
3 3.779103588188615e-12 450
3.5 2.611643752310141e-12 602
4 3.901132612543441e-13 762
4.5 3.268158859228898e-13 1142
5 2.636590183176394e-13 1250
5.5 2.416690207568673e-13 1458
6 1.27289730010495e-13 1814
6.5 1.038259361542325e-13 2178
7 1.189343210716377e-13 2498
7.5 6.685972218842841e-14 2622
8 9.349187891671699e-14 3338
8.5 1.536296821837082e-13 3722
9 1.61237102117966e-13 4170
9.5 1.017446219037205e-13 4358
10 1.233381975368763e-13 5034
10.5 1.220693433062985e-13 5714
11 1.017968454234227e-13 5982
11.5 8.045487696311915e-14 6602
12 6.923896462208935e-14 7130
12.5 7.526540461138222e-14 8034
13 7.49525379595634e-14 8606
13.5 6.112856026609041e-14 9066
14 6.048459786992559e-14 9962
14.5 6.767828688106474e-14 10550
15 8.239093122882239e-14 11226
15.5 9.764564134431192e-14 12146
16 1.033154450904452e-13 12303
16.5 8.290512955762835e-14 12584
17 5.868316186345424e-14 12120
17.5 3.728747628847056e-14 11180
18 1.934112151959294e-14 11096
18.5 9.895180321303557e-15 10056
19 6.868683249773767e-15 9716
19.5 5.007947685119329e-15 8604
20 3.831777917523603e-15 8060
20.5 2.868401103684631e-15 7320
21 2.080197761577851e-15 6356
21.5 1.48582947503612e-15 5348
22 1.040800868752726e-15 4308
22.5 7.422704138264688e-16 3563
23 3.833806694262372e-16 2448
23.5 2.131279593854658e-16 1868
24 1.428443194623862e-16 1358
24.5 9.986338994630074e-17 1062
25 6.972228490411464e-17 776
25.5 4.011272872890703e-17 432
26 1.667669817029969e-17 200
26.5 1.326922051701493e-17 168
27 4.054987291248439e-18 56
27.5 6.935072749534519e-19 7

0.5 6.275255617044098e-10 18
1 1.457749639990196e-09 62
1.5 4.782331580776493e-09 98
2 8.295286012885673e-10 210
2.5 7.349726429331098e-10 350
3 3.10190715130553e-09 450
3.5 2.828473320411807e-09 602
4 9.139555874291132e-10 762
4.5 1.024189011659851e-09 1142
5 1.140537867626336e-09 1250
5.5 4.469163646746579e-10 1458
6 2.609085661121311e-10 1814
6.5 4.543699736279445e-10 2178
7 4.366351602734388e-10 2498
7.5 1.757199649096614e-10 2622
8 1.721288692176591e-10 3338
8.5 3.137812890254039e-10 3722
9 3.746309842431669e-10 4170
9.5 2.43400645855886e-10 4358
10 2.040742831445635e-10 5034
10.5 2.630327171048235e-10 5714
11 3.565795567886516e-10 5982
11.5 3.817314178391672e-10 6602
12 3.86260727728146e-10 7130
12.5 4.366598030515608e-10 8034
13 4.685484308585577e-10 8606
13.5 5.337446971232215e-10 9066
14 6.066452300438875e-10 9962
14.5 6.55113207846323e-10 10550
15 7.277378043329051e-10 11226
15.5 8.342832896419731e-10 12146
16 8.656368756688554e-10 12303
16.5 8.815177232213357e-10 12584
17 8.489660836891891e-10 12120
17.5 7.770608119406931e-10 11180
18 7.909219890798197e-10 11096
18.5 7.379507785147867e-10 10056
19 7.160363623480972e-10 9716
19.5 6.531654135298497e-10 8604
20 6.202078712169225e-10 8060
20.5 5.961239266325019e-10 7320
21 5.245601041467111e-10 6356
21.5 4.793234181319549e-10 5348
22 3.876385356982778e-10 4308
22.5 3.23888579353953e-10 3563
23 2.124080920233543e-10 2448
23.5 1.494683059651076e-10 1868
24 1.09056784806176e-10 1358
24.5 8.726659789072099e-11 1062
25 6.329119128815627e-11 776
25.5 3.339734122565223e-11 432
26 2.065192226643915e-11 200
26.5 1.554215281783819e-11 168
27 5.730060727787013e-12 56
27.5 4.986253438183772e-13 7

0.5 6.108163263042611e-10 18
1 1.361128057996734e-09 62
1.5 2.165267874588963e-08 98
2 2.768048644064306e-08 210
2.5 1.143574383822252e-08 350
3 3.961163006932556e-08 450
3.5 2.302164004360079e-08 602
4 1.69619750526862e-09 762
4.5 2.928041673477782e-09 1142
5 8.129175956518817e-09 1250
5.5 1.325187744658078e-09 1458
6 6.241442663836646e-10 1814
6.5 1.705624518580219e-09 2178
7 2.396915117004546e-09 2498
7.5 6.467905827339839e-10 2622
8 5.964127250986411e-10 3338
8.5 1.237326487649288e-09 3722
9 1.454118112440025e-09 4170
9.5 8.696286361373602e-10 4358
10 7.849097372064866e-10 5034
10.5 1.135362336811825e-09 5714
11 1.492853827950156e-09 5982
11.5 1.521299219750873e-09 6602
12 1.506531285614804e-09 7130
12.5 1.817169425825632e-09 8034
13 2.14533332667429e-09 8606
13.5 2.292003591806782e-09 9066
14 2.592346727568673e-09 9962
14.5 2.81360987634513e-09 10550
15 3.301117615583304e-09 11226
15.5 3.802364847681822e-09 12146
16 4.025223880583574e-09 12303
16.5 4.101119123836867e-09 12584
17 3.729537274381625e-09 12120
17.5 3.358326285214489e-09 11180
18 3.453538727452322e-09 11096
18.5 3.081792285811983e-09 10056
19 3.06161186693485e-09 9716
19.5 2.721540354447905e-09 8604
20 2.636962190751549e-09 8060
20.5 2.432602094439981e-09 7320
21 2.254080566806742e-09 6356
21.5 1.931485201710045e-09 5348
22 1.629662105508709e-09 4308
22.5 1.317498831998579e-09 3563
23 9.08447436067953e-10 2448
23.5 7.077210560600481e-10 1868
24 4.831980955491776e-10 1358
24.5 4.015486553846016e-10 1062
25 2.596374892602523e-10 776
25.5 1.457757513252889e-10 432
26 8.240846060691899e-11 200
26.5 6.522221930260513e-11 168
27 2.575993168811327e-11 56
27.5 1.142304171041369e-12 7

0.5 5.857294093006809e-10 18
1 4.1330272287315e-09 62
1.5 9.869335109717707e-08 98
2 2.803530167719242e-08 210
2.5 5.801086851979277e-09 350
3 1.339839156192184e-07 450
3.5 1.922491483601771e-07 602
4 1.2891473505337e-08 762
4.5 4.370809559144723e-09 1142
5 2.983544569159402e-08 1250
5.5 4.195877741024372e-09 1458
6 1.492676807569046e-09 1814
6.5 4.093236895083829e-09 2178
7 6.711550826086593e-09 2498
7.5 1.644652108135195e-09 2622
8 1.190357851203164e-09 3338
8.5 3.231379091674127e-09 3722
9 4.074068436989162e-09 4170
9.5 2.222421126195708e-09 4358
10 1.716875822010364e-09 5034
10.5 2.98246363950872e-09 5714
11 4.021702740565303e-09 5982
11.5 3.923324156131915e-09 6602
12 3.676276471925399e-09 7130
12.5 4.28402146129179e-09 8034
13 5.053404752255445e-09 8606
13.5 5.493191243751227e-09 9066
14 6.001380817293848e-09 9962
14.5 6.477399565103361e-09 10550
15 7.310939984244316e-09 11226
15.5 8.504490760074414e-09 12146
16 8.950114813509498e-09 12303
16.5 9.28388713845448e-09 12584
17 8.529718658429121e-09 12120
17.5 7.540696219968405e-09 11180
18 7.55205551523468e-09 11096
18.5 6.822277316236194e-09 10056
19 6.298887103186713e-09 9716
19.5 5.671399613065021e-09 8604
20 5.237230046771847e-09 8060
20.5 4.797167082979948e-09 7320
21 4.24048836664624e-09 6356
21.5 3.604602155633449e-09 5348
22 3.012426219188298e-09 4308
22.5 2.6089243323149e-09 3563
23 1.645337165860127e-09 2448
23.5 1.232723086243739e-09 1868
24 8.344697315809405e-10 1358
24.5 6.277713362449119e-10 1062
25 4.818811524776293e-10 776
25.5 3.182975166509604e-10 432
26 1.371356805345175e-10 200
26.5 1.094444243569785e-10 168
27 3.626287834854781e-11 56
27.5 7.401579481077278e-12 7

0.5 2.046169036426392e-09 18
1 6.444556203592521e-09 62
1.5 3.040174549555056e-07 98
2 7.021612740410336e-08 210
2.5 6.309061361839578e-08 350
3 6.793230068255162e-07 450
3.5 3.032670137691128e-07 602
4 1.134432978992453e-08 762
4.5 1.260662217076692e-08 1142
5 6.646395393387317e-08 1250
5.5 4.82630422072381e-09 1458
6 2.732616742456766e-09 1814
6.5 1.00517726954668e-08 2178
7 1.2488977056349e-08 2498
7.5 2.893795261422639e-09 2622
8 2.811241851735025e-09 3338
8.5 7.689274941698643e-09 3722
9 8.132857163624503e-09 4170
9.5 4.425996365796994e-09 4358
10 3.939076290627729e-09 5034
10.5 7.023441274973758e-09 5714
11 8.544022016050947e-09 5982
11.5 8.26381989726354e-09 6602
12 8.061547339803288e-09 7130
12.5 9.935126429668391e-09 8034
13 1.177296624982953e-08 8606
13.5 1.270620151381687e-08 9066
14 1.4292714989024e-08 9962
14.5 1.568785555924495e-08 10550
15 1.819182216885404e-08 11226
15.5 2.140110010821411e-08 12146
16 2.2664429502997e-08 12303
16.5 2.271110970131667e-08 12584
17 2.076130702713808e-08 12120
17.5 1.81073615843349e-08 11180
18 1.813461319936571e-08 11096
18.5 1.599916730750521e-08 10056
19 1.496316359983514e-08 9716
19.5 1.343483895041478e-08 8604
20 1.264308207352849e-08 8060
20.5 1.147644985443549e-08 7320
21 1.02741041646855e-08 6356
21.5 8.977467932946073e-09 5348
22 7.365288372777217e-09 4308
22.5 6.289725105728545e-09 3563
23 4.259189438287022e-09 2448
23.5 2.814659324762892e-09 1868
24 1.985537124697446e-09 1358
24.5 1.550126734864819e-09 1062
25 1.182834391231935e-09 776
25.5 6.523495762198747e-10 432
26 2.987659347008642e-10 200
26.5 2.77833325764537e-10 168
27 8.6165491799486e-11 56
27.5 1.287658718602955e-11 7

0.5 2.181989476288465e-09 18
1 1.689322356898041e-08 62
1.5 7.785814243644035e-07 98
2 7.16992587674696e-08 210
2.5 4.343301928242502e-08 350
3 7.849795457553111e-07 450
3.5 7.621225817843377e-07 602
4 4.241090238873729e-08 762
4.5 1.727862630758379e-08 1142
5 1.062412605155861e-07 1250
5.5 1.072202421449346e-08 1458
6 4.347701918097438e-09 1814
6.5 1.724381676966669e-08 2178
7 2.097721387207008e-08 2498
7.5 4.739047713937998e-09 2622
8 4.323064935801496e-09 3338
8.5 1.388478354853922e-08 3722
9 1.416918681503845e-08 4170
9.5 7.37896329513843e-09 4358
10 6.693635884994048e-09 5034
10.5 1.290336829003229e-08 5714
11 1.506553227542435e-08 5982
11.5 1.416797288925963e-08 6602
12 1.3603161207571e-08 7130
12.5 1.696693902478064e-08 8034
13 2.011241700455564e-08 8606
13.5 2.181041224359527e-08 9066
14 2.336452239861166e-08 9962
14.5 2.51632947001745e-08 10550
15 2.932309051558082e-08 11226
15.5 3.424015281250792e-08 12146
16 3.640477173169377e-08 12303
16.5 3.671076610658309e-08 12584
17 3.262783358446e-08 12120
17.5 2.875048546561038e-08 11180
18 2.801059810442763e-08 11096
18.5 2.460573331858519e-08 10056
19 2.208468696371159e-08 9716
19.5 1.972048374625508e-08 8604
20 1.837777453659414e-08 8060
20.5 1.718219346160515e-08 7320
21 1.448766684551e-08 6356
21.5 1.283414552155835e-08 5348
22 1.06105325884236e-08 4308
22.5 8.50313602317683e-09 3563
23 5.70435487065328e-09 2448
23.5 3.84823933748492e-09 1868
24 2.7578689412889e-09 1358
24.5 1.83106145627149e-09 1062
25 1.373294649132237e-09 776
25.5 7.929449506805245e-10 432
26 4.104190087738838e-10 200
26.5 3.394490461493482e-10 168
27 1.139178790498939e-10 56
27.5 5.89535721520779e-12 7

0.5 1.42432669196856e-09 18
1 3.331394363841397e-08 62
1.5 1.266603830579936e-06 98
2 1.805042808084864e-07 210
2.5 1.090127719717681e-07 350
3 1.371596579430281e-06 450
3.5 9.063414034055621e-07 602
4 4.109637274449086e-08 762
4.5 3.014404360677427e-08 1142
5 1.892586139168736e-07 1250
5.5 1.205143290628105e-08 1458
6 7.393088266187508e-09 1814
6.5 3.061224310098403e-08 2178
7 3.235435066430222e-08 2498
7.5 8.031824919861595e-09 2622
8 8.706983776360144e-09 3338
8.5 2.807206777418032e-08 3722
9 2.65189147240469e-08 4170
9.5 1.342001909850992e-08 4358
10 1.318026835463079e-08 5034
10.5 2.666934474309477e-08 5714
11 2.98703755736673e-08 5982
11.5 2.685383530157019e-08 6602
12 2.707217446061819e-08 7130
12.5 3.411815354475626e-08 8034
13 4.045480977234567e-08 8606
13.5 4.319107214849914e-08 9066
14 4.768157526527751e-08 9962
14.5 5.139042796638024e-08 10550
15 6.075193600741166e-08 11226
15.5 6.967026307951312e-08 12146
16 7.352282769025514e-08 12303
16.5 7.557081560458709e-08 12584
17 6.737404798430269e-08 12120
17.5 6.035738217750568e-08 11180
18 5.845909281645334e-08 11096
18.5 5.063490155223473e-08 10056
19 4.63100901655105e-08 9716
19.5 4.157234167468113e-08 8604
20 3.859295051314104e-08 8060
20.5 3.518281020280028e-08 7320
21 3.015127829896231e-08 6356
21.5 2.638609251826021e-08 5348
22 2.215466562796135e-08 4308
22.5 1.772493098982904e-08 3563
23 1.104912788954018e-08 2448
23.5 8.306684411384502e-09 1868
24 5.852173262373414e-09 1358
24.5 4.073710777097638e-09 1062
25 3.28635681300228e-09 776
25.5 1.752098748896398e-09 432
26 7.59546985683762e-10 200
26.5 6.692485654910867e-10 168
27 2.861385153983951e-10 56
27.5 2.725875239510389e-11 7

0.5 4.099512321541227e-09 18
1 4.421422696094991e-08 62
1.5 2.752508077744935e-06 98
2 3.541087374572529e-07 210
2.5 1.72397711334855e-07 350
3 2.577148156196181e-06 450
3.5 1.440335316146394e-06 602
4 5.249173266754956e-08 762
4.5 5.729430103265377e-08 1142
5 3.206870150910929e-07 1250
5.5 2.697470864067981e-08 1458
6 1.380498856288048e-08 1814
6.5 6.049108465011143e-08 2178
7 6.205463647875713e-08 2498
7.5 1.613509721997368e-08 2622
8 1.726635188773206e-08 3338
8.5 5.44621932348106e-08 3722
9 5.217089567153213e-08 4170
9.5 2.790589903332582e-08 4358
10 2.884790885397502e-08 5034
10.5 5.63702125115599e-08 5714
11 6.303457238673716e-08 5982
11.5 5.905741496647045e-08 6602
12 5.575882031254338e-08 7130
12.5 7.386419828496782e-08 8034
13 8.825683946224697e-08 8606
13.5 9.355415626822688e-08 9066
14 1.002568830322317e-07 9962
14.5 1.095898283985402e-07 10550
15 1.270437939533396e-07 11226
15.5 1.428431080978202e-07 12146
16 1.523590374646688e-07 12303
16.5 1.557450643022229e-07 12584
17 1.36135114970647e-07 12120
17.5 1.231842824903856e-07 11180
18 1.18734434036731e-07 11096
18.5 1.015637333534486e-07 10056
19 9.247198964955957e-08 9716
19.5 8.335264384959015e-08 8604
20 7.76534283828189e-08 8060
20.5 7.107231884643738e-08 7320
21 5.958960404042856e-08 6356
21.5 5.255553487862306e-08 5348
22 4.368802146269523e-08 4308
22.5 3.464638760448879e-08 3563
23 2.219950166887284e-08 2448
23.5 1.528610666717128e-08 1868
24 1.080647181857012e-08 1358
24.5 8.079792770549288e-09 1062
25 6.154423228674511e-09 776
25.5 3.397372849843911e-09 432
26 1.581556523946155e-09 200
26.5 1.179442121699348e-09 168
27 4.451706378757751e-10 56
27.5 2.192339875463749e-11 7

0.5 2.635075697925631e-08 18
1 8.30070473478509e-08 62
1.5 4.326938148315957e-06 98
2 6.392011579853941e-07 210
2.5 1.26405271940507e-07 350
3 3.511834701535553e-06 450
3.5 2.491952885128881e-06 602
4 8.741204405796627e-08 762
4.5 8.354738784018725e-08 1142
5 5.587973881576127e-07 1250
5.5 6.093935996785117e-08 1458
6 2.609566178780991e-08 1814
6.5 9.492101555453805e-08 2178
7 1.201407494698257e-07 2498
7.5 3.496415363903441e-08 2622
8 3.174728024761469e-08 3338
8.5 9.398710843969367e-08 3722
9 9.401518703920462e-08 4170
9.5 5.603025505982899e-08 4358
10 5.350399565000387e-08 5034
10.5 1.002705370842002e-07 5714
11 1.101921399666495e-07 5982
11.5 1.066226730706265e-07 6602
12 1.036157925655188e-07 7130
12.5 1.351346913174226e-07 8034
13 1.551343656236305e-07 8606
13.5 1.662390502644974e-07 9066
14 1.779375381348102e-07 9962
14.5 1.865572359350461e-07 10550
15 2.153670502870462e-07 11226
15.5 2.410334721553202e-07 12146
16 2.498154686438857e-07 12303
16.5 2.592916880386436e-07 12584
17 2.241386946407937e-07 12120
17.5 1.976815330498533e-07 11180
18 1.928090996446145e-07 11096
18.5 1.695692479598512e-07 10056
19 1.498937076813238e-07 9716
19.5 1.388530876238042e-07 8604
20 1.259755746585342e-07 8060
20.5 1.117680556245029e-07 7320
21 9.875301621697162e-08 6356
21.5 8.379773004956558e-08 5348
22 6.724485371304238e-08 4308
22.5 5.655710245972397e-08 3563
23 3.513198250692123e-08 2448
23.5 2.565047340024334e-08 1868
24 1.772632304244514e-08 1358
24.5 1.298178426059468e-08 1062
25 1.030624500246474e-08 776
25.5 5.249428558341771e-09 432
26 2.183968302177839e-09 200
26.5 1.674637065254985e-09 168
27 6.860054066108792e-10 56
27.5 9.3090226813659e-11 7

0.5 3.067222648863429e-08 18
1 1.41872878071059e-07 62
1.5 6.752370529237429e-06 98
2 1.300170049967146e-06 210
2.5 3.235980884007009e-07 350
3 3.558411970861332e-06 450
3.5 3.563502994809784e-06 602
4 2.526591188127227e-07 762
4.5 1.587610380249301e-07 1142
5 7.355470229166127e-07 1250
5.5 1.620840447404406e-07 1458
6 7.228625921749625e-08 1814
6.5 1.427204139606868e-07 2178
7 1.881663622563222e-07 2498
7.5 8.027886355517992e-08 2622
8 7.467326215634699e-08 3338
8.5 1.45519714181107e-07 3722
9 1.551691955102638e-07 4170
9.5 1.083034747656823e-07 4358
10 1.095966250492763e-07 5034
10.5 1.718702990515503e-07 5714
11 1.918981144168047e-07 5982
11.5 1.839872164747189e-07 6602
12 1.904757810306818e-07 7130
12.5 2.329418186346282e-07 8034
13 2.640304018148866e-07 8606
13.5 2.817768574568797e-07 9066
14 3.073581019286294e-07 9962
14.5 3.301698760035992e-07 10550
15 3.673830824914826e-07 11226
15.5 4.072861253482306e-07 12146
16 4.277316475982343e-07 12303
16.5 4.287616641261941e-07 12584
17 3.922730640173694e-07 12120
17.5 3.507101839060764e-07 11180
18 3.296244815036029e-07 11096
18.5 2.89790826071873e-07 10056
19 2.667893879658487e-07 9716
19.5 2.355382981623765e-07 8604
20 2.182916909984402e-07 8060
20.5 1.979554497183479e-07 7320
21 1.717952195257016e-07 6356
21.5 1.518546613239907e-07 5348
22 1.213042449028654e-07 4308
22.5 9.563118079356134e-08 3563
23 6.337816550883642e-08 2448
23.5 4.666632967918614e-08 1868
24 3.349495647944898e-08 1358
24.5 2.418253915004264e-08 1062
25 1.700487702415649e-08 776
25.5 9.181120038202079e-09 432
26 4.888098234956904e-09 200
26.5 4.146361002173678e-09 168
27 1.291447785534367e-09 56
27.5 5.688976980751172e-11 7

0.5 6.928793616970926e-08 18
1 3.818806656913246e-07 62
1.5 7.897294322733285e-06 98
2 1.858167773188682e-06 210
2.5 9.632347673091035e-07 350
3 3.857603575266734e-06 450
3.5 4.578507366007553e-06 602
4 6.270925465643946e-07 762
4.5 3.136639908521049e-07 1142
5 8.490715520102625e-07 1250
5.5 2.991226747359195e-07 1458
6 1.552690532910481e-07 1814
6.5 2.133431728528101e-07 2178
7 2.598458552605886e-07 2498
7.5 1.323774700513147e-07 2622
8 1.399833311062224e-07 3338
8.5 2.06134809054725e-07 3722
9 2.217024201347505e-07 4170
9.5 1.703174289869366e-07 4358
10 1.797049627714972e-07 5034
10.5 2.489558902294207e-07 5714
11 2.727019204915813e-07 5982
11.5 2.706860913033728e-07 6602
12 2.717927196949712e-07 7130
12.5 3.292206680805488e-07 8034
13 3.75068644033744e-07 8606
13.5 4.004685372965667e-07 9066
14 4.351896850122684e-07 9962
14.5 4.636682815979968e-07 10550
15 5.363404139841058e-07 11226
15.5 5.90815226796317e-07 12146
16 6.137830494101656e-07 12303
16.5 6.053329228670807e-07 12584
17 5.588051102005198e-07 12120
17.5 4.955124607773212e-07 11180
18 4.746017838001435e-07 11096
18.5 4.117987460941958e-07 10056
19 3.84531833573977e-07 9716
19.5 3.384833423625673e-07 8604
20 3.27371066692036e-07 8060
20.5 2.921568076863815e-07 7320
21 2.573288009124032e-07 6356
21.5 2.206953295460923e-07 5348
22 1.768087333772284e-07 4308
22.5 1.475003096659472e-07 3563
23 9.262443306070192e-08 2448
23.5 6.96372153153987e-08 1868
24 5.222407843093876e-08 1358
24.5 3.956866826613337e-08 1062
25 2.714027737569067e-08 776
25.5 1.495094487355955e-08 432
26 8.30893409425029e-09 200
26.5 6.476181260528533e-09 168
27 2.440608230329627e-09 56
27.5 1.589492529241982e-10 7

0.5 2.602181866059502e-07 18
1 6.780026959302996e-07 62
1.5 7.132437378903394e-06 98
2 1.98402440543975e-06 210
2.5 1.130970209345754e-06 350
3 4.340439593437357e-06 450
3.5 4.249146914961289e-06 602
4 9.008316151278734e-07 762
4.5 6.06162191890064e-07 1142
5 9.860589474297949e-07 1250
5.5 4.623412735275759e-07 1458
6 2.982318097436016e-07 1814
6.5 3.521035817769908e-07 2178
7 3.685885698276325e-07 2498
7.5 2.443575979614241e-07 2622
8 2.69320127856698e-07 3338
8.5 3.284293509272405e-07 3722
9 3.398264619430112e-07 4170
9.5 2.944714151342367e-07 4358
10 3.112771199682569e-07 5034
10.5 4.135948261069968e-07 5714
11 4.206222716126038e-07 5982
11.5 4.448224376377929e-07 6602
12 4.78424733404303e-07 7130
12.5 5.58473100433882e-07 8034
13 6.187038357876121e-07 8606
13.5 6.676590874609583e-07 9066
14 7.621113276998328e-07 9962
14.5 8.15821134563838e-07 10550
15 9.236455801636964e-07 11226
15.5 1.05184530712278e-06 12146
16 1.086636846951406e-06 12303
16.5 1.082542749425151e-06 12584
17 1.003630174156007e-06 12120
17.5 8.804047470884529e-07 11180
18 8.568719420673729e-07 11096
18.5 7.782088207628894e-07 10056
19 7.19609237802779e-07 9716
19.5 6.475222874731189e-07 8604
20 6.183063641689174e-07 8060
20.5 5.572875699661233e-07 7320
21 4.859881460870921e-07 6356
21.5 4.239451255984958e-07 5348
22 3.476910264809666e-07 4308
22.5 2.881157338808587e-07 3563
23 1.921730935077137e-07 2448
23.5 1.405992590774521e-07 1868
24 9.685609548991535e-08 1358
24.5 7.582977589247664e-08 1062
25 5.876360303704488e-08 776
25.5 3.077210299337833e-08 432
26 1.650560835631697e-08 200
26.5 1.330810451562313e-08 168
27 3.947432470447852e-09 56
27.5 2.104706741542998e-10 7

0.5 4.78485586229373e-07 18
1 1.011155635352575e-06 62
1.5 6.655710227185918e-06 98
2 2.035898295924661e-06 210
2.5 1.149872533229732e-06 350
3 4.502856663491459e-06 450
3.5 4.283087939020907e-06 602
4 1.016281241983463e-06 762
4.5 6.770898546248522e-07 1142
5 1.093158237396672e-06 1250
5.5 5.743955979053867e-07 1458
6 4.409630976672813e-07 1814
6.5 5.062618955873435e-07 2178
7 5.218833527195253e-07 2498
7.5 4.024844756436048e-07 2622
8 4.610663923452801e-07 3338
8.5 5.26597627398233e-07 3722
9 5.478955932383123e-07 4170
9.5 4.978552013695549e-07 4358
10 5.359390803420632e-07 5034
10.5 6.466610097308248e-07 5714
11 6.911153230345992e-07 5982
11.5 7.052739821553142e-07 6602
12 8.001073574856557e-07 7130
12.5 9.278329117187443e-07 8034
13 1.033720106878502e-06 8606
13.5 1.131880546489533e-06 9066
14 1.255675372430964e-06 9962
14.5 1.374318113686634e-06 10550
15 1.542700151632426e-06 11226
15.5 1.775466376050608e-06 12146
16 1.834334908406856e-06 12303
16.5 1.838647648199105e-06 12584
17 1.715554998622216e-06 12120
17.5 1.550164672025114e-06 11180
18 1.489384651337958e-06 11096
18.5 1.347284238039053e-06 10056
19 1.286282735690717e-06 9716
19.5 1.141493318027153e-06 8604
20 1.103397268750175e-06 8060
20.5 1.035893602824146e-06 7320
21 9.215829158626438e-07 6356
21.5 7.760408753572162e-07 5348
22 6.424042169638716e-07 4308
22.5 5.427341015350656e-07 3563
23 3.52474875909725e-07 2448
23.5 2.737107628652285e-07 1868
24 1.939496801814282e-07 1358
24.5 1.432611289695454e-07 1062
25 1.060583470681177e-07 776
25.5 5.686068690886806e-08 432
26 2.989653256189643e-08 200
26.5 2.760512109433755e-08 168
27 1.030785220906249e-08 56
27.5 1.748326823792016e-09 7

0.5 4.710927496460149e-07 18
1 1.016962357071459e-06 62
1.5 7.777317374702831e-06 98
2 2.623702865372845e-06 210
2.5 1.086668567526533e-06 350
3 4.094945182940891e-06 450
3.5 4.918330747104278e-06 602
4 1.01336053446618e-06 762
4.5 7.148493867052225e-07 1142
5 1.166916678979501e-06 1250
5.5 5.92142410145304e-07 1458
6 4.99224440418617e-07 1814
6.5 5.598234486732603e-07 2178
7 5.95670555077667e-07 2498
7.5 5.027686161640935e-07 2622
8 5.810936597919583e-07 3338
8.5 6.611494596406488e-07 3722
9 7.000981265028743e-07 4170
9.5 6.718789749685441e-07 4358
10 7.451337511441666e-07 5034
10.5 8.985271827522403e-07 5714
11 9.366294224239536e-07 5982
11.5 1.006173496552223e-06 6602
12 1.109823949550705e-06 7130
12.5 1.29322035620511e-06 8034
13 1.418061262342314e-06 8606
13.5 1.580510052099189e-06 9066
14 1.755639206749314e-06 9962
14.5 1.936907712296299e-06 10550
15 2.169746201854643e-06 11226
15.5 2.520478729520567e-06 12146
16 2.582568176291889e-06 12303
16.5 2.612553477509599e-06 12584
17 2.462265903837153e-06 12120
17.5 2.212587981782223e-06 11180
18 2.235657531627462e-06 11096
18.5 1.990837409004824e-06 10056
19 1.919501560459064e-06 9716
19.5 1.719091151082523e-06 8604
20 1.684719641192369e-06 8060
20.5 1.574875581132023e-06 7320
21 1.425232637249925e-06 6356
21.5 1.218412032317737e-06 5348
22 1.042434436886018e-06 4308
22.5 8.306135754075066e-07 3563
23 5.57889581208666e-07 2448
23.5 4.413252782788955e-07 1868
24 3.094963658849851e-07 1358
24.5 2.497260475278974e-07 1062
25 1.810861755755812e-07 776
25.5 1.080229047473892e-07 432
26 5.187932620965798e-08 200
26.5 3.954894283150802e-08 168
27 1.459010846076812e-08 56
27.5 1.537187934530622e-09 7

0.5 5.076051858355683e-07 18
1 9.25107614220435e-07 62
1.5 7.637587697645283e-06 98
2 2.488630873616593e-06 210
2.5 1.500175473790429e-06 350
3 3.946252049483579e-06 450
3.5 3.969968202893748e-06 602
4 1.00522978165842e-06 762
4.5 7.40081372896757e-07 1142
5 1.107096240851885e-06 1250
5.5 6.276703692228286e-07 1458
6 5.472408459457336e-07 1814
6.5 6.109287783656081e-07 2178
7 6.85999484484496e-07 2498
7.5 5.44503654543378e-07 2622
8 6.719698703480648e-07 3338
8.5 7.540258525187863e-07 3722
9 8.288846696936463e-07 4170
9.5 7.876045932778527e-07 4358
10 8.739708532013674e-07 5034
10.5 1.071636952190622e-06 5714
11 1.118360780976265e-06 5982
11.5 1.199389765808493e-06 6602
12 1.306892966156177e-06 7130
12.5 1.544756612695673e-06 8034
13 1.687721044684163e-06 8606
13.5 1.844433088089845e-06 9066
14 2.086038290967981e-06 9962
14.5 2.322366403838353e-06 10550
15 2.575799162696888e-06 11226
15.5 2.976826955938591e-06 12146
16 3.060836294869044e-06 12303
16.5 3.102946313801337e-06 12584
17 2.997763080068456e-06 12120
17.5 2.703217586395758e-06 11180
18 2.721982086590657e-06 11096
18.5 2.530198259079928e-06 10056
19 2.35865256060962e-06 9716
19.5 2.126369460106593e-06 8604
20 2.077309057671917e-06 8060
20.5 2.006500098036211e-06 7320
21 1.798321626164069e-06 6356
21.5 1.559762622890351e-06 5348
22 1.320300413794626e-06 4308
22.5 1.073709194642961e-06 3563
23 7.282311642733376e-07 2448
23.5 5.745781627282061e-07 1868
24 4.23271671087142e-07 1358
24.5 3.291920140407556e-07 1062
25 2.348402756811092e-07 776
25.5 1.311050819407353e-07 432
26 6.930566690333854e-08 200
26.5 5.67887966438942e-08 168
27 1.735738056462917e-08 56
27.5 1.38226650063309e-09 7

0.5 3.701921147084298e-07 18
1 8.097846094013771e-07 62
1.5 7.256243244983159e-06 98
2 3.055255951276001e-06 210
2.5 1.259543154110862e-06 350
3 4.180084065174372e-06 450
3.5 4.927234624057599e-06 602
4 1.03184613364253e-06 762
4.5 7.597584759747695e-07 1142
5 1.216266020150212e-06 1250
5.5 7.171380534946543e-07 1458
6 5.987577540216221e-07 1814
6.5 6.770187932326863e-07 2178
7 7.186024324449582e-07 2498
7.5 6.140937391820675e-07 2622
8 7.259416838443224e-07 3338
8.5 8.341706423619017e-07 3722
9 8.955631222996968e-07 4170
9.5 8.488573165888166e-07 4358
10 9.755739387274244e-07 5034
10.5 1.178981921198479e-06 5714
11 1.238979716752432e-06 5982
11.5 1.339274261200533e-06 6602
12 1.459086295076436e-06 7130
12.5 1.695735154041734e-06 8034
13 1.873158161737692e-06 8606
13.5 2.064631090161805e-06 9066
14 2.369308957303187e-06 9962
14.5 2.609182487782166e-06 10550
15 2.893053906520494e-06 11226
15.5 3.317679515809114e-06 12146
16 3.396429144959866e-06 12303
16.5 3.51832947885076e-06 12584
17 3.30410829038264e-06 12120
17.5 3.004795064140253e-06 11180
18 3.088802954198569e-06 11096
18.5 2.819861602725011e-06 10056
19 2.660225083956631e-06 9716
19.5 2.461979359889757e-06 8604
20 2.366250894075414e-06 8060
20.5 2.271845957917561e-06 7320
21 2.028226932305495e-06 6356
21.5 1.822912943472712e-06 5348
22 1.484075385153781e-06 4308
22.5 1.245389441867606e-06 3563
23 8.441011668487139e-07 2448
23.5 6.89425532780859e-07 1868
24 4.859865235332876e-07 1358
24.5 3.870131903200846e-07 1062
25 2.938744384970574e-07 776
25.5 1.683394044701601e-07 432
26 7.398290972584114e-08 200
26.5 7.07853829789841e-08 168
27 2.630404764648e-08 56
27.5 1.214548351899961e-09 7

0.5 5.225056469359563e-07 18
1 7.350595611778635e-07 62
1.5 6.703294195958274e-06 98
2 2.858508872861038e-06 210
2.5 1.16118997038771e-06 350
3 4.5294526045569e-06 450
3.5 4.318199796961602e-06 602
4 1.04909427218944e-06 762
4.5 8.536953940477626e-07 1142
5 1.151458080728071e-06 1250
5.5 6.973130133674025e-07 1458
6 6.243273979097451e-07 1814
6.5 7.418174845667425e-07 2178
7 7.631416930046731e-07 2498
7.5 6.612226376958205e-07 2622
8 7.745120498822455e-07 3338
8.5 9.146531979391809e-07 3722
9 9.777884884011488e-07 4170
9.5 9.370426187024514e-07 4358
10 1.04480094047344e-06 5034
10.5 1.28269408901889e-06 5714
11 1.333585008039802e-06 5982
11.5 1.432706035176181e-06 6602
12 1.581909722002523e-06 7130
12.5 1.82713398127624e-06 8034
13 2.015723764282661e-06 8606
13.5 2.217054500075696e-06 9066
14 2.525446062593258e-06 9962
14.5 2.833268568914535e-06 10550
15 3.102522579919787e-06 11226
15.5 3.511659666737686e-06 12146
16 3.625185002476747e-06 12303
16.5 3.744751727604551e-06 12584
17 3.59568935726698e-06 12120
17.5 3.286076518569742e-06 11180
18 3.362271188107996e-06 11096
18.5 3.052105775881292e-06 10056
19 3.011521015492298e-06 9716
19.5 2.665728778713118e-06 8604
20 2.619518980797882e-06 8060
20.5 2.513166948387941e-06 7320
21 2.225582804458725e-06 6356
21.5 1.938302120660982e-06 5348
22 1.663642313706545e-06 4308
22.5 1.371157176541464e-06 3563
23 9.352043879618319e-07 2448
23.5 7.447441421638805e-07 1868
24 5.437095514564439e-07 1358
24.5 4.300452131825106e-07 1062
25 3.046916747123846e-07 776
25.5 1.76522972828741e-07 432
26 8.84320778403172e-08 200
26.5 7.369540490833743e-08 168
27 3.118130505884626e-08 56
27.5 6.602694096750992e-10 7

0.5 4.498095803173317e-07 18
1 9.873249527675651e-07 62
1.5 7.708065971644102e-06 98
2 3.245188981512982e-06 210
2.5 1.327243820001881e-06 350
3 4.531300368673864e-06 450
3.5 4.632479962685987e-06 602
4 1.084140656818097e-06 762
4.5 8.111281738634307e-07 1142
5 1.236853252448336e-06 1250
5.5 7.447452659897523e-07 1458
6 6.618451340737724e-07 1814
6.5 7.703003850771397e-07 2178
7 8.010086165429091e-07 2498
7.5 7.033776225858397e-07 2622
8 8.584464045138803e-07 3338
8.5 9.733787275952993e-07 3722
9 9.991781654065239e-07 4170
9.5 1.006343150990485e-06 4358
10 1.126680263110151e-06 5034
10.5 1.343402758038925e-06 5714
11 1.42052412740943e-06 5982
11.5 1.52343690792835e-06 6602
12 1.689839673626195e-06 7130
12.5 1.969477579125987e-06 8034
13 2.150836646376092e-06 8606
13.5 2.371151964346295e-06 9066
14 2.693903289725771e-06 9962
14.5 3.016129864488521e-06 10550
15 3.313530251952764e-06 11226
15.5 3.748286413005164e-06 12146
16 3.904464908487593e-06 12303
16.5 3.968011330557116e-06 12584
17 3.858428152892012e-06 12120
17.5 3.433817579667176e-06 11180
18 3.525645843569343e-06 11096
18.5 3.224232256187351e-06 10056
19 3.23957054627725e-06 9716
19.5 2.822887793072136e-06 8604
20 2.773066733667173e-06 8060
20.5 2.693183113517032e-06 7320
21 2.378505960322069e-06 6356
21.5 2.136163779386858e-06 5348
22 1.761045094538763e-06 4308
22.5 1.456909466881966e-06 3563
23 1.047931063624655e-06 2448
23.5 8.372932071543431e-07 1868
24 5.990374906100859e-07 1358
24.5 4.618923462787549e-07 1062
25 3.424487922457538e-07 776
25.5 1.947914387715241e-07 432
26 9.272179042901101e-08 200
26.5 8.553280699931904e-08 168
27 3.063022969263735e-08 56
27.5 1.425741470142253e-09 7

0.5 4.815317896986011e-07 18
1 9.61061035005299e-07 62
1.5 7.698631209896141e-06 98
2 3.061922253454911e-06 210
2.5 1.322516864586018e-06 350
3 4.303727600792788e-06 450
3.5 4.798564408659893e-06 602
4 1.042022279600546e-06 762
4.5 8.546887661634591e-07 1142
5 1.254052151439981e-06 1250
5.5 7.778957951507583e-07 1458
6 6.915062842776701e-07 1814
6.5 7.81610132817705e-07 2178
7 8.33954958865094e-07 2498
7.5 7.454789896946949e-07 2622
8 9.077340525197469e-07 3338
8.5 1.018866715257231e-06 3722
9 1.062675000614526e-06 4170
9.5 1.042559188192774e-06 4358
10 1.207819370907955e-06 5034
10.5 1.418627400985248e-06 5714
11 1.519216040866561e-06 5982
11.5 1.612754927141909e-06 6602
12 1.766904634589326e-06 7130
12.5 2.085863403514967e-06 8034
13 2.257232893895011e-06 8606
13.5 2.489770950774059e-06 9066
14 2.839575428813718e-06 9962
14.5 3.189451454832543e-06 10550
15 3.407559350119225e-06 11226
15.5 3.966106301778174e-06 12146
16 4.127339202217579e-06 12303
16.5 4.156912107198649e-06 12584
17 4.003895357810826e-06 12120
17.5 3.662941501409195e-06 11180
18 3.649372476933808e-06 11096
18.5 3.4000940798931e-06 10056
19 3.358660657885929e-06 9716
19.5 3.059017898191782e-06 8604
20 2.895699047083694e-06 8060
20.5 2.78386065520505e-06 7320
21 2.504831724714909e-06 6356
21.5 2.241346397385401e-06 5348
22 1.88055635188074e-06 4308
22.5 1.566394031685784e-06 3563
23 1.09839267337973e-06 2448
23.5 8.918613577833278e-07 1868
24 6.167864810940694e-07 1358
24.5 4.749199296195546e-07 1062
25 3.671697061781624e-07 776
25.5 2.067799882465845e-07 432
26 9.852674597973026e-08 200
26.5 8.027174187681663e-08 168
27 2.897617311541824e-08 56
27.5 2.706205910971909e-09 7

