1:binCentralValue 2:valuesAverage 3:valuesAverage 4:multiplicity
0.5 4.522211304874298e-16 9.663437608267954e-12 18
1 4.701566763823675e-15 1.695193435759674e-10 62
1.5 1.539553421079283e-14 4.592828559965495e-10 98
2 4.126118040854065e-14 1.242868447213021e-09 210
2.5 7.659190003085076e-14 2.879172392163044e-09 350
3 1.220887883418273e-13 4.632811953973382e-09 450
3.5 1.771713483233886e-13 7.578052921323593e-09 602
4 2.497775610651255e-13 1.08954106464133e-08 762
4.5 4.629772660045811e-13 1.760496093874296e-08 1142
5 5.48747423412596e-13 1.964106073885346e-08 1250
5.5 6.757915985050472e-13 2.719138693590729e-08 1458
6 9.980550671081253e-13 3.732523356723315e-08 1814
6.5 1.206288777224102e-12 4.742484444424975e-08 2178
7 1.479361443249427e-12 5.679325174341019e-08 2498
7.5 1.717487448164191e-12 6.614569591876949e-08 2622
8 2.363514430712066e-12 9.064951223356461e-08 3338
8.5 2.768140171425874e-12 1.157452931713546e-07 3722
9 3.336758680377285e-12 1.292103319863663e-07 4170
9.5 3.698052607980905e-12 1.324712678693331e-07 4358
10 4.508287325281086e-12 1.747019241539565e-07 5034
10.5 5.197721312263809e-12 2.061686221601748e-07 5714
11 5.942559965391987e-12 2.207079601705176e-07 5982
11.5 6.627766802751116e-12 2.675358732912268e-07 6602
12 7.482369956631739e-12 2.872628784994883e-07 7130
12.5 8.907285768434365e-12 3.442723573466221e-07 8034
13 9.889203045787872e-12 3.889693809085964e-07 8606
13.5 1.068445957850937e-11 4.291712058663977e-07 9066
14 1.229417530649431e-11 4.823890672129074e-07 9962
14.5 1.354992328242637e-11 5.328415072320984e-07 10550
15 1.477912226004449e-11 5.888393504783579e-07 11226
15.5 1.684418735581065e-11 6.511608431041159e-07 12146
16 1.752131702700113e-11 6.679607478900175e-07 12303
16.5 1.825445872459487e-11 7.123725426545444e-07 12584
17 1.842571710796594e-11 7.234236974786583e-07 12120
17.5 1.717429414347049e-11 6.756661104935821e-07 11180
18 1.729764570567432e-11 6.885722954019799e-07 11096
18.5 1.631345030388659e-11 6.396262839905923e-07 10056
19 1.574961804284848e-11 6.276938684158837e-07 9716
19.5 1.447113712222122e-11 5.664368482693451e-07 8604
20 7.041169378112974e-12 2.728254066294174e-07 8060
20.5 1.116811692923931e-42 4.424767346221886e-38 7320
21 9.742708401384685e-43 3.815308537190073e-38 6356
21.5 7.568537375142032e-43 3.260536359265073e-38 5348
22 6.609907073382764e-43 2.427758680138838e-38 4308
22.5 4.718858431890593e-43 2.028800671573158e-38 3563
23 3.514520674576966e-43 1.308405487278537e-38 2448
23.5 2.516667569134344e-43 9.669576636790102e-39 1868
24 1.688056013289842e-43 6.653240223819597e-39 1358
24.5 1.321587261479782e-43 4.792223995651031e-39 1062
25 8.176543605704135e-44 3.302991589118966e-39 776
25.5 4.477698054966148e-44 1.795980872814831e-39 432
26 1.989068775799664e-44 5.455108528525023e-40 200
26.5 1.689102318370019e-44 5.589531307154689e-40 168
27 3.981702824071572e-45 1.285198712113005e-40 56
27.5 5.403969328882109e-46 1.014917535971213e-41 7

0.5 2.14437656621518e-15 6.453568831261957e-15 18
1 2.330749413648331e-14 5.917382767481932e-14 62
1.5 6.704119468120887e-14 2.37632723252251e-13 98
2 1.630139709370861e-13 2.281022511379807e-12 210
2.5 2.6513811419432e-13 1.273740863556537e-11 350
3 3.442332661394286e-13 4.097240641660697e-11 450
3.5 3.954229827495357e-13 9.835298574227063e-11 602
4 3.969479820942803e-13 1.937614364024258e-10 762
4.5 3.922202706670561e-13 4.23629604050741e-10 1142
5 2.065737046879033e-13 4.866291258842868e-10 1250
5.5 1.119333269860668e-13 5.459651625717074e-10 1458
6 1.040430733980531e-13 5.446270111313976e-10 1814
6.5 2.025826813034334e-13 4.056691855643948e-10 2178
7 3.716978325702534e-13 3.566666621102064e-10 2498
7.5 4.722037008398258e-13 6.439091226941965e-10 2622
8 5.280442885128087e-13 1.76692148189973e-09 3338
8.5 3.634497440176106e-13 3.376873053569379e-09 3722
9 1.781318758919174e-13 4.935539355713218e-09 4170
9.5 2.827088077837923e-13 4.993763000780497e-09 4358
10 8.462187171565971e-13 5.33285273692597e-09 5034
10.5 1.610862850715444e-12 4.375654136872378e-09 5714
11 2.115922781789874e-12 2.827541350206644e-09 5982
11.5 2.491414695965502e-12 2.175158968608677e-09 6602
12 2.356027732693653e-12 1.952708032444738e-09 7130
12.5 2.346322095575502e-12 2.411689365398666e-09 8034
13 2.448785675535795e-12 2.625415977944291e-09 8606
13.5 2.632437705133724e-12 2.764367508882674e-09 9066
14 2.934140741359983e-12 2.99424228011081e-09 9962
14.5 3.204640712085005e-12 3.402292172313885e-09 10550
15 3.357986472799167e-12 3.904243252897655e-09 11226
15.5 3.659155837675059e-12 4.561385394261233e-09 12146
16 3.416855197407013e-12 5.204951135817908e-09 12303
16.5 3.379131837482927e-12 5.847805939573196e-09 12584
17 3.170974471985897e-12 6.377750024469843e-09 12120
17.5 2.726565899949198e-12 6.342157592288471e-09 11180
18 2.675679906776157e-12 6.603201071870718e-09 11096
18.5 2.436229780447288e-12 6.350050346274223e-09 10056
19 2.431533669750612e-12 6.022767025497048e-09 9716
19.5 2.287998058569325e-12 5.226791063494775e-09 8604
20 1.120362614215389e-12 2.540219633751009e-09 8060
20.5 5.448545843864816e-19 9.715136828341948e-16 7320
21 4.334841174087775e-19 7.958726110101759e-16 6356
21.5 3.375209824928593e-19 6.126982245633907e-16 5348
22 2.52086457194787e-19 4.542389815274976e-16 4308
22.5 2.001597731779345e-19 3.501792062604021e-16 3563
23 1.246049589670993e-19 2.330055840311238e-16 2448
23.5 8.850682966405186e-20 1.671002221947138e-16 1868
24 5.928310357138932e-20 1.286646187122446e-16 1358
24.5 5.008151828862663e-20 9.020749502766428e-17 1062
25 3.320235746629213e-20 6.266812771990729e-17 776
25.5 1.772174018198945e-20 3.698855978956456e-17 432
26 8.251053485100546e-21 1.775439881473562e-17 200
26.5 6.991450560394446e-21 1.555586806782951e-17 168
27 2.860974850223873e-21 6.595783565018467e-18 56
27.5 2.598773547446725e-22 6.447593094146511e-19 7

0.5 1.740426693770408e-15 7.460473433481395e-11 18
1 1.475768764154635e-14 7.145278841638032e-10 62
1.5 2.557857638819165e-14 1.515292642354584e-09 98
2 2.958637181530894e-14 2.369458160437444e-09 210
2.5 1.029041658649974e-14 1.581418425947314e-09 350
3 8.062211815752055e-16 4.071527093669399e-10 450
3.5 2.576728822372352e-15 1.985792759087403e-10 602
4 1.39680258277656e-15 7.906187155455209e-10 762
4.5 1.626288972233923e-14 9.145896079139363e-10 1142
5 6.653451377980229e-14 1.370207692651084e-10 1250
5.5 1.0955395393774e-13 1.584833739234366e-09 1458
6 8.793557438491672e-14 4.448633079648539e-09 1814
6.5 2.921827566756054e-14 4.411925160667345e-09 2178
7 1.090838852283901e-14 4.431255816296501e-09 2498
7.5 4.641154004632669e-15 6.454247911088318e-09 2622
8 3.072393725870964e-14 4.742834871556516e-09 3338
8.5 4.312002220760174e-14 4.598774244509328e-09 3722
9 5.018944140009815e-14 2.177910185096128e-08 4170
9.5 2.466590736282629e-13 2.86963740345269e-08 4358
10 5.177263619350956e-13 2.252485315228635e-08 5034
10.5 4.384792677737733e-13 1.121792601950262e-08 5714
11 2.874462654821085e-13 4.691708743877835e-09 5982
11.5 2.48198273373172e-13 2.716149196292961e-09 6602
12 1.674354374075028e-13 3.314659085481745e-09 7130
12.5 1.527935317012987e-13 4.581976926713638e-09 8034
13 1.795130815817652e-13 4.625641075539615e-09 8606
13.5 2.316300236777396e-13 4.363549864445045e-09 9066
14 2.753602973652965e-13 4.381465877433467e-09 9962
14.5 2.961287682166806e-13 4.871043485109296e-09 10550
15 3.181300282141665e-13 5.257038872908552e-09 11226
15.5 3.570962721817521e-13 6.012322063216796e-09 12146
16 3.560608333118829e-13 6.428634433592869e-09 12303
16.5 3.797754230092823e-13 6.754774727981311e-09 12584
17 3.736162794119931e-13 6.903783058105683e-09 12120
17.5 3.07725897574791e-13 7.15388927350717e-09 11180
18 2.827301876156721e-13 7.713795643143022e-09 11096
18.5 2.44514689061786e-13 7.618850415395341e-09 10056
19 2.090378942915566e-13 7.578721718427214e-09 9716
19.5 1.895710956546342e-13 6.426823716620739e-09 8604
20 9.358398142875572e-14 3.004355997101166e-09 8060
20.5 9.937326987681743e-20 3.187936896030332e-15 7320
21 7.86954536556539e-20 2.509224894158244e-15 6356
21.5 6.043982602973317e-20 1.915757694789234e-15 5348
22 4.622823244942056e-20 1.442301980655817e-15 4308
22.5 3.485465654337538e-20 1.15557152451806e-15 3563
23 2.253870409550316e-20 7.006758287411623e-16 2448
23.5 1.608692049596725e-20 4.922488059536882e-16 1868
24 1.176208748981222e-20 3.264130673852302e-16 1358
24.5 9.97157303166151e-21 2.373268278978638e-16 1062
25 6.475397159043129e-21 1.741467855182238e-16 776
25.5 3.426099163434654e-21 8.497121237845709e-17 432
26 1.551914083345268e-21 4.403861325780416e-17 200
26.5 1.572279295479586e-21 4.23373169965614e-17 168
27 5.771409706754527e-22 1.375456611812219e-17 56
27.5 1.000198958800847e-22 9.158449300580246e-19 7

0.5 4.204294542874462e-15 5.641866445563651e-11 18
1 2.071045926604492e-14 7.141721731408209e-10 62
1.5 7.79263040989994e-15 2.072701610807879e-09 98
2 1.323918956603933e-14 4.299015011586067e-09 210
2.5 9.04727741403404e-14 3.59618228125385e-09 350
3 5.525748041101072e-14 8.889996280459217e-10 450
3.5 1.012312179889104e-13 8.017775229016757e-10 602
4 3.774595434863526e-13 1.975482886132561e-09 762
4.5 1.888416106932983e-13 6.753173657999113e-10 1142
5 2.213804686921709e-12 5.188133227647302e-09 1250
5.5 7.367686167387773e-12 1.144727841311582e-08 1458
6 7.069708503238141e-12 6.991225543412795e-09 1814
6.5 1.753873877017745e-12 8.924446332740724e-10 2178
7 1.842710758188377e-13 6.524495813241377e-11 2498
7.5 5.291993926198148e-13 1.773916004355724e-10 2622
8 7.550208585552552e-13 8.286134152995738e-11 3338
8.5 3.794096152373851e-13 1.157939933474524e-10 3722
9 4.713267751847842e-13 9.977022794822246e-10 4170
9.5 2.293723496048479e-12 1.08071732020552e-09 4358
10 3.354825192003428e-12 9.821179751564925e-10 5034
10.5 2.018160280066203e-12 9.867863456947988e-10 5714
11 1.015294068279833e-12 7.628865333197734e-10 5982
11.5 6.676229080135915e-13 6.918864385329971e-10 6602
12 6.377723074222514e-13 4.854174832216569e-10 7130
12.5 1.055545227855993e-12 3.958571503591481e-10 8034
13 1.005416739516553e-12 4.255353402418061e-10 8606
13.5 9.049956427999581e-13 4.832173922407033e-10 9066
14 8.593372455023831e-13 5.541445331499585e-10 9962
14.5 9.259181459859652e-13 6.118215492923709e-10 10550
15 8.694532458488788e-13 7.284435454201179e-10 11226
15.5 9.386280371426744e-13 7.804221256525942e-10 12146
16 8.767542961370657e-13 8.69064354968925e-10 12303
16.5 8.034494574621524e-13 9.482343020759571e-10 12584
17 7.093725063269638e-13 9.516444128293461e-10 12120
17.5 6.19546775243521e-13 8.986685872812849e-10 11180
18 5.802695878414541e-13 9.506663560989547e-10 11096
18.5 5.42339700061166e-13 8.949688320790545e-10 10056
19 4.962724732462063e-13 8.415309870676141e-10 9716
19.5 4.443765132058177e-13 7.1372519978546e-10 8604
20 2.1244429225404e-13 3.379580170020941e-10 8060
20.5 5.911151186015747e-19 1.105693239743845e-15 7320
21 4.326293109365707e-19 8.384688027057425e-16 6356
21.5 3.236455569812867e-19 6.248469393605371e-16 5348
22 2.233841301945325e-19 4.515385948543387e-16 4308
22.5 1.684050190556008e-19 3.487772374477004e-16 3563
23 9.367813539704265e-20 1.981013677185875e-16 2448
23.5 6.507063985619918e-20 1.373683493362754e-16 1868
24 4.375848197268539e-20 9.421768444415803e-17 1358
24.5 3.374506125223649e-20 6.946027201166073e-17 1062
25 2.331120238913494e-20 5.358813842323029e-17 776
25.5 1.247282947762772e-20 2.505259765883981e-17 432
26 5.010713942872617e-21 9.80468343787541e-18 200
26.5 5.265008901072391e-21 9.216068643849568e-18 168
27 2.470605192347018e-21 2.611923011347176e-18 56
27.5 3.545511712310449e-22 4.458241336579991e-19 7

0.5 1.985048560079245e-16 7.062262346601787e-11 18
1 1.926408951732445e-15 9.111141090599897e-10 62
1.5 4.746661475083454e-14 2.472530285950936e-09 98
2 2.465749932829408e-13 4.085582585517474e-09 210
2.5 3.322184790517952e-13 1.857930680738155e-09 350
3 8.760615343673248e-14 1.236885181664719e-10 450
3.5 3.895480839748377e-14 6.6850128706008e-11 602
4 1.933712402547681e-14 9.581556181909147e-10 762
4.5 2.4918835523739e-14 8.026093620255084e-10 1142
5 1.897607629861098e-12 7.92279021065457e-09 1250
5.5 1.127979172880909e-11 1.128289746292461e-08 1458
6 1.406511889779987e-11 1.325075887984799e-09 1814
6.5 3.472543569471382e-12 1.530285026747835e-09 2178
7 2.701333898249879e-13 7.379774877578169e-10 2498
7.5 4.775226475408764e-13 4.541707743539692e-09 2622
8 2.498453490970609e-13 4.785674008340388e-09 3338
8.5 3.06476938774195e-14 1.408896480510106e-09 3722
9 5.205686162818197e-14 5.834281556265956e-09 4170
9.5 1.615795855069894e-13 5.41607678059818e-09 4358
10 1.687338024638068e-13 9.490969484323851e-09 5034
10.5 1.383536128301371e-13 5.362092531142252e-09 5714
11 6.999017069703767e-14 4.08453508565568e-09 5982
11.5 3.961994895601208e-14 3.313436745520115e-09 6602
12 6.083071065264968e-14 1.637966831659361e-09 7130
12.5 7.439043699057874e-14 3.159336997059815e-09 8034
13 5.916981041244273e-14 4.203592997318312e-09 8606
13.5 6.805329782299168e-14 3.927922501804891e-09 9066
14 7.965397575215585e-14 3.64278400440225e-09 9962
14.5 1.015114208239273e-13 3.30665148244918e-09 10550
15 1.059709172243084e-13 3.13635771170947e-09 11226
15.5 1.156984165106126e-13 3.192477671226422e-09 12146
16 1.206311496379277e-13 2.950543050408521e-09 12303
16.5 1.236274805230125e-13 2.945202778135641e-09 12584
17 1.239848357665585e-13 2.292992110648935e-09 12120
17.5 1.121743260583786e-13 1.727038954967619e-09 11180
18 1.080745774733635e-13 1.709139174633223e-09 11096
18.5 9.83607052498848e-14 1.663270934617714e-09 10056
19 9.065710694850713e-14 1.579831178324823e-09 9716
19.5 7.949523591763043e-14 1.375192080789686e-09 8604
20 3.772456840446045e-14 6.601373478627094e-10 8060
20.5 2.125321136733368e-19 5.022825884183006e-15 7320
21 1.688036164787767e-19 3.901504149153824e-15 6356
21.5 1.236980589811552e-19 3.217625778554734e-15 5348
22 8.962132816105652e-20 2.441552671784964e-15 4308
22.5 6.661903434569364e-20 1.807994333321354e-15 3563
23 3.129114957550618e-20 1.112739419985509e-15 2448
23.5 2.14486119184012e-20 6.532090525104617e-16 1868
24 1.522599783051358e-20 4.067947935564021e-16 1358
24.5 1.051769980934008e-20 2.764509207700236e-16 1062
25 7.518092681795679e-21 1.538124340425746e-16 776
25.5 3.38115982924728e-21 6.432730954323761e-17 432
26 1.190597795035866e-21 2.325936867917859e-17 200
26.5 1.13633345830892e-21 2.407700753672097e-17 168
27 4.413381173548704e-22 7.978964172883216e-18 56
27.5 6.388873660151207e-23 3.910635175910779e-19 7

0.5 1.548761961988101e-16 3.888512976502849e-11 18
1 1.298666763292468e-14 2.250288416070192e-10 62
1.5 1.667102443259781e-13 9.529398947219097e-11 98
2 5.193065626792005e-13 1.889216641961137e-10 210
2.5 2.559058299200148e-13 9.02376636484139e-10 350
3 5.545342731047464e-15 2.521029922662547e-10 450
3.5 5.635415232552116e-14 1.539473804265234e-11 602
4 1.480800410353116e-13 4.811683737088955e-10 762
4.5 1.665460982587595e-14 2.963488622548073e-10 1142
5 1.454348746872089e-12 1.254971728242591e-09 1250
5.5 2.11054538042422e-12 2.735584196045446e-08 1458
6 5.925586606950352e-12 2.119582471204573e-08 1814
6.5 1.019607661001666e-11 4.348104890718755e-09 2178
7 2.381415961259757e-12 6.957676895158543e-09 2498
7.5 6.708761659858355e-12 5.673539737805783e-08 2622
8 3.652934207841889e-12 4.721690853756889e-08 3338
8.5 2.002196573104059e-13 6.692857022371995e-09 3722
9 5.253727533776265e-14 5.99923860426147e-09 4170
9.5 7.101947355483372e-14 6.686140983329125e-09 4358
10 1.159791705936453e-13 5.54211826993456e-09 5034
10.5 8.629172181387926e-14 3.90225896684771e-09 5714
11 6.239782559755165e-14 1.736228440675382e-09 5982
11.5 4.216801272390785e-14 1.633228688684786e-09 6602
12 4.758721065710331e-14 9.199023029553612e-10 7130
12.5 6.005795145853316e-14 1.579743911886811e-09 8034
13 6.622607562863464e-14 1.727129451702067e-09 8606
13.5 6.864802853711945e-14 2.099015344630045e-09 9066
14 6.512609021636874e-14 2.639032841853791e-09 9962
14.5 7.433329004922167e-14 2.907708187228082e-09 10550
15 8.767608922567983e-14 2.368429749681697e-09 11226
15.5 9.732385560818722e-14 2.378852064386066e-09 12146
16 9.887067815359493e-14 2.155989526963012e-09 12303
16.5 9.954950736522934e-14 2.120710635815737e-09 12584
17 9.638040430425587e-14 1.842662535920764e-09 12120
17.5 8.660877427791241e-14 1.249770784998843e-09 11180
18 8.820288978347908e-14 9.385586633653756e-10 11096
18.5 7.82072936206275e-14 9.085761955388627e-10 10056
19 7.029300080037564e-14 8.801548368068129e-10 9716
19.5 5.920352987790947e-14 8.006499557234451e-10 8604
20 2.908870689818204e-14 3.712067591517055e-10 8060
20.5 5.014458253524401e-19 6.577090724355612e-15 7320
21 4.131092621565299e-19 5.26374862334302e-15 6356
21.5 3.473685757548642e-19 4.319378061761582e-15 5348
22 2.580885110330422e-19 3.423395786550661e-15 4308
22.5 1.765853016130807e-19 2.236853028140201e-15 3563
23 8.023523779640689e-20 9.693389660377789e-16 2448
23.5 4.117068805621669e-20 6.076055019523014e-16 1868
24 3.036109070427162e-20 4.232809220551035e-16 1358
24.5 2.211370506748182e-20 3.335067670219973e-16 1062
25 1.583712596809457e-20 2.285881836790743e-16 776
25.5 7.202685697747568e-21 7.915533413236092e-17 432
26 1.715896970511546e-21 2.478394670039179e-17 200
26.5 1.459130626751465e-21 1.761161330110117e-17 168
27 5.945240742044497e-22 5.223009807890188e-18 56
27.5 1.09231308331675e-22 6.67629775631012e-19 7

0.5 6.44549558545323e-15 1.145579559096606e-10 18
1 9.448557603748498e-14 9.580042187752259e-10 62
1.5 1.960580810009938e-13 7.749124017865359e-10 98
2 1.018258443462749e-13 2.674463882239932e-10 210
2.5 6.254441178882063e-14 1.437690369913322e-09 350
3 4.363758989041127e-14 1.877553937899583e-10 450
3.5 5.468245501651684e-15 2.260892515561695e-10 602
4 1.093982775510334e-13 5.692401679554807e-10 762
4.5 2.209396151274902e-14 1.701050307201273e-10 1142
5 8.838451228713836e-13 1.950885766951628e-09 1250
5.5 1.062695143069224e-12 2.116937977311652e-08 1458
6 8.536239042139748e-12 2.952002130021857e-08 1814
6.5 1.489906213741899e-12 1.562196306170895e-08 2178
7 4.306825446262991e-12 1.310158534363365e-08 2498
7.5 5.284339523804365e-11 3.35823087287621e-08 2622
8 4.392948651267032e-11 9.970262220161988e-09 3338
8.5 4.215465082667328e-12 7.941260523651928e-10 3722
9 1.286688717452106e-12 2.204295627957873e-09 4170
9.5 5.147623682707006e-13 2.47716366428224e-09 4358
10 2.53083992637748e-13 2.374277857759883e-09 5034
10.5 1.410495836458333e-13 1.439086869386689e-09 5714
11 8.479373190192974e-14 9.15479823191259e-10 5982
11.5 6.577421456605582e-14 4.766941345243865e-10 6602
12 4.929130703501734e-14 5.054253449583305e-10 7130
12.5 7.276320770886281e-14 6.586113469147571e-10 8034
13 7.8785212337208e-14 7.443616975885698e-10 8606
13.5 8.26178431474913e-14 9.079814008673306e-10 9066
14 8.760740893007847e-14 1.188600747464491e-09 9962
14.5 1.019285800721944e-13 1.449945783214771e-09 10550
15 1.02600520175113e-13 1.37641823812563e-09 11226
15.5 1.213569866301185e-13 1.256437209619737e-09 12146
16 1.252767644223531e-13 1.079684304058846e-09 12303
16.5 1.296364409768638e-13 1.028459270319718e-09 12584
17 1.231328031779736e-13 9.219681168367057e-10 12120
17.5 1.105756872875898e-13 6.196219910960348e-10 11180
18 9.976276652127085e-14 4.423771932059601e-10 11096
18.5 8.851040622893534e-14 4.033098584331834e-10 10056
19 7.999022367580505e-14 3.868203748049904e-10 9716
19.5 6.677284923270075e-14 3.52073596955205e-10 8604
20 3.125347646578596e-14 1.714282062454898e-10 8060
20.5 1.036089189268644e-18 6.408622457642826e-15 7320
21 8.03346335343535e-19 5.025831250749254e-15 6356
21.5 6.331276730919612e-19 4.123988422976066e-15 5348
22 4.56407169550774e-19 3.310288606845869e-15 4308
22.5 3.390486609707457e-19 2.309376012403951e-15 3563
23 1.699260025043924e-19 1.347213379935326e-15 2448
23.5 1.091219924167309e-19 8.037816491795543e-16 1868
24 6.56060249848221e-20 4.422087459391447e-16 1358
24.5 4.404519299686613e-20 2.562468966996902e-16 1062
25 2.952562589236198e-20 1.85179432621098e-16 776
25.5 1.374980861990248e-20 9.574542625071621e-17 432
26 4.665886853498346e-21 3.600592529625059e-17 200
26.5 3.875996663420706e-21 2.337253285948287e-17 168
27 1.173897550608211e-21 7.548847777226516e-18 56
27.5 1.39935571192921e-22 2.052195213537041e-19 7

0.5 2.114802422643729e-15 3.463178694029954e-11 18
1 2.058233251233865e-15 2.989919237809815e-10 62
1.5 3.547182772194936e-14 3.756625376229769e-09 98
2 1.054365893696433e-13 3.419766040310912e-09 210
2.5 1.500569568573666e-14 1.466284969211382e-09 350
3 1.340358469795499e-14 4.381635829898616e-10 450
3.5 6.088601407211459e-15 4.934687744149235e-10 602
4 2.337678298761778e-14 3.903661677123037e-10 762
4.5 8.922677368494456e-15 4.647307092471628e-10 1142
5 1.434748098723157e-13 9.228413362690365e-09 1250
5.5 5.742559680589186e-13 2.498827343019445e-08 1458
6 1.798184904078532e-12 5.584658328461892e-08 1814
6.5 5.661023110727139e-13 4.572331444566537e-08 2178
7 7.070303847466446e-13 4.566385379430441e-08 2498
7.5 5.132210363938473e-11 1.443980272413689e-06 2622
8 8.526925258171403e-11 1.402115984335193e-06 3338
8.5 1.639446561125607e-11 9.74879630420963e-08 3722
9 5.716377347090454e-12 8.27956098937635e-09 4170
9.5 1.706095912973736e-12 1.706868697507233e-09 4358
10 3.034233435613967e-13 1.991710725005018e-09 5034
10.5 1.000092262968573e-13 1.313969673094917e-09 5714
11 4.667707199254721e-14 8.353064447364833e-10 5982
11.5 3.491386237080387e-14 6.707580614651942e-10 6602
12 2.603648727435839e-14 5.012854533210474e-10 7130
12.5 3.425788539241762e-14 8.092074416669769e-10 8034
13 4.124836563879984e-14 8.138907620534784e-10 8606
13.5 3.847781529294206e-14 1.04581858376512e-09 9066
14 5.986294900423194e-14 1.069367408529941e-09 9962
14.5 6.075535963993971e-14 1.699887083434387e-09 10550
15 7.120681541674928e-14 1.696368978522889e-09 11226
15.5 6.123842466799438e-14 2.206576080985965e-09 12146
16 5.340963063095383e-14 1.944150750277101e-09 12303
16.5 5.087169486070719e-14 1.880747028062438e-09 12584
17 4.835470908145609e-14 1.682482097749703e-09 12120
17.5 3.632645446036147e-14 1.432471259807141e-09 11180
18 2.652717085570505e-14 1.132530172836991e-09 11096
18.5 2.430496139541919e-14 8.445912250742538e-10 10056
19 2.375361984429471e-14 7.277454611349713e-10 9716
19.5 2.074000781993067e-14 6.330294050991842e-10 8604
20 1.004395837957152e-14 2.962214284462095e-10 8060
20.5 2.574492128466893e-18 6.685001737493135e-14 7320
21 1.795565715591364e-18 5.020906993988094e-14 6356
21.5 1.216522496588281e-18 3.882507594114083e-14 5348
22 8.387381158559854e-19 2.940180874239735e-14 4308
22.5 5.732899649585217e-19 1.994534380416751e-14 3563
23 3.597314634041691e-19 1.208696165361372e-14 2448
23.5 2.569340594397766e-19 8.168736076588841e-15 1868
24 1.600527557889734e-19 4.800183406672521e-15 1358
24.5 8.532914323114469e-20 2.608923916042778e-15 1062
25 6.203680804197468e-20 1.762386951043769e-15 776
25.5 2.767404298125044e-20 7.880507205208367e-16 432
26 1.339723049500013e-20 3.535888559120105e-16 200
26.5 1.533881935612421e-20 2.69321355435046e-16 168
27 1.856832140433981e-21 6.639704740565216e-17 56
27.5 5.565868419196472e-23 2.39567013916298e-18 7

0.5 2.122643156208223e-14 6.803577917063028e-14 18
1 2.308955633753609e-12 3.217357355716811e-11 62
1.5 3.353424945151626e-12 1.028690660104778e-10 98
2 1.380127672947477e-12 2.912772979391277e-11 210
2.5 1.225210650090364e-12 5.818610566275297e-11 350
3 2.748350767498198e-13 4.421463165228153e-12 450
3.5 2.090837434402903e-13 4.064730370735425e-12 602
4 2.670081594111503e-13 2.552111422776823e-11 762
4.5 2.477483876925816e-13 8.488989437218195e-12 1142
5 1.745530975607547e-12 2.172238565606063e-10 1250
5.5 1.269237344504068e-11 9.265680784479899e-10 1458
6 2.457042645730741e-11 1.256284911863238e-09 1814
6.5 1.309793929260604e-11 7.870074881812717e-10 2178
7 6.690540808067821e-12 7.669776348435461e-10 2498
7.5 8.148478334972766e-10 3.492263907750021e-08 2622
8 3.32456565388762e-09 2.763385384072225e-08 3338
8.5 1.418553715239014e-09 7.234287965858071e-09 3722
9 5.60965042785959e-10 1.076704094355781e-08 4170
9.5 1.463857141195975e-10 4.799379646413109e-09 4358
10 9.320645080684057e-12 9.880806996247675e-10 5034
10.5 1.25105814558708e-12 2.871043766283633e-10 5714
11 4.291563317717428e-13 1.118268883061286e-10 5982
11.5 2.663655777842521e-13 6.584751053449367e-11 6602
12 1.963448813769465e-13 5.113144791696596e-11 7130
12.5 2.968650106714984e-13 6.324589011054812e-11 8034
13 2.858485322043311e-13 7.321777679205034e-11 8606
13.5 3.247690086893136e-13 8.317152023199413e-11 9066
14 4.296618631538496e-13 8.77064101619686e-11 9962
14.5 7.314213892960866e-13 1.031480583734773e-10 10550
15 7.366167774576996e-13 1.112397766438686e-10 11226
15.5 8.704544197568526e-13 1.261936966200748e-10 12146
16 7.464897826546441e-13 1.343471211801406e-10 12303
16.5 6.774475908557082e-13 1.339619720259068e-10 12584
17 5.765900168700707e-13 1.306212291409785e-10 12120
17.5 4.543562288511826e-13 1.114653940520663e-10 11180
18 2.94596222942876e-13 9.75801637934806e-11 11096
18.5 1.780423946959118e-13 8.141781566210057e-11 10056
19 1.576665186418175e-13 6.848767370104499e-11 9716
19.5 1.377328190501788e-13 5.957934021845025e-11 8604
20 6.327591395816414e-14 2.879174484190336e-11 8060
20.5 4.830738527010683e-16 1.667354577145596e-13 7320
21 2.837763547167736e-16 1.425972109117893e-13 6356
21.5 1.687423682140742e-16 1.109520418736012e-13 5348
22 8.17058542048468e-17 7.257624050267825e-14 4308
22.5 4.06243565717147e-17 3.607554135752383e-14 3563
23 1.439892256004014e-17 1.135997511192934e-14 2448
23.5 7.150631640719853e-18 4.395815297240512e-15 1868
24 3.212770152823545e-18 1.62754740118537e-15 1358
24.5 1.354744383539514e-18 6.414424661970251e-16 1062
25 8.121303245060486e-19 3.987770632862359e-16 776
25.5 5.573726534791913e-19 1.933316835985314e-16 432
26 2.615697825971183e-19 1.032526399463121e-16 200
26.5 3.405820300945663e-19 1.314804389854679e-16 168
27 5.87106335856132e-20 3.673943179900765e-17 56
27.5 1.077410341513111e-20 3.040351796251511e-18 7

0.5 1.815183562973212e-14 3.689446891753923e-13 18
1 9.91696363618239e-13 8.960984670298348e-11 62
1.5 7.026500229005395e-13 3.050657294349104e-10 98
2 3.754309205370333e-13 3.240459419552484e-10 210
2.5 1.224653011291571e-13 2.748515065103254e-10 350
3 2.304885856665076e-14 1.115065242747124e-10 450
3.5 8.321257010862183e-15 8.667258882475408e-11 602
4 3.353354994673909e-14 2.51395537275294e-10 762
4.5 1.412299319884344e-14 9.026315936513243e-11 1142
5 1.389762340466334e-13 1.975050499084543e-09 1250
5.5 8.286164768697653e-13 9.343442208158211e-09 1458
6 1.645652467518659e-12 1.559442483554209e-08 1814
6.5 9.966111757878667e-13 9.990720908114781e-09 2178
7 1.08601669087399e-12 6.653389920556653e-09 2498
7.5 2.706507164018016e-11 3.215698008846492e-07 2622
8 2.381263407343368e-10 1.127351964917129e-06 3338
8.5 1.947600645533876e-10 3.614830962869755e-06 3722
9 7.237857878610893e-11 3.154568277359009e-06 4170
9.5 1.569334086489912e-11 1.078348763256406e-06 4358
10 3.314419473788947e-13 8.424679581562259e-08 5034
10.5 5.497453202220713e-14 8.768527289527958e-09 5714
11 3.602843262208776e-14 1.982621837045961e-09 5982
11.5 2.904595679241882e-14 7.897214791751597e-10 6602
12 2.210367167790322e-14 4.927565886204027e-10 7130
12.5 2.429599895081316e-14 6.603891445511939e-10 8034
13 2.381905951387484e-14 6.64272567995828e-10 8606
13.5 2.602537238507232e-14 7.442046152760293e-10 9066
14 2.707046298981398e-14 9.421085961219826e-10 9962
14.5 4.151435432761564e-14 1.297573740568526e-09 10550
15 4.733604197013448e-14 1.333372206726007e-09 11226
15.5 5.053303951511361e-14 1.626116335890246e-09 12146
16 5.702196388717382e-14 1.3822260961565e-09 12303
16.5 5.743301837664093e-14 1.195663908590296e-09 12584
17 5.06961164850296e-14 1.077922943342205e-09 12120
17.5 4.202208884561765e-14 8.72815413612271e-10 11180
18 3.51910612862231e-14 5.745420115972507e-10 11096
18.5 2.474493686036592e-14 3.868086544272872e-10 10056
19 1.820385843105892e-14 3.746790885295794e-10 9716
19.5 1.518803876270756e-14 3.378700675127431e-10 8604
20 7.502290041640126e-15 1.571544399006462e-10 8060
20.5 1.976311648356116e-16 5.581587765448005e-12 7320
21 1.700744526811572e-16 5.197573595579168e-12 6356
21.5 1.442051326974286e-16 4.774097790035108e-12 5348
22 1.148091690933045e-16 3.685847401358884e-12 4308
22.5 8.924038284837272e-17 2.202419146857352e-12 3563
23 5.738903543241367e-17 8.579336103349557e-13 2448
23.5 3.077841920412659e-17 2.711479171560537e-13 1868
24 1.240421279413006e-17 4.758994751130962e-14 1358
24.5 3.379232623429115e-18 1.369766736524302e-14 1062
25 7.866507809893997e-19 6.089355721623393e-15 776
25.5 1.807081598729448e-19 3.372700777330559e-15 432
26 8.169585799874115e-20 1.422471482682577e-15 200
26.5 9.928106873351981e-20 1.497001811300889e-15 168
27 3.128425159769093e-20 5.878562000913582e-16 56
27.5 4.415361187312358e-21 9.991048317330336e-17 7

0.5 1.94675936655068e-12 6.127413890706874e-11 18
1 8.034246057306371e-11 3.821433491129896e-09 62
1.5 4.054075428251821e-11 3.527500977612873e-09 98
2 1.249544015598755e-11 2.948649346389929e-09 210
2.5 2.285515250735006e-12 1.002795499783133e-09 350
3 3.378113413326846e-13 3.134042337242067e-10 450
3.5 2.36312091039003e-13 2.333023550328179e-10 602
4 1.817949508713997e-13 2.590465430871286e-10 762
4.5 1.081895752329453e-13 1.816280636489202e-10 1142
5 3.226869476857753e-13 1.191294789778628e-09 1250
5.5 1.322389250989829e-12 5.962798916512908e-09 1458
6 1.888411780096818e-12 1.225699735127695e-08 1814
6.5 1.396135465091384e-12 7.069111217687363e-09 2178
7 1.704672511587902e-12 6.311962656054443e-09 2498
7.5 4.229856324336126e-11 1.691815441843954e-07 2622
8 1.743722274070401e-10 7.92656964655087e-07 3338
8.5 5.586595417532297e-10 8.238811183259916e-07 3722
9 8.088081052194961e-10 2.417408272982496e-06 4170
9.5 3.077078053795552e-10 1.230241068759179e-06 4358
10 1.973746350157036e-11 2.273159885871631e-07 5034
10.5 1.108896731363625e-12 3.332501935117184e-08 5714
11 2.273187864380051e-13 8.410116036048008e-09 5982
11.5 1.511899013060563e-13 2.870342760470434e-09 6602
12 1.118932957721638e-13 1.110072491125154e-09 7130
12.5 9.778594864589416e-14 7.431396485901495e-10 8034
13 8.23628512047706e-14 6.383374346301067e-10 8606
13.5 6.744373124849197e-14 6.477067699984456e-10 9066
14 6.77465720675699e-14 6.899134591872937e-10 9962
14.5 8.149773392713823e-14 8.79446638366211e-10 10550
15 7.588954090266877e-14 1.093315182443347e-09 11226
15.5 7.890303226393903e-14 1.238011031029752e-09 12146
16 7.641644228349553e-14 1.216811727740512e-09 12303
16.5 6.764518502484982e-14 1.252166501034082e-09 12584
17 5.810102868034755e-14 1.117040369457267e-09 12120
17.5 4.838655782261397e-14 8.1501830597844e-10 11180
18 3.891830391414862e-14 6.133695722466021e-10 11096
18.5 3.075886565146519e-14 3.565938039536246e-10 10056
19 2.607688243531934e-14 2.384667933856584e-10 9716
19.5 2.197418957203605e-14 1.94856210832087e-10 8604
20 1.131507370050311e-14 1.063367451659606e-10 8060
20.5 2.248772487605761e-15 2.535058562986746e-11 7320
21 2.397807612580243e-15 1.930052710636745e-11 6356
21.5 2.195257180594375e-15 1.54431509062444e-11 5348
22 2.009083359418135e-15 1.076840817465701e-11 4308
22.5 1.427273181215189e-15 8.021073809211995e-12 3563
23 8.528513940634997e-16 5.357273357284733e-12 2448
23.5 4.124156439053206e-16 3.848239228954472e-12 1868
24 1.391435508157687e-16 2.673811323151798e-12 1358
24.5 2.16995868224369e-17 1.315873837604558e-12 1062
25 4.675723051916915e-18 3.811088632413207e-13 776
25.5 1.409827753800044e-18 4.539577975356358e-14 432
26 4.953346729498283e-19 8.404348095832843e-15 200
26.5 3.697982530322225e-19 3.672764262778937e-15 168
27 9.983566112946864e-20 1.205559718682651e-15 56
27.5 1.37374806404359e-20 7.285435645838743e-17 7

0.5 1.276874191976685e-11 1.655862659125923e-07 18
1 8.158447674483586e-11 1.69622973898871e-06 62
1.5 5.513059684220833e-11 1.348530594153434e-06 98
2 6.980498931518427e-11 1.50642640349928e-06 210
2.5 7.73896324233628e-11 1.137454677935874e-06 350
3 7.128371856185492e-11 8.21609346841901e-07 450
3.5 7.602169982528692e-11 5.47716890421468e-07 602
4 7.059953363892382e-11 4.082357070400298e-07 762
4.5 6.678241697046321e-11 4.699773303759749e-07 1142
5 5.910075615407039e-11 5.27081862689462e-07 1250
5.5 5.061844896955338e-11 5.212592161620706e-07 1458
6 5.99654972973596e-11 6.916866401224505e-07 1814
6.5 6.789644609701311e-11 8.682598676392652e-07 2178
7 8.814895472170816e-11 1.121404081163724e-06 2498
7.5 1.248562484006035e-10 1.328208765133391e-06 2622
8 2.177279983311363e-10 1.970788251272566e-06 3338
8.5 3.330179163976311e-10 2.307127865208465e-06 3722
9 4.102591705865635e-10 2.456635482520403e-06 4170
9.5 3.021257556201717e-10 2.436631205091002e-06 4358
10 2.516189490859985e-10 2.261567412934322e-06 5034
10.5 2.378310968340025e-10 2.21992098065732e-06 5714
11 2.216699648726633e-10 2.015984773269218e-06 5982
11.5 2.156254474850466e-10 1.905326884768039e-06 6602
12 2.093546243070881e-10 1.821562750140333e-06 7130
12.5 2.073961612208454e-10 1.708713945344078e-06 8034
13 1.878394696923541e-10 1.682741741921561e-06 8606
13.5 1.729082080860719e-10 1.663395533072903e-06 9066
14 1.611606705776035e-10 1.66047831886469e-06 9962
14.5 1.409108626566108e-10 1.580719435708523e-06 10550
15 1.343277149399514e-10 1.400097331312791e-06 11226
15.5 1.30757653951924e-10 1.358874395820995e-06 12146
16 1.173571730975085e-10 1.113857818808028e-06 12303
16.5 1.096311629085839e-10 9.227703190799772e-07 12584
17 8.953126342929044e-11 7.303144668795781e-07 12120
17.5 6.880443301647729e-11 5.379194769916244e-07 11180
18 5.582466728348781e-11 4.447716696827083e-07 11096
18.5 4.13381225229438e-11 3.558766162246305e-07 10056
19 3.251315470349584e-11 2.816001926815807e-07 9716
19.5 2.366131596528685e-11 2.190415270088457e-07 8604
20 1.727039764069233e-11 1.764459058657631e-07 8060
20.5 1.282745639714827e-11 1.390605778981172e-07 7320
21 9.056429747055821e-12 1.015547463803223e-07 6356
21.5 6.434218781289028e-12 7.429788534530473e-08 5348
22 4.467193332754028e-12 4.620134608422264e-08 4308
22.5 3.157147411148585e-12 2.868602333509369e-08 3563
23 1.764943579909362e-12 1.674049041158935e-08 2448
23.5 1.145973956963905e-12 9.863605367624255e-09 1868
24 7.308688426332196e-13 6.234277363018711e-09 1358
24.5 4.575079345911501e-13 3.869356058857504e-09 1062
25 2.498963987150321e-13 2.246681926357842e-09 776
25.5 1.080370988000017e-13 9.647160655991942e-10 432
26 4.684668121428185e-14 4.127551186109034e-10 200
26.5 2.199130587317524e-14 2.012114652668624e-10 168
27 7.591377886249926e-15 3.806719602427167e-11 56
27.5 3.425555146687951e-16 3.170762943950038e-12 7

0.5 3.523183338563653e-13 1.853157920715309e-08 18
1 5.692747490113157e-12 9.901447394565536e-08 62
1.5 8.066744698849953e-12 1.350452505739978e-07 98
2 1.788968661433741e-11 3.860140147241738e-07 210
2.5 3.438102680001851e-11 6.427084491918687e-07 350
3 4.132493161358348e-11 1.003024734290579e-06 450
3.5 5.41812967810867e-11 1.220206077968292e-06 602
4 6.945125835217821e-11 1.777533204930384e-06 762
4.5 1.028671769351659e-10 2.8019619124254e-06 1142
5 1.159152777056522e-10 3.071228858683638e-06 1250
5.5 1.451778910798854e-10 3.178165701332973e-06 1458
6 1.797086233922145e-10 4.030183596857158e-06 1814
6.5 2.135097559018864e-10 5.14634229031865e-06 2178
7 2.574372778673037e-10 5.602942131185835e-06 2498
7.5 2.627945298738853e-10 5.890222876712699e-06 2622
8 3.325717897845363e-10 7.666349777547776e-06 3338
8.5 3.73365038631648e-10 8.272043897570035e-06 3722
9 4.163558075877318e-10 9.515740914299837e-06 4170
9.5 4.295965121726824e-10 9.569519613244428e-06 4358
10 4.75935980769569e-10 1.053730629943685e-05 5034
10.5 5.544543240336535e-10 1.240255414113686e-05 5714
11 5.677850938975185e-10 1.288985844461169e-05 5982
11.5 6.447823623737562e-10 1.385354435911663e-05 6602
12 6.66866295709252e-10 1.492209986281381e-05 7130
12.5 7.504343746666512e-10 1.61965023233302e-05 8034
13 7.836160700693127e-10 1.682915988777957e-05 8606
13.5 8.295856545354209e-10 1.792418382876589e-05 9066
14 8.927918021540282e-10 1.929500267995579e-05 9962
14.5 9.573032137356583e-10 2.069699430581747e-05 10550
15 1.004386868302658e-09 2.192584508454437e-05 11226
15.5 1.122530588215208e-09 2.41697947400561e-05 12146
16 1.150555852299226e-09 2.471104521122453e-05 12303
16.5 1.15780747503857e-09 2.423480723149297e-05 12584
17 1.088215143428816e-09 2.313236492618926e-05 12120
17.5 1.009995892735563e-09 2.123585831822257e-05 11180
18 9.590968609511944e-10 2.033279433768271e-05 11096
18.5 8.544468834858788e-10 1.801934537687575e-05 10056
19 8.262366437138072e-10 1.678531166976915e-05 9716
19.5 7.226924345025307e-10 1.526299136213173e-05 8604
20 6.672976243402102e-10 1.397263563250144e-05 8060
20.5 6.072769087746597e-10 1.266681415651271e-05 7320
21 5.246472881212322e-10 1.067538566816318e-05 6356
21.5 4.388762078396573e-10 9.121303874259314e-06 5348
22 3.495062574875125e-10 7.41465288092648e-06 4308
22.5 2.894977730377778e-10 6.06662147924491e-06 3563
23 1.944286747259933e-10 4.122386048548073e-06 2448
23.5 1.408930439852799e-10 3.127913254720345e-06 1868
24 9.561504808765323e-11 2.476093204463874e-06 1358
24.5 7.635691161131384e-11 1.721467451875374e-06 1062
25 5.694486042782697e-11 1.1794614348721e-06 776
25.5 3.160964307863045e-11 6.960134295321913e-07 432
26 1.342939399595532e-11 2.698610922398767e-07 200
26.5 1.222235233530887e-11 2.508770182765026e-07 168
27 3.617714987111786e-12 1.139671848338147e-07 56
27.5 4.021150612068067e-13 8.426718370378513e-09 7

0.5 2.222106000443026e-12 2.236142246142899e-10 18
1 1.792120571877264e-11 1.469622835286733e-09 62
1.5 3.038384718759208e-11 2.873924525878557e-09 98
2 9.105509429540896e-11 9.430833262381515e-09 210
2.5 1.847452265546477e-10 2.239009674799458e-08 350
3 2.824355626322335e-10 3.323389946791101e-08 450
3.5 4.232607445015305e-10 5.24989246456108e-08 602
4 6.458342967503576e-10 7.27748213644292e-08 762
4.5 9.931764263778645e-10 1.132619344818575e-07 1142
5 1.195018350680284e-09 1.246918352944386e-07 1250
5.5 1.478187318227712e-09 1.760051639496343e-07 1458
6 1.880583359323136e-09 2.280091813072809e-07 1814
6.5 2.365229809445207e-09 2.909727696311831e-07 2178
7 2.763667000022718e-09 3.411297905038371e-07 2498
7.5 2.809971135556201e-09 4.16012374932787e-07 2622
8 4.045468170544356e-09 5.565061060690953e-07 3338
8.5 4.367769478233803e-09 6.215119734434134e-07 3722
9 5.04558197507888e-09 7.661636212834911e-07 4170
9.5 5.256407364410604e-09 8.021075941105434e-07 4358
10 5.923487754592866e-09 9.932839655981218e-07 5034
10.5 7.039051943734056e-09 1.168166244031869e-06 5714
11 7.127288149579661e-09 1.285500758399506e-06 5982
11.5 7.932034748562208e-09 1.448229692450879e-06 6602
12 8.60427664871224e-09 1.62171765694877e-06 7130
12.5 9.852407742112255e-09 1.902458745064662e-06 8034
13 1.101830839619707e-08 2.097982880945431e-06 8606
13.5 1.150590455919139e-08 2.284622235263022e-06 9066
14 1.280218558077641e-08 2.526389196164134e-06 9962
14.5 1.387053158008433e-08 2.822701126439766e-06 10550
15 1.491889833594817e-08 3.093461245857785e-06 11226
15.5 1.624722044804888e-08 3.532139285051993e-06 12146
16 1.655347350066564e-08 3.592533912063602e-06 12303
16.5 1.615047090902269e-08 3.820034953421361e-06 12584
17 1.578062428630115e-08 3.680383904856181e-06 12120
17.5 1.39369741934736e-08 3.493595646008992e-06 11180
18 1.411952846564236e-08 3.577356569538869e-06 11096
18.5 1.239479094595299e-08 3.264114006986837e-06 10056
19 1.199916733252869e-08 3.311381843256188e-06 9716
19.5 1.0457782627029e-08 2.967562506632122e-06 8604
20 9.921657256216201e-09 2.838416492310984e-06 8060
20.5 8.899420145300605e-09 2.552195054885042e-06 7320
21 7.739838402649646e-09 2.297953244270803e-06 6356
21.5 6.3772875209089e-09 1.975402302358774e-06 5348
22 5.237630292774172e-09 1.61375294478258e-06 4308
22.5 4.192889779815496e-09 1.386038035082646e-06 3563
23 2.829259872821524e-09 9.355614338426708e-07 2448
23.5 2.218310561495988e-09 7.241141183353584e-07 1868
24 1.521647723814802e-09 5.552560812966048e-07 1358
24.5 1.147046682312975e-09 4.306138927315746e-07 1062
25 8.63246021181355e-10 3.062434326866681e-07 776
25.5 4.658097251304925e-10 1.795581447450266e-07 432
26 2.518047422141129e-10 9.000889568398785e-08 200
26.5 1.927651940435354e-10 9.192787867058877e-08 168
27 5.944328088418249e-11 2.015359963253603e-08 56
27.5 8.415312499118988e-12 4.406709077980625e-09 7

0.5 1.241538102560515e-13 2.002516086440205e-09 18
1 5.472735935391615e-13 1.635877612190334e-08 62
1.5 2.224024329986028e-12 4.900964818876159e-08 98
2 4.567906439285798e-12 1.192591590323132e-07 210
2.5 9.829189041673065e-12 2.192255806941676e-07 350
3 1.446264370606595e-11 3.777810020992864e-07 450
3.5 2.684413693991844e-11 5.298276581009911e-07 602
4 3.496940488663901e-11 7.735218963387148e-07 762
4.5 5.977641462778558e-11 1.355769156783693e-06 1142
5 6.493278187465649e-11 1.537454782522253e-06 1250
5.5 8.919155670125576e-11 2.02035316291529e-06 1458
6 1.118383842463508e-10 2.831926086136034e-06 1814
6.5 1.572141579806557e-10 3.689724123565997e-06 2178
7 1.857570920143533e-10 4.759637510801774e-06 2498
7.5 2.10801888317343e-10 4.910239665321365e-06 2622
8 2.81702722718324e-10 6.675838029653071e-06 3338
8.5 3.2475123314165e-10 8.000590649717419e-06 3722
9 3.82110039337353e-10 9.197689509940961e-06 4170
9.5 4.235180792463415e-10 1.017658553273655e-05 4358
10 5.249015601542116e-10 1.244320659472075e-05 5034
10.5 6.138636591410106e-10 1.437988734287223e-05 5714
11 6.837308797740855e-10 1.602135000073935e-05 5982
11.5 7.859840506347068e-10 1.842987711480044e-05 6602
12 8.661011607188116e-10 2.055823842641593e-05 7130
12.5 1.003967291432297e-09 2.423071360342006e-05 8034
13 1.110516966891069e-09 2.6923043753683e-05 8606
13.5 1.227926187169941e-09 2.959838495208809e-05 9066
14 1.366043184818956e-09 3.360314110851444e-05 9962
14.5 1.564007463848319e-09 3.519043479268123e-05 10550
15 1.628155384280962e-09 4.043180197545369e-05 11226
15.5 1.861066507308612e-09 4.397496855326568e-05 12146
16 1.925838205611514e-09 4.49962117655163e-05 12303
16.5 1.990772164336975e-09 4.695898866006997e-05 12584
17 1.993269601873551e-09 4.732761921342759e-05 12120
17.5 1.871729083490128e-09 4.427824727022249e-05 11180
18 1.878834249369722e-09 4.426113593763369e-05 11096
18.5 1.717143670712388e-09 4.172344760869014e-05 10056
19 1.703560175460894e-09 4.099447775980382e-05 9716
19.5 1.585537145514616e-09 3.812329507825963e-05 8604
20 1.510566031771546e-09 3.645889688782782e-05 8060
20.5 1.361681094100062e-09 3.34646539088586e-05 7320
21 1.253413469784905e-09 2.958674570941136e-05 6356
21.5 1.050858087646288e-09 2.504337845299231e-05 5348
22 8.562910899510672e-10 2.097937198480534e-05 4308
22.5 7.481448802310322e-10 1.761841322689745e-05 3563
23 5.123471786934305e-10 1.253855518772277e-05 2448
23.5 3.765130966558978e-10 9.875270415965149e-06 1868
24 2.969762584794359e-10 7.002833912411862e-06 1358
24.5 2.174041689603827e-10 5.496389367292879e-06 1062
25 1.803603704816098e-10 4.340328157195175e-06 776
25.5 1.048370801546693e-10 2.470334329625648e-06 432
26 4.569014950819114e-11 9.807852382779535e-07 200
26.5 4.405156045183512e-11 1.054341915292035e-06 168
27 1.94253579562611e-11 2.64538693308887e-07 56
27.5 6.925251549454887e-13 3.910714194628676e-08 7

0.5 5.301465020468781e-13 9.032400183196842e-10 18
1 2.953736649393358e-12 7.104034229952593e-09 62
1.5 7.369243374382028e-12 2.31561442039925e-08 98
2 2.416019760195018e-11 6.066124172632762e-08 210
2.5 5.882652991628047e-11 1.513745612357308e-07 350
3 8.690862530557348e-11 1.690329057562964e-07 450
3.5 1.476938151095827e-10 2.999906670475811e-07 602
4 2.151854186839671e-10 4.250230209534544e-07 762
4.5 3.52124395054464e-10 6.321097195606021e-07 1142
5 4.043851980610819e-10 8.237085321202517e-07 1250
5.5 4.965132495942093e-10 9.72208631744134e-07 1458
6 6.361613615182129e-10 1.30252166890356e-06 1814
6.5 8.409574630777761e-10 1.640394859424735e-06 2178
7 1.03283227159155e-09 1.856053029789328e-06 2498
7.5 1.078970751137896e-09 2.086695048875459e-06 2622
8 1.460008539715388e-09 2.828265467863335e-06 3338
8.5 1.640032828699007e-09 3.251231242018614e-06 3722
9 2.014105007268698e-09 3.816753242253542e-06 4170
9.5 2.184701299440474e-09 4.205786586034311e-06 4358
10 2.567091015275117e-09 4.919809827394751e-06 5034
10.5 3.064075241247469e-09 5.71069717144984e-06 5714
11 3.188583445993912e-09 6.368985045972808e-06 5982
11.5 3.592464926305392e-09 7.220154456472912e-06 6602
12 3.900012883800026e-09 7.87939422169877e-06 7130
12.5 4.45348684487985e-09 9.095173649755405e-06 8034
13 4.985349772835099e-09 1.015304193815536e-05 8606
13.5 5.318929695142409e-09 1.108838690153735e-05 9066
14 6.00916040869562e-09 1.192874225547508e-05 9962
14.5 6.457977002783489e-09 1.33493723767942e-05 10550
15 7.083234245995098e-09 1.444616296538574e-05 11226
15.5 7.629825100894526e-09 1.591393091179916e-05 12146
16 7.900674721519136e-09 1.634934924862659e-05 12303
16.5 8.213295156299375e-09 1.751840303073581e-05 12584
17 7.9135531697698e-09 1.672265897330064e-05 12120
17.5 7.405644971305684e-09 1.555090542594904e-05 11180
18 7.684807725032642e-09 1.614000179966663e-05 11096
18.5 6.941296558405141e-09 1.467659567228528e-05 10056
19 6.862975905947198e-09 1.458188782936783e-05 9716
19.5 6.098934744217294e-09 1.280436442162408e-05 8604
20 5.788519079300707e-09 1.223829451928939e-05 8060
20.5 5.262384878994641e-09 1.149939536733533e-05 7320
21 4.741229801290551e-09 1.033901664626069e-05 6356
21.5 3.967050377997409e-09 8.694624668752211e-06 5348
22 3.310245309527425e-09 7.078459706785107e-06 4308
22.5 2.719003393550885e-09 5.987220314504079e-06 3563
23 1.873604238202267e-09 4.227414931400045e-06 2448
23.5 1.377051823004182e-09 3.228458414787984e-06 1868
24 9.704912092585023e-10 2.384687197126861e-06 1358
24.5 8.266065525202572e-10 1.801192603174229e-06 1062
25 6.118711235010493e-10 1.333953742119962e-06 776
25.5 3.287345200678103e-10 8.034924989984292e-07 432
26 1.376057151993084e-10 4.397563898858405e-07 200
26.5 1.24000030473573e-10 3.146461523933535e-07 168
27 4.657580355702568e-11 8.954734874764683e-08 56
27.5 8.138440440839253e-12 1.538810463204996e-08 7

0.5 1.155537340674458e-13 2.978155381297466e-09 18
1 7.163543059295121e-13 1.443479726032713e-08 62
1.5 2.815734335773016e-12 3.771149110796773e-08 98
2 6.757676876412981e-12 9.576418121898828e-08 210
2.5 1.586025777133918e-11 2.352084263565149e-07 350
3 2.325698517243713e-11 2.832326090894543e-07 450
3.5 3.692279910145485e-11 5.443515157641921e-07 602
4 5.249045278862225e-11 8.416116180756463e-07 762
4.5 1.028996188579049e-10 1.423408291046885e-06 1142
5 1.191749842272362e-10 1.643898855032236e-06 1250
5.5 1.430696943213088e-10 2.134922697068745e-06 1458
6 1.774246110282767e-10 2.71694383247811e-06 1814
6.5 2.586452590233646e-10 3.558679603219401e-06 2178
7 3.037125771034132e-10 4.419083484878633e-06 2498
7.5 3.528929149264081e-10 5.068284387181129e-06 2622
8 4.59897178875401e-10 6.923178393371924e-06 3338
8.5 5.556692828068866e-10 8.580363570384811e-06 3722
9 6.298222188857531e-10 9.780979665572712e-06 4170
9.5 7.199861415920929e-10 1.11799023074029e-05 4358
10 8.830503488794601e-10 1.311723994549501e-05 5034
10.5 1.016491069562219e-09 1.643318755069011e-05 5714
11 1.154903134737014e-09 1.721454639055427e-05 5982
11.5 1.309214970329335e-09 2.023258635172343e-05 6602
12 1.493461937793343e-09 2.162381056804774e-05 7130
12.5 1.761158080399142e-09 2.688509161282151e-05 8034
13 1.914375837656605e-09 2.967840394152367e-05 8606
13.5 2.081018461108574e-09 3.216780366030277e-05 9066
14 2.427342310383391e-09 3.537851814783642e-05 9962
14.5 2.55795070135451e-09 3.907258698567665e-05 10550
15 2.861728097070487e-09 4.259389607499254e-05 11226
15.5 3.252341223572372e-09 4.840859587894687e-05 12146
16 3.283830256569618e-09 4.882410462530312e-05 12303
16.5 3.482831417829599e-09 5.285499919518806e-05 12584
17 3.462233685039621e-09 5.327615263359432e-05 12120
17.5 3.189485188998852e-09 4.963688764415353e-05 11180
18 3.247829359915508e-09 5.001655335359177e-05 11096
18.5 3.09652487330076e-09 4.610700901747535e-05 10056
19 3.010296081695459e-09 4.635674824426112e-05 9716
19.5 2.699820334237106e-09 4.140853713077011e-05 8604
20 2.65372354806452e-09 4.052326224204646e-05 8060
20.5 2.381278820299036e-09 3.722871164378741e-05 7320
21 2.162831526946646e-09 3.395818400211896e-05 6356
21.5 1.88772019342337e-09 2.864619318949522e-05 5348
22 1.48869249129337e-09 2.25260674610619e-05 4308
22.5 1.316022444107066e-09 1.917611124927002e-05 3563
23 8.644889641053179e-10 1.345806352574712e-05 2448
23.5 7.202056474676111e-10 1.069750173076171e-05 1868
24 5.037883269937498e-10 8.022159695531872e-06 1358
24.5 4.238212468008622e-10 6.450246922625467e-06 1062
25 3.115060413141094e-10 4.556953787147775e-06 776
25.5 1.753934629381178e-10 2.371973447760235e-06 432
26 8.41189309976975e-11 1.258179276403357e-06 200
26.5 8.382479644938624e-11 8.411839428979958e-07 168
27 1.907230300023593e-11 3.001589747919274e-07 56
27.5 4.430800925396491e-12 5.170817124352445e-08 7

0.5 3.244845043793034e-13 3.462501316019577e-09 18
1 2.584821803271813e-12 1.257524947912265e-08 62
1.5 5.378634368281986e-12 2.766288097467508e-08 98
2 1.420851601685417e-11 1.012344631066091e-07 210
2.5 3.474933840062741e-11 1.95857157481955e-07 350
3 4.62143893226575e-11 2.871400329782326e-07 450
3.5 7.975544037629213e-11 4.171157383625585e-07 602
4 1.191243077070686e-10 6.857527869632721e-07 762
4.5 2.012769700725946e-10 1.084123594738368e-06 1142
5 2.424618516141768e-10 1.323263813252525e-06 1250
5.5 2.853354361015217e-10 1.723858629320815e-06 1458
6 3.775833302905085e-10 2.415888102220648e-06 1814
6.5 5.251845470754495e-10 2.925099207582971e-06 2178
7 6.283892326332555e-10 3.579041150916082e-06 2498
7.5 7.18613282031381e-10 4.093082333872405e-06 2622
8 1.001368872245101e-09 5.643016493146439e-06 3338
8.5 1.145871279722149e-09 6.636011128877681e-06 3722
9 1.371636031892217e-09 7.815061197683631e-06 4170
9.5 1.395530485509288e-09 8.954089216946071e-06 4358
10 1.764169452448446e-09 1.089555835758588e-05 5034
10.5 2.120850478221231e-09 1.240744373117449e-05 5714
11 2.285009084845875e-09 1.346468528256442e-05 5982
11.5 2.661604854015393e-09 1.592827095395494e-05 6602
12 2.976196351581552e-09 1.735696048466645e-05 7130
12.5 3.452667572744586e-09 2.046543726155439e-05 8034
13 3.879865190491742e-09 2.302170563253475e-05 8606
13.5 4.364223565228069e-09 2.605160241485164e-05 9066
14 4.716744700109184e-09 2.909412410841898e-05 9962
14.5 5.442947747029288e-09 3.17620887522878e-05 10550
15 5.957051500066883e-09 3.36803284074508e-05 11226
15.5 6.394982480713061e-09 3.878456370621417e-05 12146
16 6.653349846541373e-09 4.102871348858083e-05 12303
16.5 7.085448480755914e-09 4.21373719816836e-05 12584
17 6.961978529887207e-09 4.306978238021045e-05 12120
17.5 6.449195919265725e-09 4.018097396896214e-05 11180
18 6.594611821164211e-09 4.089204434177666e-05 11096
18.5 6.074720219446589e-09 3.76692243793441e-05 10056
19 6.020397554791627e-09 3.677368009555581e-05 9716
19.5 5.512759898320803e-09 3.361293683301795e-05 8604
20 5.285130205399708e-09 3.253945414719096e-05 8060
20.5 4.855321779357337e-09 3.025003128221482e-05 7320
21 4.231963541253271e-09 2.706850699330477e-05 6356
21.5 3.758280022013282e-09 2.393359646065827e-05 5348
22 3.126821942040838e-09 1.841859375033208e-05 4308
22.5 2.550097833905967e-09 1.573607569778247e-05 3563
23 1.876661285482587e-09 1.113864319003512e-05 2448
23.5 1.420999070155136e-09 8.98245147230908e-06 1868
24 1.081315393771346e-09 6.244540834027428e-06 1358
24.5 8.788143523724221e-10 5.522178666886291e-06 1062
25 6.595425559620256e-10 3.891516261420393e-06 776
25.5 3.469042000029627e-10 2.430900539340023e-06 432
26 1.821858124615309e-10 1.130023777098859e-06 200
26.5 1.265347914891913e-10 8.662551916259225e-07 168
27 4.326016504215122e-11 2.457596524117546e-07 56
27.5 4.493451938223104e-12 3.758034850691351e-08 7

0.5 4.091302121505727e-13 1.040123259485906e-09 18
1 5.336304649451428e-12 9.953845254652005e-09 62
1.5 1.019905287068726e-11 1.896231010027536e-08 98
2 3.413470973479507e-11 5.498005698497979e-08 210
2.5 6.753349348158485e-11 1.210599495272294e-07 350
3 1.047096823347699e-10 1.931545089765922e-07 450
3.5 1.696269801870559e-10 3.28692137608885e-07 602
4 2.289383086231275e-10 4.228458205515576e-07 762
4.5 3.433964692602255e-10 8.2227681009789e-07 1142
5 4.5650336079431e-10 9.499472075511636e-07 1250
5.5 5.918569138330348e-10 1.203531397971475e-06 1458
6 7.872464927467029e-10 1.579970268226219e-06 1814
6.5 1.056516968491722e-09 2.092795752579392e-06 2178
7 1.230688338220338e-09 2.771948825237631e-06 2498
7.5 1.32355213232129e-09 2.909870815792847e-06 2622
8 1.762310281439063e-09 3.97299363876916e-06 3338
8.5 2.214388564782475e-09 4.772031699597015e-06 3722
9 2.5046397166033e-09 5.622701461734414e-06 4170
9.5 2.783691950992134e-09 6.18135265501048e-06 4358
10 3.348178697420634e-09 7.65146441249226e-06 5034
10.5 4.072615389251669e-09 8.836121757335489e-06 5714
11 4.469832082077876e-09 1.033756245177115e-05 5982
11.5 4.838598516726773e-09 1.181453432991672e-05 6602
12 5.609536237347723e-09 1.285571135919485e-05 7130
12.5 6.559351006875407e-09 1.557635079218763e-05 8034
13 7.309252940583364e-09 1.73694210846433e-05 8606
13.5 7.917317179376236e-09 1.865892001622722e-05 9066
14 9.288608161550381e-09 2.203186885579681e-05 9962
14.5 1.014778901261575e-08 2.363802028103673e-05 10550
15 1.099178339688276e-08 2.560448317169539e-05 11226
15.5 1.247266033172035e-08 2.881923570798085e-05 12146
16 1.258765452388011e-08 3.045115457070514e-05 12303
16.5 1.332223105026778e-08 3.190751759401552e-05 12584
17 1.299576253915687e-08 3.183787500495755e-05 12120
17.5 1.247053204494598e-08 2.97809523267427e-05 11180
18 1.252551968411492e-08 3.104117780673031e-05 11096
18.5 1.142668868325167e-08 2.845593209854698e-05 10056
19 1.103296812164873e-08 2.813715687875507e-05 9716
19.5 1.020900305474579e-08 2.55391205428361e-05 8604
20 9.774207102526587e-09 2.526645721292143e-05 8060
20.5 9.020211442501237e-09 2.280815851449282e-05 7320
21 8.087312914633163e-09 2.055511594696967e-05 6356
21.5 6.995748382438358e-09 1.744323310836798e-05 5348
22 5.454147857518101e-09 1.457067438730001e-05 4308
22.5 4.641964666716853e-09 1.221680588658318e-05 3563
23 3.225557798360324e-09 8.602024603764523e-06 2448
23.5 2.423789131017771e-09 6.523662545760353e-06 1868
24 1.957809566404873e-09 5.115553413172918e-06 1358
24.5 1.43061474701484e-09 4.249870559875594e-06 1062
25 1.09717717605147e-09 3.258670758858867e-06 776
25.5 5.670764050472377e-10 1.784095840307363e-06 432
26 2.765305487449289e-10 8.761773079202337e-07 200
26.5 2.589450166865331e-10 6.61732282138219e-07 168
27 9.024484205939148e-11 3.150135193981923e-07 56
27.5 4.900731733304835e-12 6.043902296025844e-08 7

0.5 1.026903635390581e-12 2.235705263060203e-09 18
1 6.761588779464852e-12 1.261413883426128e-08 62
1.5 1.578954938237412e-11 3.832656751341672e-08 98
2 3.337822062327306e-11 1.425775102307444e-07 210
2.5 6.518446568224157e-11 2.496554340210898e-07 350
3 1.052509989981254e-10 3.879140327206293e-07 450
3.5 1.700134625681444e-10 5.958474322125647e-07 602
4 2.458740095233477e-10 8.611468708627152e-07 762
4.5 3.983880614412237e-10 1.461736170576877e-06 1142
5 4.783322858660013e-10 1.823385791386955e-06 1250
5.5 6.330206110366787e-10 2.200373278200774e-06 1458
6 8.713886064588498e-10 3.01048235445786e-06 1814
6.5 1.123238425858988e-09 4.060948402615286e-06 2178
7 1.239091339858777e-09 4.742298037428704e-06 2498
7.5 1.349260784334995e-09 5.281739291817802e-06 2622
8 1.887906683302067e-09 7.453385068498385e-06 3338
8.5 2.254505236359175e-09 8.713715307863945e-06 3722
9 2.634730999477443e-09 1.012101962452305e-05 4170
9.5 2.878802792557735e-09 1.163829058961922e-05 4358
10 3.401705597730613e-09 1.412656918044748e-05 5034
10.5 4.075564223436269e-09 1.701343717326659e-05 5714
11 4.560261511179098e-09 1.84068571401951e-05 5982
11.5 5.017170681752067e-09 2.127936165723894e-05 6602
12 5.896144467334035e-09 2.492047964852198e-05 7130
12.5 6.530181954634148e-09 2.736690079885694e-05 8034
13 7.06389060090259e-09 3.108546919749641e-05 8606
13.5 7.649789852043272e-09 3.400052306658799e-05 9066
14 8.678193168735574e-09 3.849297359574819e-05 9962
14.5 9.382552691697605e-09 4.261991420631195e-05 10550
15 1.047111929472051e-08 4.62977371149685e-05 11226
15.5 1.152638658549027e-08 5.268899552987461e-05 12146
16 1.184286403876629e-08 5.553666431026952e-05 12303
16.5 1.278336483069767e-08 5.811404183570704e-05 12584
17 1.228755477424991e-08 5.831280794199987e-05 12120
17.5 1.168331611034449e-08 5.396790849497008e-05 11180
18 1.227022343443993e-08 5.487819064539103e-05 11096
18.5 1.108980919845944e-08 5.128560658764227e-05 10056
19 1.083690934456394e-08 5.056859381644762e-05 9716
19.5 9.976545022435887e-09 4.687068650930423e-05 8604
20 9.44020690158043e-09 4.519267338136322e-05 8060
20.5 8.845712117828503e-09 4.085715832931358e-05 7320
21 7.954982972050638e-09 3.762665254229921e-05 6356
21.5 6.851287502168295e-09 3.164929540412101e-05 5348
22 5.559279345364916e-09 2.692073628885403e-05 4308
22.5 4.63235447677319e-09 2.202380814018609e-05 3563
23 3.173584784337078e-09 1.482464575253439e-05 2448
23.5 2.384321994127844e-09 1.28351260223535e-05 1868
24 1.725911156778211e-09 8.887547067318744e-06 1358
24.5 1.550173072408778e-09 7.241567916183643e-06 1062
25 1.095238911096374e-09 6.162707893083152e-06 776
25.5 6.256338708552281e-10 2.726167728132967e-06 432
26 2.3444593213932e-10 1.372827919755355e-06 200
26.5 2.874793996192483e-10 9.293174295393632e-07 168
27 8.803493706109629e-11 4.319440265923422e-07 56
27.5 8.705974198509733e-12 2.620737658617914e-08 7

0.5 2.026326536152904e-12 1.031971651076919e-09 18
1 1.762540729547011e-11 1.360888885900573e-08 62
1.5 5.586043418447061e-11 3.05265294658352e-08 98
2 1.134209658361237e-10 7.297485002581599e-08 210
2.5 2.874770474493624e-10 1.44237742854339e-07 350
3 3.754564348771077e-10 2.084894100023698e-07 450
3.5 5.43076188363324e-10 3.99502989321266e-07 602
4 8.54131688930965e-10 5.519005284518137e-07 762
4.5 1.307603658396395e-09 9.261264477136591e-07 1142
5 1.465899283389471e-09 1.191394718372099e-06 1250
5.5 2.01369678225018e-09 1.496913628639009e-06 1458
6 2.343054728688551e-09 1.983065571405304e-06 1814
6.5 3.060295820862928e-09 2.604390503444593e-06 2178
7 3.912873679852448e-09 3.306327409081039e-06 2498
7.5 4.074678770030171e-09 3.4153693903333e-06 2622
8 5.448432574554147e-09 4.804436135468977e-06 3338
8.5 6.410335166057354e-09 5.99625399962445e-06 3722
9 7.494474668351173e-09 6.669075429507764e-06 4170
9.5 7.935072855356397e-09 7.429480062014461e-06 4358
10 9.429952159595262e-09 9.189896254307271e-06 5034
10.5 1.09101881477327e-08 1.100727398219566e-05 5714
11 1.182605980378465e-08 1.237616382689206e-05 5982
11.5 1.352688686960057e-08 1.390443674720015e-05 6602
12 1.455934206598604e-08 1.583009458807966e-05 7130
12.5 1.688771172753395e-08 1.853247418531209e-05 8034
13 1.858553373917933e-08 2.093684083903363e-05 8606
13.5 2.040591617428753e-08 2.278054089901518e-05 9066
14 2.2431970229001e-08 2.625560915754744e-05 9962
14.5 2.404939520754244e-08 2.803114531009102e-05 10550
15 2.606115836847867e-08 3.137945187221206e-05 11226
15.5 2.880015549786845e-08 3.630165365715839e-05 12146
16 2.96211564396067e-08 3.721522056158552e-05 12303
16.5 3.136859458427933e-08 3.898605953217609e-05 12584
17 3.022267375225384e-08 3.87215018033591e-05 12120
17.5 2.804866729237842e-08 3.705664712248685e-05 11180
18 2.871728636916045e-08 3.804148233154674e-05 11096
18.5 2.696530863599137e-08 3.511462659148581e-05 10056
19 2.607451463045892e-08 3.498974992397723e-05 9716
19.5 2.32137997851827e-08 3.162851511151365e-05 8604
20 2.179277782143131e-08 3.012220950446659e-05 8060
20.5 2.132057145288169e-08 2.879990743869914e-05 7320
21 1.761402626743252e-08 2.531301417358565e-05 6356
21.5 1.574406987014874e-08 2.239979672551308e-05 5348
22 1.212262493335426e-08 1.778624057097033e-05 4308
22.5 1.026163284753672e-08 1.526551460993124e-05 3563
23 7.360681085860614e-09 1.101568251518753e-05 2448
23.5 5.615510555146266e-09 8.977050316366503e-06 1868
24 4.228334887038132e-09 6.276236450085326e-06 1358
24.5 3.422397568291688e-09 4.9990294161353e-06 1062
25 2.529713098163354e-09 3.936843152884488e-06 776
25.5 1.348491607602974e-09 2.216952296651894e-06 432
26 6.557894676301575e-10 1.134128320662351e-06 200
26.5 5.018664040599262e-10 9.462005035874335e-07 168
27 2.019977151764789e-10 2.646798811367419e-07 56
27.5 8.57541000193092e-12 1.418465613522495e-08 7

0.5 3.606450608875384e-12 2.566087071078564e-09 18
1 3.501653335926656e-11 1.519968656869188e-08 62
1.5 8.725172489510187e-11 4.069616576530278e-08 98
2 1.759995762879631e-10 1.039952144828877e-07 210
2.5 3.263428666494708e-10 1.913441136957279e-07 350
3 5.734983688914217e-10 3.659598498158483e-07 450
3.5 7.781294990603736e-10 5.410506921161774e-07 602
4 1.175586437124012e-09 7.626180912480225e-07 762
4.5 1.754154451032465e-09 1.350302206898198e-06 1142
5 2.075674110417163e-09 1.569092175478292e-06 1250
5.5 2.585902068520853e-09 1.994986178752887e-06 1458
6 3.633292025152646e-09 2.665243072584775e-06 1814
6.5 4.178102434574568e-09 3.587690752420802e-06 2178
7 5.02130911311278e-09 4.433966065996717e-06 2498
7.5 5.516837720969704e-09 5.138194470340432e-06 2622
8 7.679923139342985e-09 6.911044401184894e-06 3338
8.5 8.441857778514073e-09 8.261939861463468e-06 3722
9 9.742956342490793e-09 9.566767587999175e-06 4170
9.5 1.062332312071079e-08 1.058133220108378e-05 4358
10 1.254307146445963e-08 1.264152338681967e-05 5034
10.5 1.373694358068983e-08 1.519116180339748e-05 5714
11 1.531900243584967e-08 1.692933182370125e-05 5982
11.5 1.724086011717485e-08 1.978498822342127e-05 6602
12 1.926319726781278e-08 2.185191491983809e-05 7130
12.5 2.210963817557765e-08 2.52443158090107e-05 8034
13 2.393090305486356e-08 2.885406249155545e-05 8606
13.5 2.610381194690816e-08 3.148316985768743e-05 9066
14 2.89255222081467e-08 3.397195097993638e-05 9962
14.5 3.120468306712198e-08 3.902900521358324e-05 10550
15 3.435351844497948e-08 4.354866008991743e-05 11226
15.5 3.834478031173608e-08 4.897135450159974e-05 12146
16 3.887886432929538e-08 4.969621773641414e-05 12303
16.5 4.083407233891967e-08 5.333108436120921e-05 12584
17 4.020435394982252e-08 5.350916889238219e-05 12120
17.5 3.714558314263236e-08 4.982788339092434e-05 11180
18 3.673906987722374e-08 5.071658814537714e-05 11096
18.5 3.384187958595447e-08 4.804450381341441e-05 10056
19 3.317744112002764e-08 4.839861375971914e-05 9716
19.5 2.891994868794376e-08 4.353763875301221e-05 8604
20 2.843795031597204e-08 4.162778531536707e-05 8060
20.5 2.567490073669512e-08 3.921786195605694e-05 7320
21 2.335367311691135e-08 3.402960432857394e-05 6356
21.5 1.978174390110207e-08 2.894780278622987e-05 5348
22 1.560590306760041e-08 2.42876198085219e-05 4308
22.5 1.354915945178049e-08 2.049399333242479e-05 3563
23 9.064672019502461e-09 1.498212321283285e-05 2448
23.5 7.223356473357632e-09 1.12442522268336e-05 1868
24 5.434114852351639e-09 8.494183438513176e-06 1358
24.5 4.327175155961434e-09 6.315794838287217e-06 1062
25 3.075509421390851e-09 4.920254012960659e-06 776
25.5 1.671434750620501e-09 2.972146306701061e-06 432
26 7.750398418752091e-10 1.318633942205274e-06 200
26.5 7.153106172223392e-10 1.225874524905459e-06 168
27 3.156869468347896e-10 3.52919404293166e-07 56
27.5 4.914693181797449e-11 4.17521562440483e-08 7

0.5 1.588728564800371e-11 1.307119729224027e-09 18
1 1.237570031621032e-10 1.14737006320847e-08 62
1.5 1.937265401685054e-10 2.048209635225633e-08 98
2 5.89430021532011e-10 7.193015636179642e-08 210
2.5 1.112207104376044e-09 1.698129418111616e-07 350
3 1.540804504999388e-09 2.741366507208669e-07 450
3.5 2.527745362869776e-09 4.344032422452743e-07 602
4 3.163533035049387e-09 5.622715489509307e-07 762
4.5 4.997857269606787e-09 8.866693565391168e-07 1142
5 6.015137406637162e-09 1.195313664974283e-06 1250
5.5 7.248415158554142e-09 1.493941411010013e-06 1458
6 9.184112609020612e-09 2.035809169894866e-06 1814
6.5 1.144287115980402e-08 2.566545392384792e-06 2178
7 1.401691720644195e-08 3.218045609250886e-06 2498
7.5 1.484757189156182e-08 3.47622607678292e-06 2622
8 1.900796856998692e-08 4.967556422324764e-06 3338
8.5 2.059598159035623e-08 5.766354850942953e-06 3722
9 2.559439702746145e-08 6.634881368542669e-06 4170
9.5 2.575922024434836e-08 7.6929573385954e-06 4358
10 2.934835763828379e-08 9.443615449934969e-06 5034
10.5 3.480096319453005e-08 1.081423477628988e-05 5714
11 3.583127621781964e-08 1.232317896809596e-05 5982
11.5 4.065845469779842e-08 1.408860470821817e-05 6602
12 4.329734886260354e-08 1.58062724010633e-05 7130
12.5 4.992680023688434e-08 1.899735255030627e-05 8034
13 5.463122838618393e-08 2.033725710498124e-05 8606
13.5 5.702788439210981e-08 2.20211833314933e-05 9066
14 6.314331240302666e-08 2.563717053531538e-05 9962
14.5 6.867237691694549e-08 2.858852603488778e-05 10550
15 7.391601121865302e-08 3.128606024892797e-05 11226
15.5 8.251484453769033e-08 3.491109463434001e-05 12146
16 8.406962005050365e-08 3.639120565104557e-05 12303
16.5 8.328368916178172e-08 3.87449895850839e-05 12584
17 8.137408085702813e-08 3.717161282191049e-05 12120
17.5 7.433375951082757e-08 3.578758095886692e-05 11180
18 7.601211658041873e-08 3.829063736604634e-05 11096
18.5 6.714586654080724e-08 3.434743611426079e-05 10056
19 6.577917603192606e-08 3.46747155007117e-05 9716
19.5 5.776484808844431e-08 3.154968822143925e-05 8604
20 5.686423257515395e-08 3.04990761138152e-05 8060
20.5 5.167820124482782e-08 2.813404793743315e-05 7320
21 4.551371050642487e-08 2.667935862153896e-05 6356
21.5 3.777732502380587e-08 2.175028767855435e-05 5348
22 3.138165745982926e-08 1.790385870867988e-05 4308
22.5 2.508500170384778e-08 1.556197788459367e-05 3563
23 1.803452854746721e-08 1.036611740177059e-05 2448
23.5 1.412471642414515e-08 9.274874440552055e-06 1868
24 9.985353852142103e-09 6.116451814559408e-06 1358
24.5 7.614863459651156e-09 5.01239554244406e-06 1062
25 5.411844283555983e-09 3.651296007944369e-06 776
25.5 3.387701405150496e-09 1.963789656220315e-06 432
26 1.381197841952816e-09 9.914248824276214e-07 200
26.5 1.656000496003165e-09 7.521437769211225e-07 168
27 3.375572247270534e-10 2.831369925453542e-07 56
27.5 9.164350018966271e-11 1.457301148862715e-08 7

0.5 5.018413728981911e-11 3.14675679954244e-09 18
1 2.827695554468171e-10 1.286449740895269e-08 62
1.5 8.607219713613762e-10 2.984337896065806e-08 98
2 2.030930966079816e-09 1.009478012517413e-07 210
2.5 3.770553699219636e-09 1.982266898602205e-07 350
3 5.055320414115954e-09 3.315544449819411e-07 450
3.5 6.804155660421272e-09 4.39344548184654e-07 602
4 8.716607669425694e-09 6.411151204474431e-07 762
4.5 1.342988712996124e-08 1.131193227841239e-06 1142
5 1.632881482574153e-08 1.267244537740003e-06 1250
5.5 1.817564526729583e-08 1.724236600299614e-06 1458
6 2.185918157798055e-08 2.347259995944881e-06 1814
6.5 2.674958724992987e-08 2.854288237180274e-06 2178
7 3.141129625781206e-08 3.67035546636015e-06 2498
7.5 3.241609059540841e-08 3.926466895186421e-06 2622
8 4.041452120043418e-08 5.432203220994279e-06 3338
8.5 4.620580177810828e-08 6.218435686448718e-06 3722
9 4.939164167903451e-08 7.415826221084206e-06 4170
9.5 5.201928325464809e-08 8.138852774729332e-06 4358
10 5.715270239618868e-08 9.378147259252856e-06 5034
10.5 6.345148118334916e-08 1.152019667455637e-05 5714
11 6.65128374493449e-08 1.199322156760846e-05 5982
11.5 7.373414445533534e-08 1.411467783704076e-05 6602
12 8.104193265245885e-08 1.60242411776435e-05 7130
12.5 9.004182763702043e-08 1.857891772702919e-05 8034
13 9.934167717845611e-08 2.0659385158784e-05 8606
13.5 1.009206156962481e-07 2.229822146873103e-05 9066
14 1.107919044115739e-07 2.53741929250676e-05 9962
14.5 1.151722846518126e-07 2.785992399848637e-05 10550
15 1.239973273712573e-07 3.079599188245082e-05 11226
15.5 1.392794085570703e-07 3.424589721955216e-05 12146
16 1.363600360814909e-07 3.577599262032947e-05 12303
16.5 1.408651238658493e-07 3.792466772498518e-05 12584
17 1.311585184779773e-07 3.796618329245641e-05 12120
17.5 1.177989411289345e-07 3.561946684715794e-05 11180
18 1.198092864300963e-07 3.625662979031654e-05 11096
18.5 1.041381395569831e-07 3.366718372234095e-05 10056
19 9.965086421359063e-08 3.348961663565134e-05 9716
19.5 8.987235461473556e-08 3.098212741817189e-05 8604
20 8.62537072761541e-08 2.898571360367773e-05 8060
20.5 7.853621692232989e-08 2.643017847910766e-05 7320
21 6.97354715076907e-08 2.437329505084756e-05 6356
21.5 5.595326077504236e-08 2.119174598675063e-05 5348
22 4.653729235209622e-08 1.699207335350939e-05 4308
22.5 3.714296343257027e-08 1.466182612839885e-05 3563
23 2.57228953272622e-08 1.034218851150675e-05 2448
23.5 1.938043038844675e-08 7.669101528946085e-06 1868
24 1.355984820416521e-08 5.766454353468712e-06 1358
24.5 1.027782904737713e-08 4.769083889812549e-06 1062
25 8.658220507924033e-09 3.287030617730634e-06 776
25.5 4.405784009193948e-09 1.958122468357156e-06 432
26 1.882713542722069e-09 8.586774159267605e-07 200
26.5 1.910646013203712e-09 7.166995994845414e-07 168
27 5.012639123715165e-10 2.597336728317045e-07 56
27.5 5.440922218941374e-11 8.087501817066504e-08 7

0.5 1.656431202639813e-10 4.12626238039095e-09 18
1 7.181179995565447e-10 2.296256203557575e-08 62
1.5 1.394529975658141e-09 7.27317055847579e-08 98
2 5.000562970728819e-09 1.551815392543886e-07 210
2.5 8.709126189221168e-09 3.192947698426033e-07 350
3 1.275396703504118e-08 4.371631917217028e-07 450
3.5 1.504507152528408e-08 6.965906036075288e-07 602
4 1.838171206480669e-08 9.199815510871796e-07 762
4.5 2.922251238152912e-08 1.625160832298243e-06 1142
5 3.091621587937117e-08 1.6742662088495e-06 1250
5.5 3.341358894197263e-08 2.295638203135999e-06 1458
6 4.065938481265407e-08 2.879641599461236e-06 1814
6.5 4.786161050782442e-08 3.436103669106507e-06 2178
7 5.318364545041523e-08 4.458666318053585e-06 2498
7.5 5.650765576835601e-08 4.769793761692357e-06 2622
8 6.433788801579606e-08 6.210860186018932e-06 3338
8.5 6.949800751099367e-08 7.425497527221946e-06 3722
9 7.771757186332361e-08 8.150890357702064e-06 4170
9.5 7.569994036915905e-08 8.819982746798247e-06 4358
10 8.428213137248111e-08 1.07830346678888e-05 5034
10.5 9.404186457423393e-08 1.237602833153722e-05 5714
11 9.83699241666543e-08 1.294215723586984e-05 5982
11.5 1.058753651677332e-07 1.512281125484127e-05 6602
12 1.085287189110097e-07 1.644726664131727e-05 7130
12.5 1.244524421554961e-07 1.920266394446305e-05 8034
13 1.334597861256384e-07 2.122074022659676e-05 8606
13.5 1.375107717176472e-07 2.256206612895368e-05 9066
14 1.482491928033416e-07 2.690829116354561e-05 9962
14.5 1.606816363687019e-07 2.839227525741812e-05 10550
15 1.664640772216813e-07 3.092665476009796e-05 11226
15.5 1.790371507493643e-07 3.378928124524478e-05 12146
16 1.769321533307066e-07 3.513730871452097e-05 12303
16.5 1.804525506838844e-07 3.789400595382646e-05 12584
17 1.679848530242005e-07 3.557167873988288e-05 12120
17.5 1.497334920466775e-07 3.444649648467026e-05 11180
18 1.472821056933368e-07 3.443573783442867e-05 11096
18.5 1.370893253212965e-07 3.332055361366067e-05 10056
19 1.291906152541463e-07 3.211477946143062e-05 9716
19.5 1.097707926830926e-07 2.892070400564266e-05 8604
20 1.051488454869382e-07 2.771791826547329e-05 8060
20.5 9.422525032542785e-08 2.602992032392095e-05 7320
21 7.992394720535049e-08 2.219386354082193e-05 6356
21.5 6.822139589794989e-08 1.936527621055543e-05 5348
22 5.093697315818295e-08 1.524869391435624e-05 4308
22.5 4.450089434493228e-08 1.315391766640328e-05 3563
23 3.00220657432904e-08 9.297483106835004e-06 2448
23.5 2.2117798372722e-08 7.171074063274825e-06 1868
24 1.637786274995627e-08 5.373889554032116e-06 1358
24.5 1.202366041244985e-08 4.278511066126332e-06 1062
25 1.003732545871719e-08 3.017677756584915e-06 776
25.5 5.064482903132379e-09 1.835762861590155e-06 432
26 2.72589910962192e-09 7.901370806602477e-07 200
26.5 2.2682202147156e-09 8.164817413737277e-07 168
27 5.558129008482929e-10 2.373128345717809e-07 56
27.5 1.300828674742129e-10 2.574977440858658e-08 7

0.5 2.423675902237336e-10 7.730575010053652e-09 18
1 1.037299972612421e-09 4.409020004002969e-08 62
1.5 2.835385549812216e-09 9.361775495419411e-08 98
2 6.922441149517687e-09 2.373456231930476e-07 210
2.5 1.145825381591183e-08 4.143034386376565e-07 350
3 1.703108630303787e-08 5.451543253755736e-07 450
3.5 2.169616499485133e-08 8.803478389918351e-07 602
4 2.445948093932407e-08 1.122147913413775e-06 762
4.5 3.556901327168935e-08 1.657234731493463e-06 1142
5 3.821898984251696e-08 1.952929343555049e-06 1250
5.5 4.327432073971221e-08 2.292184835091235e-06 1458
6 4.601040152688454e-08 2.91913865602984e-06 1814
6.5 5.190092310686568e-08 3.742967975626657e-06 2178
7 6.179770097282247e-08 4.203486214497721e-06 2498
7.5 5.886782668316303e-08 4.757328377096214e-06 2622
8 7.17385015904507e-08 6.358106415386754e-06 3338
8.5 7.396467882608516e-08 6.898084375542767e-06 3722
9 8.186113282559773e-08 8.268543768985163e-06 4170
9.5 8.244434063593522e-08 8.593685687662951e-06 4358
10 9.285019156029521e-08 9.981762590583298e-06 5034
10.5 9.695697348193004e-08 1.197116419009007e-05 5714
11 1.003693840186208e-07 1.29152243649045e-05 5982
11.5 1.107108061948014e-07 1.460354742067768e-05 6602
12 1.170860810658854e-07 1.63614929011558e-05 7130
12.5 1.291130917249175e-07 1.901086941843019e-05 8034
13 1.382174881915493e-07 2.011509063675257e-05 8606
13.5 1.433356547278319e-07 2.196083882541143e-05 9066
14 1.563374816701469e-07 2.462404616564772e-05 9962
14.5 1.62927931744134e-07 2.704878016033606e-05 10550
15 1.700842223730601e-07 2.92230017649395e-05 11226
15.5 1.872893148962967e-07 3.193062509954853e-05 12146
16 1.841288956314578e-07 3.374278413620221e-05 12303
16.5 1.818602142960444e-07 3.486666838435065e-05 12584
17 1.700612790050179e-07 3.460418395929536e-05 12120
17.5 1.544930494148363e-07 3.253694204917589e-05 11180
18 1.461218260810456e-07 3.310663680425073e-05 11096
18.5 1.319604032013069e-07 2.972521866476526e-05 10056
19 1.305724136809885e-07 3.001046361553851e-05 9716
19.5 1.127433193520747e-07 2.688255395857679e-05 8604
20 1.037737598372559e-07 2.569653946577022e-05 8060
20.5 9.63757758126418e-08 2.38616667891999e-05 7320
21 7.863251905782391e-08 2.100961078300531e-05 6356
21.5 6.827556663568196e-08 1.805362108088552e-05 5348
22 5.130827399506634e-08 1.481977043300653e-05 4308
22.5 4.391581082023341e-08 1.252427410937564e-05 3563
23 2.903315111361836e-08 8.847442033195364e-06 2448
23.5 2.164329686948154e-08 6.461194032751903e-06 1868
24 1.661174381926574e-08 4.825237432458698e-06 1358
24.5 1.230530784883652e-08 4.167608354324458e-06 1062
25 8.918819683399988e-09 3.207605328924065e-06 776
25.5 5.125243100437187e-09 1.85031170245689e-06 432
26 2.259043715539858e-09 7.797841814682134e-07 200
26.5 1.956544789243165e-09 7.287887273961028e-07 168
27 6.915735366077875e-10 2.52656645064552e-07 56
27.5 8.760177755454242e-11 1.276792718118599e-08 7

0.5 3.444754677021304e-10 1.062479013853962e-08 18
1 1.609856987973585e-09 5.079815952173418e-08 62
1.5 3.034024895800204e-09 9.033031748459316e-08 98
2 7.758098529085281e-09 2.249733221377983e-07 210
2.5 1.408183444378592e-08 3.933826811804619e-07 350
3 1.683928745115838e-08 5.895967129410852e-07 450
3.5 2.434086200068908e-08 8.814561366519903e-07 602
4 2.716337611686352e-08 1.107480718318936e-06 762
4.5 3.717797321981931e-08 1.615568147896985e-06 1142
5 3.591242036998966e-08 1.84461317343005e-06 1250
5.5 4.200725896491028e-08 2.234530223541111e-06 1458
6 4.413956253272306e-08 2.891863884401587e-06 1814
6.5 5.185594499912934e-08 3.430214711804315e-06 2178
7 6.025631158141824e-08 4.148445603293523e-06 2498
7.5 5.704696809201317e-08 4.371570653357611e-06 2622
8 6.9619235627517e-08 5.703112926057902e-06 3338
8.5 7.157608627451098e-08 6.478941723115879e-06 3722
9 8.051379526440672e-08 7.533736863640618e-06 4170
9.5 7.98927498708074e-08 7.970917657977746e-06 4358
10 8.740663541027307e-08 9.474683135579178e-06 5034
10.5 1.02135496969241e-07 1.108062980792045e-05 5714
11 9.804143554076367e-08 1.175532138763885e-05 5982
11.5 1.052846731378471e-07 1.360247952587091e-05 6602
12 1.136099491400552e-07 1.49888203019021e-05 7130
12.5 1.2296996482787e-07 1.746967377151665e-05 8034
13 1.318268089504413e-07 1.909758255102186e-05 8606
13.5 1.396583557990434e-07 2.004160338624367e-05 9066
14 1.477707561818818e-07 2.273875381461204e-05 9962
14.5 1.563895034188742e-07 2.531090425436122e-05 10550
15 1.6708365162515e-07 2.822485543251248e-05 11226
15.5 1.782080134164786e-07 3.036157447522617e-05 12146
16 1.798866629802442e-07 3.151497089327692e-05 12303
16.5 1.80498270480559e-07 3.265842364993218e-05 12584
17 1.643658176153465e-07 3.349734471026766e-05 12120
17.5 1.481173543612592e-07 3.111837503248466e-05 11180
18 1.466390022855529e-07 3.113230023460114e-05 11096
18.5 1.291037249185895e-07 2.83142290292197e-05 10056
19 1.196556022371591e-07 2.826495250076657e-05 9716
19.5 1.037861669523314e-07 2.544909462407034e-05 8604
20 1.001169780457128e-07 2.459395229042526e-05 8060
20.5 8.907782186232115e-08 2.225229701188264e-05 7320
21 7.627981604586161e-08 1.997407267348792e-05 6356
21.5 6.361331569836337e-08 1.728213644690615e-05 5348
22 4.948332653271014e-08 1.378155778922476e-05 4308
22.5 4.19001120271975e-08 1.169566256288322e-05 3563
23 2.777696970576806e-08 7.76938032872209e-06 2448
23.5 2.102726444351131e-08 6.277599123704344e-06 1868
24 1.511741560106258e-08 5.04455317051799e-06 1358
24.5 1.045654474391207e-08 3.70414645882369e-06 1062
25 8.397195232468859e-09 3.027061979701925e-06 776
25.5 4.414017543678269e-09 1.626623015415441e-06 432
26 2.070727056049501e-09 8.128224800625238e-07 200
26.5 1.587930563723296e-09 7.118513568150489e-07 168
27 5.045742975288222e-10 1.769177829862122e-07 56
27.5 2.320200122113038e-11 5.369838341070878e-08 7

0.5 3.367860895630645e-10 9.34314246183577e-09 18
1 1.618850971053829e-09 3.71292546104382e-08 62
1.5 3.192549956494473e-09 9.179026046550146e-08 98
2 8.498586295434318e-09 2.03626922301502e-07 210
2.5 1.376021330532567e-08 4.193716737198978e-07 350
3 1.617566588680924e-08 4.831966219214203e-07 450
3.5 2.034207355225076e-08 7.332674653518079e-07 602
4 2.542542042715997e-08 9.947022671635181e-07 762
4.5 3.421548563687425e-08 1.482306163373778e-06 1142
5 3.416430115347257e-08 1.631648128028995e-06 1250
5.5 3.815001797174401e-08 1.901591780801421e-06 1458
6 4.4354586931093e-08 2.615401441459584e-06 1814
6.5 5.05018299667704e-08 2.875021370709162e-06 2178
7 5.628773105075647e-08 3.518455209487259e-06 2498
7.5 5.275149948633496e-08 3.822301843453635e-06 2622
8 6.725629983378996e-08 4.962437224893741e-06 3338
8.5 6.808719514911222e-08 5.854287673638236e-06 3722
9 7.412009138519292e-08 6.588440000681904e-06 4170
9.5 7.458098794038623e-08 7.569420747340422e-06 4358
10 8.322886655607481e-08 8.790856533971076e-06 5034
10.5 9.365274178630816e-08 1.057757000147291e-05 5714
11 9.064820757985794e-08 1.155512676997917e-05 5982
11.5 1.040402622345727e-07 1.257134299065305e-05 6602
12 1.047557192410192e-07 1.37277542508926e-05 7130
12.5 1.161627235952735e-07 1.647078354631365e-05 8034
13 1.238375249420729e-07 1.759564623087536e-05 8606
13.5 1.290684930676751e-07 1.946602698461885e-05 9066
14 1.393759773133505e-07 2.22610921778013e-05 9962
14.5 1.510596291917914e-07 2.332057126291291e-05 10550
15 1.537835994707563e-07 2.593992369867602e-05 11226
15.5 1.708893425397261e-07 2.897486737334136e-05 12146
16 1.708765809799519e-07 3.062679632118024e-05 12303
16.5 1.669489401836199e-07 3.055378675679437e-05 12584
17 1.569618783682916e-07 3.058568856963536e-05 12120
17.5 1.41650318430318e-07 2.892236570011167e-05 11180
18 1.360088931605042e-07 2.90371821591197e-05 11096
18.5 1.225868961703629e-07 2.65461777243142e-05 10056
19 1.138091284961777e-07 2.62568215766118e-05 9716
19.5 1.01385085267299e-07 2.400403905517921e-05 8604
20 9.713439441545341e-08 2.279719933361335e-05 8060
20.5 8.448364473637972e-08 2.16317443950852e-05 7320
21 7.356666180817894e-08 1.890874183363564e-05 6356
21.5 6.001244177948094e-08 1.615195880156508e-05 5348
22 4.930006916062442e-08 1.324173529996315e-05 4308
22.5 3.877571983083283e-08 1.129963887730143e-05 3563
23 2.639920768757638e-08 7.514331338120483e-06 2448
23.5 1.917640991791272e-08 6.246061200023747e-06 1868
24 1.448180017233949e-08 4.411543033404445e-06 1358
24.5 1.107480850725072e-08 3.54368161666645e-06 1062
25 8.208322494652398e-09 2.600337303257165e-06 776
25.5 4.134579228885653e-09 1.553536481310074e-06 432
26 1.899786998920123e-09 7.51002779535394e-07 200
26.5 1.46347038726652e-09 5.637159232857279e-07 168
27 4.754530853216685e-10 1.873524026494656e-07 56
27.5 4.286531972600996e-11 3.794121949698122e-08 7

0.5 2.272920142562741e-10 5.974898378289383e-09 18
1 1.100187457223391e-09 2.340817676271822e-08 62
1.5 2.878148078357833e-09 6.124673926950399e-08 98
2 8.46673626088479e-09 1.868533665205989e-07 210
2.5 1.06049999432258e-08 3.176548158501072e-07 350
3 1.215475515705185e-08 4.268751950290047e-07 450
3.5 1.647043908808714e-08 7.025673370633746e-07 602
4 2.164377702517187e-08 8.335707701053644e-07 762
4.5 3.056358977572795e-08 1.292815381037713e-06 1142
5 3.209796526146811e-08 1.362733072386775e-06 1250
5.5 3.11077547154113e-08 1.670426617990797e-06 1458
6 3.967274700299962e-08 2.33118432217992e-06 1814
6.5 4.632874656272618e-08 2.976888565980223e-06 2178
7 5.004214729653112e-08 3.335199172893255e-06 2498
7.5 4.941163377901885e-08 3.561974386472208e-06 2622
8 5.994984216869056e-08 4.761545341147838e-06 3338
8.5 6.838201049790638e-08 5.239942008240301e-06 3722
9 6.9535489229388e-08 6.475957549216361e-06 4170
9.5 7.157055661193608e-08 6.68523735617456e-06 4358
10 7.694832900893428e-08 8.24816405376638e-06 5034
10.5 8.680078641281895e-08 9.270449115053735e-06 5714
11 8.694005199546455e-08 1.028889955399986e-05 5982
11.5 9.469133392760029e-08 1.206967959699017e-05 6602
12 9.996775613830261e-08 1.332897570720732e-05 7130
12.5 1.081397984372901e-07 1.502505216439023e-05 8034
13 1.133575040856897e-07 1.672955065533803e-05 8606
13.5 1.187772620809696e-07 1.827193827485632e-05 9066
14 1.308964864108139e-07 2.029001874052018e-05 9962
14.5 1.399001538635136e-07 2.208479553761575e-05 10550
15 1.434417832082141e-07 2.4237324060976e-05 11226
15.5 1.560487349807175e-07 2.716390852867055e-05 12146
16 1.599895306586984e-07 2.780193032735412e-05 12303
16.5 1.585551081349733e-07 2.891955749252573e-05 12584
17 1.477760278461421e-07 2.811637032915572e-05 12120
17.5 1.331297742010831e-07 2.714039838213134e-05 11180
18 1.2678777253739e-07 2.695823531095654e-05 11096
18.5 1.157457839172521e-07 2.539860468720348e-05 10056
19 1.114863715303339e-07 2.560918136292753e-05 9716
19.5 9.410909151023135e-08 2.276458036862881e-05 8604
20 8.911596524455417e-08 2.16254997334923e-05 8060
20.5 7.900522230560416e-08 1.9976601318489e-05 7320
21 6.801479824476507e-08 1.73501031036766e-05 6356
21.5 5.566572405686009e-08 1.467742116764689e-05 5348
22 4.667811447806596e-08 1.279036308914283e-05 4308
22.5 3.607886027343886e-08 1.031675274713618e-05 3563
23 2.551663483487198e-08 7.504494901416836e-06 2448
23.5 1.866069853254484e-08 5.526698623720312e-06 1868
24 1.350416578244692e-08 3.766475996113053e-06 1358
24.5 1.063094425042837e-08 3.47178018035677e-06 1062
25 6.816419012346454e-09 2.516308935737032e-06 776
25.5 4.46963865842468e-09 1.396289818337695e-06 432
26 2.043929049964583e-09 5.497732406532272e-07 200
26.5 1.426407690633351e-09 6.116583477482275e-07 168
27 7.27626272084725e-10 1.516188544489602e-07 56
27.5 6.825300470682871e-11 2.440287758080656e-08 7

0.5 1.845057686190687e-10 4.552579022361655e-09 18
1 9.093375171872903e-10 2.395635685045277e-08 62
1.5 2.102077166138291e-09 5.637494271770122e-08 98
2 5.80940859809082e-09 1.397117472165442e-07 210
2.5 8.109940902043813e-09 2.826938099388173e-07 350
3 9.993772770853742e-09 3.952739713022164e-07 450
3.5 1.603597881142573e-08 5.045517189598967e-07 602
4 1.861101160775008e-08 6.935567654551329e-07 762
4.5 2.512526502918534e-08 1.146149357151914e-06 1142
5 2.731762516475894e-08 1.241206948406659e-06 1250
5.5 3.131812589143277e-08 1.558270126999017e-06 1458
6 3.368710754678782e-08 2.084722825217668e-06 1814
6.5 4.192852528572679e-08 2.579716833223208e-06 2178
7 4.530276434603121e-08 3.045337564201515e-06 2498
7.5 4.572437751723632e-08 3.29024733555358e-06 2622
8 5.62193288960011e-08 4.378863822058693e-06 3338
8.5 6.073815747590935e-08 5.023685654590377e-06 3722
9 6.394455647247208e-08 5.875917788156062e-06 4170
9.5 6.788687416227915e-08 6.117551680164781e-06 4358
10 6.698744371180004e-08 7.769380606979586e-06 5034
10.5 7.849189641304502e-08 8.693319434407947e-06 5714
11 8.47811547839705e-08 9.817290207698172e-06 5982
11.5 9.004258064876399e-08 1.115983664557475e-05 6602
12 8.982993107833679e-08 1.226774658460527e-05 7130
12.5 1.032213368846227e-07 1.39568542618094e-05 8034
13 1.071071001221051e-07 1.552772618122966e-05 8606
13.5 1.127476420870939e-07 1.674694700530357e-05 9066
14 1.236796118312524e-07 1.89764600222816e-05 9962
14.5 1.332320630111541e-07 2.04802476733707e-05 10550
15 1.403031662178766e-07 2.291047659339917e-05 11226
15.5 1.486460950778511e-07 2.473480321302931e-05 12146
16 1.494196172047645e-07 2.621197995579944e-05 12303
16.5 1.509476980523544e-07 2.746993320234869e-05 12584
17 1.408395431019999e-07 2.640851810077881e-05 12120
17.5 1.244949913372318e-07 2.604022956050587e-05 11180
18 1.212474953938289e-07 2.573941605432434e-05 11096
18.5 1.091514837823913e-07 2.406276831282139e-05 10056
19 1.037398574664328e-07 2.380120814119978e-05 9716
19.5 8.873627506370823e-08 2.111000586856695e-05 8604
20 8.378813738435513e-08 2.025915780663561e-05 8060
20.5 7.520866394540516e-08 1.911921673030486e-05 7320
21 6.471487425476184e-08 1.68052025562088e-05 6356
21.5 5.593827227309274e-08 1.419928530167109e-05 5348
22 4.397536041218191e-08 1.15548258020984e-05 4308
22.5 3.496124288882536e-08 9.642558297122671e-06 3563
23 2.2076933166145e-08 6.783417179221002e-06 2448
23.5 1.734414430964102e-08 5.037879169400707e-06 1868
24 1.300947049749512e-08 3.955045301114648e-06 1358
24.5 1.091184513341834e-08 3.005919855333074e-06 1062
25 6.844038685406122e-09 2.33887373156047e-06 776
25.5 3.918883684250278e-09 1.304811136331688e-06 432
26 1.96958973208355e-09 5.68606112875546e-07 200
26.5 1.450163837441555e-09 5.122354460415463e-07 168
27 7.179067038028063e-10 1.832297681705879e-07 56
27.5 2.224276645343772e-11 1.475156636970424e-08 7

