#t    rhoGW_over_rho    rhoGW
0    0    0
10.0000000000002    1.98338988415608e-15    2.46323686920166e-18
20.0000000000003    1.86256985970076e-15    3.94137540486696e-19
29.9999999999983    1.94621984997465e-15    1.20529837416133e-19
40.000000000002    1.96370205930965e-15    4.73382478503761e-20
50.0000000000071    6.23345016734432e-15    6.99230548352969e-20
60.0000000000122    9.70829617483594e-15    5.72260056768635e-20
70.0000000000088    2.94832974204921e-14    9.96077872087572e-20
79.9999999999997    1.66280780001728e-11    3.43109106858493e-17
89.9999999999906    3.48323666216358e-10    4.60055884339851e-16
99.9999999999815    2.50905616991155e-09    2.20491544264715e-15
109.999999999972    9.84739940407955e-09    5.97270719765748e-15
119.999999999963    3.37613498296817e-08    1.46049144326343e-14
129.999999999954    7.27210014941292e-08    2.31217023174281e-14
139.999999999945    1.18855358405699e-07    2.84933642050212e-14
149.999999999936    2.17014958452029e-07    4.00599726631445e-14
159.999999999927    3.47685342623135e-07    5.02875691916977e-14
169.999999999918    4.30925788265318e-07    4.95682357321652e-14
179.999999999909    5.42672019413301e-07    5.0256591992989e-14
189.9999999999    5.0313320583369e-07    3.78545037379462e-14
199.999999999891    8.70441156374038e-07    5.36095402561219e-14
209.999999999882    9.43873440332609e-07    4.78862464319236e-14
219.999999999872    1.0942794476718e-06    4.60281860224624e-14
229.999999999863    2.44790975474138e-06    8.64420067712801e-14
239.999999999854    1.99327818591772e-06    5.97002170988015e-14
249.999999999845    1.41837745636919e-06    3.6224718673134e-14
259.999999999836    1.14577248802439e-06    2.51144264967755e-14
269.999999999827    2.66840082370247e-06    5.04583547306495e-14
279.999999999818    2.35244912298012e-06    3.85461722341339e-14
289.999999999809    1.35102785110026e-06    1.92911931924364e-14
