#t    <phi>    <pi>    <phi^2>    <pi^2>    rms(phi)    rms(pi)
0    1.10101067761808    -0.239553759008327    1.21222451356314    0.0573862383211361    3.65256676537802e-05    0.00048462987600408
0.5    0.975325561704118    -0.263036337034012    0.951259952618129    0.0691882868352671    3.61202848210706e-05    0.00041501204421784
1    0.838364144083023    -0.284139414130973    0.702854439233455    0.0807353445831109    3.39027277493279e-05    0.000371376383774363
1.49999999999999    0.692188232847999    -0.299211888989122    0.479124550653296    0.0895278753563185    3.09848482266624e-05    0.000347626063550403
1.99999999999998    0.540839253197661    -0.304210652935431    0.292507098631734    0.0925442254755039    2.88501311381602e-05    0.000322670268960608
2.49999999999997    0.39009580067256    -0.296634772924952    0.15217473443233    0.0879922787984902    2.70178446882199e-05    0.000300483364758152
2.99999999999996    0.246103431074223    -0.277820913583109    0.0605668994312677    0.0771845398933789    2.53921786077158e-05    0.000282611439620832
3.49999999999995    0.11322810148255    -0.253334447908889    0.0128206035460163    0.0641784140359338    2.40971693274153e-05    0.00026746706711308
3.99999999999994    -0.00742407015197372    -0.229855738833278    5.51173403569663e-05    0.0528337258283879    2.28634104887154e-05    0.000255252415636033
4.49999999999993    -0.117201301976388    -0.209431022673923    0.0137361456646783    0.0438614126974365    2.19024591869843e-05    0.000243801541137866
4.99999999999992    -0.215861121060356    -0.182427134757617    0.0465960240241277    0.0332797144560577    2.09450278813032e-05    0.000234435884320105
5.4999999999999    -0.294313589893571    -0.123518214104083    0.0866204895993357    0.0152568002539001    2.00821910947382e-05    0.000225916883095515
5.99999999999989    -0.330688764487645    -0.0149485715829068    0.109355059330313    0.000223507115817222    1.92859447532205e-05    0.000217539531887195
6.49999999999988    -0.307827138922699    0.10122772954657    0.094757547800168    0.0102470970784485    1.85157571545617e-05    0.000209402232673392
6.99999999999987    -0.238853282661472    0.164027428978917    0.0570508909580529    0.026905037761175    1.78855208888699e-05    0.000200757916850047
7.49999999999986    -0.152385859909646    0.176085426360248    0.0232214505991571    0.0310061145648437    1.72845309327892e-05    0.000192842871882494
7.99999999999985    -0.0660020019769415    0.168104980454255    0.0043562645434007    0.0282593191030269    1.66864167279746e-05    0.000186143765066457
8.49999999999993    0.0153511923898365    0.157442303115647    0.000235659370618702    0.024788110953883    1.62119995033143e-05    0.000179286150814798
9.00000000000001    0.091581352619343    0.1474098069597    0.00838714439346533    0.0217296815629654    1.56804618721878e-05    0.000174284449369898
9.50000000000009    0.162280149195412    0.134423322800847    0.0263348470542802    0.0180696583490091    1.52116778059839e-05    0.000169222305045258
10.0000000000002    0.22455027518011    0.112762332747551    0.0504228263012748    0.0127153708082272    1.47584498318277e-05    0.000164686240530967
10.5000000000002    0.272876976458638    0.078272187949013    0.0744618444873943    0.00612656114048068    1.43591969287292e-05    0.000160418686761754
11.0000000000003    0.300743500283563    0.0315172724996368    0.0904466531576954    0.00099336290905753    1.3960156840331e-05    0.000156343343860444
11.5000000000004    0.303400804116357    -0.021064024926954    0.0920520481230073    0.000443716246685731    1.35851038782349e-05    0.000151988691658201
12.0000000000005    0.280404469209767    -0.0693318325336775    0.0786266665270593    0.00480692480498594    1.32003159347369e-05    0.00014765672364365
12.5000000000006    0.236333534147787    -0.104210416186244    0.0558535395274121    0.0108598314963791    1.28307840204661e-05    0.000143717323178711
13.0000000000006    0.179060019647546    -0.122125621235246    0.0320624907923104    0.0149146868267426    1.24952409585796e-05    0.000139515761760608
13.5000000000007    0.116571980444289    -0.1259777270481    0.0135890267730836    0.0158704060974358    1.21811277559656e-05    0.00013559214687826
14.0000000000008    0.0543486314522749    -0.122201452629261    0.0029537738826229    0.0149332124352582    1.19116623162338e-05    0.000131949068233579
14.5000000000009    -0.005336780854458    -0.11653615401082    2.84813641068713e-05    0.013580691855171    1.1585264859067e-05    0.000129087324569752
15.0000000000009    -0.0622212008807452    -0.110873071087789    0.00387147796775518    0.012292853731254    1.13451811589743e-05    0.000125852358004191
15.500000000001    -0.11557559259099    -0.10116048012779    0.0133577177255653    0.010233457917077    1.10818170307786e-05    0.000123196558041529
16.0000000000011    -0.160964945996938    -0.0769163952280267    0.0259097139568358    0.00591614642257856    1.08184398134701e-05    0.000120696746242028
16.500000000001    -0.188425386653241    -0.0290186038089075    0.0355041264466323    0.00084209335497428    1.05455712460687e-05    0.000118270689268538
17.0000000000009    -0.187709294851585    0.0317426774777108    0.0352347794798794    0.00100761107021469    1.03053468004796e-05    0.00011617555989184
17.5000000000008    -0.159293536418915    0.0775803592371504    0.0253744308470859    0.00601872503609192    1.01114691411491e-05    0.000113563755702309
18.0000000000007    -0.114685640110682    0.0968858988239433    0.0131527961463923    0.00938688963320488    9.93958871804803e-06    0.000110644844019844
18.5000000000006    -0.0652369955424205    0.0991987385945605    0.00425586568216543    0.00984040153135837    9.7346618030654e-06    0.000108593767881341
19.0000000000005    -0.0163639690906633    0.0960004960047792    0.000267779575327361    0.00921610658203895    9.53557435888757e-06    0.000106531100248216
19.5000000000004    0.0307185259561148    0.0923485572174951    0.000943627924402629    0.00852826694404889    9.35340218090249e-06    0.000104517443188881
20.0000000000003    0.0758518444973095    0.0877911207296157    0.0057535023981314    0.00770729138339037    9.19170158538697e-06    0.000102491113793936
20.5000000000002    0.117745612240982    0.0786175953087803    0.013864029283478    0.00618073643771078    9.02631244941075e-06    0.000100725248219276
21.0000000000001    0.152937235033789    0.0603380029985103    0.0233897979381104    0.00364068443117309    8.85042119375212e-06    9.91227766609512e-05
21.5    0.176224476258998    0.0311060334083659    0.031055066108358    0.000967594801992852    8.69481103219768e-06    9.74042631298936e-05
21.9999999999999    0.1828147029306    -0.00531540079597347    0.0334212156807132    2.82626379229785e-05    8.55041909068391e-06    9.56676598602422e-05
22.4999999999998    0.171145005002116    -0.0403327841969563    0.0292906128076165    0.00162674230869725    8.392992971511e-06    9.39554096309319e-05
22.9999999999997    0.144125960373293    -0.0656878806175364    0.0207722925217187    0.00431490617242643    8.25800572716131e-06    9.22626832203806e-05
23.4999999999996    0.107581491747346    -0.0785034842136985    0.0115737774324788    0.0061628052483705    8.11755118611261e-06    9.06348723702427e-05
23.9999999999995    0.0672514773692165    -0.0816152619869765    0.00452276127234123    0.00666105890157816    7.99993727736437e-06    8.89515336891256e-05
24.4999999999994    0.0267356706384374    -0.0800578682095443    0.000714796146148762    0.00640926993440778    7.85250006610392e-06    8.75908158174035e-05
24.9999999999993    -0.0126666916844283    -0.0775529857265157    0.000160445138165382    0.00601447301260251    7.7419001161526e-06    8.61249404463599e-05
25.4999999999992    -0.0507730281822549    -0.0746431228888782    0.00257790044885503    0.00557160299170758    7.61964460128924e-06    8.48357437088754e-05
25.9999999999991    -0.0866743893994534    -0.0677808004666292    0.00751244983391082    0.0045942439153354    7.49284559952231e-06    8.36865485289907e-05
26.499999999999    -0.116710740405379    -0.0499110531243754    0.0136213969803936    0.00249112001813557    7.37711879868461e-06    8.24266422063158e-05
26.9999999999989    -0.133930582782846    -0.0166106380675124    0.0179374010571073    0.000275919917468565    7.24945555988921e-06    8.13662010563778e-05
27.4999999999988    -0.132104071942132    0.0236143631661395    0.0174514858745983    0.000557644599270496    7.13485773897593e-06    8.03214054411396e-05
27.9999999999987    -0.112064830793412    0.0538014704130325    0.0125585263504037    0.00289460444216185    7.04610587680949e-06    7.88895268027128e-05
28.4999999999986    -0.0811681973846477    0.0672612688639102    0.00658827631497905    0.00452408431513334    6.95024669287053e-06    7.76269934579038e-05
28.9999999999985    -0.0466474149699268    0.0696678631109325    0.0021759813708215    0.00485361698352616    6.88802902018901e-06    7.63746196813087e-05
29.4999999999984    -0.0121163767186107    0.0682302622526507    0.000146806630635023    0.0046553743716199    6.77109531915454e-06    7.53959840102204e-05
29.9999999999983    0.0215318304820088    0.0663602130080728    0.000463619768826301    0.00440368337664533    6.7022634784541e-06    7.42035615022221e-05
30.4999999999982    0.0541318540280617    0.0637311445196161    0.00293025766406875    0.00406166419018368    6.59949813158553e-06    7.35418486027845e-05
30.9999999999981    0.0846616106811829    0.0574598853976394    0.00716758836584706    0.00330164369439914    6.53566218779498e-06    7.25568003915946e-05
31.499999999998    0.110356017535594    0.043843291041544    0.0121784506484038    0.00192223926926909    6.48748511131281e-06    7.14136930736595e-05
31.9999999999979    0.126990072053908    0.0213184608219627    0.0161264784409972    0.000454481764058824    6.38282521868622e-06    7.06557942733373e-05
32.4999999999982    0.130727761859036    -0.00673038109110003    0.0170897477601082    4.53029204516302e-05    6.27976375606313e-06    6.99343992132893e-05
32.9999999999984    0.120585116811259    -0.0328660099827324    0.0145407704347828    0.00108017935015745    6.19659202082843e-06    6.88329309399603e-05
33.4999999999987    0.0992810943319222    -0.050680270247533    0.00985673572925497    0.00256849439149605    6.12461755584416e-06    6.78169084494228e-05
33.9999999999989    0.0715326493102084    -0.058881639937543    0.00511691995368202    0.00346705201953433    6.02866135942965e-06    6.70656385163932e-05
34.4999999999992    0.0415008565319496    -0.0604974661911222    0.00172232112846494    0.00365994781378213    5.96485383335142e-06    6.63191990180194e-05
34.9999999999995    0.0114690645688041    -0.0594486600062692    0.000131539476989454    0.00353414747184586    5.90813474965034e-06    6.5538575442718e-05
35.4999999999997    -0.0179004813386754    -0.0580246831222584    0.000320427266455609    0.00336686801971081    5.85656401491466e-06    6.45621585545785e-05
36    -0.0464447934190529    -0.0558291478808415    0.00215711886920117    0.00311689783774254    5.7846930721453e-06    6.39112014193188e-05
36.5000000000002    -0.0730386344636027    -0.0494063073393543    0.0053346421568793    0.00244098722634174    5.70714639801909e-06    6.34147538739066e-05
37.0000000000005    -0.0942498823056775    -0.0334874313268808    0.00888304034701217    0.0011214119738382    5.69017625091646e-06    6.25856664060304e-05
37.5000000000007    -0.104631552613995    -0.00659314738377454    0.0109477618338587    4.34734192803141e-05    5.60745739962024e-06    6.18615885755652e-05
38.000000000001    -0.100372755042555    0.0229740578746872    0.0100746899851371    0.000527811086553051    5.50493350945652e-06    6.12480495547749e-05
38.5000000000012    -0.0832129412940623    0.0435796815248971    0.00692439362857058    0.00189919229634886    5.45541205825846e-06    6.04527700155596e-05
39.0000000000015    -0.0588255480011704    0.0522649921761356    0.00346044512688214    0.00273163296620095    5.4077855203457e-06    5.96576017030008e-05
39.5000000000018    -0.0321553048844149    0.0536876464790329    0.0010339636607952    0.00288236687414247    5.34654375828548e-06    5.90735546365597e-05
40.000000000002    -0.00550945116142498    0.0527745284472626    3.03540803003341e-05    0.00278515426950309    5.3103867140931e-06    5.84523067026792e-05
40.5000000000023    0.0205939160404301    0.0516181793921949    0.000424109405827152    0.00266443979386796    5.2864799517095e-06    5.78800755940441e-05
41.0000000000025    0.0459734114816545    0.049582139433713    0.00211355459365625    0.00245839182410492    5.51314163975378e-06    5.72125927256422e-05
41.5000000000028    0.06960274730473    0.0440840484370758    0.0048445424665398    0.00194340653621088    5.84582813474174e-06    5.66534062396935e-05
42.000000000003    0.0889611664983767    0.0320823846833888    0.00791408918298879    0.00102928256640719    6.18359825467699e-06    5.62088449743356e-05
42.5000000000033    0.100441852258662    0.0127882738556133    0.010088565723033    0.000163543053868866    6.15484102279423e-06    5.572847299905e-05
43.0000000000035    0.101131775618101    -0.0100994191939996    0.0102276360728308    0.000102001292306874    5.75854439150539e-06    5.49931881863811e-05
43.5000000000038    0.0908496771677254    -0.0300223306970868    0.00825366386987871    0.000901343314660303    5.32905198910481e-06    5.45359978730181e-05
44.0000000000041    0.0723915266182315    -0.0424293588858213    0.00524053315256656    0.00180025339651215    5.14280500523035e-06    5.38613991997533e-05
44.5000000000043    0.0496714363753667    -0.0474297114059979    0.00246725161737569    0.00224958036252011    5.07775498498183e-06    5.32772359210488e-05
45.0000000000046    0.0256906400122566    -0.0480474931685245    0.000660009010848772    0.00230856438778946    5.15843132593959e-06    5.280161033682e-05
45.5000000000048    0.00184947669950705    -0.0472502541376542    3.42059230810157e-06    0.00223258926247768    5.31470432543985e-06    5.2406152061319e-05
46.0000000000051    -0.0215418974992698    -0.046273647359336    0.000464053378486638    0.00214125326842389    5.53331654969807e-06    5.31835284991079e-05
46.5000000000053    -0.0442359610298815    -0.0440819944773955    0.00195682030921249    0.00194322500868847    7.80866779797559e-06    5.26458293149533e-05
47.0000000000056    -0.064866297892768    -0.0373095296760688    0.00420763670440494    0.00139200372239024    1.01040400648939e-05    5.21319555383482e-05
47.5000000000058    -0.0801120942979203    -0.0220924774141858    0.00641794778201045    0.000488080222618095    1.13671272768754e-05    5.16170687556047e-05
48.0000000000061    -0.0856247127995661    0.000826419946064285    0.00733159154629051    6.85626026669256e-07    1.02118721091156e-05    5.15373594236401e-05
48.5000000000064    -0.079347266196249    0.0233801046820833    0.00629598871340973    0.000546631926787313    7.78404403934132e-06    5.13014828254102e-05
49.0000000000066    -0.0636833327166832    0.0376097058364113    0.00405556690982014    0.00141449251484776    6.62694266103985e-06    5.04157353299743e-05
49.5000000000069    -0.0432341919955912    0.0430133985247013    0.00186919540524261    0.00185015492789403    6.90876036896548e-06    4.97518768928461e-05
50.0000000000071    -0.021457457575692    0.0436523612621116    0.0004604225447142    0.00190553106986957    7.68775504216407e-06    4.92555749875111e-05
50.5000000000074    0.000214001427417283    0.0429835987783892    4.58737567548293e-08    0.00184759215061991    8.78326922021868e-06    4.88536422832761e-05
51.0000000000076    0.0215088904314257    0.0421478227421679    0.000462632441440753    0.00177644144618764    8.59358345879793e-06    4.98425765303337e-05
51.5000000000079    0.0421851430862773    0.0401999101478221    0.00177958637920344    0.00161603523879938    9.05503967381153e-06    4.96276778606599e-05
52.0000000000081    0.0611195085196096    0.0347099835700931    0.00373559442207342    0.00120478540968416    1.00197202188274e-05    4.94999800842913e-05
52.5000000000084    0.0758851922427475    0.0232474720935423    0.00575856252198104    0.000540447360628815    1.09664164704261e-05    4.90090684293285e-05
53.0000000000087    0.0833642855858266    0.00592115145166774    0.00694960422774749    3.50624203865069e-05    1.07940835073216e-05    4.88453981445368e-05
53.5000000000089    0.0815030823248969    -0.0131634434905208    0.00664275253442922    0.000173278575607519    1.02941879462017e-05    4.8281252938752e-05
54.0000000000092    0.0708656039104488    -0.0283696510044157    0.00502193391229318    0.000804839374435888    9.73142158143248e-06    4.77108325567387e-05
54.5000000000094    0.0542776339366979    -0.0368578470875583    0.00294606162068584    0.00135850315156672    8.65561405324359e-06    4.75356380948407e-05
55.0000000000097    0.0349514796280635    -0.039737663497975    0.00122160599944523    0.00157908411768662    8.44122576487935e-06    4.70893652491028e-05
55.5000000000099    0.0150040451366379    -0.039804478266613    0.000225121465007635    0.00158439859662157    9.72344417149875e-06    4.58971056505563e-05
56.0000000000102    -0.00475057717123574    -0.0391966179621653    2.25680886837255e-05    0.00153637695816429    1.02578681712847e-05    4.58093042009792e-05
56.5000000000105    -0.0241676726718042    -0.0383740216336967    0.000584076487289418    0.00147256769414881    9.21509339110513e-06    4.64521839463698e-05
57.0000000000107    -0.0428495958675689    -0.0358371566471444    0.00183608794571816    0.00128430392817497    8.92771986348663e-06    4.61695029501611e-05
57.500000000011    -0.0591870159874396    -0.0284002707024191    0.00350310295242707    0.00080657746319114    9.53570329273312e-06    4.56861079050129e-05
58.0000000000112    -0.0699796793393077    -0.0135260243409813    0.00489715560589941    0.000182955401224566    9.24484086160216e-06    4.54615413980894e-05
58.5000000000115    -0.0718511436231071    0.00630866305430756    0.00516258690568582    3.98013408479331e-05    8.10786353357814e-06    4.59490494776621e-05
59.0000000000117    -0.0641043908466851    0.0236458040743915    0.00410937300261804    0.000559126059947593    8.76318870200431e-06    4.48288197802911e-05
59.500000000012    -0.0495085625500906    0.0334056173768577    0.00245109784787821    0.0011159372386939    9.06101408828378e-06    4.43437129637137e-05
60.0000000000122    -0.0318030330937039    0.0366142227626542    0.00101143299066377    0.00134060324297499    8.75811295837015e-06    4.3982516154899e-05
60.5000000000125    -0.0133968252331879    0.0367587240611764    0.0001794750068846    0.00135120570629536    8.97530056267646e-06    4.37228733322043e-05
61.0000000000128    0.00485617736395442    0.0362352908541941    2.3582554601149e-05    0.00131299819012924    9.79851854644812e-06    4.34377854102987e-05
61.500000000013    0.0228127119615681    0.0355031705772856    0.000520419951246674    0.00126047730499975    1.11447387557362e-05    4.67328568684536e-05
62.0000000000133    0.0401304729650605    0.0333587220565238    0.00161045509374051    0.00111280650308455    1.52755049826136e-05    4.65385877073245e-05
62.5000000000135    0.0555530850004122    0.0275160645453453    0.00308614559948565    0.000757135910036143    1.86124320009004e-05    4.58472740225289e-05
63.0000000000138    0.0667157841987449    0.0161891314278603    0.00445099623610397    0.00026209000791165    1.9361055592778e-05    4.50724207880494e-05
63.500000000014    0.0709769472151515    0.000400229735096562    0.00503772731285504    1.62354754435816e-07    1.66394904375319e-05    4.65930636506341e-05
64.0000000000143    0.0670960011001476    -0.0155001069198778    0.00450187355242343    0.000240255428986867    1.37401756599644e-05    4.59832493883195e-05
64.5000000000138    0.0562397653848153    -0.0269490513111257    0.00316291135554409    0.000726253405376225    1.20418027651273e-05    4.51531454098314e-05
65.0000000000134    0.0411335359280466    -0.0325894919306658    0.00169196791667183    0.00106207696580202    1.17782820882302e-05    4.45140774414281e-05
65.5000000000129    0.0243387047491175    -0.0341182406207359    0.000592372723111564    0.00116405630383697    1.32002595017913e-05    4.42807242136829e-05
66.0000000000125    0.00729346102405422    -0.0339406188374399    5.31948173229521e-05    0.00115196747911504    1.56081246184073e-05    4.32671545869892e-05
66.500000000012    -0.0095633483848382    -0.0334734293223967    9.14578732743608e-05    0.00112047279980825    1.55223894208733e-05    4.82618561812794e-05
67.0000000000116    -0.0261195208516119    -0.0325813125223928    0.000682229650191607    0.00106154487813648    1.67533226923567e-05    5.43364946129513e-05
67.5000000000111    -0.0417796881407464    -0.0294552754110851    0.00174554292611124    0.000867616153029071    2.41862195115031e-05    5.3884006873896e-05
68.0000000000106    -0.0547181331379995    -0.0212365944244141    0.00299407498364099    0.000450995585280335    2.98250423971158e-05    5.14055763535633e-05
68.5000000000102    -0.0619376565286353    -0.00673691279909699    0.00383627411487032    4.53888999268081e-05    2.86113810173638e-05    5.39060680374958e-05
69.0000000000097    -0.0610116038901449    0.0103082745050464    0.0037224163329701    0.000106263659949077    2.28849766087361e-05    5.60060504600594e-05
69.5000000000093    -0.0522998856856154    0.0234855754537425    0.00273527839856742    0.000551575043386102    1.88636947936878e-05    5.28109142956091e-05
70.0000000000088    -0.0386596020418078    0.0300355240732345    0.00149456513120426    0.000902135403293503    1.73543454560988e-05    5.19320676669457e-05
70.5000000000084    -0.0230623846193748    0.0318199359874124    0.000531873956234292    0.00101251098355334    1.92847689970036e-05    5.15491058702865e-05
71.0000000000079    -0.00714574552459564    0.0317163658613054    5.10622340427587e-05    0.00100593041530526    2.35571747051748e-05    5.05159091737585e-05
71.5000000000075    0.00861159727771552    0.0313002358835215    7.41601952363348e-05    0.00097970900774367    2.42396942537244e-05    6.51258749322235e-05
72.000000000007    0.0241037485191168    0.0305312022514003    0.000580991890484078    0.000932163808950645    3.46094098700284e-05    9.74578613381187e-05
72.5000000000066    0.0388547261589801    0.0280086484709673    0.00150969413285036    0.000784494490151883    6.62416865082526e-05    0.000100503640067658
73.0000000000061    0.0514664372001606    0.0216411768196499    0.00264880249326664    0.000468348321257821    9.12972538857341e-05    8.82446512220787e-05
73.5000000000056    0.0596563126248562    0.0103453243924763    0.00355888498699707    0.000107033305607627    9.67005816632888e-05    8.69989773599161e-05
74.0000000000052    0.0612854527948647    -0.00401065315480349    0.00375591333206249    1.60955342166539e-05    8.12883196092759e-05    0.00010097271175253
74.5000000000047    0.0558635556971651    -0.0170973337127977    0.00312074014091577    0.000292329592314146    5.73217716610073e-05    0.000103789341354316
75.0000000000043    0.0449846263001897    -0.0255291383403481    0.00202361838819017    0.000651746295970933    4.22471591382904e-05    9.691011453913e-05
75.5000000000038    0.0311521668240485    -0.0291275732615841    0.000970459550328191    0.000848423653114539    4.53044682528248e-05    9.01609981623328e-05
76.0000000000034    0.0163389875376245    -0.0298289041067539    0.000266965710691636    0.000889771457171326    5.65414625442026e-05    8.90896256956587e-05
76.5000000000029    0.00147552311419235    -0.0295756870972246    2.1818585130492e-06    0.000874729800098084    6.84839582186778e-05    9.23732923845167e-05
77.0000000000025    -0.0132075294003466    -0.029121128291942    0.000174443352734718    0.000848077921633217    6.72300059368743e-05    0.000194444432861909
77.500000000002    -0.0275343210407474    -0.0279342173324887    0.000758149396316335    0.000780368941650283    0.000102767414057147    0.000220099231191882
78.0000000000015    -0.0406937465565414    -0.0240339015059753    0.00165600422267359    0.000577671679665406    0.000152360971270263    0.000207985736251377
78.5000000000011    -0.0507142809886964    -0.0150925903145726    0.00257196877161436    0.000227826388885704    0.000174572087995782    0.000200266028503744
79.0000000000006    -0.0549435756064761    -0.00126771609462371    0.00301882181691194    1.65436552001619e-06    0.000159111556431667    0.00021739692603208
79.5000000000002    -0.0518991945382195    0.0130279990475171    0.00269354149676661    0.000169779312836872    0.000122894469600101    0.000224841399135786
79.9999999999997    -0.042696530168646    0.0228034724567375    0.00182300303600849    0.000520045453603281    9.6682813326409e-05    0.000217019626065506
80.4999999999993    -0.0300306224360714    0.0270802636718771    0.000901848652771949    0.000733383024382156    0.000101827668498439    0.000205776198255176
80.9999999999988    -0.0161712706198959    0.0280192196514371    0.000261525423009539    0.000785115092458151    0.0001242157302071    0.000196016791811375
81.4999999999984    -0.00218456844942525    0.0278680041564566    4.79239830964364e-06    0.000776666419794892    0.000141629797074545    0.000201901289275938
81.9999999999979    0.0116474140197295    0.027419270045865    0.000135680002582345    0.000751957978496746    0.000133226256250204    0.00037630924606653
82.4999999999975    0.0251436006340403    0.0263761035674161    0.00063223786498841    0.000695855768718942    0.000192904495283323    0.000396143054822769
82.999999999997    0.0376802948848561    0.0232658719217937    0.00141986945449707    0.000541440402283605    0.000254621066197885    0.000373638866148657
83.4999999999965    0.0477635821990144    0.0163297675956674    0.00228143309930144    0.000266799396581201    0.000270767094456594    0.000371600393827052
83.9999999999961    0.0533068977544133    0.00528120604565808    0.00284168544102509    2.80459848397829e-05    0.0002451383805415    0.000393506725593717
84.4999999999956    0.0527661710984124    -0.00738239997992813    0.00278431212308868    5.46602191289553e-05    0.000208112233552948    0.000400486785440547
84.9999999999952    0.0463137064086271    -0.0177816672979303    0.00214499569482106    0.000316334134063695    0.00019050857345369    0.000382677631189034
85.4999999999947    0.0357348334857415    -0.023784637150476    0.00127701449588517    0.000565848426945544    0.000190188410530927    0.000373446871379565
85.9999999999943    0.0231629517977462    -0.0260245509516663    0.000536563473233424    0.000677414664985975    0.000202823195686232    0.000370692257940765
86.4999999999938    0.0100249078756285    -0.0263578807710731    0.000100549860215386    0.000694867678780011    0.000226013938836085    0.000360277723302148
86.9999999999934    -0.00311657830844595    -0.0261356879369215    9.76670436240055e-06    0.000683273426647684    0.000231611765082687    0.00044636611826928
87.4999999999929    -0.0160381155393375    -0.0254898410370227    0.000257277842250162    0.000650073516796029    0.000238101232720576    0.000584397727018446
87.9999999999925    -0.0284320611301287    -0.0237567452494025    0.000808470105461465    0.000564705954100993    0.000296656963664461    0.000568339032606991
88.499999999992    -0.0392859760611143    -0.0189711317423004    0.0015434949330099    0.00036022428204999    0.000327135958659983    0.000566076378481059
88.9999999999915    -0.0466188648871816    -0.00958504635421826    0.00217342096064858    9.21982585440038e-05    0.000319995748850058    0.00057021481170785
89.4999999999911    -0.0483093318683989    0.00304598350157424    0.0023338686929606    9.63823272977795e-06    0.000277754188987905    0.000600181004294088
89.9999999999906    -0.0437681601653786    0.0145482304281654    0.00191571601046898    0.000211995975766546    0.000253310494739196    0.000587339063529109
90.4999999999902    -0.0345320401956761    0.0215675728343083    0.0011925302298099    0.000465466874141246    0.000261590776048785    0.00055378351190049
90.9999999999897    -0.02291993863042    0.0243300538309341    0.000525395645217811    0.000592248432315081    0.000268436949003267    0.000544897145276516
91.4999999999893    -0.0105653261182411    0.0248895580137537    0.000111705473874543    0.00061978598372361    0.000281705324328949    0.000543953677807952
91.9999999999888    0.00187465163780622    0.0247845203406424    3.60495388775042e-06    0.000614628185295156    0.000301056680080151    0.000596436735488141
92.4999999999884    0.0140889510423178    0.0240401478947993    0.000198611700479467    0.000578583509006948    0.000336391151248085    0.000809196022682373
92.9999999999879    0.0257806521514136    0.0224847527792397    0.000664821317777228    0.000506163548924664    0.000423429362519683    0.000774235998345824
93.4999999999875    0.0361937374390886    0.0186565452529335    0.00131018748471016    0.00034868006853822    0.00044816838405996    0.000783190758031689
93.999999999987    0.0438417408507396    0.0113173973980186    0.00192228123770819    0.000128700946891616    0.00042778135160062    0.00078578815652635
94.4999999999865    0.0469956945140745    0.000971811755873536    0.00220874025789521    1.58353228604333e-06    0.000380729608782071    0.000799446181546528
94.9999999999861    0.0447644883874187    -0.00965643086588956    0.00200398157741938    9.38999449913251e-05    0.000349509416241734    0.00080826228640249
95.4999999999856    0.0378074513957908    -0.0175550030620039    0.00142953679098916    0.000308792994701477    0.000365253260184375    0.000784131490573711
95.9999999999852    0.0278427294654804    -0.0217279122344948    0.000775370770394119    0.000472663352258829    0.000391390222399387    0.000749120944120355
96.4999999999847    0.0165308839843539    -0.02320694368173    0.000273427044298992    0.000539137841694194    0.000396130022624279    0.000758687450276205
96.9999999999843    0.00482322497721319    -0.0235325762032367    2.34289842779519e-05    0.000554338310418682    0.000406798595300894    0.000745766489955787
97.4999999999838    -0.00689043316779437    -0.0231614248449596    4.76268144035858e-05    0.000537631928593119    0.000385674945705707    0.00108642889523703
97.9999999999834    -0.0182498700504223    -0.0221597878717686    0.000333303899401022    0.000492295008398662    0.000496127547834027    0.00111301836322675
98.4999999999829    -0.0288092107165594    -0.0196922666884821    0.00083033629240688    0.000388874258142016    0.000604706784947289    0.00104349931083563
98.9999999999824    -0.0374118798537321    -0.0140761991557937    0.00139998556767875    0.000199349819105626    0.000580356346276764    0.0011001983603237
99.499999999982    -0.042242709974831    -0.00471025365807414    0.00178469373265104    2.35034422795828e-05    0.000497178673474907    0.00114758562041444
99.9999999999815    -0.0418473868615333    0.00624003551078532    0.00175141488455998    4.01203827152986e-05    0.000459453393874457    0.00108735437619792
100.499999999981    -0.0363675008751995    0.0150794036163064    0.00132278888757943    0.000228613245532909    0.000440190494885111    0.00110672133323358
100.999999999981    -0.0274401892660578    0.0199875660764847    0.000753200714754202    0.000400699274037113    0.000486546808775605    0.00109383562534374
101.49999999998    -0.016894009725508    0.0218350167250165    0.000285720171933941    0.000477824940586182    0.000559112983557915    0.00102809785742075
101.99999999998    -0.00582626727234932    0.0223260115503118    3.4271408325502e-05    0.000499481222275686    0.000570979856608952    0.00101510124176424
102.499999999979    0.00532055741532374    0.022067060083519    2.85554634264406e-05    0.000488722964939323    0.00049712394499173    0.00132959550604069
102.999999999979    0.0161420916258669    0.0211286004616536    0.000260903256445359    0.000448524260538789    0.000579770978470551    0.00145137971275589
103.499999999978    0.0262681482685757    0.0190839372648055    0.000690627691150534    0.000365810761443838    0.000782353942060907    0.00127047232036218
103.999999999978    0.034820362848987    0.0146248946688241    0.00121304645987209    0.000215689686065753    0.000767327138171037    0.00134243882227589
104.499999999977    0.0403664194751339    0.00707316413908161    0.00162982561846584    5.21865237925321e-05    0.00061465211573142    0.00146862958370788
104.999999999977    0.0415586133795969    -0.00242749854826275    0.00172744668873027    7.71153931330733e-06    0.000573011950537272    0.00134862526725906
105.499999999977    0.0380634134275024    -0.0112025960963562    0.00144914744605075    0.000127335206070853    0.000569213754029502    0.00135537698547576
105.999999999976    0.0308459599439212    -0.0171138982404992    0.000951837790228719    0.00029486816751625    0.000603775924269677    0.00140806765820663
106.499999999976    0.0214637059914959    -0.0199870886852699    0.000461191284996489    0.000401176896912718    0.000707538060538533    0.00130122357797386
106.999999999975    0.011168974249247    -0.0209974950564392    0.000125285287835472    0.000442532057437575    0.000734371877954165    0.00127955413812188
107.499999999975    0.00057825443669397    -0.0212710842107153    7.95989584018383e-07    0.000454249813270575    0.000679419892601124    0.0013382039348438
107.999999999974    -0.00991315386803177    -0.0205997607129985    9.8655512818111e-05    0.000427251189121174    0.000620397619948454    0.00170324622071432
108.499999999974    -0.0199240111544712    -0.0192661404902634    0.000397692171310438    0.000373672834596987    0.000852027480158883    0.00157755038157928
108.999999999973    -0.0288806629013294    -0.0161334272527639    0.000835033347155738    0.000262514738437242    0.000969875010254624    0.00149240192877665
109.499999999973    -0.0355336271862401    -0.00991131863252207    0.00126329144839228    0.000101118242127106    0.000807952586220475    0.00169823587635123
109.999999999972    -0.038304325430394    -0.000854917939827738    0.00146765257029033    3.62151305718842e-06    0.000656676185652222    0.00170018480564588
110.499999999972    -0.0363409952853397    0.0084737199830506    0.0013211055459879    7.42350174365204e-05    0.000661519205179437    0.00155919437061879
110.999999999972    -0.0302775963073547    0.0152074745334522    0.000917178334220522    0.000234087067213655    0.000667454919361666    0.00167922170306941
111.499999999971    -0.0216967695313533    0.0186287904870046    0.000471426610135742    0.000349491064084585    0.00082267979134117    0.00156819293324227
111.999999999971    -0.0120096445742833    0.019887198141872    0.000145079027215205    0.000397743741629394    0.000920578304433631    0.00149769546147312
112.49999999997    -0.00194387062649712    0.02028731128193    4.54171309674919e-06    0.000413966364241327    0.000873544551921022    0.00154640395479365
112.99999999997    0.00809445006579368    0.0197278635153361    6.60798560281054e-05    0.00039329125313773    0.000748153834768094    0.00202550098938494
113.499999999969    0.0177000841746355    0.0185636870874093    0.00031428136298654    0.000348333634992413    0.000994174631218994    0.001929548318433
113.999999999969    0.0264329770786795    0.0160409982927409    0.000700130875023    0.000260217075064932    0.00119523963329769    0.00170395094918124
114.499999999968    0.0333295111538746    0.0110811941542433    0.00111189708145197    0.000126730250875347    0.00102018022707724    0.00198428500758089
114.999999999968    0.0370766506775    0.00356012266134632    0.0013753297602484    1.68792321628265e-05    0.000807300927185479    0.00205055085257473
115.499999999967    0.0367185940981801    -0.00495423067071806    0.00134893423361195    2.77533259543968e-05    0.000824063750595395    0.00179134709526468
115.999999999967    0.0323622893908444    -0.0120711733429107    0.00104794862089228    0.000149621338452896    0.000794258317880678    0.00197689468062892
116.499999999967    0.0251142206665949    -0.0164509646335876    0.000631619430971054    0.000274363413259826    0.00094623003578925    0.0019311074243233
116.999999999966    0.0163129978831647    -0.018446330543335    0.000267353417233567    0.000343290025177822    0.00111333611161706    0.00173865311774609
117.499999999966    0.00687433896706686    -0.0191897620722846    4.8392345189406e-05    0.00037145403271088    0.00106574338152861    0.00179082783091727
117.999999999965    -0.00277205489444137    -0.019192982371319    8.49984038943141e-06    0.000372717492665219    0.000903079205626534    0.00208492694343361
118.499999999965    -0.0121762398693765    -0.0183472380367949    0.000149242708634649    0.000341623580084807    0.000990904272901872    0.00223661273044589
118.999999999964    -0.0209842777029458    -0.0166561424202045    0.000442032660716155    0.000281024855593284    0.00130105726307714    0.00189678023796824
119.499999999964    -0.0284937016423507    -0.0129431816561202    0.000813415678063537    0.00017174420184033    0.00123476507086766    0.00205383798216971
119.999999999963    -0.0334457838724847    -0.00640324463246955    0.00111944379587518    4.66889006618322e-05    0.000907379209710587    0.00238481840788394
120.499999999963    -0.0345685532511919    0.00204034582155877    0.00119581595978342    8.35917927007621e-06    0.000911639129769551    0.00204845507603264
120.999999999962    -0.0315199585697243    0.00981917876669829    0.000994337223351141    0.000100856409767183    0.000910733283682038    0.00210716352350834
121.499999999962    -0.0252098878172627    0.0149146468273396    0.000636473478018902    0.000227520597568931    0.000966971695518    0.00225253359234908
121.999999999962    -0.0170581076018606    0.0173326235543196    0.000292467874541122    0.000304339335202756    0.00122018014426875    0.0019797716855742
122.499999999961    -0.00812592459515269    0.0182482788980588    6.76488858830227e-05    0.000336644124063999    0.00127209879998186    0.00190904199080597
122.999999999961    0.00108646901069381    0.018437693735681    2.34232396546957e-06    0.000344892196611889    0.00107791885328701    0.00222343120449461
123.49999999996    0.0101344998130556    0.0176802790235368    0.000103765919753474    0.000319302505204279    0.00102851022972567    0.00259041287330074
123.99999999996    0.0186665006292483    0.0162793584309948    0.000350499832500577    0.000269650676627759    0.00143582267667391    0.00215247896690247
124.499999999959    0.0261568580607574    0.0133404639446688    0.000686356531243498    0.000182539495853177    0.00147489241400511    0.00213811075348498
124.999999999959    0.0316136833914271    0.00808163894673971    0.00100056126919603    7.23548812602514e-05    0.00106596980381215    0.00265367541247816
125.499999999958    0.0338997634784354    0.000844490444965308    0.0011501756008824    6.47054155899079e-06    0.000990775952742597    0.00239945357266047
125.999999999958    0.0324180066992338    -0.00662377847901183    0.00105211332701074    4.86306871234017e-05    0.00108911370350656    0.00218088188226264
126.499999999957    0.0275753870828649    -0.012345828042755    0.00076148163474315    0.000158844652136298    0.00103906783865143    0.00253479428652952
126.999999999957    0.0204890641458534    -0.0156152099623386    0.000421448449605664    0.000249232338188271    0.00128323810447232    0.00232326408751827
127.499999999957    0.0122664203037665    -0.0170578822892217    0.00015256318241214    0.000295329559636996    0.00144848726038093    0.00208763297637623
127.999999999956    0.00356939391727354    -0.0176435810370169    1.44323249987796e-05    0.000316260982400615    0.00130067369547873    0.00222823485989067
128.499999999956    -0.00522709378301462    -0.0173433521699614    2.84362343263305e-05    0.00030812662429983    0.00105533165872172    0.00270827616917557
128.999999999955    -0.0136746506339892    -0.0163520454533126    0.000188814491776331    0.000273761659008237    0.00134848871506948    0.00252433525923878
129.499999999955    -0.0214076292043108    -0.0143154318894125    0.000460919119453781    0.000209422618352292    0.00162250772094283    0.00211920460830994
129.999999999954    -0.0276372719126838    -0.0101854064085083    0.000765548075582866    0.000110682059413402    0.0013150196984258    0.00263430364744069
130.499999999954    -0.0311794567697037    -0.00363602363647029    0.000973121058946039    2.12448356648333e-05    0.000981088422222357    0.00283269620324219
130.999999999953    -0.0310841922321231    0.00400688762321377    0.000967621087494284    2.12002302152354e-05    0.0011807119761835    0.00226827727365323
131.499999999953    -0.0273832366081878    0.010427271716408    0.000751125679906018    0.000115355702452697    0.0011331516959444    0.00257443333665786
131.999999999952    -0.0210884397816942    0.014323992449225    0.000446228075222924    0.000212227750759468    0.00122710341731235    0.00265537023294564
132.499999999952    -0.013415194784852    0.0161051628692414    0.000182268839013048    0.000264518786348798    0.00151703259606644    0.00226771146842038
132.999999999952    -0.00515591775166054    0.0168303140876408    2.8849449452646e-05    0.000288225246309197    0.00150531112756058    0.00222840167397072
133.499999999951    0.00329170871546787    0.0167503847303582    1.22425134680467e-05    0.000288444122395684    0.00118624078523696    0.00280512633951973
133.999999999951    0.0114682379854942    0.015882358420005    0.000133211910816637    0.000260694115349093    0.00130054923963084    0.00290599490150791
134.49999999995    0.019051035392889    0.0142536456036242    0.000365995278423312    0.000208186273411741    0.00174737771595106    0.00224050450078217
134.99999999995    0.0254504222697581    0.0110088973906089    0.000650206534580088    0.000127926674908398    0.00157560809565347    0.00259438878186011
135.499999999949    0.0297039533007069    0.00566943193533102    0.000883460343684296    4.18700923384269e-05    0.00106559935891547    0.00311891549566123
135.999999999949    0.0308744240251354    -0.00110086303214411    0.00095475302065116    7.73426586947676e-06    0.00123408337129233    0.00255389241236495
136.499999999948    0.0286546548090292    -0.00756855611924551    0.000822816726834717    6.3578271710561e-05    0.00131433808820113    0.00250902968902168
136.999999999948    0.0236224966377051    -0.0121866754400037    0.000559503425830104    0.000157277487377583    0.00121699565805144    0.0029601400469562
137.499999999947    0.0168259021555752    -0.014691904653504    0.000285461806815779    0.000222509034419136    0.00153323953340303    0.00258011086418454
137.999999999947    0.00916225750388745    -0.0158078365896188    8.67931468306651e-05    0.000255118015045358    0.00168706379936365    0.00228698871909518
138.499999999947    0.00112087241390278    -0.0162526983047145    3.26625664122727e-06    0.000271050866764057    0.0014177100101851    0.00262691160490542
138.999999999946    -0.00690448779803457    -0.0157122769451906    4.90334669482888e-05    0.000256824516226642    0.0011668398326594    0.00315418284572622
139.499999999946    -0.0145059360115845    -0.0145743608585262    0.000213187244577424    0.000219116921535253    0.00166284846129785    0.00258938739873206
139.999999999945    -0.0212815562153123    -0.0122483733423706    0.000456205215760551    0.000155403546194769    0.00181675006950755    0.00231967598182885
140.499999999945    -0.0264119173219655    -0.00789924158618519    0.000699167307599981    7.25723697245e-05    0.0012561572264799    0.00318972602077083
140.999999999944    -0.028844997922244    -0.00158928941971123    0.000833297473008526    1.18847946399963e-05    0.00112408535008057    0.0030592407195888
141.499999999944    -0.027917571952917    0.00520142450694158    0.000781506981309494    3.25506942441072e-05    0.00145470188120937    0.00234432876164902
141.999999999943    -0.0238987092373908    0.0105097719959204    0.000572708288288769    0.000119547536951097    0.00124899362505285    0.00301533241034288
142.499999999943    -0.0177919190123614    0.0135643438632941    0.000318507792503514    0.000192840819137922    0.0013983598825364    0.00297479321907197
142.999999999942    -0.0106120458610006    0.0149604425982641    0.000115811803494234    0.000229359749784751    0.00178781602472246    0.00235476263109371
143.499999999942    -0.00295789469222684    0.0155639392608083    1.15589844941873e-05    0.00024830219452986    0.00167625877593037    0.00246292290088998
143.999999999942    0.00479308424942535    0.0152520157111293    2.43521473112826e-05    0.000243731390151465    0.00117409143136012    0.00333277765518953
144.499999999941    0.0121987782853621    0.0142877434848458    0.000151192632812454    0.000213641184502108    0.00154351584281842    0.00308246177808508
144.999999999941    0.018939893430719    0.0124675053775805    0.000362801522470966    0.000160263209935395    0.00202038592946357    0.0021964789084798
145.49999999994    0.0243968723426326    0.00904952927203355    0.000597711680656192    9.12775349865327e-05    0.00158249820015018    0.00306325887595885
145.99999999994    0.0276819058908677    0.00382394785500389    0.000767346014411839    2.70224394396762e-05    0.00102864019996387    0.00352134381193988
146.499999999939    0.0280528674981669    -0.00237874217943948    0.000789284902426979    1.19919394941421e-05    0.00152365598389815    0.00251664958583781
146.999999999939    0.0254094804960536    -0.00795938189595565    0.000647855797762322    7.10684092959386e-05    0.00148798477243313    0.0027778857302402
147.499999999938    0.020401477385575    -0.0117389424741611    0.000417809067054073    0.000149343495325835    0.00126047115791938    0.00339716424598097
147.999999999938    0.0139712099811272    -0.0137377818931869    0.000198292809861553    0.000196187284736068    0.00176014247287138    0.00273141600480285
148.499999999937    0.00684020453253977    -0.0146710487460756    5.05574036751256e-05    0.000220576591535415    0.00194139270322828    0.00231017753120606
148.999999999937    -0.000601829680622204    -0.0149453123120449    2.46172745743904e-06    0.000232995877710367    0.00144897498010187    0.00310379084440382
149.499999999937    -0.00792638523027864    -0.0142599307749104    6.43329705533353e-05    0.000216102632438205    0.00122694243326896    0.0035716952183758
149.999999999936    -0.0147739889520009    -0.0129929995090369    0.000222173558758507    0.000175181936031125    0.0019755528858177    0.00252267710761635
150.499999999936    -0.0207100633105367    -0.0104749081189556    0.00043283766606898    0.000116185320061288    0.00198266077344052    0.00254197166796288
150.999999999935    -0.0249352459313071    -0.00610709767532543    0.00062306612271783    5.13729823122872e-05    0.00114001450125105    0.00375184491901276
151.499999999935    -0.0265544073165131    -0.000205734002147063    0.00070693953986187    1.02521430416717e-05    0.00134275535023518    0.0031952803573446
151.999999999934    -0.0251252768384779    0.00578040509307051    0.000634257087821995    3.89594212230177e-05    0.00172555834785131    0.00235506649227198
152.499999999934    -0.0210388868049584    0.0102265447122835    0.000444261146561362    0.000116807872338029    0.00127529940386901    0.00349652049696503
152.999999999933    -0.015232138003285    0.0127111190573791    0.00023438214701525    0.000172322624630256    0.00153756914125234    0.0032787309952771
153.499999999933    -0.00854621319394512    0.0138844287048436    7.7325745091828e-05    0.000198245843014115    0.00207074506771507    0.00233847868372351
153.999999999932    -0.00145294831643399    0.0143780103871664    5.45380877841618e-06    0.000214244351211011    0.00182831889127357    0.00274174552384882
154.499999999932    0.0056566621906283    0.0139103509506926    3.32793567140619e-05    0.000208306458102015    0.00113204663118536    0.0038481936711374
154.999999999932    0.0123759666692945    0.0128750259487443    0.00015638810844515    0.000175872699564957    0.00179542681434269    0.00317905746788552
155.499999999931    0.0183822665139514    0.0109404435926522    0.000343018419024263    0.000124555060554672    0.00226068503651484    0.002204938672768
155.999999999931    0.0230629656405499    0.00750614003229827    0.000534344753174963    6.90095563783317e-05    0.00156344780462221    0.00355913166290053
156.49999999993    0.0256306116343469    0.00255586532423708    0.00065809693827866    2.17053993342767e-05    0.00108105759695862    0.00389524733215224
156.99999999993    0.025505095946404    -0.00305350179088703    0.000653895360074874    1.50955731794241e-05    0.00183995674938341    0.00240243626189621
157.499999999929    0.02270700326438    -0.00790290441255464    0.000518241360807677    7.24209704447653e-05    0.00162276417236568    0.00315675027374511
157.999999999929    0.017887390527814    -0.0110836112328481    0.000321650853020096    0.000137294111266202    0.00130081248670497    0.00380100951133862
158.499999999928    0.011875107418179    -0.0127689635170511    0.000144987066086159    0.000171246989575897    0.00199220729164152    0.00286366203943758
158.999999999928    0.00525831475888946    -0.0136021235188473    3.24020169312971e-05    0.000190385562550862    0.00217994101473924    0.00231685095094271
159.499999999927    -0.00161779125695598    -0.0137273630180291    4.69985667560011e-06    0.00020168713687117    0.00144312443140461    0.00363959358203883
159.999999999927    -0.00831099556563816    -0.0129688621136953    7.09169821770199e-05    0.000183214436468645    0.00135806291642275    0.00387595819696267
160.499999999927    -0.0144947628557243    -0.0116218409173295    0.00021520619818035    0.000141111475981117    0.00226009909885965    0.00245851371226657
160.999999999926    -0.0197269284735001    -0.00905037318435595    0.000393548444374836    9.00907275540048e-05    0.00209683985469758    0.00286032738998449
161.499999999926    -0.0232704878225354    -0.00485938453952056    0.000542584674121909    4.19055414788585e-05    0.00103395871442795    0.00427690581798653
161.999999999925    -0.0243801893800743    0.000534996039543622    0.000597056321676013    1.06257249760879e-05    0.00163177433112694    0.00321550994614549
162.499999999925    -0.0227517335186854    0.00582616897842608    0.000521470117708599    4.02203499187137e-05    0.00195671653627366    0.00250521555031484
162.999999999924    -0.018806127688278    0.00965209080993249    0.000355314451085662    0.000108802604860665    0.00128219049202799    0.00395471210804043
163.499999999924    -0.0133866313649218    0.0117859539616134    0.000182092486298099    0.000151490789055318    0.00170017263764301    0.00354712253383604
163.999999999923    -0.00719768233149236    0.0128489483446532    5.72832888603013e-05    0.000170176211384629    0.00234022603934408    0.00225404920555512
164.499999999923    -0.000637913098537166    0.0132634546080305    4.08138456597139e-06    0.000185785389557299    0.00191688587158602    0.0031410446380168
164.999999999922    0.00589211264632361    0.0127255280611143    3.59332385323978e-05    0.000180249513466173    0.0011028359331429    0.00427907104778189
165.499999999922    0.0120109914101998    0.011655679091696    0.000148490357786196    0.000146087065726423    0.00205583149365473    0.00319878268061838
165.999999999922    0.0174009497196565    0.00970675188146431    0.000308843033275633    9.93257038372277e-05    0.00245967114257538    0.00225935206395919
166.499999999921    0.0214905154915895    0.00641416332168729    0.000464085581989674    5.76859727186571e-05    0.00149777364625832    0.00406749082376083
166.999999999921    0.0236006650408774    0.00185807171057025    0.000558516412769122    2.0801062432743e-05    0.00123491797194423    0.0041651688982707
167.49999999992    0.023263245661012    -0.00318879838173426    0.00054579061295338    1.50996080920189e-05    0.00214756007338236    0.00222062445556827
167.99999999992    0.0205415677807791    -0.00747727020911906    0.000424810721740534    6.8754249722718e-05    0.00168959014207331    0.00358394753624249
168.499999999919    0.0160424086210784    -0.0102656558330956    0.000259088180102333    0.000122935677170838    0.00131503069800065    0.00418950921794761
168.999999999919    0.0104888464403952    -0.0117855349720864    0.000115061334982117    0.000147158380955326    0.00224620465049952    0.00287394265375168
169.499999999918    0.00437521889845069    -0.0125778038546996    2.4809552665902e-05    0.000163711590870025    0.00238054873013384    0.0023474328665008
169.999999999918    -0.00197238908851181    -0.0126352660739945    5.70440142245617e-06    0.000177087406630551    0.00134687887576267    0.004175818227595
170.499999999917    -0.0081110382657908    -0.0118487486574798    6.80650952105918e-05    0.000157101939323152    0.00150869263319909    0.00408767593811218
170.999999999917    -0.0137302593320475    -0.0104881982142392    0.000194928543125562    0.000115286396725735    0.0025315058365099    0.00229871593385607
171.499999999917    -0.0184094345461152    -0.00800266814653944    0.000343580685399876    7.43053777727821e-05    0.00216180597930906    0.00320354183820737
171.999999999916    -0.0215002744359015    -0.0041418707484746    0.000463047181305249    3.99565652895017e-05    0.000886216952089716    0.00477508868948339
172.499999999916    -0.0223804937301302    0.000715941041717273    0.00050469787036924    1.00174772430749e-05    0.00195227323006847    0.00308300270318722
172.999999999915    -0.0208035432459088    0.00545079435126875    0.000437431387207371    3.69176852773872e-05    0.00215498854358297    0.00268449738639544
173.499999999915    -0.0171575212521124    0.00886382753632931    0.000295815763397645    9.80547485581476e-05    0.00119800996696838    0.00441444333572851
173.999999999914    -0.0121882570850247    0.0108096923732756    0.000152019845744299    0.000131057541421636    0.00186178274072027    0.00376936230903639
174.499999999914    -0.00649844661553362    0.0118424431014475    4.90404155497539e-05    0.000144147569280569    0.00260971399483039    0.00197588225093198
174.999999999913    -0.000445829172255722    0.012240497218866    3.96205412490059e-06    0.000162654347364814    0.00193992022363456    0.00358114160565429
175.499999999913    0.00557158650007588    0.0116975973392585    3.20819765306649e-05    0.000158496043015481    0.00101950988363875    0.00465427325197553
175.999999999912    0.0111774458706559    0.0106364824670534    0.000130245620494382    0.000123167079229523    0.00230441409103037    0.00316738377175698
176.499999999912    0.0160726100719072    0.0087679547750056    0.00026534990172939    8.17472068754501e-05    0.00264973719561351    0.00220684751147573
176.999999999912    0.0197498774280126    0.00574230147146434    0.000391927072484905    5.40898232622557e-05    0.00136726517668789    0.00459519282218649
177.499999999911    0.0216346738114664    0.00165087702047103    0.000470043426327357    2.16370830514258e-05    0.00140865730353644    0.00434875707699412
177.999999999911    0.0213218979056839    -0.00289033759608608    0.000460542514521922    1.22744011934098e-05    0.00243293736489754    0.0019799873166415
178.49999999991    0.0188573746644599    -0.00677132892940672    0.000358572304033901    6.15288759302303e-05    0.00172386913600995    0.00395954296100067
178.99999999991    0.0147774441436232    -0.00932707102277947    0.000220000341428136    0.000108138098994114    0.00127572959918291    0.00459824370060374
179.499999999909    0.00971361348433923    -0.0107879357703371    0.000100600793836688    0.00012386515531989    0.00249930128506973    0.00273598193250082
179.999999999909    0.00409678436615875    -0.0115876448067108    2.32638763222441e-05    0.000140306873823226    0.0025456304090424    0.00245629022241564
180.499999999908    -0.00175929553449812    -0.0116649575539893    4.55118461956562e-06    0.000157589654730118    0.00120667470424327    0.00463879510150496
180.999999999908    -0.00741473236017776    -0.0108870548666826    5.76917900259619e-05    0.000136883638559089    0.00164728080572032    0.00428435233015815
181.499999999907    -0.0125620417751334    -0.00957564268180856    0.000165585260121873    9.57806736765748e-05    0.0027893308447861    0.00202181623964715
181.999999999907    -0.0168250556821814    -0.00728653735987489    0.000287997153421031    6.58412781881397e-05    0.0022169020529847    0.00357038534212866
182.499999999907    -0.0196565418566919    -0.00385642347736869    0.000386986844808302    4.16494068127506e-05    0.00077923490965389    0.005174688857888
182.999999999906    -0.0205296043484821    0.000459957346502196    0.000426420778296759    9.01600872794128e-06    0.00222623529563754    0.00296722900486968
183.499999999906    -0.0191995396871906    0.00474614359661129    0.000374014412072348    3.05063350807208e-05    0.00232208696485336    0.00282497009560569
183.999999999905    -0.0159796305879687    0.00789802065553408    0.000256475304189585    8.60574464983675e-05    0.00106146618487826    0.00486607811518934
184.499999999905    -0.0115176948591322    0.00977356962268667    0.000136751109631221    0.000110882687318788    0.00202331776128698    0.00391918666935935
184.999999999904    -0.00633912868976467    0.0108389930167532    4.82516152919676e-05    0.000120420411715885    0.00284025751412967    0.00171366335628084
185.499999999904    -0.000777643551422377    0.0112892369701392    4.38350822711095e-06    0.000143224165946686    0.00194390810843572    0.00397206427172676
185.999999999903    0.00478327327688463    0.010804696422472    2.3792088916052e-05    0.000141611145998551    0.00095518881625225    0.00498695109428321
186.499999999903    0.00995163257274942    0.00978961868585485    0.00010546551626985    0.000105557275092806    0.0025358480646212    0.00311779426491995
186.999999999902    0.0144553310671778    0.0080758424122637    0.00021691075490198    7.01631815074856e-05    0.00282031179841255    0.00222349968288024
187.499999999902    0.0178659693367564    0.00540395813457789    0.000320799825259831    5.47142858815697e-05    0.00126766119997133    0.00505089322410394
187.999999999902    0.0197054410998766    0.00181845663454818    0.000390863705932516    2.35928897057588e-05    0.00159978029485636    0.0045040098994148
188.499999999901    0.0195985644737592    -0.00225549770833968    0.000391290307317129    8.2478094508622e-06    0.00268077934284673    0.00177779063405584
188.999999999901    0.0175350875132431    -0.00583278492259163    0.000310543576419223    5.25304864346812e-05    0.00175050916082452    0.00430222111024863
189.4999999999    0.0139620409948716    -0.00826719964540624    0.000196473805508556    9.30969805156152e-05    0.0012390386459195    0.00497497643598542
189.9999999999    0.00942717654412201    -0.00974790150246839    9.63148706589654e-05    0.000101609130455561    0.00272822525919711    0.00256662166158854
190.499999999899    0.0043159175932734    -0.0106044528564376    2.58226386760746e-05    0.000119379622996402    0.00268244179883698    0.002631577969963
190.999999999899    -0.00107190557217626    -0.0107926113498381    2.30508954519101e-06    0.000141759397618394    0.00107522462282469    0.00502781641169792
191.499999999898    -0.00630584439419126    -0.0100656093635149    4.29300556772304e-05    0.000121357063381358    0.00177943309890455    0.00447666969101805
191.999999999898    -0.0110625490470726    -0.00885360859033042    0.000131478866765361    8.13740364985446e-05    0.00301643421053324    0.00172848240597698
192.499999999897    -0.0150229058586904    -0.00683547761652251    0.000230883196990657    6.20498193100906e-05    0.00227936318992428    0.0039148518572368
192.999999999897    -0.0177435770907143    -0.00389319722951319    0.000315412227746749    4.53538223416184e-05    0.000760065637053111    0.00549516493598957
193.499999999897    -0.0187739145074822    -0.000120700621822265    0.000358517890076757    8.78535570706505e-06    0.0024613053736803    0.0029615514628243
193.999999999896    -0.0178391423844841    0.00378304848868467    0.000324515717977328    2.2587427443697e-05    0.0025061358629238    0.00287679884176104
194.499999999896    -0.0151497365619729    0.00677309918345839    0.000230362050392362    7.38306836771026e-05    0.000920615280768874    0.00528732551751241
194.999999999895    -0.0112533511562905    0.00865873239511942    0.000131229471974606    9.17106007723147e-05    0.00214279250694532    0.00409108226292557
195.499999999895    -0.0066115271598316    0.00980921127527569    5.29597236521371e-05    9.8529289789464e-05    0.00304095910313608    0.00151942882244229
195.999999999894    -0.00154119082915283    0.0103691540337857    6.34094774487548e-06    0.000125543961635302    0.00199140115823274    0.00424553957217783
196.499999999894    0.00360454997424555    0.0100303467452995    1.37637676424082e-05    0.000128810516040388    0.00087805872558424    0.00531061768624405
196.999999999893    0.00840162721129886    0.00909138428083004    7.79579929516814e-05    9.24328351540039e-05    0.00271489468562668    0.00312722992635342
197.499999999893    0.0125989223977523    0.00757660274235612    0.000167681342496063    6.24743828517076e-05    0.00299140383624104    0.00225154918583392
197.999999999892    0.0158500435843024    0.00529873516618761    0.000252854164061197    5.6866911015177e-05    0.00127682513952037    0.0053656608776351
198.499999999892    0.0177673094848826    0.00224215441815214    0.000318624879205141    2.76067578209188e-05    0.0017168555191223    0.00475178928258395
198.999999999892    0.0179940021320637    -0.00137409750032674    0.000332235724675714    4.43043549947566e-06    0.00290716562084093    0.00159445650899341
199.499999999891    0.0164418813690968    -0.00470564493033303    0.000273809811744832    4.24679731232548e-05    0.00186396051175473    0.00450831220224219
199.999999999891    0.0134524026691179    -0.00708723019932036    0.000182247492934343    7.8867639033508e-05    0.00113152788841139    0.00535152381433078
200.49999999989    0.00949275085618782    -0.00864043007384632    9.83877102064672e-05    8.14133377328055e-05    0.00287669800097483    0.00259928949364581
200.99999999989    0.00490926967071527    -0.00960092410175987    3.22342201032425e-05    9.92647040907435e-05    0.0028518926002635    0.00266213457266718
201.499999999889    -1.44891093992916e-05    -0.00997484034597238    1.14209120880121e-06    0.000127474904644738    0.00106858844954923    0.00528937280942642
201.999999999889    -0.00487941500552622    -0.00937184920255572    2.70805987266632e-05    0.00011016822384495    0.00180884159906519    0.00472616825446425
202.499999999888    -0.00931654393998515    -0.00828832796410695    9.68536983239509e-05    7.12934199240622e-05    0.00317107353088459    0.00161153327097673
202.999999999888    -0.0130581086477885    -0.00655947191888006    0.000176327491580741    5.92115854239943e-05    0.00241107654861724    0.00402304779606435
203.499999999887    -0.015755865961148    -0.00410545089691787    0.000248806892377278    4.98283393522985e-05    0.000748050928490326    0.00574226543145602
203.999999999887    -0.0170324292295894    -0.000882354639102672    0.000296755440261609    1.11542408360634e-05    0.00257910736508519    0.00322113196359873
204.499999999887    -0.0165812257426382    0.00265541884566642    0.000282430665990544    1.42212205024379e-05    0.00273744750857739    0.00267768020056868
204.999999999886    -0.0144925280383629    0.00553360900486599    0.000210901448084474    6.13954622214352e-05    0.000931707648213252    0.00554748894570339
205.499999999886    -0.0112077614991253    0.00747140818987593    0.000130051093545569    7.54249130939568e-05    0.00210646047299558    0.0044275244498717
205.999999999885    -0.00712965692712944    0.0087458885794135    6.09624209136829e-05    7.85328069131505e-05    0.00318283097495265    0.00142906958180314
206.499999999885    -0.00255598944224653    0.00945704953378592    1.12078115664001e-05    0.000107526080472626    0.00216211228605833    0.00425326869456246
206.999999999884    0.00220400094833111    0.00937736317467806    5.41067096974362e-06    0.000119012743824174    0.000743673846184734    0.00557474696415589
207.499999999884    0.00669890570178136    0.00854156120300691    5.23498447242236e-05    8.40316246931118e-05    0.00273395448441717    0.00332766538407921
207.999999999883    0.010665646491885    0.00722666622260631    0.000123527634685787    5.66501255967815e-05    0.00312595898820306    0.0021036684396127
208.499999999883    0.0138242527592914    0.00530714859266005    0.00019315968747428    5.7353782698285e-05    0.00143168541289772    0.00540258794594882
208.999999999882    0.0158656212583834    0.00274190278242349    0.000254459063344873    3.3285215596062e-05    0.0016556344495103    0.00507613876167706
209.499999999882    0.0164604061442291    -0.000429167130400237    0.00028021547435762    2.70047549231699e-06    0.00304475022368757    0.00158628215223554
209.999999999882    0.0154462136741722    -0.00353945978095395    0.000243081829785849    3.1731251282486e-05    0.00212045111183059    0.00438217705501449
210.499999999881    0.0130521202841672    -0.00589627223649306    0.000171240979156292    6.65842196352274e-05    0.000939752756805546    0.00564076177022115
210.999999999881    0.0096698020945376    -0.00753472388429126    0.000101620006716905    6.55670817001031e-05    0.00284867235205824    0.00296563950735653
211.49999999988    0.00560783644232036    -0.00862274128652203    4.05387220408428e-05    8.01717720996749e-05    0.00301511069067563    0.00241248933787971
211.99999999988    0.00113300146719495    -0.00918936384256976    2.8513077429933e-06    0.000112530606163093    0.00125204449534647    0.00529964133993654
212.499999999879    -0.00341533128001402    -0.00882461559503546    1.4409597482029e-05    0.000102617028962173    0.00165683726714086    0.00497425256315254
212.999999999879    -0.00760878917819032    -0.00787388061626411    6.79362846797863e-05    6.51640302654927e-05    0.00316900803432874    0.00177933535521357
213.499999999878    -0.011197524548703    -0.00638521921263699    0.000131970566454828    5.51208456898115e-05    0.00256632235621758    0.00378811579764703
213.999999999878    -0.013899422740134    -0.00432127054472542    0.000193785074649087    5.21678284418332e-05    0.00076884467880831    0.00578743892590856
214.499999999877    -0.0154036744111866    -0.00157663840412927    0.000243561853577721    1.58062877881248e-05    0.00250772171739136    0.00364972589802981
214.999999999877    -0.0153958916748792    0.00161690407280456    0.000245570377324762    7.67649436546888e-06    0.00292179685470212    0.00224991457278202
215.499999999877    -0.0138598404227169    0.0043960834100067    0.000193486884003676    4.93749634782643e-05    0.00117970651456135    0.00548173459139788
215.999999999876    -0.0111364955792918    0.00637881315280203    0.000127550351111774    6.36588214560421e-05    0.00187851465902938    0.00479265732320619
216.499999999876    -0.00757822692303251    0.00776682771006505    6.75390381234983e-05    6.28373461281916e-05    0.00317954632400971    0.00158547578043857
216.999999999875    -0.00345940341522786    0.00862141941195103    1.76123756516498e-05    8.98927432130593e-05    0.00237590060026921    0.0039451071641076
217.499999999875    0.000948293026655404    0.0088392051931724    1.30618126252463e-06    0.0001100120590203    0.000637904066550264    0.00564628289880111
217.999999999874    0.00520519336239576    0.00811794655583034    3.36337714461749e-05    7.91427350053571e-05    0.00255729026632607    0.00363891174969103
218.499999999874    0.00899499307399324    0.00695586809380198    9.08264052373555e-05    5.18115997743153e-05    0.00314904824290914    0.00185135054377686
218.999999999873    0.0120756853320024    0.00528530038286279    0.000148571289380066    5.41898464692934e-05    0.00165804497602705    0.00512400686301296
219.499999999873    0.0141928539010386    0.00308320812165324    0.000203590144568575    3.74202074980424e-05    0.00146732501932892    0.00528337346556288
219.999999999872    0.015056330041392    0.00028972786939631    0.000235837981778967    3.79636358340215e-06    0.00302405480500007    0.00192676447577207
220.499999999872    0.0144630916533887    -0.0026097270028532    0.000214880421130645    2.22138489982288e-05    0.00238734181807387    0.00392468775430704
220.999999999872    0.0125489539247329    -0.00492587312323233    0.000158105422628174    5.65904214388691e-05    0.000793207427539763    0.00568561301995541
221.499999999871    0.00964333900941744    -0.00660927874518724    9.98891397383287e-05    5.56062084765839e-05    0.00262586223701408    0.00345306283536806
221.999999999871    0.00602057669696029    -0.00779794926193153    4.57096821109822e-05    6.48111901972642e-05    0.00307609140745214    0.00200079421870558
222.49999999987    0.00192780110727993    -0.00849611719029644    6.04397027531804e-06    9.74207693116226e-05    0.00152563205462139    0.00502362040767133
222.99999999987    -0.00234088394390576    -0.00836112588213914    7.3919197990408e-06    9.63392457969965e-05    0.00138281674859867    0.00514109130243954
223.499999999869    -0.00632212064546562    -0.0074947821769225    4.90874693524602e-05    6.0757887621151e-05    0.0030196456574634    0.0021415246301726
223.999999999869    -0.00975418694054999    -0.00614928998624566    0.000102297568848427    4.90648086038458e-05    0.00267458519722794    0.00335425718586166
224.499999999868    -0.0123924305547255    -0.00432223748110164    0.000154390146807792    5.03998114628833e-05    0.000904329449977835    0.00563188020290236
224.999999999868    -0.0139804257083534    -0.00192230746521869    0.00020082347440816    2.01489184950335e-05    0.00231757878428549    0.00405631020808296
225.499999999867    -0.014228835578558    0.000961766090352889    0.000211548421727044    4.22374462404298e-06    0.00301474042089948    0.00181624629703416
225.999999999867    -0.0130609037633537    0.00360639619852525    0.000172914705183693    3.93619108296103e-05    0.00152561399708634    0.00513379170680628
226.499999999867    -0.010740845305613    0.00556671150399115    0.000117746155803937    5.64907261475865e-05    0.00154285382484185    0.00504999496820731
226.999999999866    -0.00758094738009388    0.00699650731369508    6.66672180419065e-05    5.29044414741835e-05    0.00303256572264381    0.00198829748367663
227.499999999866    -0.00382558929258339    0.00794062316043608    2.11449697074224e-05    7.48612631286537e-05    0.00255143807918077    0.00343624314515139
227.999999999865    0.000273212859413913    0.00832183195367623    5.81221537428477e-07    0.000100015607548178    0.000711741716410771    0.00554641510193306
228.499999999865    0.0042958200648513    0.00767236485162934    2.36624777846369e-05    7.47039117972197e-05    0.00228219362786287    0.00397979011766984
228.999999999864    0.00787749267650005    0.00657732568049321    7.16878270604336e-05    4.60227272139836e-05    0.00310369718112474    0.00166178040267302
229.499999999864    0.0107961298291105    0.00502724940776203    0.000120088141066362    4.76365415710944e-05    0.00187928757228677    0.00472898561673122
229.999999999863    0.0128337024340038    0.00304210728215467    0.000166316295713546    3.82368709673574e-05    0.00126979429396674    0.00538353547877405
230.499999999863    0.0137496570075997    0.000542928576206366    0.00019760068196203    6.12898094736239e-06    0.00292363030073797    0.00241541083637979
230.999999999862    0.013345238173628    -0.00212875727523843    0.000184963776857253    1.57677254867226e-05    0.00262076228345774    0.00335203191360733
231.499999999862    0.0117036833414359    -0.00433062129158802    0.000137725729030626    4.96907958411493e-05    0.000865751277227512    0.00556206032599376
231.999999999862    0.00911046012948192    -0.00596502351274889    8.83467256412593e-05    5.10200230407463e-05    0.00231219416796677    0.00392918789740313
232.499999999861    0.00580782571539504    -0.00717230498396756    4.3119760474655e-05    5.42849833149406e-05    0.00306413461425099    0.00168612708058875
232.999999999861    0.00201754014423757    -0.00790896355254025    7.33315226053765e-06    8.39446742110841e-05    0.0018062901281155    0.00462525347799166
233.49999999986    -0.00197278114325981    -0.00782747048155864    5.10786378823384e-06    8.92928576567475e-05    0.00110272315158084    0.00529372869696547
233.99999999986    -0.00568510201769913    -0.00695890253952175    4.04297901980587e-05    5.50531836326955e-05    0.00284770174814918    0.00257426864917654
234.499999999859    -0.00885747789509181    -0.00565251839050042    8.61624624081262e-05    4.05180710738207e-05    0.00277624706142773    0.0029269620631083
234.999999999859    -0.0112688982643361    -0.00392903790789079    0.0001281797629186    4.54021842583149e-05    0.00109164775758612    0.00547401547099313
235.499999999858    -0.0127127254365232    -0.00176038623553102    0.000166140106882522    2.28659685529876e-05    0.00212760871827925    0.00444601044249117
235.999999999858    -0.0129539321698474    0.000832548273098587    0.000177378696448442    3.15900381165892e-06    0.00309424268399135    0.00157030799036988
236.499999999857    -0.0119086419528427    0.00326163134135788    0.000145366858175648    3.30377949593841e-05    0.00188443758576455    0.00473281691516333
236.999999999857    -0.00979773932775213    0.00508488505076996    9.75085414326618e-05    5.34930890325665e-05    0.00122997784454885    0.00525709359370961
237.499999999856    -0.00689906661806227    0.00644738268217495    5.57401238518853e-05    4.80091623873828e-05    0.00285359486462673    0.00253779804889462
237.999999999856    -0.00342140647602805    0.00738027055810596    1.91202660130254e-05    6.28483229488558e-05    0.00272291089439569    0.0028948107775829
238.499999999856    0.000388369975110834    0.0077220536660003    9.80333539765566e-07    8.95985886705774e-05    0.00091077016980025    0.00547434707065499
238.999999999855    0.00409845120303715    0.0070198689551974    2.09342128444521e-05    6.84487219961191e-05    0.00203393966989571    0.00437837433849309
239.499999999855    0.00734804391978752    0.00590860866976183    6.3636830124614e-05    3.7614336250131e-05    0.00310533100932696    0.00164398291893388
239.999999999854    0.00993569710558776    0.00438100644381886    0.000103207022448984    3.87345932063558e-05    0.00211871316487139    0.00442056283131158
240.499999999854    0.0116751462323869    0.00251950251440005    0.000137596723003377    3.72562087845568e-05    0.00113476140917725    0.00555952478764945
240.999999999853    0.0123894581356278    0.000274580417093116    0.000161733978950272    8.64120725203518e-06    0.00286972229593696    0.00292674099410661
241.499999999853    0.0119219685143472    -0.00211898463450936    0.000150432189479263    1.26081608662972e-05    0.00288077354579943    0.00284922182095576
241.999999999852    0.0103433749258327    -0.00409855390966787    0.000108253958451261    4.66239385458134e-05    0.00112630084565146    0.00546129969836481
242.499999999852    0.0079093106607778    -0.00557227996868929    6.65950364242542e-05    5.07772608120532e-05    0.00200943805467122    0.00444150388523947
242.999999999851    0.00482704010214974    -0.00669163489848356    3.27609085486134e-05    4.75087665889624e-05    0.00307580760140352    0.00165250990144063
243.499999999851    0.00129926524007308    -0.00732655173969941    6.10640440085813e-06    7.21903685070368e-05    0.00210197864803522    0.00430255832180627
243.999999999851    -0.00235483609272046    -0.00707071166151973    6.32843292805665e-06    8.06655245657664e-05    0.000884974521937024    0.0055381008626979
244.49999999985    -0.00566411888785312    -0.0061151300547196    3.96304634781309e-05    4.68131643504347e-05    0.00274740253737898    0.00306893283802364
244.99999999985    -0.00840340635534205    -0.00476917557274989    7.92752090393113e-05    2.9538853634321e-05    0.00294244297588043    0.002606495346362
245.499999999849    -0.0103746962302274    -0.00307152255562209    0.000109394554816751    3.91187352707897e-05    0.00132673770853803    0.00544834694756992
245.999999999849    -0.0114286304309454    -0.00108826673858185    0.000134605037943176    2.51210230905522e-05    0.00199785995906747    0.0048925145473722
246.499999999848    -0.0114101270131164    0.00118883083521746    0.000140608191214807    4.06693797380867e-06    0.00322756762273976    0.00162899331461023
246.999999999848    -0.010267077033442    0.00330545392345576    0.000110587789135787    3.03254617862349e-05    0.00227484468154536    0.00440447910043241
247.499999999847    -0.00819863087013166    0.00488363368915481    6.8270099564446e-05    5.41646216505073e-05    0.00102593928659068    0.00550588263956466
247.999999999847    -0.00544476472776106    0.00608223893014294    3.69210371055564e-05    4.73067696223988e-05    0.00269732722614172    0.00321140766939554
248.499999999846    -0.00218591318079636    0.00686103126054173    1.33040834084146e-05    5.31269481585308e-05    0.00291990872707271    0.00246032481603547
248.999999999846    0.00130589477879231    0.00694795525299038    3.13805508077179e-06    7.81188231388214e-05    0.00119695192363552    0.00546303404174501
249.499999999846    0.00458022638440246    0.00607913315610315    2.43048566655399e-05    5.99024412295721e-05    0.00182383741960829    0.00479025900134215
249.999999999845    0.00733466169028953    0.00487533796343018    6.35663137457884e-05    2.73192935646617e-05    0.00312554821347993    0.00188424343092875
250.499999999845    0.00939092239074376    0.00329901321874915    9.37869603085546e-05    2.84602037419232e-05    0.00236591144373201    0.00419245936467386
250.999999999844    0.0105993879504058    0.00150583245376514    0.000113648037536934    3.53442060836023e-05    0.00114061939915402    0.00575123245094388
251.499999999844    0.0108611753593132    -0.000495639912373492    0.00012611003737657    1.216268677044e-05    0.00285392837871213    0.00345210484309246
251.999999999843    0.0100918405349737    -0.00255234478496754    0.00011171489327704    1.27886819873051e-05    0.00314159957564659    0.00250483893413411
252.499999999843    0.00837574304108551    -0.00422711303462471    7.24417086493244e-05    4.63043751393924e-05    0.00151282423269595    0.00533253134373332
252.999999999842    0.00593706336294858    -0.00547620211789755    3.8221963442386e-05    5.42269941172704e-05    0.00172430915636369    0.00492323110174657
253.499999999842    0.00295042216937945    -0.00639254013889046    1.79668047665147e-05    4.49659715159171e-05    0.0030433228203641    0.00202519186463689
253.999999999841    -0.000354781283521999    -0.00671261480947683    5.64270704829936e-06    6.13087743839539e-05    0.00234879485889293    0.00403107638274769
254.499999999841    -0.00360113273552702    -0.00610058362709676    1.36898809897225e-05    6.8363152325441e-05    0.000849543413156851    0.00558086299188934
254.999999999841    -0.00638335825218476    -0.00497924685305    4.73684002774634e-05    3.70164556939054e-05    0.00257315714672233    0.00349622031203656
255.49999999984    -0.00851705918672492    -0.00348988202557022    8.14254853292052e-05    1.82278795212086e-05    0.00298080327076945    0.00245939077188041
255.99999999984    -0.00982689652718565    -0.00172558137618976    9.90206828272454e-05    3.09850548488219e-05    0.0015661377561479    0.00529220405530332
256.499999999839    -0.0102259476311331    0.000149773718846893    0.000108309272954299    2.60005601253991e-05    0.00193371869712796    0.00509687433222969
256.999999999839    -0.00965804724516777    0.00212180736921889    0.000103876290588483    8.64214617621514e-06    0.00325552054187808    0.00203471857123867
257.499999999838    -0.00814300506779446    0.00386673963917331    7.28876268652167e-05    3.12890615737716e-05    0.00256497472328491    0.00404195325759928
257.999999999838    -0.00586849638834136    0.0051659810204104    3.55983874444816e-05    5.67387402443223e-05    0.00107663252064296    0.00548191393047007
258.499999999837    -0.00302670993096178    0.00614021943422937    1.50685083348327e-05    5.16085910133842e-05    0.00243054218820617    0.00372911468218613
258.999999999837    0.000169134352111599    0.00652118002821018    8.32724804761162e-06    4.80671499743422e-05    0.00288073629798831    0.00235400956115623
259.499999999837    0.00335970146942171    0.00607357433984125    1.33930327749244e-05    6.2561170429109e-05    0.00145101302933158    0.00506683976138292
259.999999999836    0.00613102479174591    0.00496655753591917    4.02315090936418e-05    4.67577881270583e-05    0.00162543658647111    0.00470011642084138
260.499999999836    0.00827176563631734    0.00353061341160593    7.65646724205094e-05    1.77465738762129e-05    0.00285351812301044    0.00229811723243207
260.999999999835    0.0096034338960579    0.00175829138057824    9.76997123853337e-05    1.78486796110783e-05    0.00233960889667055    0.00384149593674945
261.499999999835    0.0100157654947473    -0.000109373084132465    0.000102015233384383    2.90156824455547e-05    0.0013037158197297    0.00538551018697598
261.999999999834    0.00949411613034437    -0.00197483251302553    9.7241799655449e-05    1.65348122406429e-05    0.00266525018694004    0.00355455324705373
262.499999999834    0.0080634870071338    -0.00369671320985882    7.41898656135863e-05    2.01417669547716e-05    0.00302820786924722    0.00254481402047908
262.999999999833    0.00586367110509624    -0.00503783822886735    3.74240942957271e-05    4.8514826550942e-05    0.00174397691125384    0.00480988695612534
263.499999999833    0.00307734061304287    -0.00606128419806554    1.17732094141816e-05    5.97025444264337e-05    0.0015176245140016    0.00479201192576925
263.999999999832    -0.000102307564447372    -0.00651329315260791    7.08071640283371e-06    4.84283209472817e-05    0.00265899408895367    0.00245057814718742
264.499999999832    -0.00329702656021274    -0.00612718125469776    1.56577984695577e-05    5.13158137326959e-05    0.00218801607188098    0.00371126172679539
264.999999999832    -0.00610146936730032    -0.00502373673220102    3.8644440752179e-05    4.77717516997546e-05    0.00119017322775926    0.00474698019221577
265.499999999831    -0.00826899113465371    -0.00358262951553281    7.31308422866027e-05    2.45042209013249e-05    0.00218051092673737    0.0034159898500666
265.999999999831    -0.00961599172863647    -0.00174851806919    9.88664891406034e-05    9.79417564731088e-06    0.00252966247064669    0.00259554622556158
266.49999999983    -0.00998925614580577    0.000254352466316902    0.000102359634331574    2.06845380463911e-05    0.00160449243845374    0.00454090771424278
266.99999999983    -0.00937881736275354    0.00216357867985552    9.14248929849855e-05    2.34000929851025e-05    0.00186082719807567    0.00432654831027889
267.499999999829    -0.00785642258386825    0.00387941002887894    6.92683511643372e-05    2.16251444622712e-05    0.00274681185158759    0.00256423912498518
267.999999999829    -0.0055651730200038    0.00521345749963407    3.62622351845052e-05    3.98334749917129e-05    0.00230023573616423    0.00355715277872938
268.499999999828    -0.00270034259421647    0.00619978541082698    8.89763930996538e-06    6.05012507533088e-05    0.00126719737366585    0.00469722381976905
268.999999999828    0.000539152703769671    0.0065839133790709    4.25923565806256e-06    5.57223720750287e-05    0.00199212198925679    0.00351773459657205
269.499999999827    0.00372461023057302    0.00603607938097487    1.93074648145677e-05    4.42578794412712e-05    0.00233125362088266    0.00279707439083076
269.999999999827    0.00646899290397402    0.00486844575150841    4.47638856822987e-05    3.88908361120168e-05    0.0017076347649988    0.00389731600933727
270.499999999827    0.00854059875391197    0.00336407849646083    7.56055424690122e-05    2.68771775171357e-05    0.00163208927258578    0.00394463602716214
270.999999999826    0.0097743405472709    0.00151559978030061    0.000100518402467297    1.03100445145078e-05    0.00223174132310908    0.00283072461049473
271.499999999826    0.0100210776222784    -0.000535594861147394    0.0001046091906755    1.10353329612675e-05    0.00204626341504989    0.00327848609970822
271.999999999825    0.00925959039997458    -0.00246973150728316    8.81195892121759e-05    2.30056381577996e-05    0.00154258705973908    0.00411169848599486
272.499999999825    0.00759900136250726    -0.00412161672606837    6.19165143180829e-05    2.8727904380463e-05    0.0020424721811314    0.00342639459838713
272.999999999824    0.00519649669047045    -0.0054197715307547    3.25071668786366e-05    3.70543439859502e-05    0.002345972937731    0.00277135716578919
273.499999999824    0.0022521862888675    -0.00628124051017247    8.11710816553977e-06    5.43358872176981e-05    0.00174492552442131    0.00385770720390576
273.999999999823    -0.000971268156903762    -0.00642962335703011    2.93057530852525e-06    5.93928636811823e-05    0.00140968559470189    0.00424885951378899
274.499999999823    -0.00401878170831178    -0.00566808375920475    2.07309022424085e-05    4.22043303727567e-05    0.00214016256937345    0.00317445379103178
274.999999999822    -0.00656207033334362    -0.00443360035195034    4.82827153184825e-05    2.85400125583257e-05    0.0022851582568247    0.0029804698417383
275.499999999822    -0.00839553444308203    -0.00285342142194705    7.34957220839129e-05    2.38360195665239e-05    0.0017351436536887    0.00396156607357463
275.999999999822    -0.0093732613978721    -0.00101963733129795    9.10286876848553e-05    1.57590575005992e-05    0.0017806342836237    0.00383658666176365
276.499999999821    -0.00938804296614367    0.000968925586710716    9.32004495263348e-05    8.74307248868752e-06    0.00225057743527634    0.0027936097966797
276.999999999821    -0.00842351011733539    0.00284363844282286    7.46113203667434e-05    1.9859570266437e-05    0.00191201403496202    0.00343122291216076
277.49999999982    -0.00660312451544809    0.0043780436422875    4.56830405188384e-05    3.58518792306175e-05    0.00144283996074643    0.00408468029310049
277.99999999982    -0.00410045241040193    0.00557049003958136    2.09925841317994e-05    4.16692377276616e-05    0.00204422947875926    0.00326172936439957
278.499999999819    -0.00112752916067071    0.00619139449899882    6.10732439514673e-06    4.7125536154385e-05    0.00219909126390515    0.00296515940754492
278.999999999819    0.0019361341100309    0.00589139688835828    5.78526391249608e-06    5.36728511775664e-05    0.00142711198596008    0.00435480124476523
279.499999999818    0.00463963180044979    0.00486816862693659    2.47053127038245e-05    4.05779947556643e-05    0.00178301134603218    0.00410839737310968
279.999999999818    0.00675899683310505    0.00355315277084588    5.23986993688344e-05    1.9737565163076e-05    0.0025912663272829    0.00266695904544976
280.499999999817    0.00813855513917799    0.00192601649763979    7.12252574613727e-05    1.68580823128977e-05    0.00223364672854331    0.0036260919408803
280.999999999817    0.00866423065445189    0.000168360569901961    7.75617641342267e-05    2.02484923666797e-05    0.00157888292811179    0.00449668178607092
281.499999999817    0.00830475691461712    -0.0016011751706066    7.3879527493699e-05    1.43496630127902e-05    0.00221597384524685    0.0034330600178009
281.999999999816    0.00708187208316565    -0.00325455706937068    5.60744386904528e-05    1.7867257663716e-05    0.00243341868327909    0.00269724228535839
282.499999999816    0.0050992963221108    -0.004622241279763    2.84722566746083e-05    3.88445156008976e-05    0.00157144318825579    0.00418083737456416
282.999999999815    0.00250890839368902    -0.00567463182367863    8.78499725501192e-06    4.93567919844637e-05    0.00157809249636664    0.00414190121202297
283.499999999815    -0.000437125574295151    -0.0059325475829845    5.44450557392772e-06    4.27169563658414e-05    0.00229203551591699    0.00274259649629073
283.999999999814    -0.00326861231490016    -0.00526236235513076    1.41127694643815e-05    4.13801337140652e-05    0.00185174053238149    0.00369968595388417
284.499999999814    -0.00560881195626567    -0.00405067490364553    3.34410429140413e-05    3.59168310644518e-05    0.00140793158686516    0.0044168839569801
284.999999999813    -0.007278209257574    -0.00257954874222109    5.84097154451592e-05    1.74727409048869e-05    0.00233182020064225    0.00328917454559536
285.499999999813    -0.00814143915025048    -0.000838433454290417    7.2898124805078e-05    8.80657026327166e-06    0.0025719823809363    0.00284668221022268
285.999999999812    -0.00810666506840507    0.000963779497194538    6.90859308693935e-05    1.90766939668831e-05    0.00183518727602784    0.00426002617922362
286.499999999812    -0.00720294739199006    0.00262056391582093    5.53576961275348e-05    2.30508887008538e-05    0.00186420090005299    0.0040228762675418
286.999999999812    -0.00552161850450298    0.00406176556800821    3.6372353953359e-05    2.40470601258843e-05    0.00242571289399412    0.00274756630428225
287.499999999811    -0.0031922536670049    0.00519836872641568    1.42261604233402e-05    3.90394564590384e-05    0.00200889943721281    0.00346647068980279
287.999999999811    -0.000395920792969361    0.00585763223621101    1.69204910335346e-06    5.47626189378748e-05    0.0012390705504724    0.00452225204109374
288.49999999981    0.0024527788574399    0.00537304779011777    9.91672134525933e-06    3.98450497459182e-05    0.00197499296752043    0.00331291521035911
288.99999999981    0.00488264474825845    0.00427710950123434    2.87996574941607e-05    2.68990154111854e-05    0.00222697951415474    0.00293348763856887
289.499999999809    0.00667566425835885    0.0028566373929085    4.74856600430448e-05    2.42017110659823e-05    0.0017091421101579    0.00400516340133823
289.999999999809    0.00770791580174332    0.00124299074181177    6.30406340112406e-05    1.84082864342797e-05    0.00190490629808299    0.0041064900401742
290.499999999808    0.00789280775299588    -0.000518797419531395    6.92392247574007e-05    7.35259704644267e-06    0.00263492135208032    0.00266147445674953
290.999999999808    0.00719383313973597    -0.00225017275274128    5.73019950511642e-05    1.66075380978282e-05    0.00235600505279609    0.00339768460582334
291.499999999807    0.00568412892670858    -0.00374255617431029    3.50594579464964e-05    3.16129723812362e-05    0.00165835348796666    0.00419597970244949
291.999999999807    0.00349797431839203    -0.00494608494280238    1.61818665392126e-05    3.68735847388215e-05    0.00198646475102944    0.00352275864592013
292.499999999807    0.000821512607003183    -0.0056403899533984    5.55592132600427e-06    3.93180596515461e-05    0.00220930721325467    0.00273935408904152
292.999999999806    -0.00198561238984074    -0.00539552920844158    5.86463942048534e-06    4.74142450220005e-05    0.00138635596359531    0.00427814324010479
293.499999999806    -0.00441955510459139    -0.00428072605217286    2.21736372718345e-05    3.3408547984525e-05    0.00162516766806219    0.00388380386358188
293.999999999805    -0.00622427074182109    -0.00289229296097418    4.43713708012242e-05    1.59560516139233e-05    0.00237272512814572    0.0027551212390424
294.499999999805    -0.00726952971953508    -0.00125796035443582    5.76321543080805e-05    1.32733503123318e-05    0.00218771386723142    0.00341919377324532
294.999999999804    -0.00746835853923664    0.000462219362778728    5.90778265085834e-05    1.90895699054713e-05    0.00181698850794236    0.00434464304243096
295.499999999804    -0.00681507178367448    0.00213571499746214    5.25810082092879e-05    1.45707713170017e-05    0.00247705567007522    0.00316377824232625
295.999999999803    -0.00536130707644924    0.00363488425588861    3.53891197177938e-05    2.07624692137031e-05    0.00257788792421413    0.00274774192019487
296.499999999803    -0.0032334649582035    0.00482303494511884    1.32958050401714e-05    4.00437925453807e-05    0.00168538108576114    0.004096599377965
296.999999999802    -0.000603536142155519    0.00557182690492899    2.52412630636156e-06    4.77582951368751e-05    0.00146964976490101    0.00408815851923389
297.499999999802    0.00215702854373158    0.00529882049866768    9.06882035452632e-06    3.57925155963974e-05    0.00210143955803006    0.00277759192814506
297.999999999802    0.00456784686271891    0.00424648834056521    2.43919250936568e-05    2.95072266112178e-05    0.00187795104632837    0.00338741249107065
298.499999999801    0.00634100375450638    0.00280846694684372    4.28748465827468e-05    2.3232337733763e-05    0.00163294763176374    0.0039172504569212
298.999999999801    0.0073402316116182    0.00115429685538829    5.89639613599363e-05    1.09786823481574e-05    0.00225498586419897    0.00310584628045209
299.4999999998    0.00747273254435462    -0.00063005720523633    6.20936143941882e-05    7.76398364856337e-06    0.00250037651459366    0.00271422393451483
