#t    <phi>    <pi>    <phi^2>    <pi^2>    rms(phi)    rms(pi)
0    1.65436122510606e-23    -2.65524976629522e-22    8.43184236699984e-11    3.29526396210539e-06    9.18250639368132e-06    0.00181528619289229
0.5    3.6029544236379e-11    4.01077646606972e-10    7.95377239525529e-11    2.52838063985935e-06    8.91839245330989e-06    0.00159008824907902
1    -1.2636108186272e-11    -1.49929247482876e-09    6.97428295205483e-11    2.06679133008618e-06    8.35121724782613e-06    0.00143763393465928
1.49999999999999    1.74516934937012e-11    -7.3033329609803e-09    6.17957638374058e-11    1.68443076613781e-06    7.86102816666505e-06    0.00129785621934191
1.99999999999998    8.03875872484707e-13    2.11214855841173e-10    7.41517974132925e-11    1.05126572394862e-06    8.61114379239436e-06    0.00102531250063021
2.49999999999997    1.80732176276534e-11    -2.83315694514773e-09    7.03837075871807e-11    8.44242833588897e-07    8.38949984128101e-06    0.000918826879004348
2.99999999999996    1.22091646654276e-11    -1.97187480833665e-09    9.37410464183969e-11    4.98821657620853e-07    9.68199599350505e-06    0.000706273075812015
3.49999999999995    -4.88176675455975e-11    -6.73354379356506e-10    1.71576290231762e-10    2.19836408336389e-07    1.30987133043432e-05    0.000468867154251538
3.99999999999994    2.20677496862299e-11    3.99676918131509e-10    5.72799363278383e-10    5.91620373992744e-08    2.39332271805934e-05    0.000243232476037051
4.49999999999993    -1.02846829278536e-11    1.1541144309533e-09    1.28281222566173e-10    2.23179838725894e-07    1.13261300789841e-05    0.000472419134587668
4.99999999999992    2.84315541960785e-11    7.59600128829919e-10    6.52199738273431e-11    3.71767346368067e-07    8.07588842335843e-06    0.000609727272120486
5.4999999999999    -9.96613293384879e-12    -2.08352983015816e-09    4.53976818471019e-11    4.576897715087e-07    6.73778018690151e-06    0.000676527731511694
5.99999999999989    -1.91249257029089e-11    2.15414957534011e-09    3.52916701558556e-11    5.04950778095853e-07    5.94067926717895e-06    0.000710598886919486
6.49999999999988    -1.71136291850571e-11    -4.48574171691404e-10    3.35168663398671e-11    4.54006598270931e-07    5.78937529786887e-06    0.000673800117446361
6.99999999999987    6.05803547313812e-12    -3.32713721204412e-09    3.92233348363402e-11    3.31109324297949e-07    6.26285356976383e-06    0.000575420997433079
7.49999999999986    8.30346453696465e-12    2.36926048024508e-09    5.32162450386256e-11    2.09770083651493e-07    7.29494654117196e-06    0.000458006641486649
7.99999999999985    -2.59454954211588e-11    3.39105354237332e-10    1.00011078100864e-10    9.67669073005098e-08    1.00005538896698e-05    0.000311073797193519
8.49999999999993    -9.33034847881439e-11    3.74258259117315e-10    2.92834384545952e-10    3.52485902978653e-08    1.71124044054962e-05    0.000187746079313857
9.00000000000001    -7.14058341429234e-11    2.46378373348193e-09    7.05208685616422e-11    1.20092509330969e-07    8.39767042438219e-06    0.000346543661498661
9.50000000000009    -3.73097524827273e-11    -3.44490973166897e-09    3.45822399584973e-11    2.16580489972619e-07    5.88066662523096e-06    0.000465382090287918
10.0000000000002    2.73318641111838e-11    2.24786323391645e-09    2.39496387374775e-11    2.80086920783156e-07    4.89383681141193e-06    0.000529232388255012
10.5000000000002    3.58470457003904e-12    2.32207028995439e-09    1.90195195933213e-11    3.16643204164217e-07    4.36113741967717e-06    0.00056271058649969
11.0000000000003    -6.01409962690156e-12    1.06808173486844e-09    1.61845179774878e-11    3.33955597939355e-07    4.02299863005838e-06    0.000577888914877431
11.5000000000004    -2.49001690820098e-11    3.74522455198088e-09    1.51130384826115e-11    3.20180312372701e-07    3.88754916136008e-06    0.000565844777618981
12.0000000000005    -1.52765797042373e-11    3.39836634378997e-09    1.45669329023825e-11    2.96665738027557e-07    3.81666515457528e-06    0.000544670302124146
12.5000000000006    -1.93741659227778e-11    1.99605685708112e-09    1.5912045650885e-11    2.42269551547368e-07    3.98899055532971e-06    0.000492208849517543
13.0000000000006    -3.02219081222838e-11    -5.47324222913153e-09    1.81173895509043e-11    1.90195736554995e-07    4.25645269561298e-06    0.000436114361750492
13.5000000000007    -1.14635544905524e-11    -5.11726811448645e-09    2.53905978622863e-11    1.21931724882976e-07    5.03890839985754e-06    0.000349187234670441
14.0000000000008    3.49069385369303e-11    -1.02825807925077e-09    4.72045163900357e-11    5.91303009699138e-08    6.87055429996861e-06    0.0002431672284023
14.5000000000009    -1.2454989646053e-10    -7.23156275582417e-10    1.97860944981268e-10    1.66929416735713e-08    1.40663053061476e-05    0.000129201167460083
15.0000000000009    8.29650408438429e-11    -3.10180516449169e-09    4.14629475365589e-11    7.8965223500314e-08    6.43917289173661e-06    0.000281007515007504
15.500000000001    4.33620945914783e-11    4.67676323002728e-09    2.0197677884836e-11    1.45693681405508e-07    4.49418267129361e-06    0.000381698416794773
16.0000000000011    2.06412223339845e-11    -4.38166380605835e-09    1.5174728824663e-11    1.80964668679942e-07    3.89547542980788e-06    0.000425399422496955
16.500000000001    -4.69295213461946e-11    5.64307711924983e-09    1.16017478377869e-11    2.15143069680498e-07    3.40613385461942e-06    0.000463835175087717
17.0000000000009    -8.41136980249582e-12    -6.19434624127995e-09    1.33742787303782e-11    1.72259105350915e-07    3.6570860982902e-06    0.000415041088703932
17.5000000000008    -5.23187094107677e-11    -1.39946440809991e-10    1.43350895088441e-11    1.47739432002541e-07    3.78617082368279e-06    0.000384368874913827
18.0000000000007    -5.42350060945101e-11    -2.30234765398387e-09    1.74985584030158e-11    1.11619753688346e-07    4.18312782497432e-06    0.000334095426013355
18.5000000000006    -6.52150810432455e-11    2.55360380089604e-09    2.51762593032541e-11    7.05725439238083e-08    5.01759497159756e-06    0.000265654933922349
19.0000000000005    1.26170260330751e-10    -3.06488996749064e-10    8.19765776268376e-11    2.02026937065069e-08    9.05409176068581e-06    0.000142136180145707
19.5000000000004    1.43693060686479e-10    2.21829684333008e-10    9.63389367844698e-11    3.0003235462824e-08    9.81524002578756e-06    0.000173214420481595
20.0000000000003    -8.33498571429309e-11    -1.75924541893275e-09    2.41723806329725e-11    1.1564886122157e-07    4.91654153099771e-06    0.000340071847141857
20.5000000000002    -4.54886559316849e-11    3.73878134778657e-09    2.36521505545614e-11    1.01897151640488e-07    4.86334766930066e-06    0.000319213332469854
21.0000000000001    -2.35329030630092e-11    -7.49889563394767e-09    1.45132057682102e-11    1.71049864821445e-07    3.80962016054835e-06    0.000413581751006027
21.5    -4.94449055057676e-11    -2.55424625348142e-09    1.46731786775916e-11    1.44411546532907e-07    3.83055853305322e-06    0.000380015192494173
21.9999999999999    7.15208316171201e-11    1.99776329077178e-09    8.39543031502875e-12    2.50202731025621e-07    2.8974868955551e-06    0.000500202689938419
22.4999999999998    -6.11849361758415e-11    -9.36844116671604e-09    7.17888123281171e-12    2.55461257419699e-07    2.6793434324603e-06    0.000505431753387073
22.9999999999997    -6.05821071815941e-11    -9.13534906159693e-10    1.23293274696219e-11    1.52761707148622e-07    3.51131420780763e-06    0.000390847421825688
23.4999999999996    -6.17434374011816e-11    -4.16178890041612e-09    1.46612694571361e-11    1.20416395213259e-07    3.82900371550144e-06    0.00034701065573832
23.9999999999995    4.20476979405767e-11    6.68256183415172e-09    1.70972878337594e-11    9.21473740566664e-08    4.13488667704345e-06    0.000303557859414
24.4999999999994    1.21809490068582e-11    -4.901008208986e-09    5.34729044685952e-11    2.79039223169759e-08    7.3125169721818e-06    0.000167044671549128
24.9999999999993    5.79402875566943e-10    -3.48036441933149e-09    2.54103507103571e-10    1.62950111922132e-08    1.5940624415871e-05    0.000127651914126269
25.4999999999992    -3.12277915925322e-10    -1.75697254732909e-09    5.89355533917212e-11    5.9796635333245e-08    7.67694947841939e-06    0.000244533505536886
25.9999999999991    -6.8463862066766e-11    1.7924890536612e-08    1.10523894158004e-11    2.51931443312456e-07    3.32451340967564e-06    0.000501927726860307
26.499999999999    -7.16907946488309e-11    2.10265773109533e-08    7.74277832304807e-12    3.30385322953571e-07    2.7825848267229e-06    0.000574791547007656
26.9999999999989    1.47246591619614e-10    1.51436943542262e-08    1.24480683031758e-11    2.74550016197099e-07    3.52818200798857e-06    0.000523975205489504
27.4999999999988    1.37453817373118e-10    2.15890710866224e-08    7.55686723724447e-12    3.38290054338186e-07    2.74897566710783e-06    0.000581627074569348
27.9999999999987    2.40958772949939e-10    4.28677759307331e-09    2.22341406363287e-11    1.20214107294011e-07    4.71530917101599e-06    0.000346719061021506
28.4999999999986    2.63487236315376e-10    -7.35411369942815e-09    3.21821840790419e-11    6.41629019381768e-08    5.67293433856028e-06    0.000253303971315283
28.9999999999985    -2.92223107267155e-10    -8.72262422030176e-09    2.86879648558105e-11    9.56011175169091e-08    5.3561147084819e-06    0.00030919430370048
29.4999999999984    4.30360860970312e-10    7.04147642685007e-09    8.88122557939152e-11    3.23796286015675e-08    9.42402544609811e-06    0.000179943403746803
29.9999999999983    -5.65700216743215e-10    3.86257165923126e-09    1.60859454876281e-10    2.28171780545661e-08    1.26830380649222e-05    0.000151053560168725
30.4999999999982    2.48984071168937e-10    1.5885247776141e-08    2.63042831114549e-11    1.7475491480424e-07    5.12877013030043e-06    0.000418036977493497
30.9999999999981    2.78152796065995e-10    -8.24475211553138e-09    3.96817224899005e-11    7.29955183594224e-08    6.29934301435725e-06    0.000270176827821052
31.499999999998    2.20386233496731e-10    1.65969725569449e-08    1.72774224704355e-11    2.68204671555125e-07    4.15661189213828e-06    0.000517884805028749
31.9999999999979    2.7792791806028e-10    1.40685678727493e-08    1.70479395018784e-11    2.57086878275123e-07    4.1289150420703e-06    0.000507037353729681
32.4999999999982    1.54859227996734e-10    -5.1781472223818e-08    2.05175123993165e-11    1.72305086877415e-07    4.52962607456014e-06    0.000415096475769301
32.9999999999984    3.89205121423371e-11    -6.82941483581292e-08    1.89897548187722e-11    1.9636250173085e-07    4.35772358201589e-06    0.000443128082011013
33.4999999999987    1.89421481954548e-10    5.74882887078961e-08    1.16026632274547e-11    2.90943380991019e-07    3.4062682207328e-06    0.000539391673727094
33.9999999999989    5.34814631542579e-10    -7.80968484767641e-09    2.86677814928342e-11    1.17423077718727e-07    5.35423021608219e-06    0.000342670508882418
34.4999999999992    -6.6646359099591e-10    -2.36341714362707e-09    3.97806901623768e-11    8.71828337760104e-08    6.3071934898339e-06    0.000295267393679737
34.9999999999995    1.13122221875111e-09    -1.00909039239817e-08    1.88394926853814e-10    1.47617155086168e-08    1.37257030994463e-05    0.000121497800008027
35.4999999999997    2.34531450344249e-09    3.44985344969789e-08    1.17646967392106e-10    3.75808988324571e-08    1.0846518422591e-05    0.000193857931595043
36    1.18708855289419e-09    -7.53810354385668e-08    3.3333482416955e-11    1.45903062671484e-07    5.77351548086396e-06    0.000381972586698553
36.5000000000002    9.8304930193156e-11    -1.23623191913787e-07    8.43358354532827e-12    3.22055018241889e-07    2.90406328024449e-06    0.000567498901284572
37.0000000000005    1.20399491977429e-09    3.50791377095804e-08    2.90686102968939e-11    9.82510327383711e-08    5.39153121546097e-06    0.000313450205786861
37.5000000000007    -1.22541758540576e-09    3.98497513694391e-08    2.36415198760654e-11    1.40017529648119e-07    4.86225445389453e-06    0.000374189160799878
38.000000000001    -1.0675314431194e-09    1.00195567462146e-07    1.68929325845178e-11    2.39832098548349e-07    4.11010114776929e-06    0.000489726544623831
38.5000000000012    -1.3380134778986e-09    5.4108592586876e-08    2.54018773383539e-11    1.30711401748235e-07    5.0400273360443e-06    0.000361540314239637
39.0000000000015    -1.52076412235819e-11    -1.27297077633213e-07    1.05834277444528e-11    2.36293143331009e-07    3.25321805974047e-06    0.000486099914756692
39.5000000000018    8.82216382924663e-10    -8.58970297320712e-08    1.79691696481086e-11    1.29980155970892e-07    4.23900564635185e-06    0.000360527597546418
40.000000000002    -2.89756860246535e-10    -4.13834772773376e-08    1.05278244678733e-10    3.09221409039867e-08    1.02605187293223e-05    0.000175846919766581
40.5000000000023    -3.40180028481714e-10    -1.54661527838405e-07    5.57566081105738e-11    2.93799183434129e-07    7.46703475248719e-06    0.000542032434005513
41.0000000000025    3.58135948700046e-09    1.00712023182101e-08    1.60795403430619e-10    1.00465078946897e-07    1.26805122374644e-05    0.000316962267226665
41.5000000000028    -2.73686729944414e-09    1.30451583570728e-07    4.69815022264292e-11    6.81945558909346e-07    6.85430483243827e-06    0.000825799940598042
42.000000000003    6.36232828044991e-10    3.31074925701448e-07    4.48673478315026e-11    7.13186303133595e-07    6.69830929613663e-06    0.000844503518952401
42.5000000000033    2.73024371661568e-09    -1.92061028611128e-08    5.16686713643042e-11    5.57070380627938e-07    7.1880918128578e-06    0.000746371476048665
43.0000000000035    2.08193348954756e-09    -2.67552129921887e-07    7.00396193998787e-12    1.36887269506863e-06    2.64649912252788e-06    0.0011699883005759
43.5000000000038    -2.41071014847966e-10    4.05128311821234e-07    3.35362156482553e-11    8.15506948657512e-07    5.79104615679585e-06    0.000903054142634074
44.0000000000041    -2.23042233991141e-09    2.91697446148313e-07    7.70796094325032e-12    1.00861986724158e-06    2.77632058099682e-06    0.00100430064331065
44.5000000000043    3.86845795452715e-09    -9.43639105615202e-08    3.28178789392654e-11    5.74863298584784e-07    5.72868780562342e-06    0.000758197394931054
45.0000000000046    -4.01745690753627e-09    1.54413058350252e-07    2.05386951597491e-11    3.63804361605164e-07    4.53196193935795e-06    0.000603161949862366
45.5000000000048    -8.1887031345025e-09    -1.11626312167938e-07    1.49919316239924e-09    2.65949393677692e-08    3.87194149664529e-05    0.000163079510997966
46.0000000000051    -1.18857206041692e-08    2.7667578489492e-07    3.00606303204633e-10    6.46359306966402e-07    1.73379976333566e-05    0.000803964694757744
46.5000000000053    -4.335940804458e-09    6.81508322390364e-07    2.73957198577493e-11    1.78249791823812e-06    5.23409027982577e-06    0.00133510203871634
47.0000000000056    -8.71698137767558e-09    6.42579894549371e-07    9.32049565652692e-12    2.64028907912142e-06    3.05293623758548e-06    0.00162489650938529
47.5000000000058    1.06339694769317e-08    -7.0331297993603e-08    5.59317297693708e-11    2.45304713176514e-06    7.47874432562472e-06    0.00156622065074454
48.0000000000061    9.76971049006928e-09    3.17487188516533e-07    9.70517252305218e-11    1.79890048081652e-06    9.85147855823068e-06    0.00134123091972203
48.5000000000064    1.07108269172283e-08    3.4882445585268e-07    8.98533433975861e-11    1.82967399894104e-06    9.47909429617476e-06    0.00135265438204389
49.0000000000066    -1.40130650396231e-08    1.85177730397571e-08    3.63401707689084e-11    2.20484308611329e-06    6.02826462615209e-06    0.00148487140378229
49.5000000000069    -1.23594309586454e-08    8.94342693710778e-07    8.84081923990821e-11    1.33779884931296e-06    9.40255495296616e-06    0.00115663220146428
50.0000000000071    2.29972845009153e-08    3.65590828364711e-07    2.41240047984146e-10    5.51690922125799e-07    1.55318871715272e-05    0.000742758903325396
50.5000000000074    -6.93160305991679e-08    -4.45830255416514e-07    2.05112690091394e-09    1.93105280926403e-08    4.52893154750857e-05    0.000138961610986717
51.0000000000076    3.61966999139697e-08    1.76792296302958e-06    3.21371105048228e-10    1.25542462447714e-07    1.79267898645336e-05    0.000354315307171607
51.5000000000079    8.71359035734585e-09    -3.13944791393315e-06    6.40458359837827e-11    7.49378649853208e-07    8.00285949252677e-06    0.000865660899960258
52.0000000000081    -3.39408257646388e-08    -2.19568869055299e-06    1.17297153442173e-10    2.94461108284423e-07    1.08303278557262e-05    0.000542638265546761
52.5000000000084    2.69171782579121e-08    -3.36589511791924e-06    1.97415804999975e-11    1.5227870401731e-06    4.44306830529445e-06    0.00123400798657187
53.0000000000087    -2.73755611942249e-08    3.24137439624633e-06    1.76895141802543e-11    1.63732508137715e-06    4.20580132185337e-06    0.00127957593556192
53.5000000000089    -2.18190039774093e-08    3.86446475095643e-06    2.21168713958527e-11    1.50866579687077e-06    4.70280717517932e-06    0.00122827149392264
54.0000000000092    1.41367534065128e-08    4.32924008696949e-06    8.9504071675965e-11    3.75527661684605e-07    9.46064859447639e-06    0.00061278782573161
54.5000000000094    4.3201740675395e-08    9.88943010380116e-07    7.82907554907141e-11    5.89040045602419e-07    8.84810087534702e-06    0.000767488806168625
55.0000000000097    -5.57544652627793e-08    -6.61357430519369e-07    9.62211027168062e-11    4.60624535275886e-07    9.80907713071977e-06    0.000678692933425887
55.5000000000099    6.73620966792123e-08    -1.58266574583397e-06    1.08731474395809e-10    2.89313060792459e-07    1.04272209501737e-05    0.000537875967079396
56.0000000000102    3.3236635421682e-07    -4.46730717866e-08    9.11336817791601e-10    2.64675282633089e-08    3.01865259743182e-05    0.000162688433109504
56.5000000000105    1.14740701016698e-07    -5.18720381289801e-06    1.34950298498446e-10    2.94385469730879e-07    1.16162443616677e-05    0.000542548212279317
57.0000000000107    5.51486215242167e-08    -8.6154343249889e-06    4.57643071721009e-11    6.87754652571764e-07    6.76470736999354e-06    0.000829264991943562
57.500000000011    1.04529205458349e-07    7.30646161221787e-07    9.00504822834511e-11    2.55342074250422e-07    9.48891753197683e-06    0.000505313309152459
58.0000000000112    9.07733299083632e-08    -4.15707525816536e-06    6.44821181681218e-11    4.75592583571008e-07    8.02956277581159e-06    0.0006896196794584
58.5000000000115    -7.56307162725258e-09    -1.2107717159008e-05    2.01373674350358e-11    1.18416514120857e-06    4.48746144662919e-06    0.00108812616198388
59.0000000000117    8.74268674853786e-08    -4.57144187983599e-06    6.29796162521776e-11    4.82137505095624e-07    7.93548818882741e-06    0.000694346172319516
59.500000000012    9.37994537031013e-08    -4.66711797836415e-06    7.25151034745847e-11    4.2486949699118e-07    8.51506342531103e-06    0.000651803432793166
60.0000000000122    -1.31776159568708e-07    1.53942630806053e-07    1.39623142248464e-10    1.5500386997093e-07    1.18154888723334e-05    0.000393705278441369
60.5000000000125    1.79366141498831e-07    -2.27415838409041e-06    2.19634631082849e-10    1.29407539496134e-07    1.48189898059933e-05    0.0003597254059693
61.0000000000128    7.36194112516046e-07    -3.939796135107e-08    3.39621876887056e-09    1.77897338554163e-08    5.82724359118379e-05    0.000133378155269958
61.500000000013    1.21328700272586e-07    -1.5913910624695e-05    2.90304092223717e-11    1.68367255184111e-06    5.38662125723184e-06    0.0012974664925499
62.0000000000133    -1.05234138719413e-07    -2.01925139767016e-05    1.78285895286116e-10    1.83275580274354e-06    1.33519594465443e-05    0.00135364251747751
62.5000000000135    6.19699731625775e-08    -2.44824943683148e-05    1.1393297122667e-11    3.88489355010499e-06    3.37482693557659e-06    0.00197086127304143
63.0000000000138    -2.0852312985118e-07    -6.47730241309805e-06    2.67581627946404e-10    2.24542489280148e-07    1.63565933510227e-05    0.000473814872955247
63.500000000014    9.0393813620464e-08    -2.57933996801529e-05    1.23159947759463e-11    4.67930257483888e-06    3.50825080836668e-06    0.00216301578250641
64.0000000000143    2.07795522613189e-07    -3.92772857485214e-06    1.9784161560009e-10    1.21707543314618e-06    1.40640832129532e-05    0.00110320442624857
64.5000000000138    -1.71749073845009e-07    1.6039075284742e-05    8.18717186336801e-11    2.88456859263887e-06    9.04666904939677e-06    0.00169832604075392
65.0000000000134    2.39542890618634e-07    7.99526158273204e-06    3.805606533075e-10    1.56571481793108e-07    1.95064930859202e-05    0.000395610360816462
65.5000000000129    -3.25396028747048e-07    3.02953440649434e-06    4.1469380447722e-10    6.20976849500594e-07    2.03614322163667e-05    0.000788015019794594
66.0000000000125    3.44216468472588e-08    -9.42195064788918e-06    4.38535710578802e-10    4.7337677667796e-07    2.09412159563152e-05    0.000687959303682964
66.500000000012    5.89193991504182e-07    1.25179617047198e-05    7.11295397908864e-10    1.36376072705965e-07    2.66636128150189e-05    0.000369079088192116
67.0000000000116    5.20684681998393e-07    4.01400081314597e-06    2.97912133701793e-10    2.95663596994425e-07    1.72522758256331e-05    0.000543734755916795
67.5000000000111    4.05093406308291e-07    9.08277917896513e-06    1.87400494916662e-10    4.42948435263542e-07    1.36834350310449e-05    0.000665481734073842
68.0000000000106    -3.08943885475862e-07    2.5815361159162e-05    8.22027791925335e-11    1.37852523459476e-06    9.06130966627676e-06    0.00117382230415127
68.5000000000102    9.82207152642681e-08    -4.74719453672958e-05    4.64073474054283e-11    1.95682698505224e-06    6.81158572555035e-06    0.00139806058504461
69.0000000000097    -3.90772974853062e-07    6.84640889384954e-07    1.0722893235565e-10    9.06874644901758e-07    1.03477644367165e-05    0.000952299415188632
69.5000000000093    3.72642232976178e-07    2.06168302082614e-05    1.23761764214172e-10    7.45140012192017e-07    1.11185836319369e-05    0.000862968689179498
70.0000000000088    -5.17210946313041e-08    -4.05003259899865e-05    9.20598254339833e-11    1.06515479619781e-06    9.59464175268433e-06    0.00103126840337156
70.5000000000084    5.20218234997277e-07    1.79438842217876e-05    2.52757499196534e-10    3.57397252457988e-07    1.58898354989757e-05    0.000597557754093295
71.0000000000079    -5.09389231512595e-07    1.56919023918144e-05    3.91402477938939e-10    2.22607201629756e-07    1.97773355270562e-05    0.000471551657646415
71.5000000000075    -9.15134911958039e-07    -3.71227656795276e-05    5.74495889951906e-10    5.63228294798535e-07    2.39511673628828e-05    0.000749566671528849
72.000000000007    -7.39603476814747e-07    -5.73548662504345e-05    3.77601442680143e-10    1.11682675518654e-06    1.94178894161345e-05    0.00105524270881344
72.5000000000066    1.35965674141995e-07    -8.28629727986348e-05    9.24082853958626e-11    2.90678129745747e-06    9.61196123230414e-06    0.00170291368694847
73.0000000000061    2.13767169563725e-07    7.58426798847425e-05    2.12888195617446e-10    1.83228027102274e-06    1.45891226334781e-05    0.00135149108725535
73.5000000000056    -5.31359508324624e-07    1.54011330796462e-05    9.95416575652138e-11    3.56072110470984e-06    9.96289689990451e-06    0.00188692445789695
74.0000000000052    -3.4945282115671e-07    -5.17486005899404e-05    1.88015850732873e-10    1.89532218193755e-06    1.37074335110063e-05    0.00137573408196299
74.5000000000047    4.37681977912803e-07    4.60972260711734e-05    1.67167743123544e-10    2.26178481885157e-06    1.29219262344959e-05    0.00150321650622926
75.0000000000043    1.98339711365301e-07    6.6526864970434e-05    2.53420307089205e-10    1.25738886655885e-06    1.59179448562967e-05    0.00111935831742836
75.5000000000038    -4.52101504052011e-08    -6.04456983070941e-05    3.50024345164423e-10    8.9714467823939e-07    1.87088829491962e-05    0.000945246526465746
76.0000000000034    9.1574984377348e-07    2.55800272014598e-05    4.92344965854636e-10    7.05103953794908e-07    2.21699428974967e-05    0.00083931496829455
76.5000000000029    -1.15271075254745e-06    1.03045259093048e-05    3.23128704953107e-09    1.90459824851273e-07    5.68327221541607e-05    0.000436295360503704
77.0000000000025    6.93368679632055e-07    1.3706227040344e-05    2.64770326215159e-09    9.83275103357517e-07    5.14511661872274e-05    0.000991507560585312
77.500000000002    6.12530444467041e-07    3.32639279748079e-06    8.46025348766336e-10    3.79580622499738e-06    2.90800645670008e-05    0.00194828005176575
78.0000000000015    3.55278428948477e-07    4.83247090679943e-05    9.41072258724758e-10    1.81269319370221e-06    3.0674843699075e-05    0.00134549541663868
78.5000000000011    1.95547340373264e-07    -2.64714927886854e-05    4.04521270611509e-10    7.33627201336528e-06    2.01117635191244e-05    0.00270842597710087
79.0000000000006    3.95686631710625e-08    -2.41761368256042e-05    3.60752647676799e-10    8.01840713802115e-06    1.89934483966891e-05    0.00283157600152801
79.5000000000002    -3.11448525679246e-07    -4.77401236212785e-05    5.65539770293426e-10    4.57427511411944e-06    2.37790405632624e-05    0.00213822262515297
79.9999999999997    2.68613429977473e-07    -8.18932624539332e-05    5.85344520506219e-10    4.66054358974726e-06    2.41924030912899e-05    0.0021572753842085
80.4999999999993    -6.67690896010432e-08    8.65305271027507e-05    8.68503477950118e-10    2.94147199765857e-06    2.94703074269474e-05    0.0017128877562578
80.9999999999988    -1.42619661731948e-06    1.56450373449485e-05    1.00472318640911e-09    2.58399939217552e-06    3.1665267243746e-05    0.00160740617921607
81.4999999999984    -3.05134290099558e-06    -1.09179656184283e-05    4.95399626845523e-09    5.39189192102431e-07    7.03184582805665e-05    0.000734213858578811
81.9999999999979    -2.16491127802023e-06    -4.35775412389172e-05    5.00680926148123e-09    1.87702716789568e-06    7.0725684306619e-05    0.00136935319249463
82.4999999999975    -1.10968362274689e-07    -0.000122016675995831    8.03974854368056e-10    1.07678014184954e-05    2.83542332005404e-05    0.00327916351365319
82.999999999997    1.11953099819693e-06    5.64083358757578e-05    1.62874766294279e-09    5.51466456934392e-06    4.03422150270268e-05    0.00234765471673064
83.4999999999965    3.43334912018792e-07    -0.000110209863508153    5.2952696156336e-10    1.80007976709012e-05    2.30088913835836e-05    0.00424130303761553
83.9999999999961    -4.53426623198457e-07    -0.000170537235857591    7.89862417206461e-10    1.40050952703705e-05    2.8100833110494e-05    0.00373845052415524
84.4999999999956    1.23202504601836e-06    -4.92516986194178e-05    7.29627880132119e-10    1.47682331296335e-05    2.69835133816577e-05    0.00384263027102746
84.9999999999952    8.68745603877472e-07    -5.32806366205497e-05    8.08488735778871e-10    1.30390180077314e-05    2.84206617948037e-05    0.00361056493938174
85.4999999999947    4.46748465544953e-07    -8.68065857784097e-05    8.35207959948818e-10    1.17785283306589e-05    2.88965114807541e-05    0.00343088806977499
85.9999999999943    -9.41497506914682e-07    4.55173364471447e-05    1.31993595162852e-09    7.42474322624455e-06    3.6318721536874e-05    0.00272445800083747
86.4999999999938    6.02226214759598e-07    -5.05071834901481e-05    3.55623926719764e-09    2.8342850479974e-06    5.96311713014586e-05    0.00168277570472517
86.9999999999934    5.30272639251349e-06    -8.7732341100313e-06    2.53634541023558e-08    7.39075532637229e-07    0.000159170773683996    0.000859650256209163
87.4999999999929    2.15716384724203e-06    -4.22589994154125e-05    4.61716558500308e-09    6.31938814083102e-06    6.79154785681381e-05    0.00251348409937271
87.9999999999925    1.27289671725661e-06    1.90973305131134e-05    2.57046456168066e-09    1.0845929395283e-05    5.06837675753081e-05    0.00329326049489716
88.499999999992    -3.03524599761376e-07    4.49661588265249e-05    1.25337545040821e-09    2.1471480300146e-05    3.54017418106164e-05    0.00463351468592756
88.9999999999915    -1.48307605311192e-07    4.33668183676477e-06    1.07318033908972e-09    2.46879225939892e-05    3.27590955910558e-05    0.00496869236189763
89.4999999999911    1.7623480521343e-07    2.08548021957815e-05    1.15315420400338e-09    2.31636313078848e-05    3.39576669589772e-05    0.00481281584782861
89.9999999999906    -2.76235288734961e-07    3.63975439781802e-05    1.34737113060759e-09    1.95670875069865e-05    3.67055149081558e-05    0.00442332032818999
90.4999999999902    -1.41234705621512e-07    2.58841763506038e-05    1.49258651795435e-09    1.71174048812052e-05    3.86337491154079e-05    0.00413723759175369
90.9999999999897    1.96950545709252e-08    -1.89308789727854e-05    2.65518682231617e-09    9.44007790790308e-06    5.15285011854701e-05    0.00307241265615874
91.4999999999893    3.93275724473739e-07    2.03407007017469e-06    5.05577931077183e-09    4.92777255158395e-06    7.11029158683128e-05    0.00221985774637541
91.9999999999888    2.87304886102085e-06    7.27754443954407e-06    4.22574038208318e-08    1.04763755277382e-06    0.00020554597882487    0.00102351579866691
92.4999999999884    4.48207661153253e-07    4.85192824214374e-05    4.28848328751008e-09    1.54897881260853e-05    6.5484978410339e-05    0.00393540773050501
92.9999999999879    -2.86343993618813e-07    -9.31828493906619e-07    3.89093106959918e-09    1.97336344392304e-05    6.23766709332623e-05    0.0044422554598904
93.4999999999875    -6.13446186420163e-07    -3.70489972708773e-05    2.6775715286075e-09    2.83077338414791e-05    5.17416197309657e-05    0.00532037228145553
93.999999999987    6.71792700807609e-07    -6.61990341193922e-05    2.22549118198103e-09    3.33926615547195e-05    4.71703283489544e-05    0.00577825918790436
94.4999999999865    -4.59324346928114e-08    -7.2095935020446e-05    2.04780308485163e-09    3.55701632558036e-05    4.52526350068488e-05    0.00596363692992432
94.9999999999861    5.17230259210888e-09    3.289908143913e-05    2.10606222486694e-09    3.39163837746444e-05    4.58918532869857e-05    0.00582368452314211
95.4999999999856    2.01271681062463e-07    5.21463360915362e-06    2.4544806107853e-09    2.85337708201508e-05    4.95423061685233e-05    0.00534169857140471
95.9999999999852    1.71221934289572e-07    -6.70011769414364e-08    3.22111520721809e-09    2.13196710233023e-05    5.67546111806548e-05    0.00461732292771614
96.4999999999847    -3.05137062713749e-07    -5.49761591158486e-06    5.18771620073416e-09    1.29753831856308e-05    7.2025155967253e-05    0.00360213172466668
96.9999999999843    2.449585846599e-07    -1.13753416147263e-05    1.53525828039436e-08    4.37102422965817e-06    0.000123905297704478    0.00209066851300279
97.4999999999838    8.49428256648272e-07    1.10113594460966e-05    1.6982727391296e-08    5.79791322972197e-06    0.000130315025468795    0.00240786045685482
97.9999999999834    9.10076429207229e-07    -6.80198364635337e-05    6.10168783709383e-09    1.64532777277508e-05    7.81079995774238e-05    0.00405569365578791
98.4999999999829    1.27074496827694e-06    4.56920379855197e-05    3.6407880848435e-09    2.71662060755551e-05    6.03255608516746e-05    0.00521192078923115
98.9999999999824    1.6232666801459e-07    -5.80951723755981e-05    2.77049839241178e-09    3.5011353035449e-05    5.26352737474085e-05    0.00591675400759535
99.499999999982    -2.65813259750647e-07    -2.61699844846047e-05    2.46735954029214e-09    3.85932977985629e-05    4.96718117608275e-05    0.00621229530290335
99.9999999999815    -4.42359890824025e-07    -1.96444020196498e-05    2.44585348029862e-09    3.82032784317089e-05    4.94535923672448e-05    0.00618084885183081
100.499999999981    -7.45274357888812e-08    3.28909113406919e-05    2.75073131754354e-09    3.33594512761781e-05    5.24473618326494e-05    0.00577567047745361
100.999999999981    4.00581435557259e-07    -1.5564755093134e-05    3.57872096914441e-09    2.51479415871215e-05    5.98210707331279e-05    0.00501474818166579
101.49999999998    4.27095861219869e-07    1.48080402190794e-06    5.64087716423601e-09    1.56727518643656e-05    7.51045588054503e-05    0.00395888237657865
101.99999999998    9.85637261692936e-07    1.19230457461569e-05    1.47947626813698e-08    5.92852284377086e-06    0.0001216297299206    0.00243482662313993
102.499999999979    -6.81734956045879e-07    1.29230113515128e-05    1.43765359944478e-08    7.7688227632938e-06    0.000119900255345422    0.00278723084065016
102.999999999979    3.21525881283453e-08    -6.65873156781285e-06    6.83809276438532e-09    1.72876462960378e-05    8.26927550066897e-05    0.00415783621097942
103.499999999978    7.31439644672133e-07    -2.38715741428061e-05    4.12220524013268e-09    2.81075145360798e-05    6.42002354838273e-05    0.0053015983140962
103.999999999978    4.98858165496611e-07    -2.82677936192344e-05    3.12824575754341e-09    3.64066072723812e-05    5.59284980852706e-05    0.00603372258263712
104.499999999977    1.78700437065956e-09    5.41732508114098e-06    2.66725355949482e-09    4.19052147920479e-05    5.16454601712622e-05    0.00647342146354127
104.999999999977    1.83186314574507e-07    -1.90863791117918e-05    2.55672928237094e-09    4.29552656187584e-05    5.05637787862526e-05    0.00655399888075142
105.499999999977    4.86993254720469e-07    3.17058052237537e-05    2.75656899161358e-09    3.91303154627586e-05    5.25007793197723e-05    0.00625534253296122
105.999999999976    -5.40215544136994e-07    -7.93686825560402e-06    3.31456140679159e-09    3.19683227431626e-05    5.7569693189711e-05    0.00565404808515853
106.499999999976    -5.39784289416707e-07    3.47650156140064e-05    4.62827564613332e-09    2.24943448855861e-05    6.80292898614576e-05    0.00474269293537706
106.999999999975    -4.8745236106915e-09    1.33202487086731e-05    8.68930358655273e-09    1.17989079274924e-05    9.32164339737997e-05    0.0034349280194011
107.499999999975    -7.03706125788541e-07    -8.19066400151198e-06    3.44310442609224e-08    3.29277629050143e-06    0.000185554706376882    0.00181458237716689
107.999999999974    -6.23181029059691e-07    8.17183095339777e-06    1.01277373256773e-08    1.25118225212694e-05    0.000100634730441743    0.00353719602827554
108.499999999974    -4.74746096424067e-07    -7.46442933711743e-06    5.38394005957758e-09    2.30756415042464e-05    7.33738010172672e-05    0.00480370542254009
108.999999999973    -6.50231295429188e-07    -3.65205747578853e-05    3.7105254511124e-09    3.28436789630099e-05    6.09106119684808e-05    0.005730824130143
109.499999999973    6.1070025180027e-08    -3.3299622885202e-05    3.00900994411183e-09    3.98186575683465e-05    5.4854409253622e-05    0.00631011479320798
109.999999999972    7.01652777422662e-08    4.75876851012142e-05    2.76809583630827e-09    4.2523984892806e-05    5.26126497445441e-05    0.00652086806376518
110.499999999972    -1.693584583196e-07    -2.4901711881226e-05    2.8282982243379e-09    4.09143057696817e-05    5.3181477433882e-05    0.00639638066991225
110.999999999972    -1.80478314703917e-07    -2.57434723826622e-06    3.33535833762267e-09    3.41184997916143e-05    5.77522793074056e-05    0.00584110376250504
111.499999999971    4.26139252576772e-08    9.0102959111608e-06    4.55226000458362e-09    2.45920004746874e-05    6.74704245476268e-05    0.00495902402588
111.999999999971    2.07919523914983e-07    9.99389066507716e-06    8.14256836842963e-09    1.35722385482885e-05    9.02359414972837e-05    0.00368403836440907
112.49999999997    -8.48835070354874e-08    -1.12395418827066e-07    2.86616571078485e-08    4.06721936052384e-06    0.000169297518890971    0.00201673482339427
112.99999999997    -1.07617270359924e-07    2.87974930278158e-06    1.21216160553168e-08    1.06758981907481e-05    0.000110098158358076    0.00326739803173597
113.499999999969    1.42326578559881e-08    4.66455600334065e-05    5.90694347969752e-09    2.14945087477957e-05    7.68566410736832e-05    0.00463598241363412
113.999999999969    3.82267369325536e-07    -1.53299659849554e-05    3.96333390046368e-09    3.14565979078563e-05    6.29538543071195e-05    0.00560859723103729
114.499999999968    1.43790854867762e-07    2.80267228321675e-05    3.10212382217884e-09    3.95062932113097e-05    5.56965272379607e-05    0.00628534069992367
114.999999999968    -1.2013210209284e-08    -1.60613851094534e-05    2.74576145845896e-09    4.38791732804688e-05    5.24000125395189e-05    0.00662411619103841
115.499999999967    7.2378009717552e-10    -2.27366248241675e-05    2.73468875320169e-09    4.33434036681987e-05    5.22942516217398e-05    0.00658353147741319
115.999999999967    -3.32587607737314e-07    1.95899665625039e-05    3.01335299664819e-09    3.86903525750657e-05    5.48930084995473e-05    0.0062201261087116
116.499999999967    -9.3058344235636e-08    5.10631970555948e-06    3.84081153106641e-09    2.98900548668718e-05    6.19742113399676e-05    0.00546717740633784
116.999999999966    9.29814663883359e-08    4.10662166395249e-06    5.89026501026581e-09    1.92177353689392e-05    7.67480056073949e-05    0.00438380183226816
117.499999999966    3.39897844441453e-07    7.28971105944903e-06    1.33305754407465e-08    8.49366624553253e-06    0.000115457610880365    0.00291438039823994
117.999999999965    -5.78375549103122e-07    1.1681120561589e-05    2.52208986246922e-08    5.66354816714539e-06    0.000158809836302467    0.00237979236879351
118.499999999965    2.18407630950162e-07    -8.50099155836121e-06    8.03096323930458e-09    1.56020236557854e-05    8.96153755636348e-05    0.00394993055495004
118.999999999964    -8.18396101239129e-08    3.91815288642999e-05    4.74269316445993e-09    2.59253620676212e-05    6.88671653746409e-05    0.00509154464533279
119.499999999964    -2.94420068189486e-07    -1.8958195157618e-05    3.46147746666974e-09    3.49041384689343e-05    5.88335855060116e-05    0.00590794203219452
119.999999999963    -2.97809681912368e-07    7.51468377393984e-06    2.88663423476884e-09    4.11663670312894e-05    5.37265813556213e-05    0.00641609776739859
120.499999999963    -6.73831425899786e-08    3.19331706367639e-05    2.75471119927491e-09    4.24533617380023e-05    5.24852994541043e-05    0.00651554617899492
120.999999999962    1.07034106876803e-07    -1.63201646357506e-05    2.96009739307623e-09    3.88875440507333e-05    5.440667180389e-05    0.00623596646101946
121.499999999962    -6.15757980918851e-08    -1.77451343209852e-05    3.65274891741184e-09    3.10435058982405e-05    6.04379444209755e-05    0.00557164167983266
121.999999999962    -2.24201603905299e-07    2.25606291688888e-05    5.37693018292051e-09    2.08283726116499e-05    7.33272112967711e-05    0.00456375543052664
122.499999999961    -6.48083645223664e-08    7.54922868879941e-06    1.12313473901973e-08    9.99868499987791e-06    0.000105978031638982    0.00316206072190654
122.999999999961    6.74257980144146e-07    -2.11442009551752e-06    3.17940344000481e-08    4.1876317029119e-06    0.000178307542679003    0.00204636928049156
123.49999999996    -1.09812627896241e-07    1.0216660591332e-05    9.07796545290693e-09    1.34927104665008e-05    9.52782944541604e-05    0.00367322829216306
123.99999999996    -2.31001921053794e-07    -1.40385080993853e-05    5.11390439399085e-09    2.34815059170286e-05    7.1511195152251e-05    0.00484575162769605
124.499999999959    -4.27978843214998e-08    2.89874423390303e-06    3.59142037122301e-09    3.2821756623032e-05    5.99284451622442e-05    0.00572902681267193
124.999999999959    1.95863637200045e-07    1.5217069565558e-05    2.91280323730826e-09    3.97920942819216e-05    5.39700368236291e-05    0.00630807916268617
125.499999999958    8.00300572322922e-08    4.60282914411443e-06    2.6902995842291e-09    4.24352148988548e-05    5.18680362016824e-05    0.00651423009363491
125.999999999958    -2.23428834592103e-07    2.50433625383867e-06    2.75038732045468e-09    4.0891315455189e-05    5.24436592927167e-05    0.00639463127814958
126.499999999957    2.99589268393677e-07    3.1620372862687e-05    3.18568052011549e-09    3.47655636902324e-05    5.64410379633982e-05    0.00589614822085168
126.999999999957    1.53878224808277e-07    -1.14464524470368e-05    4.28856779800399e-09    2.54907035647591e-05    6.54869767167177e-05    0.00504881892559889
127.499999999957    -3.9932137924402e-07    -1.89689434346184e-06    7.23106786889055e-09    1.50341087690639e-05    8.50347482581481e-05    0.00387738380494578
127.999999999956    -1.77397819167171e-07    2.1751014372556e-07    2.03592881813282e-08    5.53661492908234e-06    0.000142685867244594    0.0023530012498449
128.499999999956    -4.16606253360987e-08    1.50805898325175e-05    1.48855283729641e-08    8.01135366354878e-06    0.000122006256550049    0.00283039330117902
128.999999999955    -2.34986373118905e-07    6.22892615917402e-06    6.56108864405233e-09    1.76744823522132e-05    8.10002063297173e-05    0.00420409842328793
129.499999999955    -3.26149424183919e-07    -4.49268642888882e-05    4.17498687736669e-09    2.72334140643932e-05    6.46133152215531e-05    0.00521837097581787
129.999999999954    -1.8939715968531e-08    -2.66606020923108e-05    3.16222675821142e-09    3.53116008976352e-05    5.62336767382196e-05    0.00594229670329001
130.499999999954    -1.82398895849012e-07    -2.40304496917624e-05    2.73847428188526e-09    4.01471890691097e-05    5.23301157320338e-05    0.00633613538417522
130.999999999953    2.08651419311821e-07    -2.06339499508307e-05    2.6931097578561e-09    4.0236445326642e-05    5.18947610307757e-05    0.00634318686203957
131.499999999953    8.21533407140978e-08    1.05911833264452e-05    3.02376685284458e-09    3.53335428861655e-05    5.49887270599456e-05    0.00594419302454095
131.999999999952    -2.28698811643114e-07    -2.97045623630718e-06    3.92231851707531e-09    2.68894079337392e-05    6.26279986422116e-05    0.00518549892586326
132.499999999952    5.22370322512703e-08    -9.02274516510408e-06    6.24452850273543e-09    1.68036244764183e-05    7.9022311874735e-05    0.00409921249345383
132.999999999952    1.57305493544455e-07    1.02531386556436e-06    1.54247480425329e-08    7.02124959139624e-06    0.000124196309516485    0.00264976386497509
133.499999999951    9.83237038852246e-07    3.65466418278484e-06    1.92599161659052e-08    6.28090103987023e-06    0.000138776616945473    0.00250616992306985
133.999999999951    1.63637149334875e-07    -9.5950612526123e-06    7.3591700156538e-09    1.52131436777161e-05    8.57854488741369e-05    0.00390039121275234
134.49999999995    5.35528361509794e-08    -2.0492893410028e-05    4.43838866513682e-09    2.47226845761885e-05    6.66212113161459e-05    0.00497214889333658
134.99999999995    1.89376911072606e-07    3.88110924845474e-06    3.26549973457925e-09    3.29898721520664e-05    5.71442374257003e-05    0.00574367975161023
135.499999999949    2.19749988695599e-07    -3.50703604190026e-05    2.73999141471368e-09    3.87052401770262e-05    5.2344466036594e-05    0.00622125471644155
135.999999999949    2.54655241919032e-10    -1.73487456439928e-05    2.5958721507404e-09    4.02878563160625e-05    5.09497021647384e-05    0.00634724785533755
136.499999999948    4.71823879983069e-08    -6.55051208162071e-06    2.74160436080081e-09    3.76300199920133e-05    5.23603106811168e-05    0.00613432776127953
136.999999999948    6.32777843330036e-08    -2.30379998833319e-05    3.31343465119791e-09    3.07285344271431e-05    5.7562406543854e-05    0.00554328455680425
137.499999999947    -3.71815721576468e-07    -1.028486513854e-05    4.73022235897704e-09    2.13576676516017e-05    6.87756069551278e-05    0.00462142422562037
137.999999999947    -1.16018347264336e-07    1.30612676051614e-05    8.70434529226135e-09    1.17117663894345e-05    9.32970086980523e-05    0.00342222088602169
138.499999999947    4.35250969688157e-07    -9.64230320396324e-07    2.62662828292966e-08    4.1237810905813e-06    0.000162068175117418    0.00203070927531274
138.999999999946    -5.78340313149564e-07    1.96509716761991e-06    1.10627998477935e-08    9.89644929938666e-06    0.00010517825521597    0.00314586163678249
139.499999999946    2.37160161910879e-07    -6.57729961064231e-06    5.58535477387516e-09    1.90819764664906e-05    7.47348548465357e-05    0.00436828721647517
139.999999999945    -3.4935187834789e-07    2.35109614126704e-05    3.72680602860516e-09    2.80318812287167e-05    6.10465722368607e-05    0.00529446205609315
140.499999999945    -8.31194157686507e-08    4.89589367891293e-06    2.92658133654377e-09    3.50295587576238e-05    5.40978227630881e-05    0.00591857540188928
140.999999999944    -2.21704507465208e-08    -8.18179210372275e-06    2.60326038916999e-09    3.88435631833859e-05    5.10221510487465e-05    0.00623245507337709
141.499999999944    -1.3165224951528e-08    -1.95476850477677e-05    2.66912798992864e-09    3.73978032660527e-05    5.16636024354234e-05    0.00611534309373252
141.999999999943    -1.46989771739991e-07    3.03848849596191e-05    3.08639470608778e-09    3.19167477516984e-05    5.55551356770441e-05    0.00564940921782662
142.499999999943    3.63727667131095e-07    -2.05088199736568e-05    4.19460324522324e-09    2.3249680827377e-05    6.4764735368929e-05    0.00482174866782584
142.999999999942    1.28111571997166e-07    -1.15188571812451e-05    7.21194295589507e-09    1.36731226409426e-05    8.49230624937666e-05    0.00369770063105058
143.499999999942    9.28641168484512e-07    -1.8886686755576e-06    2.03656656574926e-08    5.15686339321271e-06    0.000142705302224804    0.00227087204090044
143.999999999942    1.76730598771708e-08    7.14262032750814e-06    1.38777103958205e-08    7.69081635102238e-06    0.000117803692995947    0.00277322291458823
144.499999999941    -3.34462883129967e-07    1.28419750268582e-06    6.29388415965708e-09    1.63537083147021e-05    7.93332987731941e-05    0.0040439716449969
144.999999999941    3.00340670399427e-07    -8.67809943338179e-06    4.02943237358163e-09    2.50569119605329e-05    6.34770995640423e-05    0.0050056804383743
145.49999999994    7.52571757215029e-08    1.53101873605881e-05    3.022855209196e-09    3.27528995491357e-05    5.49804469384663e-05    0.00572299442139329
145.99999999994    -9.20618886747352e-09    7.92650069747361e-06    2.6033443036538e-09    3.74610336926359e-05    5.10229773621638e-05    0.00612053681168757
146.499999999939    1.8196492545569e-08    -1.03419181042434e-05    2.53778868624245e-09    3.79475329899446e-05    5.03764662826812e-05    0.00616014821531711
146.999999999939    2.85755818597234e-07    -9.61946026273859e-07    2.75705479002401e-09    3.45096959462054e-05    5.25068865353502e-05    0.00587449529924616
147.499999999938    -1.46293309563154e-07    2.86944406205668e-06    3.43912749723882e-09    2.73142443257531e-05    5.86438922267818e-05    0.00522630233454246
147.999999999938    -1.6749576291531e-07    8.59015234714586e-08    5.18238336341102e-09    1.8087039024806e-05    7.19885776257625e-05    0.00425288596336969
148.499999999937    -3.19256477882448e-07    -5.02048103474288e-06    1.07468314837375e-08    9.12866107538537e-06    0.000103666434100141    0.00302136324697239
148.999999999937    -7.96424118889523e-07    3.80868930480802e-06    2.53924748722454e-08    4.13230418314356e-06    0.000159348174074472    0.00203280340343805
149.499999999937    -3.49948307296434e-07    -2.17513172001253e-07    8.85653425524672e-09    1.1226148378031e-05    9.41085107279301e-05    0.00335054448272502
149.999999999936    -7.53465138727589e-09    -3.73024884063884e-06    4.91794499576311e-09    1.98409879823005e-05    7.01280609955254e-05    0.00445432083123164
150.499999999936    -7.32949597914598e-08    -5.3383107857792e-06    3.42236216318516e-09    2.78998986536542e-05    5.85009127367602e-05    0.00528203276741939
150.999999999935    1.83261376476164e-07    1.50469069739922e-05    2.73043259147419e-09    3.43242458304686e-05    5.22532200609884e-05    0.00585867044823816
151.499999999935    -1.33459893952425e-07    1.97750110907944e-05    2.53409789429028e-09    3.65264742523046e-05    5.03396472250947e-05    0.00604368126237982
151.999999999934    -2.52688978850884e-08    -1.70916632165818e-06    2.64107485172376e-09    3.46674946880823e-05    5.1391382674594e-05    0.00588791064528265
152.499999999934    -1.14966807683762e-07    7.76559143350468e-06    3.14947455501089e-09    2.86810929130912e-05    5.61200618107644e-05    0.00535546754342521
152.999999999933    -1.65928239905632e-07    4.09366235782332e-06    4.43391257572526e-09    2.02421522909522e-05    6.65874240644918e-05    0.00449912608546157
153.499999999933    -2.23034127249094e-07    1.39763940824189e-06    8.27283782850473e-09    1.12477241582509e-05    9.0954868392422e-05    0.00335376239540832
153.999999999932    -8.6214693660877e-07    -8.17505849652848e-06    2.24471575439191e-08    4.37219456036724e-06    0.000149821274345731    0.0020909633494602
154.499999999932    6.86067551286782e-09    -1.44272258819364e-06    1.11584820702217e-08    8.61176444776474e-06    0.000105633716318005    0.00293458044127543
154.999999999932    3.43347892103085e-07    -5.23904323096467e-06    5.55145364582971e-09    1.69419315812902e-05    7.45072866104699e-05    0.00411605443765218
155.499999999931    -1.75217626208742e-07    -3.55746365382174e-06    3.70774920574324e-09    2.48789594594973e-05    6.08910379655882e-05    0.00498787999093298
155.999999999931    -2.31882206038374e-10    -2.55837759146952e-06    2.83860981456895e-09    3.18121204290774e-05    5.32786055984499e-05    0.00564022285763439
156.49999999993    1.54430264799101e-08    -1.2675966893928e-05    2.48976322342163e-09    3.57120762051277e-05    4.98975248377569e-05    0.0059759447391179
156.99999999993    -4.60345050997118e-08    -1.81370833738626e-05    2.4682810196365e-09    3.56683305018935e-05    4.9681776341641e-05    0.0059722693800682
157.499999999929    -8.58334068761834e-08    -1.9526036811661e-06    2.74925259206868e-09    3.16396815665909e-05    5.24332454144786e-05    0.00562491579971912
157.999999999929    -9.10318746187357e-08    -1.44972880334217e-05    3.52857096112523e-09    2.4366535794447e-05    5.94017059883219e-05    0.00493622584806315
158.499999999928    -1.6037014355721e-07    -1.16506164004386e-05    5.50369436843348e-09    1.57850553418631e-05    7.41867147800099e-05    0.00397302398746857
158.999999999928    -4.07401799437578e-07    -9.06656124111806e-06    1.27067263757715e-08    7.50246729929385e-06    0.000112723380004085    0.00273904821001039
159.499999999927    3.00795434735115e-07    -7.2458550345122e-06    2.17614235596619e-08    4.56485346949826e-06    0.000147517229779332    0.00213653948409176
159.999999999927    -2.63488719269048e-07    -5.1593419342428e-06    7.70759810915167e-09    1.17975033338002e-05    8.77925320448527e-05    0.00343474550949427
160.499999999927    -1.19438654608455e-07    -1.24257623808302e-05    4.50893026392402e-09    1.99314621714677e-05    6.71484623675912e-05    0.00446444932459726
160.999999999926    -6.09496415256395e-08    -2.22856531161395e-05    3.21906375377974e-09    2.72085665880057e-05    5.6736760913194e-05    0.00521613553674278
161.499999999926    -1.79418257175669e-07    -1.24980352323262e-05    2.63039125288638e-09    3.26399822372548e-05    5.12870262539696e-05    0.0057131275179511
161.999999999925    -1.58521251060053e-08    5.04684549417649e-06    2.45800168149504e-09    3.45645978283204e-05    4.95782354486843e-05    0.00587916425673505
162.499999999925    -1.53476944066462e-07    -4.80024767671544e-06    2.61393685446529e-09    3.22004893714384e-05    5.11264442269647e-05    0.00567454547334504
162.999999999924    1.48371698231563e-07    3.86300074965432e-07    3.16618914213012e-09    2.62467214519997e-05    5.62687046942551e-05    0.00512315540490155
163.499999999924    1.24716457745703e-07    -1.65338608951441e-05    4.54602123933769e-09    1.82416742928755e-05    6.74240734837555e-05    0.00427099530839351
163.999999999923    -2.39151029299043e-07    -4.30711210967587e-06    9.12010568189362e-09    9.84010394764109e-06    9.5498944961077e-05    0.0031368910399353
164.499999999923    1.98450735002808e-07    1.4630257976171e-06    2.16057565255617e-08    4.21782631858073e-06    0.000146988833395151    0.00205373420338082
164.999999999922    1.0269191657971e-07    -1.32644170165623e-07    9.89773659332468e-09    8.9220633689725e-06    9.94873160141279e-05    0.00298698231521012
165.499999999922    4.45511310870965e-08    -6.28251892890195e-06    5.19518601549215e-09    1.67780952539777e-05    7.20776250350195e-05    0.00409610251140442
165.999999999922    -2.13453682915193e-07    9.60195670782602e-06    3.52560166705873e-09    2.42174431439559e-05    5.93763934959339e-05    0.0049211127752149
166.499999999921    4.01348137109298e-07    -2.81610943657204e-06    2.73636047823987e-09    3.03756328186245e-05    5.23086933301981e-05    0.005511408611975
166.999999999921    1.9984870376426e-07    1.75077516587884e-05    2.43647037986983e-09    3.36389625196763e-05    4.93602111053572e-05    0.00579988413662791
167.49999999992    7.72929028000486e-08    -2.33347318158538e-05    2.43696991896958e-09    3.34046826379808e-05    4.9365615004543e-05    0.00577963131421649
167.99999999992    4.90209146888351e-08    -1.28084234857647e-05    2.75831176686467e-09    2.91459995625257e-05    5.2519609326561e-05    0.00539868831354557
168.499999999919    -2.0095429617968e-08    3.30907922732118e-06    3.5516183440701e-09    2.23895650680519e-05    5.95954523453242e-05    0.00473176015009706
168.999999999919    1.88361021461199e-08    2.67584951009808e-06    5.72071591455976e-09    1.42879636115206e-05    7.56354120750394e-05    0.00377994132908833
169.499999999918    -7.90977022441663e-07    -4.57209149048353e-06    1.34992584199113e-08    6.77926406930042e-06    0.000116183616638755    0.00260369797889076
169.999999999918    6.07704645339169e-07    -1.72653365722244e-05    1.96238541209189e-08    4.70255320946166e-06    0.000140083849233175    0.0021684683805891
170.499999999917    2.36988686920767e-07    5.51229945280109e-06    7.1997594540089e-09    1.17461241631244e-05    8.48510653461179e-05    0.00342725747175188
170.999999999917    -1.23334670076339e-07    3.4794115880599e-06    4.3447526010727e-09    1.9318933367001e-05    6.59146219713946e-05    0.00439532948260947
171.499999999917    -6.7825048723631e-08    -1.09657504327734e-05    3.10674009771228e-09    2.61269365186419e-05    5.57380973614551e-05    0.00511143974541023
171.999999999916    -1.8208183219078e-07    -3.32210409492146e-06    2.55351225150044e-09    3.10799177532914e-05    5.05319611504127e-05    0.00557493557962025
172.499999999916    -9.59111978457649e-08    5.32085394757954e-06    2.43212902399422e-09    3.24226028778627e-05    4.9316526895518e-05    0.00569408241654228
172.999999999915    2.44065820665336e-08    -2.03901026465435e-06    2.60224391337656e-09    3.00477317571707e-05    5.10121879328392e-05    0.00548158075737354
173.499999999915    9.2889561952648e-08    -2.36528902304074e-06    3.14800476690862e-09    2.44465429400397e-05    5.61070061439558e-05    0.0049443439752355
173.999999999914    6.61453405155987e-08    1.62767516876388e-05    4.53588600630661e-09    1.70526830342137e-05    6.7348954194557e-05    0.00412945736163582
174.499999999914    4.15102552678824e-08    -6.97490291206159e-06    9.48671252973159e-09    9.21901472772009e-06    9.73997474669739e-05    0.00303627503340021
174.999999999913    1.7736353215831e-07    7.80314660823269e-06    2.01644515729888e-08    4.21633936894321e-06    0.000142001479271049    0.00205335785479449
175.499999999913    -3.5573871378304e-08    1.94743739088275e-05    9.53083217373128e-09    8.60351715698103e-06    9.7625974557138e-05    0.00293311061941787
175.999999999912    -2.50505817715509e-07    1.05685374420009e-05    5.11952096901789e-09    1.60870043980035e-05    7.15503893480195e-05    0.00401084688114865
176.499999999912    2.68952859669819e-07    -1.69043891603494e-05    3.47259999745651e-09    2.30669627294434e-05    5.8928156782779e-05    0.00480277804724208
176.999999999912    -4.68405138554115e-08    2.70615586109981e-06    2.69606218432768e-09    2.87314633423769e-05    5.19235976247211e-05    0.00536017313331364
177.499999999911    -6.30336191785777e-08    -8.41501376756685e-06    2.41336312357621e-09    3.1724699638816e-05    4.91259519026254e-05    0.00563246205724986
177.999999999911    -2.5387005523267e-08    7.83178831533743e-08    2.44779025582143e-09    3.12109315267019e-05    4.94751413471592e-05    0.00558667445987039
178.49999999991    -6.40385583728691e-08    -3.60475985706668e-06    2.74385991719573e-09    2.74170950607664e-05    5.23818271565509e-05    0.00523613235761595
178.99999999991    1.04931156881165e-07    -2.27037194444618e-05    3.52156605982527e-09    2.11100325475527e-05    5.93426916248124e-05    0.00459450945027607
179.499999999909    -1.62285239387614e-07    8.6071976018233e-06    5.70826373799176e-09    1.37367841483556e-05    7.55528781813958e-05    0.00370630679578809
179.999999999909    1.44399775147395e-07    -3.1198358379474e-06    1.31283833452587e-08    6.70343330842178e-06    0.000114579066560885    0.00258909705786518
180.499999999908    2.30382745573708e-07    5.75866240070549e-06    1.95806410941354e-08    4.37236890179849e-06    0.000139930654318223    0.00209101308929568
180.999999999908    -6.00340032229418e-08    9.32107467014789e-06    7.26391147933597e-09    1.10927536944706e-05    8.52285625553689e-05    0.0033305655393698
181.499999999907    -3.40572876714317e-08    -4.25903650766868e-06    4.40843189871633e-09    1.8209518303296e-05    6.63960144799181e-05    0.00426725909266171
181.999999999907    1.82288225351406e-07    2.26129285317678e-06    3.08853558054934e-09    2.47991398049866e-05    5.55742957809835e-05    0.0049798729593777
182.499999999907    1.82829635965307e-07    -4.29377727372642e-06    2.54755731163274e-09    2.9295126321596e-05    5.04730015449542e-05    0.00541249553210649
182.999999999906    2.44055757939429e-07    3.81247659952493e-06    2.43434508717333e-09    3.05971539211105e-05    4.93384791411363e-05    0.00553146810405092
183.499999999906    -1.82406865829274e-08    2.61349336101178e-06    2.58671614907146e-09    2.85797262760936e-05    5.08597661845669e-05    0.00534600032227329
183.999999999905    1.37924661854231e-07    2.7360923024865e-06    3.07883541235489e-09    2.35481095129293e-05    5.54870830837461e-05    0.00485263866640905
184.499999999905    7.98652131873974e-08    -7.66658610471563e-06    4.42096630596897e-09    1.66533654060801e-05    6.64902994993758e-05    0.00408084631290344
184.999999999904    -8.08852791189621e-08    -2.89531614661955e-06    9.14204831831379e-09    9.3646686017522e-06    9.5614024995737e-05    0.00306017323347823
185.499999999904    1.09307443613651e-06    8.13222797465593e-06    1.89328515089485e-08    4.22396613812233e-06    0.000137592356972419    0.00205521288556454
185.999999999903    5.42180858208675e-07    1.29853411990219e-06    9.95535351089616e-09    7.80478149758479e-06    9.97750447296976e-05    0.00279370360120646
186.499999999903    -2.44868319536657e-07    -9.12541674289086e-06    5.39559057422489e-09    1.48204877144545e-05    7.34542756667778e-05    0.00384972783988995
186.999999999902    -2.32675230247031e-08    5.25353960094935e-06    3.57535781650543e-09    2.14364788270472e-05    5.97942913255756e-05    0.00462995153617928
187.499999999902    -1.26747248466949e-07    -1.30610232559399e-05    2.71772329845082e-09    2.69317529465511e-05    5.21316337129946e-05    0.00518956475595233
187.999999999902    -6.27372394606996e-09    5.7986442679875e-06    2.43837585649172e-09    2.9746886326067e-05    4.93799130936062e-05    0.00545406753733318
188.499999999901    1.49409660625389e-08    -4.09643744664396e-05    2.45144250360117e-09    2.95945134666469e-05    4.9512041771358e-05    0.00543992972258572
188.999999999901    -2.94104970633287e-08    -5.55373816201495e-07    2.71213644818177e-09    2.63179504327779e-05    5.20781680092957e-05    0.00513010235027897
189.4999999999    8.13343257216642e-08    -1.33205772272516e-05    3.42197947161415e-09    2.058427313831e-05    5.8497631202824e-05    0.00453696988093731
189.9999999999    4.31575063372351e-08    -1.10751368483027e-06    5.49325406125946e-09    1.37664232874422e-05    7.41164772414954e-05    0.00371031293300924
190.499999999899    -8.18659595976118e-08    -5.71080547912589e-06    1.18146111672414e-08    7.22493689651354e-06    0.000108695006624988    0.00268791820619868
190.999999999899    -8.38068678309582e-08    -1.06115575476187e-06    2.07189704023109e-08    3.78028932951962e-06    0.000143940832909636    0.00194429632604397
191.499999999898    2.40241173661285e-07    -2.0735887165639e-06    7.9067346336799e-09    9.94295893509062e-06    8.89194968376361e-05    0.00315324509597977
191.999999999898    2.29059515481307e-08    2.56647902997345e-06    4.67623720118735e-09    1.67294830863827e-05    6.83830145321536e-05    0.00409016827276924
192.499999999897    2.92893126589299e-08    -2.1198076432332e-06    3.19847844208703e-09    2.27671305934276e-05    5.65550845125634e-05    0.00477149097241556
192.999999999897    -9.78259863375084e-08    -1.09757852641169e-05    2.61309120307484e-09    2.7041646148457e-05    5.1118310155474e-05    0.00520014669798794
193.499999999897    -8.50139626319957e-09    -1.45044192299795e-05    2.47788183315569e-09    2.8634516282205e-05    4.97783262161551e-05    0.00535110324176499
193.999999999896    -3.53799781404891e-08    1.1455920809183e-05    2.57784707940431e-09    2.72937268156662e-05    5.07724908553978e-05    0.00522432728468887
194.499999999896    2.96971059097528e-07    1.13910371097669e-05    2.99215881784166e-09    2.29562276718555e-05    5.46998229067674e-05    0.00479125222839803
194.999999999895    1.43484410752365e-07    1.36576424015052e-05    4.15675475842977e-09    1.68593450582189e-05    6.44727397483125e-05    0.00410599056587116
195.499999999895    8.47347475444551e-08    -7.53616377563675e-06    8.28209020916432e-09    1.00972292595069e-05    9.10059505152651e-05    0.00317760483158975
195.999999999894    4.91620828566959e-07    1.73970615916771e-07    1.68210101383098e-08    4.56693459643784e-06    0.000129694905247935    0.00213703873763955
196.499999999894    4.28375107902673e-07    -3.46855468625787e-07    1.167190796444e-08    6.38775909930015e-06    0.000108035755466452    0.00252740162597705
196.999999999893    9.59919565646294e-08    -6.43524468437556e-06    6.08483241506822e-09    1.31339596272021e-05    7.80052767485155e-05    0.00362407480811695
197.499999999893    2.4375846014486e-07    -9.48095454726259e-06    3.84736315760916e-09    1.93495184343875e-05    6.20266373376977e-05    0.00439879853436008
197.999999999892    7.67262437671749e-08    7.86091882567903e-07    2.84361599874142e-09    2.45756050101915e-05    5.33255108913636e-05    0.00495737878240618
198.499999999892    1.20934494160496e-07    -1.06292985510527e-06    2.51171250900295e-09    2.76277887397952e-05    5.01168423172397e-05    0.00525621418988755
198.999999999892    -1.44397992954854e-07    1.32375857962556e-05    2.49755381533625e-09    2.79638321486646e-05    4.997532355629e-05    0.00528806740832479
199.499999999891    1.92073832262539e-07    -1.06290233031884e-05    2.68683710152127e-09    2.54619040143437e-05    5.18343535617474e-05    0.00504596779995744
199.999999999891    1.9237601392592e-08    -1.2382196020139e-05    3.26174354572865e-09    2.06180334079322e-05    5.71116728492814e-05    0.00454069158709926
200.49999999989    1.97959092732492e-07    7.83708654070006e-06    5.05875603928996e-09    1.44481722820054e-05    7.11246571273814e-05    0.00380106706887421
200.99999999989    -2.74073112300915e-07    1.5298100059396e-06    1.02706871238949e-08    8.15213640940915e-06    0.000101344027983024    0.00285519422615879
201.499999999889    -2.70583179510225e-07    1.84339259211316e-06    2.09022681753385e-08    3.4435284836091e-06    0.000144575914176883    0.00185567375513932
201.999999999889    -1.04514215676041e-08    2.45337100853547e-06    9.48168879238387e-09    8.32398631883591e-06    9.7373963065861e-05    0.0028851308982101
202.499999999888    1.08642928663808e-07    1.21696057666416e-05    5.36492771439668e-09    1.48073443824883e-05    7.32455862909891e-05    0.0038480119910395
202.999999999888    4.52048013460077e-08    5.18261005263957e-06    3.43755308648961e-09    2.06230140654876e-05    5.86306322924761e-05    0.00454125392441787
203.499999999887    -8.3753190251045e-08    1.23927265073197e-05    2.73909337439583e-09    2.48752735874374e-05    5.23362814861636e-05    0.00498749636669212
203.999999999887    8.59965060078447e-08    -1.09995184302832e-05    2.5528366928766e-09    2.69919443960769e-05    5.05255311449326e-05    0.00519536557007023
204.499999999887    5.97860583526337e-09    9.90124076114394e-06    2.60926088602584e-09    2.62478551896364e-05    5.10809245245435e-05    0.00512325649905095
204.999999999886    -1.20895516955727e-08    2.71106615611039e-05    2.91562068089463e-09    2.27643537019695e-05    5.3996486318439e-05    0.0047711234226332
205.499999999886    -8.20166102740419e-08    -5.96858589823621e-06    3.85655309508437e-09    1.75490554660159e-05    6.21010979642068e-05    0.00418915502720993
205.999999999885    5.72509345086267e-08    2.45629714231828e-06    7.13172872426798e-09    1.13466006374752e-05    8.44495437915355e-05    0.00336847066249352
206.499999999885    -5.75540091529659e-07    1.15569157243738e-06    1.39390441715996e-08    5.52237601655148e-06    0.000118062326443293    0.00234997333621649
206.999999999884    3.79059595517026e-07    -8.20076424288949e-06    1.47488107404515e-08    5.02541205093679e-06    0.000121444090240219    0.00224172808306508
207.499999999884    3.22945269938238e-07    2.32774109856335e-06    7.34362954305896e-09    1.1180806043843e-05    8.56943711652731e-05    0.00334377042056784
207.999999999883    -1.03494485367159e-07    1.64118945158741e-06    4.34394120038083e-09    1.71467321439753e-05    6.59085008877636e-05    0.00414086095522085
208.499999999883    -1.69176942156934e-08    -6.66817396926928e-06    3.04348513120484e-09    2.22743998434292e-05    5.51677881104224e-05    0.00471957152492524
208.999999999882    -5.19189586666414e-08    -9.01085540768313e-06    2.6411362831004e-09    2.54733445484792e-05    5.13919603393579e-05    0.00504710445235325
209.499999999882    1.72201876533546e-07    1.74634314334713e-05    2.58907306827667e-09    2.63918153761918e-05    5.08826435515136e-05    0.00513726682242166
209.999999999882    6.81029935930445e-09    -4.98574469241515e-06    2.69248199629815e-09    2.47555789291374e-05    5.1889131327456e-05    0.00497549535940767
210.499999999881    6.9048790270029e-08    4.47021665676834e-08    3.10548393227003e-09    2.09475135707633e-05    5.57268262557145e-05    0.00457684537304517
210.999999999881    1.58023339771759e-07    -1.14418740166807e-05    4.56570620412879e-09    1.54577216646891e-05    6.7569824868449e-05    0.00393161426747438
211.49999999988    -1.35599283409298e-07    1.95814433264112e-06    8.69551638202855e-09    9.4822916095601e-06    9.32496541273097e-05    0.00307933235868278
211.99999999988    -8.25403758177715e-07    3.55572750082005e-06    1.78119122781821e-08    3.92292094075962e-06    0.00013345872390675    0.00198063330719282
212.499999999879    -5.25795584736301e-07    -3.97710974124204e-06    1.17102359036642e-08    6.66779361536965e-06    0.000108212566010918    0.00258220405815802
212.999999999879    -8.40825120086842e-08    6.26478373826077e-06    6.39198963644562e-09    1.28943395702493e-05    7.99498753380941e-05    0.00359086345086164
213.499999999878    -2.25662550428615e-07    2.57235042073818e-06    3.7995274459919e-09    1.84725031687727e-05    6.1639893919484e-05    0.00429796423342331
213.999999999878    5.87990438703753e-08    1.29175781842664e-05    2.91141240413463e-09    2.28059127670261e-05    5.39574735028158e-05    0.00477553619012566
214.499999999877    7.31573696983919e-08    4.76772487201999e-06    2.67353379503025e-09    2.52284415272361e-05    5.17061741287199e-05    0.00502278994146038
214.999999999877    -9.99146140118569e-08    1.54741445588e-05    2.68569010235973e-09    2.51475989649987e-05    5.18235479239857e-05    0.0050147143005209
215.499999999877    -1.01105341276734e-07    1.25017936876298e-05    2.86193806183016e-09    2.2672605109229e-05    5.34969890698544e-05    0.00476155949394562
215.999999999876    -1.86226831291672e-07    9.87411356952843e-06    3.61515281028088e-09    1.81302660663658e-05    6.01258524251273e-05    0.00425795356576924
216.499999999876    -7.09983050270454e-08    6.92838090194353e-07    6.1841591082854e-09    1.25420324995424e-05    7.86393925938272e-05    0.00354147314256621
216.999999999875    1.00855082148788e-07    5.60041973015175e-07    1.15119682141132e-08    6.77186711953917e-06    0.000107293793121343    0.00260228107741884
217.499999999875    -8.07888711720142e-07    -2.35594225750518e-06    2.11805382409582e-08    3.44380320013296e-06    0.000145533108112167    0.00185574719443922
217.999999999874    -4.09066719342964e-07    -3.09959110717901e-07    8.64084856878078e-09    9.58199939878476e-06    9.29552646879127e-05    0.00309548046395226
218.499999999874    -1.30309888421936e-07    4.183256462632e-06    4.97644661184829e-09    1.54094169204012e-05    7.05438135571169e-05    0.00392548078848522
218.999999999873    6.63150616338724e-08    -4.02834640176617e-06    3.29383099627068e-09    2.03683557742923e-05    5.73918687497043e-05    0.00451312968423439
219.499999999873    7.81813019452507e-08    -8.56356500107642e-06    2.80231734807385e-09    2.36349810652644e-05    5.29368608415523e-05    0.00486157461432187
219.999999999872    -1.99173932008816e-07    -3.34050622362578e-06    2.72575194973657e-09    2.48945942408272e-05    5.22083544988863e-05    0.00498944717196659
220.499999999872    -1.23409654114604e-07    2.52652520169439e-05    2.76368802795155e-09    2.39635682148089e-05    5.25706457826877e-05    0.0048951945703771
220.999999999872    -4.37612978647637e-08    2.80315385511919e-06    3.05314692256045e-09    2.09371902391197e-05    5.52552713097064e-05    0.00457571659758864
221.499999999871    3.89075762229272e-08    -2.35151827259588e-06    4.21995778236895e-09    1.62006046025588e-05    6.49611904799278e-05    0.00402499677924351
221.999999999871    -1.67546005168656e-07    1.02452937701004e-05    7.61881819149726e-09    1.06271029878503e-05    8.72856810698835e-05    0.00325990767074864
222.49999999987    3.5940330547069e-07    3.73540374838276e-06    1.47464450430813e-08    4.82174895907758e-06    0.000121434409754177    0.00219584494120974
222.99999999987    -1.41129067910522e-07    9.30831375644812e-06    1.37951248362224e-08    5.49565795168624e-06    0.000117452564547602    0.00234426348923948
223.499999999869    1.0287903355531e-07    6.61363257235932e-06    7.26237571501574e-09    1.16179812096655e-05    8.52195114449748e-05    0.00340850956717591
223.999999999869    1.89234361753866e-08    -1.23406670443315e-05    4.16825210500177e-09    1.70447597171311e-05    6.4561999248051e-05    0.00412851152657565
224.499999999868    1.33824808247217e-09    -1.88130090051403e-06    3.08013928584413e-09    2.13490733641611e-05    5.54990025500749e-05    0.00462050536466175
224.999999999868    9.2841423729927e-08    -8.677293586492e-06    2.83244713632485e-09    2.36495723251217e-05    5.32206587407079e-05    0.00486307485339242
225.499999999867    -4.02634660741774e-08    -6.31648017097222e-06    2.83972726579573e-09    2.39034460879466e-05    5.32890762225152e-05    0.00488911098156146
225.999999999867    1.76322604113267e-08    -7.42415057304781e-06    2.9329726717272e-09    2.20806244115347e-05    5.4156923480111e-05    0.0046989966262515
226.499999999867    -7.23873246790705e-08    -2.11380018715342e-06    3.5066430787865e-09    1.83954629263126e-05    5.92168712349929e-05    0.0042889927090357
226.999999999866    -1.44790894558465e-07    -6.06264512104043e-06    5.69490888685932e-09    1.33042525727456e-05    7.54644811978203e-05    0.00364749445744332
227.499999999866    2.28056198098192e-07    2.15761160288939e-06    1.03556999525002e-08    7.70362552838793e-06    0.000101762704085882    0.00277553974446415
227.999999999865    -1.19155524827057e-06    -2.02178294789846e-06    2.16930535194028e-08    3.17558259750104e-06    0.000147280798869008    0.00178201529451763
228.499999999865    -1.1354575515322e-07    9.69912251272723e-06    9.45982936310857e-09    8.69064361749437e-06    9.72615878467448e-05    0.00294797380322771
228.999999999864    1.02966211211416e-08    -1.96814440874453e-05    5.49156325162736e-09    1.44654785989448e-05    7.41050817799087e-05    0.00380330004597368
229.499999999864    -1.7689947044011e-07    1.07247878042393e-05    3.52246616890595e-09    1.92026759851816e-05    5.9350104258403e-05    0.00438207267900798
229.999999999863    7.25190187584925e-08    -1.3953359920645e-05    2.95773319762099e-09    2.23486391050718e-05    5.43849973670396e-05    0.00472741413553104
230.499999999863    -1.19908630173654e-08    2.15777716351079e-06    2.9171910705132e-09    2.34931035808627e-05    5.40110259737066e-05    0.00484696801359989
230.999999999862    -1.4463865036315e-07    -9.02718696604995e-06    2.94114781098523e-09    2.28115728435334e-05    5.42321573482565e-05    0.00477613770251957
231.499999999862    2.73102784151255e-08    -5.47611435362378e-06    3.14227201852143e-09    2.03701296406908e-05    5.60559655404322e-05    0.00451332467842303
231.999999999862    3.34540817865941e-08    -1.27008090237095e-05    4.17258622020981e-09    1.62032505447026e-05    6.45955501643436e-05    0.00402530610440408
232.499999999861    3.08029082911887e-07    4.68848195705881e-08    7.515842997822e-09    1.09799000675166e-05    8.66934144898336e-05    0.00331359322568694
232.999999999861    -9.35784905683748e-08    -2.91599865047903e-06    1.39100847192147e-08    5.32393826930929e-06    0.000117940985082713    0.00230736424655085
233.49999999986    5.71980824282657e-07    -2.00092298811089e-05    1.44497658333074e-08    5.1864673997882e-06    0.000120205817959216    0.00227729379538692
233.99999999986    -5.66872588645519e-08    1.00618215112411e-05    7.55413943811996e-09    1.12881595899423e-05    8.69145340243773e-05    0.00335977057991913
234.499999999859    6.19471641228903e-08    -1.55443786268386e-06    4.43139308108521e-09    1.65126284459497e-05    6.65686806511446e-05    0.00406357306193363
234.999999999859    1.43961805059233e-08    -8.32891352066257e-06    3.27662880821629e-09    2.0220703926963e-05    5.72418430954689e-05    0.00449673598915509
235.499999999858    -1.21391371193455e-07    -1.11891215749445e-05    3.01916406348299e-09    2.24187318976611e-05    5.49467863265723e-05    0.00473482911003338
235.999999999858    9.93771419201653e-08    -1.54364900584604e-06    3.1012803954377e-09    2.25049745322202e-05    5.56890520625138e-05    0.00474394057186301
236.499999999857    -2.77095868041343e-08    -6.12941761442516e-06    3.14483669627263e-09    2.10036055310421e-05    5.60788367251981e-05    0.00458296497491328
236.999999999857    6.70296134709268e-08    2.94479647789807e-06    3.63536592936126e-09    1.77287580083667e-05    6.02939585397424e-05    0.00421055214152971
237.499999999856    -2.01979381635929e-07    2.54665017353687e-06    5.86902597440593e-09    1.3032972719915e-05    7.66093021684398e-05    0.00361011997508225
237.999999999856    -6.50933897180128e-08    -9.17733711538619e-07    1.06155093343027e-08    7.77536290864632e-06    0.00010303157330233    0.00278843362237855
238.499999999856    7.95681755404575e-07    -2.18444741656733e-06    2.03594118591664e-08    3.39803095299424e-06    0.000142684192360999    0.00184337358698223
238.999999999855    -6.32941182818989e-08    1.53738649750421e-06    9.23547586083961e-09    8.79662353914891e-06    9.61013623977007e-05    0.00296590983942393
239.499999999855    1.40653925604241e-07    -5.16872563265614e-07    5.63960986152261e-09    1.45051462344707e-05    7.50972041956012e-05    0.00380856219160374
239.999999999854    -1.3166443221721e-07    6.15220456513792e-07    3.66709928379765e-09    1.87784284609103e-05    6.0556436059885e-05    0.00433340836783405
240.499999999854    -4.99619636158953e-08    3.98517209172956e-06    3.13606553255851e-09    2.11618973502459e-05    5.60005628218208e-05    0.00460020450291607
240.999999999853    -1.12318225670592e-07    2.10155410788178e-05    3.18285735331911e-09    2.20113580672291e-05    5.64167061953752e-05    0.00469157930917322
241.499999999853    -1.03028570941171e-07    5.27062038711141e-06    3.27661323145482e-09    2.12448088320947e-05    5.72416161247076e-05    0.00460920611956717
241.999999999852    -1.37908709422258e-07    -8.16650457553829e-06    3.44230522743649e-09    1.88070743794841e-05    5.86709997240916e-05    0.00433670470376842
242.499999999852    -5.45928781481557e-08    9.25418717484894e-06    4.54491011886865e-09    1.49279240988231e-05    6.74159264453609e-05    0.00386365609997097
242.999999999851    -2.82021066464077e-07    -5.89931043753667e-06    8.4565519853635e-09    1.01739826650482e-05    9.19590802992373e-05    0.00318966265664326
243.499999999851    4.18653855355161e-07    6.42340814540636e-06    1.43722101168258e-08    5.22154641702641e-06    0.000119883421897171    0.00228506130264687
243.999999999851    3.5184255709919e-07    -5.88597993960365e-06    1.2553321336205e-08    5.77158314584722e-06    0.000112041052936056    0.00240240473298888
244.49999999985    2.08380270234582e-07    -9.13858790863642e-07    7.11808597502869e-09    1.19285310595413e-05    8.43684926539029e-05    0.00345377043597333
244.99999999985    -1.52186517272375e-07    1.09136373696369e-07    4.57343879436552e-09    1.66945770813929e-05    6.76270333049549e-05    0.00408589978700924
245.499999999849    -1.23730476945541e-07    -7.87820876766257e-06    3.39702575133341e-09    1.96839126956329e-05    5.82838780633417e-05    0.00443664858079378
245.999999999849    -1.84795841933763e-08    -8.98366351299688e-06    3.26985095909723e-09    2.08934227712978e-05    5.71826076495485e-05    0.0045709235461871
246.499999999848    -7.86445743567884e-08    -7.79966990033069e-06    3.55644543385837e-09    2.05073416630241e-05    5.96358889335046e-05    0.00452849653065712
246.999999999848    1.84189178912899e-08    1.3106581083368e-05    3.68218590163335e-09    1.87229704066221e-05    6.06810148430036e-05    0.00432698493458833
247.499999999847    -4.93366599989029e-08    -6.72639309362446e-07    4.17329602335785e-09    1.55326810039322e-05    6.46010339642628e-05    0.00394115218578128
247.999999999847    1.39594853456858e-07    3.20847693423785e-06    7.15773961532262e-09    1.12748467666235e-05    8.46033103879482e-05    0.00335780232775833
248.499999999846    -1.57306657735606e-07    -2.22521514321756e-08    1.17556448841063e-08    7.0796503133455e-06    0.000108423337611059    0.00266076122807935
248.999999999846    8.08992555937114e-07    -2.06140005518895e-07    1.75020902988969e-08    4.25386016706176e-06    0.000132292992368989    0.00206248881804679
249.499999999846    1.35971447231368e-08    4.92716722763777e-06    7.80341228976026e-09    9.99957732135919e-06    8.83369237911187e-05    0.00316220698949046
249.999999999845    -4.03198932499209e-07    -8.87947654909505e-06    5.4510538141381e-09    1.52033424290392e-05    7.3830151325586e-05    0.00389913626126805
250.499999999845    4.50889288937839e-08    1.09730625020444e-05    3.79866395537614e-09    1.86640275651262e-05    6.16332858313154e-05    0.00432017443594879
250.999999999844    1.11071559442802e-07    6.14054387413236e-06    3.31142778940678e-09    2.02282605385985e-05    5.75448994483043e-05    0.00449757966381023
251.499999999844    -3.96780108135151e-08    5.96106868580502e-06    3.66201641369353e-09    2.00174176523683e-05    6.05145836914458e-05    0.00447407891280746
251.999999999843    -1.27086438333239e-07    -1.83886087750092e-05    4.14790735191745e-09    1.84229776999214e-05    6.44041240989631e-05    0.00429216024386191
252.499999999843    -1.10926919052757e-07    6.66939316465153e-06    4.25314427570079e-09    1.58323177719183e-05    6.52160407485721e-05    0.00397897892569351
252.999999999842    9.36641467723848e-08    -5.74022901538597e-06    5.77753188973759e-09    1.20435123064065e-05    7.60100198445257e-05    0.00347037164525319
253.499999999842    -7.0408773390908e-08    -5.05246294587033e-06    1.06385106025439e-08    8.27147132439346e-06    0.000103143131837018    0.00287601213436446
253.999999999841    7.65132535199884e-08    2.94866598673912e-06    1.44378773636487e-08    5.27341032884722e-06    0.000120157694341106    0.00229638882470198
254.499999999841    -2.18864209459766e-09    -8.2615212045168e-06    8.93552042487961e-09    7.97472486410594e-06    9.45278817074066e-05    0.002823943450456
254.999999999841    2.45384435105437e-07    1.84903415646095e-06    5.89612450406214e-09    1.38346456973527e-05    7.67858339183807e-05    0.00371949489560415
255.49999999984    -1.01808655671378e-07    -1.34086486743537e-05    4.39923756576145e-09    1.78121540520947e-05    6.63266703578514e-05    0.00422042346930204
255.99999999984    2.01926379157878e-08    2.74890146380284e-06    3.47058605872239e-09    1.97254051878787e-05    5.89116766946907e-05    0.00444132836338628
256.499999999839    8.25527669439187e-08    9.06939921754664e-06    3.59146169127594e-09    1.9535249300603e-05    5.99287483293003e-05    0.00441986052343293
256.999999999839    -1.56022718813051e-07    -1.02511039160869e-05    4.50462507899263e-09    1.79511237342678e-05    6.71163224253523e-05    0.00423686424719229
257.499999999838    -3.44927185063288e-07    1.23286398303002e-05    5.07432101328046e-09    1.52885360827805e-05    7.12334334320441e-05    0.00391003632814588
257.999999999838    2.99608972452799e-08    -1.02790235224757e-05    5.70406238527218e-09    1.17316528572895e-05    7.55252374217838e-05    0.0034251346249403
258.499999999837    6.16918019198276e-08    3.11535680724194e-06    1.07184267165371e-08    7.94136979344307e-06    0.000103529816529629    0.00281804188897096
258.999999999837    5.06623876385728e-07    -2.73511501969526e-06    1.30928545682313e-08    6.27614436009215e-06    0.000114422890631548    0.0025052219221534
259.499999999837    2.8793767508135e-07    -3.7899436207644e-06    1.11553959418706e-08    7.33020790595495e-06    0.000105618715357487    0.00270743301713677
259.999999999836    1.94108412433331e-07    -8.96810655704849e-06    5.56043875616759e-09    1.3251434878085e-05    7.45680969188018e-05    0.00364024098805969
260.499999999836    1.55058018196214e-07    -1.00258821167249e-05    4.46600455880991e-09    1.77042664486478e-05    6.68279920079969e-05    0.0042076318672545
260.999999999835    4.7794688655897e-08    -7.33323018865826e-06    3.59239833043358e-09    2.0093611324773e-05    5.99366002214116e-05    0.00448258380273118
261.499999999835    8.10116076603855e-08    -4.12958630401844e-06    3.41473653410634e-09    2.00588199656544e-05    5.8435690902271e-05    0.00447870549513711
261.999999999834    -1.38874784569987e-07    6.47261155294318e-06    4.17264424176973e-09    1.83597545360282e-05    6.4595858656449e-05    0.00428482352510904
262.499999999834    1.86573504774333e-07    -5.05674330973764e-06    5.60447494461018e-09    1.53920996761186e-05    7.48628087566683e-05    0.0039232733916292
262.999999999833    -1.91148748696441e-07    1.34527677327554e-05    6.42865533419339e-09    1.15883384650851e-05    8.01786679631762e-05    0.00340413828863127
263.499999999833    -2.2997156365242e-07    -1.13806239219122e-05    1.03973001322825e-08    7.3270286962248e-06    0.000101966892888635    0.00270682455612179
263.999999999832    1.65809886475767e-07    7.08154076668149e-06    1.38248622143409e-08    6.09175858496245e-06    0.000117579057324944    0.00246813865832996
264.499999999832    -2.20214095035508e-07    -7.09541445024261e-06    1.20079701464988e-08    7.55957311513037e-06    0.00010958066276607    0.00274945863220819
264.999999999832    4.60838542194492e-07    1.08930746108243e-05    5.53621921595558e-09    1.29708654170641e-05    7.44043469415168e-05    0.0036014922959781
265.499999999831    2.80876329735783e-08    9.62587233202532e-06    4.17263219276297e-09    1.78027496082636e-05    6.45959085689476e-05    0.00421931948906994
265.999999999831    3.46915391768948e-08    1.37857139448984e-05    3.59528634609402e-09    2.06034729106001e-05    5.99606966486475e-05    0.00453908392351266
266.49999999983    -1.49758249056454e-07    3.00652142380632e-06    3.3041571856991e-09    2.10258489838469e-05    5.74816036499151e-05    0.00458539419730473
266.99999999983    -1.23070112764346e-07    -9.28182838247344e-06    3.73862001203764e-09    1.89962883094142e-05    6.11441318998396e-05    0.00435846327930798
267.499999999829    -1.7208196754921e-07    -9.40804693448537e-06    5.47091071708985e-09    1.54643736322198e-05    7.39654047841712e-05    0.0039324655269783
267.999999999829    -2.32993047090276e-07    1.26293496177717e-06    7.74431728688542e-09    1.11655642497892e-05    8.8001494311889e-05    0.00334149108255348
268.499999999828    3.94944386611425e-07    4.37294355424376e-06    1.18314391245225e-08    6.33317232361483e-06    0.000108771701942435    0.00251657568949943
268.999999999828    2.21927211405943e-07    2.04124175822783e-06    1.5854485574697e-08    5.20964047391819e-06    0.000125914400776916    0.00228246277236898
269.499999999827    3.07181781995111e-07    1.29708796797154e-05    1.08898612398309e-08    8.5263458298389e-06    0.000104354045820867    0.00291996191518301
269.999999999827    -1.04436297122237e-07    -2.03420632452007e-07    5.48063490016782e-09    1.36447012186746e-05    7.40312366047445e-05    0.00369387346525225
270.499999999827    -8.33313533747818e-08    1.62895633114745e-05    3.92525100424728e-09    1.82660531156826e-05    6.26517682123404e-05    0.0042738492914245
270.999999999826    -5.89547122149432e-08    1.86426140306544e-05    3.47547858702223e-09    2.09830058142856e-05    5.89531603170189e-05    0.00458068316599475
271.499999999826    -8.75807241884962e-08    -1.06215185478533e-05    3.29102284197431e-09    2.15888105933723e-05    5.73673702690916e-05    0.00464636393072217
271.999999999825    -6.14016861191992e-08    -4.97726555268429e-07    3.52280146436305e-09    1.96947851065044e-05    5.93531607767943e-05    0.0044378806719844
272.499999999825    1.61427718879317e-07    -1.3154120408966e-05    4.7989480481163e-09    1.57220114715535e-05    6.92742519931315e-05    0.0039650773562025
272.999999999824    4.71327196940385e-07    -3.98817848490686e-06    8.0349326876043e-09    1.09099747165162e-05    8.96365468895234e-05    0.00330302267793435
273.499999999824    -4.59955158328753e-08    8.63638993849782e-07    1.39404144064717e-08    5.89631056598008e-06    0.000118069523124658    0.00242823182997583
273.999999999823    2.2158387918231e-07    -5.13377180257975e-06    1.72227443485678e-08    4.67106102525925e-06    0.000131235266788895    0.00216125765924527
274.499999999823    -1.59779590740518e-07    9.65130397941079e-06    9.88338022880273e-09    9.22679197189783e-06    9.94150627384256e-05    0.00303754815998518
274.999999999822    -2.82568695997968e-07    3.92617397050996e-06    5.78750761825152e-09    1.39750803187348e-05    7.6075145567942e-05    0.00373832380939543
275.499999999822    7.04926955337622e-08    1.18271734985659e-06    4.03980541753476e-09    1.79084787865752e-05    6.35594245436083e-05    0.00423184089820907
275.999999999822    1.06853903868693e-07    -2.40788564112597e-06    3.52256503942688e-09    2.03492035701142e-05    5.935110463732e-05    0.00451100850943567
276.499999999821    -1.13098098457305e-08    -5.62207391977486e-07    3.54356666549339e-09    2.06043573893238e-05    5.95278635395357e-05    0.00453920225075362
276.999999999821    -2.46794016316569e-08    -1.97362266354138e-06    3.84653281604046e-09    1.86127763166255e-05    6.20204176619893e-05    0.00431425224360365
277.49999999982    -2.46499096720752e-08    4.59015897818685e-06    4.90694261881787e-09    1.44323668027566e-05    7.00495682442071e-05    0.00379899272613112
277.99999999982    8.31781882544986e-09    3.31052541847641e-06    9.21473579617353e-09    9.27408172858642e-06    9.59934150188825e-05    0.00304533590413404
278.499999999819    -1.22784969485174e-07    -3.82491717464617e-06    1.45161759278357e-08    5.7144217485346e-06    0.000120483031384868    0.00239048261205624
278.999999999819    -1.26851724087383e-08    -6.80836609312258e-06    1.38522313945406e-08    5.98485110686283e-06    0.000117695502180954    0.00244638605968354
279.499999999818    1.45186806562834e-07    -7.95475545379706e-06    8.0069966792007e-09    1.06533604969424e-05    8.94817053927332e-05    0.00326393891162321
279.999999999818    1.99673881165682e-08    -8.87731582473769e-06    5.99574280712998e-09    1.4703690469314e-05    7.74321794116205e-05    0.00383452887100589
280.499999999817    9.72007154010935e-08    -1.32929452524184e-05    4.35230617823844e-09    1.75559057715824e-05    6.59719389608898e-05    0.00418995573594625
280.999999999817    -1.28455464949217e-07    -4.20057849250802e-07    3.7735307638962e-09    1.90320403801391e-05    6.1428936691837e-05    0.00436257265884369
281.499999999817    6.29568965670579e-08    3.36065808593518e-06    4.0752535209901e-09    1.86717822006092e-05    6.38376813286578e-05    0.00432108445955253
281.999999999816    -6.11997573258456e-08    2.12292808996784e-06    4.86787237489956e-09    1.62898090752947e-05    6.97701127237821e-05    0.00403606300353092
282.499999999816    1.90549719037874e-07    -3.25484209918021e-06    6.31250685279831e-09    1.18506463605378e-05    7.94510575360887e-05    0.0034424752383337
282.999999999815    4.39088817095165e-07    -2.96388402130661e-06    1.24432945125934e-08    6.66012604361316e-06    0.000111548651778514    0.00258072029848348
283.499999999815    -1.38166480637233e-07    3.27319494255513e-06    1.4426733498302e-08    6.09998496083731e-06    0.000120111258457838    0.00246981259350425
283.999999999814    -4.07924941466597e-07    1.13234524789425e-06    1.02137120080613e-08    8.80765290579446e-06    0.000101062087873264    0.00296776879550761
284.499999999814    2.27111585900172e-07    -5.42909387125021e-06    5.92418394457601e-09    1.30516563837759e-05    7.69683854897812e-05    0.00361270354564495
284.999999999813    5.47634309090143e-08    -7.49817891493824e-06    5.216387208058e-09    1.62953087882553e-05    7.22245402133142e-05    0.00403673786188405
285.499999999813    2.91294000014964e-07    1.17487791146449e-05    4.64215819637107e-09    1.78749887542793e-05    6.81327626342616e-05    0.00422786597711761
285.999999999812    -3.99246356620615e-08    2.67327426943842e-07    4.12910179621652e-09    1.80452848231722e-05    6.42580749963769e-05    0.00424797419386091
286.499999999812    -1.44610534937188e-07    4.23256807024543e-06    4.65126264011256e-09    1.65530558623619e-05    6.82000126679295e-05    0.00406854248444445
286.999999999812    6.50705462356626e-11    -5.0562392095891e-06    6.62342175333591e-09    1.33012051748774e-05    8.13844073108091e-05    0.00364707822912018
287.499999999811    -3.01743952352248e-07    4.3079496735358e-06    1.03250127652667e-08    8.60296562580011e-06    0.000101611621952678    0.0029330780874995
287.999999999811    -5.95799333218003e-07    4.6393305377787e-06    1.89088409302389e-08    4.2112829810052e-06    0.000137508130499231    0.00205213582825732
288.49999999981    -3.82176727577931e-08    -1.63161322234718e-07    1.1835095594387e-08    7.90432118674029e-06    0.000108789218830712    0.00281146245931164
288.99999999981    -1.84702587457128e-08    1.35476885939418e-06    7.3625686903581e-09    1.25274556310125e-05    8.58054097898707e-05    0.00353941432946382
289.499999999809    -6.35811742277435e-08    -9.21922655186023e-07    4.88849033653188e-09    1.59993844610276e-05    6.99177108747573e-05    0.0039999229506437
289.999999999809    -1.95311316199455e-07    5.87294011179338e-06    4.51703740715972e-09    1.76701329456955e-05    6.72086248977725e-05    0.00420358162217292
290.499999999808    -9.491106255038e-08    6.83933725234972e-06    4.91316887613345e-09    1.76680831468471e-05    7.00939360289009e-05    0.00420333633799545
290.999999999808    2.20198198288402e-07    2.89361673882897e-06    5.07654159454054e-09    1.63047186702452e-05    7.1249513031978e-05    0.00403790914920424
291.499999999807    -1.47897332544081e-07    3.33370427537059e-06    5.85362074664512e-09    1.33672255364112e-05    7.65088156556102e-05    0.00365612013243917
291.999999999807    3.86728513653846e-07    -1.18600624206885e-05    9.38953333021828e-09    9.42786229929788e-06    9.68988326620863e-05    0.00307045951580822
292.499999999807    2.86357189724089e-07    -1.13166844933872e-06    1.4424008552047e-08    6.17903651587885e-06    0.000120099652587369    0.00248576652870002
292.999999999806    1.69189011882641e-08    -7.06879752036063e-06    1.47782180025069e-08    6.08130191648272e-06    0.00012156569300694    0.00246601945421855
293.499999999806    -1.02271451724524e-07    -1.174923948674e-05    7.54567212581092e-09    1.15103629556415e-05    8.68657680928516e-05    0.0033926722374867
293.999999999805    -5.05112479566332e-08    -5.06512200795268e-06    5.78014801421729e-09    1.56926052539168e-05    7.60272678900874e-05    0.00396138607036172
294.499999999805    7.5827900318953e-08    -2.94908698196695e-06    4.69001502048541e-09    1.76017191179222e-05    6.84836423579744e-05    0.00419543924050965
294.999999999804    9.53564250140688e-08    -1.70854080753088e-05    4.50835264495743e-09    1.76075306218182e-05    6.71441996907375e-05    0.0041960980339655
295.499999999804    5.82714972172756e-08    -2.39235967058681e-06    5.6613328740528e-09    1.5855939209484e-05    7.52418067199706e-05    0.00398195096480346
295.999999999803    3.64026288046708e-07    1.77486056947034e-05    7.65149203723458e-09    1.27198757279209e-05    8.74720499479473e-05    0.00356644931478309
296.499999999803    2.66393362326848e-07    2.58875320360445e-06    1.06719993041383e-08    8.31068318492578e-06    0.000103305025718572    0.00288282439341744
296.999999999802    -2.80180605140784e-07    3.41266294658155e-06    1.73615289420704e-08    4.93287840550713e-06    0.000131762856833399    0.00222100579901061
297.499999999802    -3.0688585877346e-07    -3.17575907352318e-06    1.34663933524753e-08    7.28167848911463e-06    0.000116044384498109    0.00269845667070438
297.999999999802    1.96594780943053e-07    -3.18898262300992e-06    8.01017927264304e-09    1.15263371256734e-05    8.94993889539764e-05    0.00339504447041025
298.499999999801    8.7740267421706e-09    -6.66961348622668e-06    5.13874681483342e-09    1.58241203151845e-05    7.16850524018074e-05    0.00397794869643142
298.999999999801    1.0061740545195e-07    -1.4658571174321e-05    4.70816550558522e-09    1.81989008384347e-05    6.86159994587482e-05    0.00426599179145083
299.4999999998    2.69349201478673e-07    4.22546217930636e-06    4.77576740786882e-09    1.83729521501106e-05    6.91064024449e-05    0.00428636609444176
