#t    rel_diff_friedmann    LHS_friedmann    RHS_friedmann
0    6.04555923234974e-17    0.0286941771522858    0.0286941771522858
0.5    -3.1255651052466e-08    0.0333556929509416    0.0333556950360494
1    1.02047407776992e-07    0.0370311144092361    0.0370311068513784
1.49999999999999    2.94502232249095e-07    0.038847584582816    0.038847561701422
1.99999999999998    4.17021424518588e-07    0.0383587932736674    0.0383587612808035
2.49999999999997    7.87033008704455e-07    0.0359433862773654    0.035943329700147
2.99999999999996    9.1739706214378e-07    0.0326252800105456    0.0326252201499284
3.49999999999995    8.52671138882699e-07    0.0293786081460187    0.0293785580454788
3.99999999999994    7.98177067199244e-07    0.0266256630012914    0.0266256204973381
4.49999999999993    1.24094352825926e-06    0.0243506084035087    0.0243505479681238
4.99999999999992    2.73134687550664e-06    0.0226759603316459    0.0226758364601575
5.4999999999999    3.22511416386991e-06    0.0225546869970896    0.0225545415146778
5.99999999999989    3.49041681898461e-08    0.0252257327560119    0.0252257309950455
6.49999999999988    8.48587254845857e-07    0.0289447454817254    0.0289446963574828
6.99999999999987    2.69678598933788e-06    0.0300281848559994    0.0300280228972598
7.49999999999986    2.41284095747854e-06    0.0287097984707751    0.0287096599267541
7.99999999999985    1.9493294322098e-06    0.0268334531311389    0.0268333485168629
8.49999999999993    1.93436140748066e-06    0.0251101683970578    0.0251100712529644
9.00000000000001    2.30566456191687e-06    0.0236013791219935    0.0236012702885175
9.50000000000009    2.94301109605397e-06    0.0223854081084037    0.0223852763477826
10.0000000000002    3.44692593562524e-06    0.0217823222035479    0.0217821720399629
10.5000000000002    3.28246221007942e-06    0.0222546244735583    0.0222544783741102
11.0000000000003    2.55237860585475e-06    0.0240550282847915    0.0240549054900258
11.5000000000004    1.9676550705019e-06    0.0268026248281081    0.0268025193516743
12.0000000000005    2.09520648718062e-06    0.0294109792355675    0.0294108559916768
12.5000000000006    2.54399662463421e-06    0.0307618211416878    0.0307616646261476
13.0000000000006    2.87517074467337e-06    0.0305836910741875    0.0305835152080255
13.5000000000007    2.82046390490327e-06    0.0294501531289331    0.0294499870032138
14.0000000000008    2.63463580788759e-06    0.0280491940798622    0.0280490462814294
14.5000000000009    2.62013905558907e-06    0.0267165803207138    0.0267164403187695
15.0000000000009    3.07040266573136e-06    0.025508349940829    0.0255081932994987
15.500000000001    4.20881181295798e-06    0.0245279860156325    0.0245277795491469
16.0000000000011    4.77411169051441e-06    0.0242664045274734    0.0242661728275285
16.500000000001    2.7842704612593e-06    0.0254285096702313    0.0254283680709289
17.0000000000009    1.9114036510146e-06    0.0276062692165583    0.0276061636833124
17.5000000000008    3.73376801344887e-06    0.0289589395275668    0.02895872327645
18.0000000000007    4.05364143889215e-06    0.0287538342495019    0.0287536011349788
18.5000000000006    3.50660841656442e-06    0.0277799983404054    0.0277798035139366
19.0000000000005    3.2500614219733e-06    0.0267032947769515    0.0267031212028193
19.5000000000004    3.43535256782618e-06    0.0256964852713772    0.0256963087190104
20.0000000000003    4.03957474650712e-06    0.024788386189275    0.0247881859210063
20.5000000000002    4.54722877701579e-06    0.0241374290965653    0.0241372095807391
21.0000000000001    4.80742707413179e-06    0.0240984980533555    0.0240982663509255
21.5    3.50642442537399e-06    0.0250000261447037    0.0249998508239139
21.9999999999999    3.92342112264384e-06    0.0266971362923262    0.0266969268049312
22.4999999999998    4.26539051319385e-06    0.0283986064991984    0.0283983642379383
22.9999999999997    4.13515755561504e-06    0.0292513699078355    0.0292511279907893
23.4999999999996    4.3539120321236e-06    0.0290872686401322    0.0290870153544172
23.9999999999995    4.13047613968266e-06    0.0283352864771125    0.0283350524016299
24.4999999999994    3.85737636265507e-06    0.027434802363518    0.0274345907116181
24.9999999999993    3.91550298237435e-06    0.0265664735192181    0.0265662654778201
25.4999999999992    4.455295533628e-06    0.0257600949651048    0.0257598654284554
25.9999999999991    6.02289648745998e-06    0.0251317079821351    0.0251314052526069
26.499999999999    6.99484667065919e-06    0.0250758193949829    0.0250754685944131
26.9999999999989    4.69795770317166e-06    0.0260216133458449    0.0260213688501158
27.4999999999988    5.24635889862438e-06    0.0275449595432337    0.0275446705232628
27.9999999999987    4.76714142993515e-06    0.0284368102276246    0.0284365391043247
28.4999999999986    5.06291326620501e-06    0.0282914044651195    0.0282911179927159
28.9999999999985    4.78081278231949e-06    0.0276203502709661    0.0276200861767815
29.4999999999984    4.48434836516027e-06    0.0268599373204192    0.0268596964228675
29.9999999999983    4.65677240176831e-06    0.0261322208261365    0.0261319774436604
30.4999999999982    5.44930194736414e-06    0.0254616405190454    0.025461363024223
30.9999999999981    5.33036836276273e-06    0.0249740851996628    0.0249738189589347
31.499999999998    7.00046532180636e-06    0.0249583879272757    0.0249580384890636
31.9999999999979    5.78499415742846e-06    0.0256753605043901    0.0256750634424876
32.4999999999982    3.36870051291402e-06    0.0269618695348151    0.0269616878824995
32.9999999999984    4.8718612461396e-06    0.0281417751569062    0.0281415009525945
33.4999999999987    7.2093294525507e-06    0.0286107724077291    0.0286103598817348
33.9999999999989    5.76262589238236e-06    0.0283636824665159    0.0283633555698177
34.4999999999992    5.50996025954566e-06    0.0277646024431597    0.0277642964811333
34.9999999999995    5.29732438655772e-06    0.0270986402304044    0.0270983531313497
35.4999999999997    5.48902262482301e-06    0.026456680395658    0.0264563899546177
36    6.33827508618339e-06    0.0258620001454642    0.0258616723065997
36.5000000000002    8.75033880145636e-06    0.0254532696014486    0.0254528241558811
37.0000000000005    5.27255942095755e-06    0.0255774183567838    0.0255771486412896
37.5000000000007    3.60410768492976e-06    0.0264666030319301    0.026466412255643
38.000000000001    6.33555992630365e-06    0.0276103729891938    0.027610023137065
38.5000000000012    6.42672640378603e-06    0.0281456916408032    0.028145329873809
39.0000000000015    7.57849702984889e-06    0.0279410365871791    0.027940613088263
39.5000000000018    6.36383796102608e-06    0.0274033166737062    0.027402967895392
40.000000000002    6.03428173326273e-06    0.026816785756164    0.0268164621180361
40.5000000000023    6.47859374838297e-06    0.0262516612966638    0.0262513211511699
41.0000000000025    6.02377755824601e-06    0.0257325419002523    0.0257322318879029
41.5000000000028    1.13712180011689e-05    0.0253843900555556    0.0253838127592538
42.000000000003    1.30113129933244e-05    0.0254615548260186    0.0254608922581212
42.5000000000033    7.12951353363237e-06    0.0261434736920726    0.0261431009142313
43.0000000000035    3.32600180602021e-05    0.0271953506244107    0.0271935416488714
43.5000000000038    1.61934509358806e-05    0.0280170670344249    0.0280161596631176
44.0000000000041    1.86137184219124e-05    0.0282201302317029    0.0282190796881415
44.5000000000043    1.10608894450023e-05    0.0279189765611984    0.0279183589506034
45.0000000000046    8.79012964665651e-06    0.0274152423056998    0.027414760342868
45.5000000000048    8.26198238727845e-06    0.0268882952152045    0.0268878509176323
46.0000000000051    9.01360617473721e-06    0.0263804711562816    0.0263799955942127
46.5000000000053    1.81610536302564e-05    0.0259241611915274    0.0259232195884644
47.0000000000056    4.03408851363721e-05    0.0256823708004023    0.0256802987848482
47.5000000000058    4.71788471772879e-05    0.0259546590630576    0.0259522101568072
48.0000000000061    2.89861314085511e-05    0.0267995570762661    0.0267980034903324
48.5000000000064    3.17340201091613e-05    0.0276554384070387    0.0276536832262605
49.0000000000066    3.67894584779584e-05    0.0279307733283645    0.0279287182879171
49.5000000000069    1.87115716808543e-05    0.0276756871585679    0.0276746514667392
50.0000000000071    1.30939988422109e-05    0.0272194704425118    0.0272187576284164
50.5000000000074    1.243834910469e-05    0.0267431270725079    0.0267424618000814
51.0000000000076    1.27452663727188e-05    0.0262832063978704    0.0262825364334759
51.5000000000079    1.75364191302099e-05    0.0258710640261837    0.0258701566704512
52.0000000000081    9.02821014328969e-06    0.0256406743278074    0.0256402113531952
52.5000000000084    4.68325806544877e-05    0.0258185844157242    0.0258161662271002
53.0000000000087    5.70457918069597e-05    0.026495801832457    0.0264927790569035
53.5000000000089    5.06320219180384e-05    0.0273646867725218    0.0273619158539781
54.0000000000092    8.10547720102448e-06    0.0279119513654138    0.0279114988897105
54.5000000000094    1.87022819617352e-05    0.0279340525639783    0.0279330077224645
55.0000000000097    1.72659695732223e-05    0.0276114587900215    0.0276105053292692
55.5000000000099    1.58390012046903e-05    0.0271797203568035    0.0271788593711937
56.0000000000102    1.57725158302611e-05    0.0267451104088293    0.0267442667467814
56.5000000000105    1.67419656393535e-05    0.0263272156276984    0.026326334103778
57.0000000000107    2.25030465711802e-05    0.0259767792880213    0.0259756102009811
57.500000000011    1.18266262553187e-05    0.0258769992329506    0.0258763871649923
58.0000000000112    1.40525880829106e-05    0.026266130695608    0.0262653924917512
58.5000000000115    4.66156951522237e-05    0.0270466622511273    0.0270441407707431
59.0000000000117    1.77743420876481e-05    0.0276610626182379    0.0276600793213364
59.500000000012    1.97808424390381e-05    0.0277501021897825    0.0277490043707002
60.0000000000122    1.74801567862371e-05    0.0274679289505048    0.0274669686798812
60.5000000000125    1.80370076717864e-05    0.0270716269987078    0.0270706504340343
61.0000000000128    1.80925942047924e-05    0.0266713889716209    0.0266704238798468
61.500000000013    2.44355979244146e-05    0.0262860821704618    0.0262847975695819
62.0000000000133    3.48204475843532e-05    0.0259592118132604    0.0259574040534589
62.5000000000135    0.000111065018914996    0.0258354927879268    0.0258297545862499
63.0000000000138    -5.79861207979068e-05    0.0261075366232689    0.0261105645483913
63.500000000014    0.000210596213155613    0.026772017356424    0.0267607435596953
64.0000000000143    7.65263111830791e-07    0.0274707662474276    0.0274707242027316
64.5000000000138    8.59622153406922e-05    0.0278000123865966    0.0277952332961153
65.0000000000134    9.68443017904801e-06    0.0277042804586063    0.0277037438634633
65.5000000000129    2.76775191551572e-05    0.0273838803313471    0.0273823645375557
66.0000000000125    2.71651055690639e-05    0.027010213854713    0.0270087464239543
66.500000000012    2.75162723642867e-05    0.0266411596064246    0.0266396935159583
67.0000000000116    2.70941613768826e-05    0.0262910539790655    0.0262896293495461
67.5000000000111    2.37703250213981e-05    0.0260341180773642    0.0260328804278868
68.0000000000106    5.43745322534301e-05    0.0260632604715916    0.0260604262705057
68.5000000000102    9.21026610506493e-05    0.0265348993016316    0.0265300118821031
69.0000000000097    2.71417498242153e-05    0.0272215548125448    0.0272200771713895
69.5000000000093    2.84238921526215e-05    0.0276279569604836    0.0276263864169865
70.0000000000088    4.29867271200199e-05    0.0275886096727434    0.0275862378866275
70.5000000000084    3.16941179763042e-05    0.0273005032623499    0.0272987727864534
71.0000000000079    3.18267373208685e-05    0.0269530031643186    0.026951287566617
71.5000000000075    3.27392621137405e-05    0.0266086042011336    0.0266068619660382
72.000000000007    3.72787200938242e-05    0.0262806583573463    0.0262786990117746
72.5000000000066    8.32044232260597e-05    0.0260287108381321    0.0260243797907491
73.0000000000061    4.69883770618945e-05    0.0260050174205457    0.0260025736682455
73.5000000000056    0.000167233915179247    0.026356962788349    0.0263481487062038
74.0000000000052    3.64052920189469e-05    0.0269876648857682    0.0269856999696593
74.5000000000047    7.62289072625886e-05    0.0275227936924254    0.0275185979472865
75.0000000000043    3.64252291495679e-05    0.0276819925904275    0.0276799760180348
75.5000000000038    4.12591247770429e-05    0.02751502408803    0.0275127536900804
76.0000000000034    4.41902787195947e-05    0.0272100933071029    0.0272076885701544
76.5000000000029    4.31426305265949e-05    0.0268832214082196    0.0268809018825129
77.0000000000025    4.18267014391147e-05    0.0265639617001644    0.0265617396273162
77.500000000002    6.5399851947374e-05    0.0262733459373408    0.0262699096162068
78.0000000000015    -3.38809004440085e-05    0.0261090432185212    0.0261108124742531
78.5000000000011    0.000239968918288503    0.0262547192717784    0.026242121661646
79.0000000000006    0.000310717740175276    0.0267657972336266    0.0267491691841957
79.5000000000002    5.35835677250871e-05    0.0273294316207981    0.0273265029608259
79.9999999999997    0.000104297466616347    0.0275619231120195    0.0275561744340807
80.4999999999993    7.39433205057034e-05    0.0274425201763517    0.02743846209429
80.9999999999988    7.64753931578318e-05    0.0271649996119092    0.0271608450215822
81.4999999999984    6.94116979539768e-05    0.0268588624345316    0.0268551340548314
81.9999999999979    7.08342171814558e-05    0.0265586292051144    0.0265548669521923
82.4999999999975    0.000187401946056299    0.026283956889057    0.0262741074055272
82.999999999997    1.41520846491495e-06    0.0261101484792243    0.0261100745767225
83.4999999999965    0.000793983705486013    0.0261838294482146    0.0261422833672677
83.9999999999961    0.000511015615021858    0.0265874418567283    0.0265602825396589
84.4999999999956    0.000606785502984979    0.0271450878562605    0.0271121653415883
84.9999999999952    0.000458666326577833    0.0275173078936486    0.0274920769411791
85.4999999999947    0.000354145388415262    0.0275511178620716    0.0275316105678169
85.9999999999943    0.000188883384154876    0.0273527892352471    0.0273424582118121
86.4999999999938    0.000135224560195599    0.0270743123028532    0.0270669910689163
86.9999999999934    0.000133953649106385    0.0267866959097194    0.0267795205195599
87.4999999999929    0.000144213217406613    0.0265113439646947    0.0265036984948506
87.9999999999925    0.000196225649670877    0.026283713779425    0.0262734007254865
88.499999999992    0.000737284335936718    0.026217497119534    0.0261788661016709
88.9999999999915    0.00112959426702492    0.0264587208346518    0.0263990130414973
89.4999999999911    0.00103172702317863    0.0269554899534553    0.0268999258656103
89.9999999999906    0.000708672633088881    0.0273751482185255    0.0273363756588391
90.4999999999902    0.000537997318780766    0.0274726787617848    0.0274431342016518
90.9999999999897    0.000268598418735042    0.0273138337159598    0.0272991647509292
91.4999999999893    0.000225689523793818    0.0270585196325824    0.0270463087396322
91.9999999999888    0.000221335153044452    0.0267874325598967    0.0267755771829378
92.4999999999884    0.000292316586163866    0.0265287058567814    0.0265132008276958
92.9999999999879    0.000407296804057981    0.0263129912337873    0.0262915655659239
93.4999999999875    0.000819679696261906    0.026225033143176    0.0261820760997898
93.999999999987    0.00127941392740468    0.0263840533539444    0.0263166273690437
94.4999999999865    0.00157173677321136    0.0267949090626619    0.0267108121530499
94.9999999999861    0.00143917069820367    0.0272408176475522    0.0271625219553113
95.4999999999856    0.00100499743432984    0.0274649557691042    0.0274098067735394
95.9999999999852    0.000640950045686963    0.0274191065967269    0.0273839805555129
96.4999999999847    0.000442040841532114    0.0272191771936849    0.02719512385026
96.9999999999843    0.000388262745907419    0.0269710596388406    0.0269501240519982
97.4999999999838    0.000394064936611066    0.0267176623643826    0.0266966136710826
97.9999999999834    0.000480093120601251    0.0264880314889032    0.0264626102500729
98.4999999999829    0.000823565955597229    0.0263325088388596    0.0262891714144766
98.9999999999824    0.00138730616718369    0.0263645444452477    0.0262914943978212
99.499999999982    0.00180663359960556    0.0266653702677955    0.0265691949136782
99.9999999999815    0.00181697679801562    0.0270977860816128    0.0269994925814462
100.499999999981    0.00139262340804413    0.0273742620375511    0.0272981239929913
100.999999999981    0.000904514719849545    0.0273784131170321    0.0273289295203327
101.49999999998    0.000635767160097012    0.0272082999836274    0.0271737256776125
101.99999999998    0.000556893970353788    0.0269785650616031    0.0269485333856392
102.499999999979    0.000564811332996658    0.0267381069554613    0.0267079200337141
102.999999999979    0.000657553728142943    0.0265183272154516    0.0264834756823579
103.499999999978    0.00100613668241495    0.0263593090643445    0.0263063202427961
103.999999999978    0.00160373613072483    0.0263499491908742    0.0262655677852628
104.499999999977    0.00225443053459464    0.0265722849840646    0.0264527437402108
104.999999999977    0.0024668608940499    0.026963888309725    0.0268311833511522
105.499999999977    0.00205301274661369    0.0273013219789672    0.0271894517259781
105.999999999976    0.0014567188536658    0.027412908926322    0.0273331592965776
106.499999999976    0.00100132738368551    0.027318212457988    0.0272635582363418
106.999999999975    0.000797801411332546    0.0271234329927853    0.0270801892664475
107.499999999975    0.000769751067565966    0.0268980194671143    0.0268566417592487
107.999999999974    0.000810702334891134    0.0266761303039773    0.0266329125384741
108.499999999974    0.00102369568456146    0.0264899298036011    0.0264357500135698
108.999999999973    0.00153631222468651    0.0264027224697359    0.0263217212622906
109.499999999973    0.00222267396894633    0.0265152790376626    0.026397670801435
109.999999999972    0.00261877032394072    0.026841561684029    0.0267013451086628
110.499999999972    0.00247171255417386    0.0271968530935206    0.0270627389786116
110.999999999972    0.00182447904470893    0.027360217032256    0.0272605625644761
111.499999999971    0.00127862343285035    0.0273042438549634    0.0272345093271463
111.999999999971    0.00101308254691819    0.0271315793357704    0.0270766619126625
112.49999999997    0.000966740250032682    0.0269207146169318    0.0268687142110575
112.99999999997    0.000996736660921366    0.0267078730347785    0.0266546846172462
113.499999999969    0.00118821747143894    0.0265251524723862    0.0264621919839381
113.999999999969    0.00168315198384405    0.0264216207038995    0.0263328269506731
114.499999999968    0.00247100687491536    0.0264805038031954    0.0263499593655006
114.999999999968    0.00313558922253148    0.0267401639543403    0.0265729957852418
115.499999999967    0.0031263941952475    0.0270903652418454    0.0269215028509656
115.999999999967    0.00256074038103123    0.0273287882128111    0.0271891818453912
116.499999999967    0.00180872893940335    0.0273599632619413    0.0272611684403284
116.999999999966    0.00135170396844296    0.0272397360049576    0.0271661952917171
117.499999999966    0.00120605059347699    0.0270542896719903    0.0269891105970224
117.999999999965    0.0012040372930628    0.0268487208693631    0.0267841448988443
118.499999999965    0.00129566780562998    0.026656954958375    0.0265879672268863
118.999999999964    0.00163718882389784    0.0265142344071987    0.0264275586952143
119.499999999964    0.00231661123199934    0.0264908313803992    0.0263683771442165
119.999999999963    0.00313271994716116    0.0266608248372492    0.0264943047026456
120.499999999963    0.00339633615625683    0.0269805261627124    0.0267978766288856
120.999999999962    0.00293535942615611    0.0272547753626908    0.0270952385370784
121.499999999962    0.00216399722340974    0.027333753098183    0.027215708215362
121.999999999962    0.00162577277570463    0.0272441342517682    0.0271556924944412
122.499999999961    0.00142460049051987    0.0270764327855827    0.0269993963328953
122.999999999961    0.00140978733534058    0.0268825153626533    0.0268068248108339
123.49999999996    0.00147978079174786    0.0266958196575458    0.0266169284769011
123.99999999996    0.00177307370738549    0.026548972319711    0.0264549923835086
124.499999999959    0.00243558957758297    0.0264970147404417    0.02636825663646
124.999999999959    0.00333562013244403    0.0266071483028888    0.0264302357369135
125.499999999958    0.00384813465923958    0.0268774769286388    0.0266714135870814
125.999999999958    0.00365120497885318    0.0271744645154415    0.0269767473411
126.499999999957    0.00284936732296017    0.0273316473922093    0.0271763341308171
126.999999999957    0.00210118602684989    0.027311295001823    0.0271967634310931
127.499999999957    0.00172709969709203    0.0271817288004565    0.0270879995690283
127.999999999956    0.00164142377384463    0.0270074689986591    0.0269189528877364
128.499999999956    0.00166208632511814    0.0268213791459645    0.0267323681948505
128.999999999955    0.00182184884744785    0.0266579158369356    0.0265609590909857
129.499999999955    0.0022956901850785    0.0265572089919728    0.0264355540260321
129.999999999954    0.00312295361830604    0.0265865617044385    0.0264210214807327
130.499999999954    0.00391891627953308    0.0267877300935204    0.0265785919453037
130.999999999953    0.00400212689291778    0.0270794437153629    0.0268635569815889
131.499999999953    0.00328874356206758    0.0272814138696421    0.0271025589292202
131.999999999952    0.00246482746114361    0.0273037816517416    0.0271695143757939
132.499999999952    0.00199323766623445    0.0271991341890714    0.0270909212057565
132.999999999952    0.00185741867277366    0.0270401925109769    0.0269399288256477
133.499999999951    0.00186503862873412    0.0268628954053083    0.0267628812603311
133.999999999951    0.00198534326300703    0.0267002115183065    0.0265944034135969
134.49999999995    0.00240123194336507    0.026587277759857    0.0264598991840739
134.99999999995    0.00319459462539403    0.0265785326323835    0.0264092581208318
135.499999999949    0.00412060524585883    0.0267203227567307    0.0265010186182692
135.999999999949    0.00450334062851534    0.0269815633511175    0.0267396384802974
136.499999999948    0.00406390714323657    0.0272245428321068    0.0270041624095069
136.999999999948    0.00313278262664021    0.0273210986127604    0.027150451088211
137.499999999947    0.00242445324046114    0.0272711731318704    0.0271392575867997
137.999999999947    0.00213427592693858    0.027141973715376    0.0270263635371756
138.499999999947    0.00208641488109837    0.0269794343969252    0.0268670882108609
138.999999999946    0.00213220103021679    0.0268122365038996    0.0266981416205354
139.499999999946    0.00237342132555801    0.0266753271940858    0.0265490034327375
139.999999999945    0.00299616215426316    0.0266127968743505    0.0264538007429141
140.499999999945    0.00391644521338758    0.0266799472074391    0.0264717813744513
140.999999999944    0.00468989976768997    0.0268897407141919    0.0266386977032929
141.499999999944    0.00446369115225632    0.0271447380831798    0.0269034835146384
141.999999999943    0.00361550835837803    0.0272893653868121    0.027092746407075
142.499999999943    0.00278812554532614    0.0272763692476468    0.027124692258369
142.999999999942    0.00239152181750455    0.0271682622599669    0.0270386253056946
143.499999999942    0.00229850853006275    0.0270202602640189    0.026896332515603
143.999999999942    0.0023243980932707    0.026858916207314    0.0267343441351618
144.499999999941    0.00250390219944622    0.026717600622169    0.0265841382808953
144.999999999941    0.00302379355721887    0.0266358407599207    0.0264752438045976
145.49999999994    0.00395654473913513    0.0266602031989707    0.0264500700268451
145.99999999994    0.00488163881714289    0.0268151593385899    0.0265546273163923
146.499999999939    0.00506480283967162    0.0270554041632566    0.0267827246555326
146.999999999939    0.00442767531439074    0.0272515875712919    0.027011328995124
147.499999999938    0.00343686698490962    0.0273054620741411    0.0271184144497254
147.999999999938    0.00278125489167402    0.0272405922382312    0.0270894864411392
148.499999999937    0.002554595783361    0.0271179207330314    0.0269797231201543
148.999999999937    0.0025318718504918    0.0269679038139915    0.0268316901365003
149.499999999937    0.0026088034701393    0.0268175351769597    0.02667797590202
149.999999999936    0.0029366108877199    0.0267050576036225    0.0265486721211012
150.499999999936    0.00366229119011199    0.0266748045911333    0.0264801357215154
150.999999999935    0.00469888782170485    0.0267636885751684    0.0265133457673199
151.499999999935    0.00523879540119066    0.0269655401363016    0.026684478664534
151.999999999934    0.00490362746507669    0.0271847973128754    0.0269194900434166
152.499999999934    0.00392225184305614    0.0272878355179008    0.0270746123067276
152.999999999933    0.00313922250234603    0.0272547674173475    0.0270841853540536
153.499999999933    0.00280204917996452    0.0271504312909829    0.0269987027543354
153.999999999932    0.00273838062911641    0.0270151058305129    0.0268675545969531
154.499999999932    0.00278174199644725    0.0268684188455081    0.026719351494258
154.999999999932    0.00302496221995271    0.0267458972686081    0.0265845746060151
155.499999999931    0.00363891294697254    0.0266903401468378    0.0264967967856418
155.999999999931    0.00465043936798529    0.0267353859435365    0.0264878743983501
156.49999999993    0.00553147939948129    0.0268878746509294    0.0265920515409135
156.99999999993    0.00561304753896145    0.0271028825138335    0.026800321268501
157.499999999929    0.00478212894444495    0.0272630991259555    0.0270035888267775
157.999999999929    0.00375981921932477    0.0272901386837599    0.0270856953777885
158.499999999928    0.00317420900935801    0.027220960415003    0.0270486971789335
158.999999999928    0.00298002246339307    0.0271086811066427    0.0269475921979078
159.499999999927    0.00297021353609391    0.0269715545322286    0.0268118064653769
159.999999999927    0.00307570514884609    0.0268357380145625    0.0266711665526862
160.499999999927    0.0034832842811009    0.0267445625767172    0.0265588914930277
160.999999999926    0.00427582550629392    0.026737071771559    0.0265093991530594
161.499999999926    0.00527076343739339    0.0268314516580501    0.0265500901791031
161.999999999925    0.0058089789705261    0.0270152924546242    0.0267032426140826
162.499999999925    0.00531896160376292    0.0272053847658069    0.0269175071816537
162.999999999924    0.00428932170636724    0.0272818958098388    0.0270488537464438
163.499999999924    0.00353215945786645    0.0272410027409134    0.0270492409432146
163.999999999923    0.00322303755228612    0.027145709264887    0.0269712881500019
164.499999999923    0.00316866915080852    0.0270242862790855    0.0268535651932134
164.999999999922    0.00322529231773082    0.0268896970550304    0.0267168004305098
165.499999999922    0.00351521565008693    0.0267830336980328    0.0265953970030553
165.999999999922    0.0042045325695498    0.0267467890765503    0.0265228152900241
166.499999999921    0.00521011653196855    0.0267993127118175    0.0265215050377623
166.999999999921    0.006027380940309    0.0269371957564223    0.0266144197696775
167.49999999992    0.00607774899343056    0.0271286426045555    0.0268008725481201
167.99999999992    0.00512620916015416    0.0272646239860064    0.0269865212682551
168.499999999919    0.00414242865556835    0.0272776221801141    0.0270525632630719
168.999999999919    0.00358272478834093    0.0272120278924629    0.0270177375674837
169.499999999918    0.003400859285054    0.0271138002049358    0.0269300048287872
169.999999999918    0.00339454875190938    0.0269883918751547    0.0268057849194566
170.499999999917    0.00352108117007973    0.026863965110346    0.0266754484892633
170.999999999917    0.00397925659207179    0.0267897127329293    0.0265773514908175
171.499999999917    0.00481177513955622    0.0267952270095923    0.026538596642844
171.999999999916    0.00580355048529588    0.0268808503086685    0.0265706418752646
172.499999999916    0.0062589814433298    0.0270426326157287    0.0267062195474392
172.999999999915    0.00572578089914714    0.0272128153082124    0.0269029602342687
173.499999999915    0.00467876204215432    0.0272752702702485    0.0270212298663874
173.999999999914    0.00394994542669426    0.0272344528737969    0.0270201501526952
174.499999999914    0.00364510735234233    0.027152936724485    0.0269557049170123
174.999999999913    0.00358448406448666    0.0270459623473062    0.0268527632243983
175.499999999913    0.00364416709852828    0.0269201836700951    0.0267246927763443
175.999999999912    0.00396408493855699    0.0268254056942378    0.0266135690592854
176.499999999912    0.00467848025913568    0.0268020836154904    0.0265524654111342
176.999999999912    0.00565095428727519    0.0268509698932156    0.0265492079294076
177.499999999911    0.0064672837402526    0.0269663541676233    0.0266197973213956
177.999999999911    0.00646691182097735    0.0271379881324191    0.0267892454679761
178.49999999991    0.00553764146795105    0.0272604969694344    0.0269602419571317
178.99999999991    0.0045534470943256    0.0272684232511038    0.0270212182408005
179.499999999909    0.00401796960505257    0.0272120650332436    0.0269942656441802
179.999999999909    0.00381308027276086    0.0271306054857989    0.0269244890711017
180.499999999908    0.00379960842712418    0.0270157033687693    0.0268111822804507
180.999999999908    0.00393201113235132    0.0268994696305192    0.0266887601145984
181.499999999907    0.00440568544190173    0.0268375416390338    0.0266021033729839
181.999999999907    0.0052526405297744    0.0268478767211387    0.0265673059676423
182.499999999907    0.00618700847371031    0.0269152332845579    0.0265842316417201
182.999999999906    0.00668467874765047    0.0270533182189141    0.0266940344329001
183.499999999906    0.00619711017973479    0.0272103378145255    0.0268751640006506
183.999999999905    0.00514815730429803    0.0272679891027438    0.0269886673007733
184.499999999905    0.00440200657506884    0.0272331442250196    0.0269944340688201
184.999999999904    0.00406842215385088    0.0271691864147494    0.0269490107425084
185.499999999904    0.00398226321584816    0.0270768061584955    0.0268620076045405
185.999999999903    0.00403567255343958    0.026957719877204    0.0267410093893484
186.499999999903    0.00435422068851125    0.0268712137652612    0.026638221873572
186.999999999902    0.005051944172212    0.0268553518695151    0.0265853723144153
187.499999999902    0.00598208684424979    0.0268925197538481    0.0265726862483969
187.999999999902    0.00678744911925805    0.0269814222504713    0.0266176214683886
188.499999999901    0.00689441181794621    0.027135079759375    0.026763480885892
188.999999999901    0.00601775814388165    0.0272513795826084    0.026925357084322
189.4999999999    0.00501928129669088    0.0272604733546994    0.0269881840830515
189.9999999999    0.00446408657259041    0.0272181479722001    0.026976219623506
190.499999999899    0.00421971091247647    0.0271554566371247    0.0269272432781162
190.999999999899    0.00418303617266241    0.0270509262427488    0.0268255589563052
191.499999999898    0.00430579246729369    0.0269401148109354    0.0267091123726522
191.999999999898    0.00477045001549498    0.026886610675258    0.0266313061282136
192.499999999897    0.00552034899662262    0.0268954227438175    0.0266001087402655
192.999999999897    0.00637984778540089    0.0269394275628236    0.0265978677677723
193.499999999897    0.00699327079246921    0.0270520020200628    0.026676265694723
193.999999999896    0.00665565528809015    0.0271998324902063    0.0268401609222821
194.499999999896    0.00563180362210808    0.0272589495493467    0.0269536349197697
194.999999999895    0.00488694374660612    0.027234112210029    0.0269692235572559
195.499999999895    0.00450072992168464    0.0271902690090474    0.0269466135219733
195.999999999894    0.00436118677559633    0.0271141771872004    0.0268787041471487
196.499999999894    0.00439472439072912    0.0270007003974867    0.0267644175223938
196.999999999893    0.0046861915136638    0.0269188481843832    0.0266677312107754
197.499999999893    0.00530514420668499    0.0269060875219121    0.0266221127006073
197.999999999892    0.00611582151856937    0.0269284289732797    0.026601052220318
198.499999999892    0.00696826373804144    0.0269882647945871    0.0266147448859801
198.999999999892    0.00726173811177083    0.0271225373639369    0.0267314637118534
199.499999999891    0.00649985588041956    0.0272374616124503    0.0268856690632611
199.999999999891    0.00553113373887242    0.0272520812705142    0.0269522697557591
200.49999999989    0.0049441243669452    0.0272254156786329    0.0269575284642233
200.99999999989    0.00462209264558246    0.0271836686918715    0.0269335339674603
201.499999999889    0.00454223514244885    0.0270921986719696    0.0268471932703269
201.999999999889    0.00463601901021738    0.0269843979882698    0.026735352205149
202.499999999888    0.00505313725823015    0.0269347216031183    0.0266638805097925
202.999999999888    0.00571090458470015    0.0269394612434407    0.0266335111100113
203.499999999887    0.00649132531188833    0.0269607120341014    0.0266129479788091
203.999999999887    0.00726864787191949    0.0270442622417808    0.0266539488539737
204.499999999887    0.00711058713723058    0.0271823455450385    0.0267985099681696
204.999999999886    0.00614690247112863    0.0272478255289275    0.0269148925831215
205.499999999886    0.0054053423510345    0.0272341689730665    0.0269413318441109
205.999999999885    0.00495470740792379    0.0272098357812556    0.0269415316001418
206.499999999885    0.00472687885244489    0.0271532454286727    0.026897752907683
206.999999999884    0.00472955780536042    0.0270471064600489    0.0267924690753382
207.499999999884    0.004964847013158    0.0269655079395981    0.0266990715125925
207.999999999883    0.00551121899281759    0.0269517950842407    0.0266563488631481
208.499999999883    0.00620269618569138    0.0269624042121502    0.0266299868922648
208.999999999882    0.00702655929415781    0.0269951509871808    0.026618431967577
209.499999999882    0.00752598344659688    0.0271061615222049    0.0267012081487564
209.999999999882    0.00696662378532122    0.0272212961598175    0.0268446391290583
210.499999999881    0.00606913770421765    0.0272445653286955    0.0269158582598181
210.999999999881    0.0054534097599019    0.0272302650079448    0.0269348802760068
211.49999999988    0.0050365522047022    0.0272082509013094    0.0269355528073695
211.99999999988    0.00488006707485489    0.0271338649225931    0.0268703208735848
212.499999999879    0.00493880161922717    0.0270285993904146    0.0267629336797868
212.999999999879    0.00529548842605464    0.0269773516015249    0.0266931401337203
213.499999999878    0.00586510867099693    0.0269779455263811    0.0266633335950825
213.999999999878    0.00657080883615585    0.026984120084699    0.0266318199918849
214.499999999877    0.00740870333982096    0.0270399375628992    0.02664222236535
214.999999999877    0.00748649784936687    0.027164791834151    0.0267610759410269
215.499999999877    0.00666840068506291    0.0272385535846215    0.0268776848233487
215.999999999876    0.0058978267847244    0.0272345137873182    0.0269151484589385
216.499999999876    0.00540205238580087    0.0272233622986079    0.0269308185766098
216.999999999875    0.00508791793219427    0.0271859799545107    0.0269107402815487
217.499999999875    0.00504388008374242    0.0270907989941264    0.0268188850126438
217.999999999874    0.00522651658257641    0.0270069883503738    0.0267261512054514
218.499999999874    0.00573206017891638    0.0269893727966256    0.0266817268237331
218.999999999873    0.00633413990123454    0.0269945685320787    0.0266547462665389
219.499999999873    0.00710100316094351    0.0270093807333706    0.0266284979870307
219.999999999872    0.00771315516335909    0.027096853319496    0.0266820483067379
220.499999999872    0.00737703688357369    0.0272094629857212    0.0268109523890357
220.999999999872    0.00652628661236163    0.0272416088913149    0.0268883413219106
221.499999999871    0.00592081172525122    0.02723324330173    0.0269126556284698
221.999999999871    0.00544961603228357    0.0272238947669253    0.0269287834634499
222.49999999987    0.00520443886129121    0.0271667379876074    0.0268854268006465
222.99999999987    0.00523165013987327    0.0270665248694241    0.0267847936115607
223.499999999869    0.00555497708318027    0.0270117239712634    0.0267132827899113
223.999999999869    0.00608789972966966    0.0270105569342379    0.0266836718533173
224.499999999868    0.00672724467827536    0.0270120055088939    0.0266510013317053
224.999999999868    0.00749341491280044    0.0270480644236218    0.0266457146587215
225.499999999867    0.00773223296162618    0.0271568935122168    0.0267401490233888
225.999999999867    0.0070487868204028    0.027235633433562    0.0268543645685292
226.499999999867    0.0063275058938683    0.0272368843772558    0.0268943685552827
226.999999999866    0.00582920242398769    0.0272294187091843    0.0269138068872948
227.499999999866    0.00544038554113984    0.0272057939947647    0.0269113757270825
227.999999999865    0.00534638853389326    0.0271236285152541    0.0268351439528278
228.499999999865    0.0055004706301457    0.027039152988231    0.02674332405285
228.999999999864    0.00600231415821104    0.0270194020195702    0.0266969794227113
229.499999999864    0.00656214799216948    0.0270267414025774    0.0266743469137054
229.999999999863    0.00723872819368898    0.0270344615466973    0.0266458841151082
230.499999999863    0.00784801734976696    0.0271023317154762    0.0266802451193612
230.999999999862    0.00760949372290131    0.0272080851781009    0.0267971328108104
231.499999999862    0.00683827854285869    0.0272444592809301    0.0268743795863396
231.999999999862    0.00626846236795322    0.027234311109193    0.0268950035373281
232.499999999861    0.0058075645795802    0.0272283774999268    0.0269139424801542
232.999999999861    0.00551145188047207    0.0271851996140272    0.0268871822831385
233.49999999986    0.00551982041815975    0.0270923161406215    0.0267948685582435
233.99999999986    0.00584922667451956    0.0270370540135313    0.0267226016018926
234.499999999859    0.00641476073918993    0.0270402353123501    0.0266955332141163
234.999999999859    0.00691407233573567    0.0270461840978218    0.0266747536483016
235.499999999858    0.0076226780849943    0.0270705890459914    0.0266610103607222
235.999999999858    0.00786852988154938    0.0271634241042277    0.0267392889955058
236.499999999857    0.00727328021471624    0.027240635444353    0.0268472391760206
236.999999999857    0.00656421987043203    0.0272399933636718    0.0268847069305195
237.499999999856    0.00612342091002704    0.0272270896381716    0.0268956731806186
237.999999999856    0.00574372840483478    0.0272109725410168    0.0269001728183978
238.499999999856    0.00562881468113264    0.0271415361826728    0.0268376970819964
238.999999999855    0.00579489870678931    0.0270603476730358    0.0267485306734917
239.499999999855    0.00636563759941459    0.0270447350438844    0.026702598993468
239.999999999854    0.00690372805542687    0.0270624231252109    0.0266913218876812
240.499999999854    0.00736333870962011    0.0270702390274682    0.0266744983225008
240.999999999853    0.00791286024263064    0.0271219384509843    0.0266960839611027
241.499999999853    0.00773155585391571    0.0272173235851744    0.0267996880427118
241.999999999852    0.00692098883473477    0.0272506864039084    0.0268760756878113
242.499999999852    0.00640398726037447    0.0272308241561747    0.0268842717712615
242.999999999851    0.00605154130908156    0.027220585986515    0.0268931146914749
243.499999999851    0.00577959003503552    0.0271885644942768    0.0268760929389282
243.999999999851    0.00579508524365715    0.0271052951472852    0.0267929502208931
244.49999999985    0.00620565608221915    0.027055204416852    0.0267214847784655
244.99999999985    0.00683923024868617    0.027070777716087    0.0267030064250029
245.499999999849    0.0071955505715942    0.0270881347949516    0.0267010916955324
245.999999999849    0.00763072145488575    0.0271045503772521    0.026694028407874
246.499999999848    0.00783165626117423    0.0271805422988382    0.0267581132890838
246.999999999848    0.00722847517487364    0.0272500950247285    0.0268589689986995
247.499999999847    0.00654433947206642    0.0272406988068812    0.026886472224986
247.999999999847    0.00624252379242827    0.0272148023675794    0.0268771321791927
248.499999999846    0.00597445411360413    0.0272010832155206    0.0268779902724604
248.999999999846    0.00588732900336106    0.0271452313089361    0.0268274762224964
249.499999999846    0.0061130133644337    0.027073238284619    0.0267442512518423
249.999999999845    0.00678201885632371    0.0270679597884974    0.0267032822113267
250.499999999845    0.00727353312601451    0.0271022161377534    0.0267108053433993
250.999999999844    0.00750474082284956    0.0271150508270668    0.0267110995192261
251.499999999844    0.00781706019884344    0.0271519420291909    0.0267307378766916
251.999999999843    0.00753601596369032    0.0272319717053869    0.0268246005141978
252.499999999843    0.00676597612782617    0.0272564355218043    0.0268900814803627
252.999999999842    0.0063456487076971    0.0272219439911047    0.0268786406858636
253.499999999842    0.0061702188883376    0.0271994106716485    0.0268658163864523
253.999999999841    0.00601137080726135    0.0271745664255132    0.0268498058908898
254.499999999841    0.00608532935396193    0.0271068180085633    0.0267789056327295
254.999999999841    0.00667115447824912    0.027069343129294    0.0267105690274695
255.49999999984    0.00737871714901753    0.0271009617662502    0.0267039505371359
255.99999999984    0.00756693002713514    0.0271347012617975    0.026727132534329
256.499999999839    0.00765121761033823    0.027149781000868    0.0267374778569224
256.999999999839    0.0076235645036421    0.0272072052614188    0.0267955120625278
257.499999999838    0.0069800371005045    0.0272598591377884    0.0268819473200245
257.999999999838    0.00638842630374126    0.0272384635224227    0.026892650887277
258.499999999837    0.00623122123814097    0.0271941530205145    0.0268573461708002
258.999999999837    0.00615124256845608    0.027172078404268    0.0268398380048483
259.499999999837    0.0061831078041867    0.0271294061321305    0.0267959796584053
259.999999999836    0.00660100056842285    0.0270798303736754    0.0267246668568728
260.499999999836    0.00748764795370643    0.027090505839967    0.026687832574385
260.999999999835    0.00793398585092436    0.0271420393074303    0.0267147403794185
261.499999999835    0.00779760397159157    0.0271688576396567    0.026748431968074
261.999999999834    0.00772290853645363    0.0271992207186942    0.026782326169421
262.499999999834    0.00723376295994871    0.0272523120602176    0.0268608701272648
262.999999999833    0.00654624284693801    0.0272572138858879    0.0269026701325412
263.499999999833    0.00627082088426162    0.0272073642347994    0.0268682656456157
263.999999999832    0.00625009113403927    0.0271647542731948    0.026827299019601
264.499999999832    0.00633214431243957    0.0271359811208948    0.0267944856226375
264.999999999832    0.00665097480796271    0.0270966009333048    0.0267385447356774
265.499999999831    0.00752484291878888    0.0270888227833952    0.0266841893140915
265.999999999831    0.0083082971996165    0.0271374796182374    0.0266902627371643
266.49999999983    0.00824030574099371    0.0271884066621842    0.0267439872470285
266.99999999983    0.00782124890354107    0.0272147694490017    0.0267923661985351
267.499999999829    0.00733500366671221    0.027248002238601    0.0268511845054671
267.999999999829    0.00669472655448202    0.0272612932094837    0.0268987068191016
268.499999999828    0.00633830103427953    0.027220577341272    0.0268776862611282
268.999999999828    0.00632726369043902    0.02715940633037    0.0268178778202552
269.499999999827    0.00651332109045056    0.0271248986394819    0.0267738388558051
269.999999999827    0.0069083276588877    0.0271047755927721    0.0267328476510281
270.499999999827    0.00767520547519528    0.0271015748108288    0.0266887232208636
270.999999999826    0.00853570945507056    0.0271384473861309    0.0266790766374741
271.499999999826    0.00869900755593815    0.0272004429770681    0.0267312904207358
271.999999999825    0.00807343305457215    0.0272395388322532    0.0268032281707705
272.499999999825    0.00737897932426233    0.0272552331816907    0.026855947895312
272.999999999824    0.00679876379778997    0.0272566094939489    0.0268884897533586
273.499999999824    0.00645356030058764    0.0272271671946688    0.0268779962597426
273.999999999823    0.00642518660003465    0.0271646648758449    0.0268178173543826
274.499999999823    0.0066724902140017    0.0271198515954336    0.0267603365671899
274.999999999822    0.00719808559848393    0.0271137904397521    0.0267262452542016
275.499999999822    0.0077782083439079    0.0271283287743523    0.0267095664088201
275.999999999822    0.00842762585263238    0.0271559164063244    0.0267020218534766
276.499999999821    0.00865645146988126    0.0272083056286846    0.0267412935416471
276.999999999821    0.0080553361628808    0.0272558479756986    0.0268202468534738
277.49999999982    0.00720208717751294    0.0272616752454545    0.026871801228666
277.99999999982    0.0067480801695153    0.0272406181118749    0.0268754386225728
278.499999999819    0.00655194753111674    0.0272119073610277    0.0268576464812224
278.999999999819    0.0065612882521823    0.0271646913001807    0.0268105442214439
279.499999999818    0.00686091226414015    0.0271209210964862    0.0267513084560526
279.999999999818    0.00751428732298798    0.0271235185237775    0.0267189308887186
280.499999999817    0.00796943552026649    0.0271595391914457    0.0267300694303221
280.999999999817    0.00817855054731459    0.0271868411361492    0.0267457507076073
281.499999999817    0.00827410119352047    0.0272181754187497    0.026771459714258
281.999999999816    0.00782272113276305    0.0272583294476069    0.0268351710779009
282.499999999816    0.00700682937287722    0.0272633264145648    0.0268839258568886
282.999999999815    0.00667296883577478    0.0272232921464419    0.0268623801408072
283.499999999815    0.00666366882576958    0.0271853621607265    0.0268254519822674
283.999999999814    0.0068032375853292    0.0271573741456439    0.0267903549275698
284.499999999814    0.00714997310125032    0.0271311883192102    0.0267459681000407
284.999999999813    0.00787341065516332    0.0271346363161909    0.026710689950631
285.499999999813    0.0082997268562455    0.0271831228828259    0.0267356121099515
285.999999999812    0.00811435454920135    0.0272233982857323    0.026785153745859
286.499999999812    0.00783122314518995    0.0272405420198535    0.0268172037500038
286.999999999812    0.00741945422509551    0.0272546070271691    0.0268531569491248
287.499999999811    0.00687888546121499    0.0272523213090411    0.0268799516039177
287.999999999811    0.00668050332202408    0.0272035533557646    0.0268424985266221
288.49999999981    0.00685141704381053    0.0271553530201604    0.0267857798232347
288.99999999981    0.00729852361346237    0.0271455185000376    0.0267521451293283
289.499999999809    0.00772213182561845    0.0271523720159979    0.0267362370727157
289.999999999809    0.00815923683898522    0.0271649674088087    0.0267252642454339
290.499999999808    0.00840162092033137    0.0272070473108885    0.0267536896543251
290.999999999808    0.00801979475375192    0.0272541241809264    0.0268204571373587
291.499999999807    0.00736751735949334    0.0272618734003914    0.0268631066701395
291.999999999807    0.00700110142230578    0.0272422103787936    0.0268634114329725
292.499999999807    0.00681955323314182    0.0272193434978492    0.0268506105677851
292.999999999806    0.00681518282130905    0.0271797653527106    0.0268118029439596
293.499999999806    0.00717981568936281    0.0271426268641171    0.0267556471904307
293.999999999805    0.00791835851159783    0.0271500579977303    0.0267234681037747
294.499999999805    0.00827112895453446    0.0271854076691659    0.0267393887243481
294.999999999804    0.00822243285332806    0.027211612902853    0.0267677710428951
295.499999999804    0.00807111085318784    0.0272357472397122    0.0267996217863103
295.999999999803    0.00759033642699472    0.0272662088325043    0.0268554075561417
296.499999999803    0.00699218660819852    0.0272577381214506    0.0268792025300186
296.999999999802    0.006843703700621    0.0272101878356701    0.026840282432277
297.499999999802    0.00698081114322399    0.0271715169386913    0.02679478835335
297.999999999802    0.00731387653419243    0.0271587940514703    0.026764406420887
298.499999999801    0.00787103043884623    0.0271545758066227    0.0267304451663465
298.999999999801    0.00858093544219319    0.0271763976786367    0.0267139679303895
299.4999999998    0.00869374495479889    0.0272236274791694    0.0267543566519592
