#t    a    aDot    H
0    1    0.169393556997561    0.169393556997561
0.5    1.08811182690945    0.182635409904382    0.167846176640794
1    1.18206153594657    0.192434701676273    0.162795840846116
1.49999999999999    1.27968546502523    0.197097906084301    0.154020586676285
1.99999999999998    1.37816513041212    0.195854010103616    0.142112150265367
2.49999999999997    1.47469349781314    0.189587410651038    0.128560552367107
2.99999999999996    1.56730264109778    0.180624693800559    0.115245574826598
3.49999999999995    1.65528244935495    0.171401890730583    0.103548425102542
3.99999999999994    1.73887773660492    0.163173720314551    0.0938385240546818
4.49999999999993    1.81863801476038    0.156046814781682    0.0858042191547628
4.99999999999992    1.89518450631448    0.150585392158888    0.0794568505900923
5.4999999999999    1.97005191208653    0.150182179359236    0.076232599982695
5.99999999999989    2.04694594174341    0.15882610854646    0.0775917454914251
6.49999999999988    2.12936265075167    0.170131553457098    0.0798978762011445
6.99999999999987    2.21562129608274    0.173286424326891    0.0782112108388131
7.49999999999986    2.30146761456679    0.169439660265167    0.0736224395219485
7.99999999999985    2.38478722021392    0.163809197333785    0.0686892297750116
8.49999999999993    2.46533363246509    0.158461883104606    0.0642760399719852
9.00000000000001    2.54333331893194    0.153627403551559    0.0604039597987392
9.50000000000009    2.61909306108161    0.149617539441082    0.0571257057125318
10.0000000000002    2.6932774136281    0.147588353888604    0.0547987938939379
10.5000000000002    2.76728988706009    0.149179839366981    0.0539082804676697
11.0000000000003    2.84319242864433    0.155096835186252    0.0545502420531573
11.5000000000004    2.92284918538499    0.163715072085951    0.0560121517403528
12.0000000000005    3.00676504149346    0.171496295107409    0.0570368129004941
12.5000000000006    3.09368159698554    0.175390481901635    0.0566931264266285
13.0000000000006    3.18140867267117    0.174881934670759    0.0549699685466452
13.5000000000007    3.26810233633887    0.171610469170541    0.0525107391106942
14.0000000000008    3.3528820611752    0.167478936227402    0.0499507388484461
14.5000000000009    3.43560352747742    0.16345207346716    0.0475759417988414
15.0000000000009    3.51638142375783    0.159713336765685    0.0454197987984491
15.500000000001    3.5954155938455    0.15661413095769    0.0435593958110924
16.0000000000011    3.67336508276737    0.155776777882563    0.0424071047588896
16.500000000001    3.75196922731574    0.159463192211342    0.042501199383617
17.0000000000009    3.83336204705152    0.166151344311619    0.0433435042848136
17.5000000000008    3.91764619209352    0.17017326325709    0.0434376293603359
18.0000000000007    4.00273711461431    0.169569555786119    0.0423634005758228
18.5000000000006    4.08684008003492    0.166673328221421    0.0407829337476783
19.0000000000005    4.16935830934993    0.16341142792642    0.0391934239760502
19.5000000000004    4.25027883197974    0.160301232906604    0.0377154627363441
20.0000000000003    4.32969886798887    0.1574432792763    0.0363635633970618
20.5000000000002    4.40784722933752    0.155362251195602    0.0352467413483729
21.0000000000001    4.485387029009    0.155236909442811    0.0346094792798982
21.5    4.56359448336051    0.15811396568521    0.0346468044568191
21.9999999999999    4.64391417256126    0.163392583345531    0.0351842383976306
22.4999999999998    4.72696114712998    0.16851886095983    0.0356505703589605
22.9999999999997    4.81198348593679    0.171030318680155    0.0355425822179146
23.4999999999996    4.8974830017708    0.170549900733282    0.0348239903378154
23.9999999999995    4.98224448606031    0.168330883907596    0.0337861548903439
24.4999999999994    5.06573912903198    0.165634544595981    0.0326970142711696
24.9999999999993    5.14789067943567    0.162992249874705    0.0316619485580398
25.4999999999992    5.22875480086889    0.160499517024522    0.0306955524091225
25.9999999999991    5.30847155585015    0.158529833098174    0.0298635551552439
26.499999999999    5.38758075771086    0.158353463476436    0.0293923136557713
26.9999999999989    5.46736534938134    0.161312161183975    0.0295045512556114
27.4999999999988    5.54919331693173    0.165966742280596    0.0299082646434748
27.9999999999987    5.63298048705578    0.168632174354791    0.0299365805974823
28.4999999999986    5.71729289571877    0.168200488896791    0.0294196032921005
28.9999999999985    5.80092223114687    0.166193713090977    0.0286495330343569
29.4999999999984    5.88344289140633    0.163890015926594    0.0278561412002452
29.9999999999983    5.96482510320424    0.161654634409709    0.0271013200911573
30.4999999999982    6.04512012391098    0.159567040829381    0.026396008277524
30.9999999999981    6.12448067797039    0.158031911966105    0.0258033162770098
31.499999999998    6.20339954326339    0.157982239277951    0.0254670424137862
31.9999999999979    6.28285532555795    0.16023532851525    0.0255035839936391
32.4999999999982    6.36393065109687    0.164200698947401    0.0258017737699734
32.9999999999984    6.44698500491404    0.167755104711917    0.0260207065138278
33.4999999999987    6.53131348651841    0.169147191545497    0.0258978828522994
33.9999999999989    6.61577229272852    0.168415208536866    0.0254566210995462
34.4999999999992    6.69955485057382    0.166627135974785    0.0248713742466806
34.9999999999995    6.78236593123933    0.164616646273712    0.0242712716981981
35.4999999999997    6.86418084785355    0.16265509643309    0.0236962137272291
36    6.94503945408012    0.160816666255286    0.0231556159354586
36.5000000000002    7.02508664881568    0.159540808577143    0.0227101552696206
37.0000000000005    7.10485846255864    0.159929416796235    0.0225098666833456
37.5000000000007    7.18542669422373    0.1626855956498    0.0226410486910375
38.000000000001    7.26767188768043    0.166163693354456    0.0228634005390535
38.5000000000012    7.35126093385028    0.167766777524047    0.0228214967518747
39.0000000000015    7.43506070719933    0.16715572555907    0.0224820929030497
39.5000000000018    7.51825276654529    0.165539471648626    0.0220183434620931
40.000000000002    7.60057656100007    0.163758315074881    0.0215455122069495
40.5000000000023    7.68201948766273    0.162023644251892    0.0210912826389078
41.0000000000025    7.76261902703779    0.160413658708516    0.0206648887636741
41.5000000000028    7.84251711896433    0.15932479422725    0.0203155175577468
42.000000000003    7.92216653403389    0.15956677231184    0.0201418098983827
42.5000000000033    8.00240577290658    0.161689435932199    0.020205103380239
43.0000000000035    8.08404635862558    0.164910128932127    0.0203994536419462
43.5000000000038    8.16718621220808    0.167382995057517    0.0204945731257257
44.0000000000041    8.25110843097595    0.167988482437645    0.0203595048886996
44.5000000000043    8.33492137087326    0.167089726079129    0.0200469468929882
45.0000000000046    8.41809825748295    0.165575488239352    0.019668989737934
45.5000000000048    8.50048521417684    0.163976508119927    0.0192902527312738
46.0000000000051    8.58208213383688    0.162420661112685    0.0189255542629105
46.5000000000053    8.66292755975615    0.161009817065691    0.018586074505998
47.0000000000056    8.74319825511757    0.160257202023504    0.0183293569866956
47.5000000000058    8.82345527536851    0.161104497339638    0.0182586631100604
48.0000000000061    8.90460879517076    0.163705702638198    0.018384378966427
48.5000000000064    8.98715970241851    0.166299243555221    0.0185040935136012
49.0000000000066    9.07059948410304    0.167125023046713    0.0184249148404815
49.5000000000069    9.15401564923567    0.166360112883371    0.0181734573391582
50.0000000000071    9.23686109766246    0.164983242914278    0.0178613969799795
50.5000000000074    9.31898924032846    0.163533259835753    0.0175483902404408
51.0000000000076    9.40040063681518    0.162120962240761    0.0172461758284897
51.5000000000079    9.48113089621544    0.160844844574465    0.0169647319855766
52.0000000000081    9.56133634048133    0.160127056826157    0.0167473511153668
52.5000000000084    9.64147222644475    0.160681624387247    0.0166656731060768
53.0000000000087    9.72228271203532    0.162775310881156    0.0167424992362807
53.5000000000089    9.80434387383352    0.165422751677397    0.0168723938905171
54.0000000000092    9.88753174964849    0.167068702531066    0.016896906807607
54.5000000000094    9.97114218387956    0.16713483348476    0.0167618543996863
55.0000000000097    10.0544939430401    0.166166960584893    0.0165266359029355
55.5000000000099    10.1372556742403    0.164862731861399    0.0162630535481442
56.0000000000102    10.2193550222132    0.163539323738449    0.016002900709778
56.5000000000105    10.3008012534294    0.16225663508066    0.015751846005828
57.0000000000107    10.3816422204749    0.161173134510753    0.0155248207449187
57.500000000011    10.4621014111895    0.160863293615886    0.0153758109669858
58.0000000000112    10.5427643426664    0.162068290222387    0.0153724663622139
58.5000000000115    10.6243775933539    0.164458694665643    0.0154793721533882
59.0000000000117    10.7071291507255    0.16631615260773    0.0155332162586702
59.500000000012    10.7904183658114    0.166583619212042    0.0154381056938301
60.0000000000122    10.8735258836238    0.165734513456023    0.0152420213305078
60.5000000000125    10.9560974657875    0.164534576909256    0.0150176262508658
61.0000000000128    11.038058535217    0.163313774592411    0.0147955162650531
61.500000000013    11.1194169032089    0.162129831217027    0.0145807853620669
62.0000000000133    11.2002151371972    0.16111862652487    0.0143853153311115
62.5000000000135    11.2806386447258    0.160734230293136    0.0142486817772756
63.0000000000138    11.3611576938124    0.161578267793874    0.0142219897081329
63.500000000014    11.4424242093652    0.163621567516095    0.014299554405803
64.0000000000143    11.5247929324316    0.165743072999832    0.0143814360892697
64.5000000000138    11.6079714100537    0.166733357150261    0.0143636946767334
65.0000000000134    11.6913089187705    0.16644602866577    0.0142367317314265
65.5000000000129    11.7743055059949    0.165480755169135    0.0140543962516413
66.0000000000125    11.8567638800445    0.164347844082948    0.0138611045767347
66.500000000012    11.9386551569789    0.163221198397833    0.0136716570042163
67.0000000000116    12.0199924655021    0.162145163292235    0.0134896227063036
67.5000000000111    12.1008447571064    0.161350915948327    0.0133338555437274
68.0000000000106    12.1814907075547    0.161441198185567    0.013252991941737
68.5000000000102    12.2625211475237    0.162895363045212    0.0132840026194865
69.0000000000097    12.3444986964802    0.164989559707712    0.0133654321462852
69.5000000000093    12.4273584741103    0.166216596525388    0.0133750544712832
70.0000000000088    12.5104843287372    0.166098192864171    0.0132767196296817
70.5000000000084    12.593332484548    0.165228639352716    0.0131203269313703
71.0000000000079    12.6756845323766    0.164173698150217    0.0129518605272071
71.5000000000075    12.7575074281756    0.163121440041258    0.0127863096266749
72.000000000007    12.8388124764977    0.162113103595441    0.0126267989264739
72.5000000000066    12.9196568798293    0.161334158931492    0.012487495638013
73.0000000000061    13.0002638764275    0.161260712576082    0.0124044184109589
73.5000000000056    13.0811158612311    0.162348276209971    0.0124108889434369
74.0000000000052    13.162758559654    0.164279228406297    0.012480607895509
74.5000000000047    13.2453410755909    0.165899950851184    0.0125251550642899
75.0000000000043    13.3284615933126    0.166379062956934    0.012482990763196
75.5000000000038    13.4115544492668    0.165876532662188    0.0123681809807853
76.0000000000034    13.4942699419801    0.164954822018342    0.0122240641937342
76.5000000000029    13.5764988604621    0.16396103625014    0.0120768276074204
77.0000000000025    13.6582339615491    0.162984544359778    0.0119330613912908
77.500000000002    13.7394955955559    0.162090548574989    0.0117974162477564
78.0000000000015    13.8203867389864    0.161582929848797    0.0116916359071908
78.5000000000011    13.9012400742068    0.162033080794566    0.0116560162927631
79.0000000000006    13.9826143779298    0.163602558762467    0.0117004269974504
79.5000000000002    14.0648680948965    0.165316156563108    0.0117538362569567
79.9999999999997    14.1477539084339    0.16601783974025    0.0117345722023962
80.4999999999993    14.2307054947518    0.16565784067273    0.0116408733729908
80.9999999999988    14.3133335431795    0.164818080355006    0.0115150031163456
81.4999999999984    14.3955101209371    0.163886736603459    0.0113845730527534
81.9999999999979    14.4772225693421    0.162968184640789    0.0112568680808915
82.4999999999975    14.5584896648369    0.162123276826793    0.0111359955983874
82.999999999997    14.6393956872228    0.161586349916149    0.0110377746027578
83.4999999999965    14.7202043631366    0.161814181851328    0.0109926586519787
83.9999999999961    14.8013842402076    0.163056560299573    0.0110163048032112
84.4999999999956    14.8833408484315    0.164757664028902    0.0110699382421431
84.9999999999952    14.9660418115821    0.165883416572147    0.0110839872466327
85.4999999999947    15.0490485936724    0.165985294113881    0.0110296204494729
85.9999999999943    15.1319099543985    0.165386786761359    0.0109296702967284
86.4999999999938    15.2143961180634    0.164542737010338    0.0108149370986196
86.9999999999934    15.2964482063489    0.163666416560391    0.0106996352586256
87.4999999999929    15.3780680634625    0.162823044943566    0.0105880039203641
87.9999999999925    15.4592932702896    0.162122527057239    0.0104870594161516
88.499999999992    15.5402720345411    0.161918180324304    0.0104192629295299
88.9999999999915    15.621373038526    0.162661368599467    0.0104127446542827
89.4999999999911    15.7030690524698    0.164181271628208    0.0104553620110577
89.9999999999906    15.7855110068486    0.165454368991954    0.0104814072170467
90.4999999999902    15.868353885443    0.165748842414615    0.0104452448950402
90.9999999999897    15.9511296263558    0.165268973845546    0.0103609573564291
91.4999999999893    16.0335755825858    0.164494740440485    0.0102593922106273
91.9999999999888    16.1156167661784    0.163668667007148    0.010155904634729
92.4999999999884    16.1972504067549    0.162876351435012    0.0100558025186229
92.9999999999879    16.2785136362962    0.162212796146874    0.00996484075703255
93.4999999999875    16.3595277277554    0.161941449737786    0.00989890737878934
93.999999999987    16.4405840337391    0.162431688269083    0.00987992202319229
94.4999999999865    16.5220922774612    0.163691505774313    0.00990743200227818
94.9999999999861    16.6042923774057    0.165047925305204    0.00994007582821133
95.4999999999856    16.6870226653852    0.165725543502214    0.00993140279278143
95.9999999999852    16.7698790045186    0.165587157100806    0.00987408180203259
96.4999999999847    16.8525326125087    0.164982354188819    0.00978976620204621
96.9999999999843    16.9348378812266    0.164228680926447    0.00969768249795323
97.4999999999838    17.0167577755484    0.163455383405939    0.00960555386413328
97.9999999999834    17.0983048113064    0.162751440819746    0.00951857173069725
98.4999999999829    17.1795454242246    0.162272945492647    0.00944570659383271
98.9999999999824    17.2606741613142    0.162371624507633    0.00940702680498721
99.499999999982    17.3420589748662    0.163295346742629    0.00941614527890214
99.9999999999815    17.4240386368128    0.164614051895981    0.00944752564702145
100.499999999981    17.5065889475494    0.165451690947996    0.00945082399796424
100.999999999981    17.5893487137606    0.165464235159844    0.00940707003155817
101.49999999998    17.6719654378363    0.164949386126858    0.00933395816708061
101.99999999998    17.7542690155824    0.164251529860769    0.00925138228538785
102.499999999979    17.8362108235493    0.163517910197817    0.00916774935077142
102.999999999979    17.9177972884102    0.162844487826428    0.00908842114938763
103.499999999978    17.9990849620159    0.162355502106779    0.00902020866335171
103.999999999978    18.0802293593739    0.162326674304854    0.00897813136539076
104.499999999977    18.16153311302    0.163010076326786    0.00897556804881876
104.999999999977    18.243328368401    0.16420684611101    0.0090009258615018
105.499999999977    18.3257100033066    0.165231116860497    0.00901635553714882
105.999999999976    18.4084411375319    0.16556844181885    0.00899415874390809
106.499999999976    18.4911731596638    0.165282220634852    0.00893843885445812
106.999999999975    18.5736735725905    0.164691933599631    0.00886695531478865
107.499999999975    18.6558500378048    0.164006156796366    0.00879113824693161
107.999999999974    18.737681101224    0.163328289968325    0.00871656898663174
108.499999999974    18.8191953756848    0.16275727265963    0.00864847138310279
108.999999999973    18.9004878951475    0.162489145698216    0.00859708736619085
109.499999999973    18.9817883026279    0.162835128389616    0.00857849248940746
109.999999999972    19.0634360002547    0.163833945457066    0.00859414564377994
110.499999999972    19.145636664811    0.16491468428712    0.00861369549492329
110.999999999972    19.2282487988235    0.165409241072728    0.00860240798854489
111.499999999971    19.3109330158847    0.165239958408865    0.00855680863648291
111.999999999971    19.3934305227503    0.164716663807189    0.00849342583376161
112.49999999997    19.4756310156557    0.164075332140245    0.00842464780773222
112.99999999997    19.557504161672    0.163425435703193    0.00835614986208046
113.499999999969    19.6390710549925    0.162865442842815    0.0082929300671486
113.999999999969    19.7204091110626    0.162547287593179    0.00824259206174349
114.499999999968    19.8017021877648    0.162728312850577    0.00821789517424035
114.999999999968    19.8832428511032    0.163524199904296    0.00822422182985223
115.499999999967    19.9652735675485    0.164591510236237    0.00824388955550119
115.999999999967    20.0477745783601    0.165314210559199    0.00824601303815745
116.499999999967    20.1304801379806    0.165408473972591    0.00821681712700489
116.999999999966    20.2131064142526    0.165044648519598    0.00816522928921121
117.499999999966    20.2954925510034    0.164481882503789    0.00810435529418366
117.999999999965    20.3775776640886    0.163855792907553    0.00804098483188785
118.499999999965    20.4593554171561    0.163269577565372    0.00798019166471212
118.999999999964    20.5408711062791    0.162831920725633    0.00792721593369313
119.499999999964    20.6222479798947    0.162760042333489    0.00789244909149427
119.999999999963    20.703732207779    0.163281428329278    0.00788656975904705
120.499999999963    20.7856084386077    0.164257499563071    0.00790246290110882
120.999999999962    20.8679647895532    0.165090203715093    0.00791117894725119
121.499999999962    20.9505960475562    0.165329226388388    0.00789138533400694
121.999999999962    21.0332080768013    0.165057972396877    0.00784749391505945
122.499999999961    21.1156153501863    0.164549180446402    0.00779277220755733
122.999999999961    21.1977439687613    0.163958883146517    0.00773473268608869
123.49999999996    21.2795779093465    0.16338855424278    0.00767818586152572
123.99999999996    21.361151958285    0.162938553816189    0.00762779807635761
124.499999999959    21.4425645215508    0.162779036550907    0.00759139777274808
124.999999999959    21.5240151029927    0.163116977359467    0.00757837125549996
125.499999999958    21.6057655828292    0.163943517495016    0.00758795224665899
125.999999999958    21.6879721571102    0.164846791037744    0.00760083929671131
126.499999999957    21.7705384113186    0.165322858045127    0.00759388008333202
126.999999999957    21.8532034913033    0.165261293114338    0.0075623371731337
127.499999999957    21.9357448458709    0.164868823009253    0.00751598927538982
127.999999999956    22.018050285272    0.16433949311915    0.00746385311096677
128.499999999956    22.1000774955527    0.163772339379898    0.00741048710860199
128.999999999955    22.181833991168    0.16327252015246    0.00736064115426477
129.499999999955    22.2633812253622    0.162963827250015    0.00731981479364726
129.999999999954    22.3448645370477    0.163053861360099    0.00729715148148501
130.499999999954    22.4265250719002    0.163669575955705    0.00729803549283607
130.999999999953    22.5085818193539    0.164558329219043    0.00731091503408481
131.499999999953    22.591035340589    0.165170862653321    0.00731134541481418
131.999999999952    22.6736590464135    0.165238559821071    0.00728768830310203
132.499999999952    22.7562097453922    0.164921600128884    0.00724732290544464
132.999999999952    22.8385538945258    0.164439023686523    0.00720006286063224
133.499999999951    22.9206388740214    0.16389904028184    0.00715071866812605
133.999999999951    23.0024604252855    0.163401993617907    0.00710367458944899
134.49999999995    23.0840655324284    0.163056057108766    0.00706357625261917
134.99999999995    23.1655696997516    0.163029238581254    0.00703756655650055
135.499999999949    23.2471730160989    0.163463521180509    0.0070315440534343
135.999999999949    23.3290958932377    0.164260656735317    0.00704102111316412
136.499999999948    23.4114236461583    0.164998614636932    0.00704778219089668
136.999999999948    23.494017547981    0.165290951394081    0.00703544853733564
137.499999999947    23.576639605797    0.165139859306802    0.00700438493644352
137.999999999947    23.6591178796493    0.16474821308705    0.00696341317225356
138.499999999947    23.7413712322915    0.164254176193256    0.00691847891118639
138.999999999946    23.8233691245318    0.163744424344463    0.00687326899434428
139.499999999946    23.9051306116907    0.163325831374237    0.00683225011514322
139.999999999945    23.9867325242225    0.163134290921163    0.00680102180471746
140.499999999945    24.0683317636815    0.163339974309534    0.00678651000465308
140.999999999944    24.1501471760625    0.163980915701163    0.00679005864873983
141.499999999944    24.232336505668    0.164756602548061    0.00679903906540437
141.999999999943    24.3148451665555    0.165194931480394    0.00679399479407814
142.499999999943    24.3974497013314    0.165155591027512    0.0067693793019071
142.999999999942    24.4799531581071    0.164827977782799    0.00673318191085723
143.499999999942    24.5622580494647    0.164378405710783    0.00669231653619753
143.999999999942    24.6443240561596    0.163886900658088    0.00665008706607744
144.499999999941    24.7261549505176    0.163455194540183    0.00661061919523242
144.999999999941    24.807809316216    0.163204904215286    0.0065787713108793
145.49999999994    24.889414320966    0.16327952473893    0.00656019955445029
145.99999999994    24.9711565803902    0.163753349091217    0.00655769982315564
146.499999999939    25.0532124749438    0.164485270353478    0.00656543628957694
146.999999999939    25.1356184903772    0.165080548736948    0.00656759445963691
147.499999999938    25.2182183917802    0.165243644580181    0.00655255030363453
147.999999999938    25.3008017902406    0.165047242443584    0.00652339968558817
148.499999999937    25.3832370777852    0.164675197686329    0.00648755701180636
148.999999999937    25.4654630361984    0.164219072625537    0.00644869768879146
149.499999999937    25.5474556211577    0.163760603250476    0.00641005529782987
149.999999999936    25.6292424819192    0.163416821666628    0.00637618617803139
150.499999999936    25.7109144159525    0.163324231487962    0.00635233072016396
150.999999999935    25.7926281410349    0.163596114181139    0.00634274697741505
151.499999999935    25.8745695418243    0.164211875746858    0.00634645826595963
151.999999999934    25.9568494832247    0.164878128667435    0.00635200850449867
152.499999999934    26.0393860930938    0.165190300919578    0.0063438631129399
152.999999999933    26.1219695253495    0.165090179651448    0.00631997443727357
153.499999999933    26.2044409718742    0.16477387927394    0.00628801352605825
153.999999999932    26.2867280844763    0.164362726402652    0.00625268865240464
154.499999999932    26.368797181219    0.163915889545547    0.00621628238933459
154.999999999932    26.4506559443841    0.163541729441168    0.00618289882054477
155.499999999931    26.532373149105    0.163371785039026    0.00615745090425645
155.999999999931    26.614079468096    0.163509589760162    0.00614372516457582
156.49999999993    26.6959381665905    0.163975225723063    0.00614232864564674
156.99999999993    26.7780877783892    0.164629531111018    0.00614791961522656
157.499999999929    26.8605388771206    0.165115411533737    0.00614713696881117
157.999999999929    26.9431333427997    0.165197272022754    0.00613133112325638
158.499999999928    27.0256875942408    0.164987758379229    0.00610484961035325
158.999999999928    27.1081000392912    0.164647141203978    0.00607372486324509
159.499999999927    27.1903217720584    0.164230187639875    0.0060400236899235
159.999999999927    27.2723305079039    0.163816171407351    0.00600668033704984
160.499999999927    27.3541605003528    0.163537648805152    0.00597852925528615
160.999999999926    27.4359111668194    0.163514744813913    0.00595988023943105
161.499999999926    27.5177275637701    0.163803088060177    0.00595263862833792
161.999999999925    27.5997608017258    0.164363294121967    0.00595524342775063
162.499999999925    27.6820948852145    0.164940549186084    0.00595838392542255
162.999999999924    27.7646410177842    0.165172321560965    0.0059490170053042
163.499999999924    27.8472068527168    0.165048486030358    0.00592693144785743
163.999999999923    27.9296628425263    0.164759549844272    0.00589908839119265
164.499999999923    28.0119534904095    0.16439065143458    0.00586858933243847
164.999999999922    28.0940458177067    0.163980782578418    0.00583685182413516
165.499999999922    28.1759483018888    0.163655228141458    0.00580833079291558
165.999999999922    28.2577373421889    0.163544455963968    0.00578759912669285
166.499999999921    28.3395383955051    0.163704956283606    0.00577655690784193
166.999999999921    28.4214857941877    0.164125548761984    0.00577469981514999
167.49999999992    28.5036928536135    0.164707749072578    0.00577847052725655
167.99999999992    28.5861643036313    0.165120029027391    0.00577622192587817
168.499999999919    28.6687483110071    0.16515938417212    0.00576095553180147
168.999999999919    28.7512842602652    0.164960685899589    0.00573750669383378
169.499999999918    28.8336934213772    0.164662686134217    0.00571077328623245
169.999999999918    28.9159324584333    0.164281441055144    0.00568134682467178
170.499999999917    28.997974964541    0.163902303554117    0.00565219825710377
170.999999999917    29.0798604603649    0.163675632679178    0.00562848755420487
171.499999999917    29.1616918508116    0.163692476948674    0.0056132709235839
171.999999999916    29.243593483027    0.163953805410757    0.00560648627214424
172.499999999916    29.3256853458504    0.164446443001145    0.00560759078813529
172.999999999915    29.4080454591591    0.164963072559323    0.00560945380706848
173.499999999915    29.4905908792301    0.165152263896831    0.0056001680187814
173.999999999914    29.5731446994027    0.165028642586058    0.0055803548883116
174.499999999914    29.6556000835269    0.164781481740167    0.0055565047166825
174.999999999913    29.7379135026034    0.164456566750331    0.00553019857078856
175.499999999913    29.8200457155986    0.164073714135126    0.0055021281892033
175.999999999912    29.9020030981198    0.163784632045372    0.00547737994367575
176.499999999912    29.983867485098    0.163713419167429    0.0054600501169102
176.999999999912    30.0657534194041    0.163862655578431    0.00545014300132842
177.499999999911    30.1477633712265    0.164214354328796    0.005446982991963
177.999999999911    30.2299986962378    0.164736116660613    0.00544942519898669
178.49999999991    30.3124734127277    0.165107531534556    0.00544685117860525
178.99999999991    30.3950458349422    0.165131533182199    0.00543284369692786
179.499999999909    30.4775729777275    0.164960798474194    0.00541253066951048
179.999999999909    30.5599950849574    0.164713707643896    0.00538984732117883
180.499999999908    30.6422686399106    0.164364544135191    0.00536398091364266
180.999999999908    30.7243585530285    0.164010577800699    0.00533812862252685
181.499999999907    30.8063073329272    0.163821676340568    0.00531779659827869
181.999999999907    30.8882178758577    0.163853216999663    0.00530471578704225
182.499999999907    30.9701884343678    0.164058627583428    0.00529730802029513
182.999999999906    31.0523136213878    0.164478929407125    0.00529683331852728
183.499999999906    31.1346786719697    0.164955563151188    0.00529812961582597
183.999999999905    31.217215720355    0.1651302186238    0.00528971642131836
184.499999999905    31.2997612523418    0.165024677624347    0.00527239413406069
184.999999999904    31.3822272752532    0.164830781150698    0.00525236082528398
185.499999999904    31.4645776237847    0.164550314975376    0.00522970042512153
185.999999999903    31.5467622998512    0.16418806252954    0.00520459313602251
186.499999999903    31.6287826776559    0.163924414793103    0.00518276079303257
186.999999999902    31.7107238489033    0.163876025914455    0.0051678424843059
187.499999999902    31.7926852894901    0.163989389150177    0.00515808550479338
187.999999999902    31.8747385569381    0.164260227232496    0.00515330429892238
188.499999999901    31.9569812900471    0.164727289054895    0.00515465736765941
188.999999999901    32.0394458988148    0.165079918774539    0.00515239618362581
189.4999999999    32.1220042021009    0.165107460021343    0.00514001115816255
189.9999999999    32.20452825443    0.164979234972769    0.00512285830332182
190.499999999899    32.2869743741718    0.164789127787985    0.00510388882768181
190.999999999899    32.3692948529106    0.164471657870737    0.00508110104400214
191.499999999898    32.45144227432    0.164134441269757    0.0050578473487338
191.999999999898    32.5334593464608    0.163971371511182    0.00504008411048423
192.499999999897    32.6154462816121    0.163998240063171    0.00502823841952547
192.999999999897    32.6974735927603    0.16413234770399    0.00501972567508493
193.499999999897    32.7796147696871    0.164474928241549    0.00501759796132953
193.999999999896    32.8619687219361    0.164923717185268    0.00501868036515955
194.499999999896    32.9444902550489    0.165102845370232    0.00501154651633832
194.999999999895    33.0270280768814    0.165027610447552    0.00499674418368481
195.499999999895    33.1095102983591    0.16489472098599    0.00498028268917533
195.999999999894    33.1919062406215    0.1646638308409    0.00496096336399558
196.499999999894    33.2741530450568    0.16431889847941    0.00493833451619052
196.999999999893    33.3562420089007    0.164069644311138    0.00491870889614477
197.499999999893    33.4382594242038    0.164030751756834    0.00490548116383423
197.999999999892    33.520289748632    0.164098839036965    0.00489550777357651
198.499999999892    33.6023759482417    0.164281054277683    0.00488897137900987
198.999999999892    33.684611831198    0.164689214473617    0.00488915280659654
199.499999999891    33.767054892144    0.165037758141737    0.00488753782848066
199.999999999891    33.8495955147872    0.165082044058444    0.00487692811532499
200.49999999989    33.9321172327664    0.165001259627413    0.00486268683134455
200.99999999989    34.014590561045    0.164874706040288    0.00484717597127599
201.499999999889    34.0969653251529    0.164597079779593    0.0048273234350909
201.999999999889    34.1791781608628    0.164269284981307    0.004806121557639
202.499999999888    34.2612655914749    0.164118011208759    0.00479019114955274
202.999999999888    34.3433248041718    0.164132450305967    0.00477916600218128
203.499999999887    34.4254040660763    0.164197174257359    0.00476965132906495
203.999999999887    34.5075546088336    0.164451397810359    0.00476566362567634
204.499999999887    34.5898861815456    0.164870693408618    0.00476644220635162
204.999999999886    34.6723853091921    0.165069153777826    0.00476082485545243
205.499999999886    34.7549138558827    0.165027782427889    0.00474832949125425
205.999999999885    34.8374101149972    0.164954041421408    0.00473496855469164
206.499999999885    34.9198513498898    0.164782418445272    0.0047188751405092
206.999999999884    35.0021651257612    0.164460045178301    0.00469856777680477
207.499999999884    35.0843248607    0.1642117777128    0.00468048846214919
207.999999999883    35.1664132552745    0.164170018834867    0.00466837540818137
208.499999999883    35.2485063042745    0.164202327060703    0.00465841944175634
208.999999999882    35.3306250149733    0.164302011512887    0.00465041338621253
209.499999999882    35.4128511504728    0.164639489558869    0.00464914527382444
209.999999999882    35.4952671016893    0.16498877586011    0.00464819085280971
210.499999999881    35.5777896786235    0.165059278226628    0.00463939102787497
210.999999999881    35.660308399618    0.165015953798246    0.00462744045702122
211.49999999988    35.7428034650033    0.164949237346856    0.00461489366687092
211.99999999988    35.8252297748013    0.1647236015955    0.00459797753234128
212.499999999879    35.9075093205614    0.164403769392355    0.0045785344765813
212.999999999879    35.9896629206678    0.164247835911238    0.00456375032667825
213.499999999878    36.071784609028    0.164249643915538    0.00455341053113381
213.999999999878    36.1539130271626    0.164268439101061    0.00454358671985645
214.499999999877    36.2360784835968    0.164438248479176    0.00453797031468549
214.999999999877    36.3183899037773    0.16481745002927    0.00453812656524535
215.499999999877    36.4008674851067    0.165041066358108    0.00453398717559778
215.999999999876    36.4833894670579    0.165028827140346    0.00452339625103518
216.499999999876    36.5658952056524    0.164995037193874    0.00451226576748404
216.999999999875    36.6483713816376    0.164881715039936    0.00449901888744089
217.499999999875    36.730745422342    0.164592827893947    0.00448106418754657
217.999999999874    36.8129705846967    0.16433803074874    0.00446413392178288
218.499999999874    36.8951190755362    0.164284426518844    0.00445274146378282
218.999999999873    36.9772659333825    0.164300238989719    0.00444327710127944
219.499999999873    37.0594220667567    0.164345309435258    0.0044346430750921
219.999999999872    37.141650665497    0.1646112186927    0.0044319844633512
220.499999999872    37.2240475056582    0.164952911419354    0.00443135345220802
220.999999999872    37.3065590836668    0.165050322299943    0.00442416364183539
221.499999999871    37.389077772457    0.165024977811633    0.00441372153696715
221.999999999871    37.4715856237681    0.164996650774873    0.00440324710119061
222.49999999987    37.5540491527709    0.16482335389018    0.0043889635767284
222.99999999987    37.6363846701274    0.164519071445909    0.00437127723313155
223.499999999869    37.7185934255784    0.16435243828816    0.00435733211028771
223.999999999869    37.8007656847526    0.164348887839979    0.00434776610639585
224.499999999868    37.8829415716113    0.16435329479172    0.00433845123882573
224.999999999868    37.9651360303375    0.164462957603291    0.00433194701243451
225.499999999867    38.0474450045938    0.164793487469065    0.00433126291263888
225.999999999867    38.1299127381315    0.165032219380223    0.0043281562303494
226.499999999867    38.2124352760524    0.165036009335102    0.00431890844283691
226.999999999866    38.2949465229061    0.165013389484564    0.00430901214043636
227.499999999866    38.3774412091846    0.164941789716144    0.00429788397869188
227.999999999865    38.4598566552035    0.164692527199185    0.004282192954479
228.499999999865    38.542132302259    0.164435862840899    0.00426639246503913
228.999999999864    38.6243275223042    0.16437579511464    0.00425575811047374
229.499999999864    38.7065216294309    0.164398118610212    0.00424729765655849
229.999999999863    38.788723531671    0.164421596959454    0.00423890197946844
230.499999999863    38.8709755201909    0.164627858260612    0.00423523865962919
230.999999999862    38.9533728191013    0.164948735000002    0.00423451740022669
231.499999999862    39.0358856963767    0.165058956984861    0.00422839021173231
231.999999999862    39.1184079530623    0.16502821307035    0.00421868428971766
232.499999999861    39.2009182893775    0.165010234530852    0.00420934615135191
232.999999999861    39.2833987450642    0.164879348658427    0.00419717626085354
233.49999999986    39.3657696841387    0.164597436616192    0.00418123252604691
233.99999999986    39.4480173029892    0.1644294803663    0.00416825715481117
234.499999999859    39.5302304881167    0.164439153830072    0.00415983291267438
234.999999999859    39.6124561445424    0.164457240940683    0.0041516547305371
235.499999999858    39.6946959522876    0.164531422670539    0.00414492210415978
235.999999999858    39.7770256037713    0.164813300750357    0.00414342948595762
236.499999999857    39.8595007015234    0.165047373333698    0.0041407285698235
236.999999999857    39.9420305048415    0.165045428181673    0.00413212413329031
237.499999999856    40.0245415916774    0.165006332115382    0.00412262890600332
237.999999999856    40.1070365468695    0.164957487071721    0.00411293132762251
238.499999999856    40.1894702600774    0.164746885198698    0.00409925495739491
238.999999999855    40.2717764776737    0.16450029687826    0.00408475392113526
239.499999999855    40.3540061069676    0.164452835317256    0.00407525426053947
239.999999999854    40.4362464905507    0.164506605111196    0.00406829563544278
240.499999999854    40.518505208851    0.164530358984195    0.00406062262504824
240.999999999853    40.600800147041    0.164687396150963    0.00405625986568064
241.499999999853    40.6832175632499    0.164976736496921    0.00405515459145857
241.999999999852    40.7657424235957    0.16507781923659    0.00404942506679435
242.499999999852    40.848267509878    0.16501764801431    0.00403977103739847
242.999999999851    40.9307672323537    0.164986623659359    0.00403087053616101
243.499999999851    41.0132432261173    0.16488955241093    0.00402039778960782
243.999999999851    41.0956276386615    0.164636858410519    0.00400618917073391
244.49999999985    41.1778986156159    0.164484663166059    0.0039944890024981
244.99999999985    41.2601477412098    0.164531996025354    0.00398767345811082
245.499999999849    41.3424300658329    0.164584734392202    0.00398101258513639
245.999999999849    41.4247301978098    0.164634596538067    0.003974307032343
246.499999999848    41.5070980100942    0.164865224649828    0.00397197666311757
246.999999999848    41.5895922566721    0.165076028013544    0.00396916678083233
247.499999999847    41.6721308503474    0.165047565286136    0.00396062216925871
247.999999999847    41.7546325399007    0.164969095189309    0.00395091718342066
248.499999999846    41.8371080679754    0.164927508971428    0.00394213454485096
248.999999999846    41.9195370598044    0.164758099372796    0.00393034157647648
249.499999999846    42.0018566147143    0.164539473332751    0.00391743333734224
249.999999999845    42.084112678269    0.164523432338672    0.00390939530070279
250.499999999845    42.1664009172832    0.164627507233006    0.00390423426357757
250.999999999844    42.2487266701733    0.164666483617847    0.00389754902919
251.499999999844    42.3310799943352    0.164778463487165    0.00389261184711601
251.999999999843    42.4135301587871    0.165021125027637    0.00389076609303289
252.499999999843    42.4960703943177    0.165095231674947    0.0038849528943039
252.999999999842    42.5785941445424    0.164990739107093    0.00387496915814071
253.499999999842    42.661069125945    0.164922438351028    0.00386587682235857
253.999999999841    42.7435163440619    0.164847100142869    0.00385665743585391
254.499999999841    42.8258911224061    0.164641483255476    0.00384443800094886
254.999999999841    42.9081742680098    0.164527636369377    0.00383441242085289
255.49999999984    42.990456209953    0.164623697462577    0.00382930799009442
255.99999999984    43.0727979478644    0.164726140189702    0.00382436591161521
256.499999999839    43.1551706656279    0.164771905981778    0.00381812662168465
256.999999999839    43.237594090969    0.164946067735544    0.0038148761790147
257.499999999838    43.320114746746    0.1651055999589    0.00381129184269537
257.999999999838    43.4026594401618    0.165040793510037    0.00380255025011946
258.499999999837    43.4851442406431    0.164906497811683    0.0037922490701446
258.999999999837    43.5675794290426    0.164839553518772    0.00378353710899274
259.499999999837    43.649971862155    0.164710066881568    0.00377342893603039
259.999999999836    43.7322850163505    0.164559504051499    0.00376288373657983
260.499999999836    43.8145636716664    0.164591937347997    0.00375655771860246
260.999999999835    43.8968988260602    0.164748412154504    0.00375307633478422
261.499999999835    43.9792971670034    0.164829783836711    0.00374789490634194
261.999999999834    44.0617305741367    0.164921862464302    0.00374297287726388
262.499999999834    44.1442329181425    0.165082743072126    0.00373962196552927
262.999999999833    44.2267872506682    0.165097588976605    0.00373297721222358
263.499999999833    44.3093014641823    0.164946549629871    0.00372261679104118
263.999999999832    44.3917386196822    0.164817336082085    0.0037127929927261
264.499999999832    44.4741267580318    0.164730024952632    0.00370395186956386
264.999999999832    44.5564614408408    0.164610452077943    0.00369442381093261
265.499999999831    44.6387534622534    0.164586824452613    0.00368708379349768
265.999999999831    44.7210787657274    0.164734573232935    0.00368360016751613
266.49999999983    44.8034884826419    0.164889073810802    0.00368027310807918
266.99999999983    44.8859537985363    0.164968995417326    0.00367529218957369
267.499999999829    44.9684626556592    0.165069689036482    0.00367078790975098
267.999999999829    45.051013465233    0.165109942794139    0.00366495512740369
268.499999999828    45.1335439058484    0.164986597459527    0.00365552055481618
268.999999999828    45.215989178319    0.164801111435481    0.00364475298296699
269.499999999827    45.2983602903307    0.164696383200973    0.00363581335274356
269.999999999827    45.3806920601975    0.164635280522651    0.003627870643847
270.499999999827    45.4630036728223    0.164625559409312    0.00362108849195383
270.999999999826    45.5453386968255    0.164737510561896    0.00361700045000167
271.499999999826    45.627754713583    0.16492556799074    0.00361458873060968
271.999999999825    45.7102513601159    0.16504405118711    0.00361065726562854
272.499999999825    45.792786987153    0.165091590281548    0.00360518765385178
272.999999999824    45.8753362211367    0.165095758558326    0.00359879124945266
273.499999999824    45.9578670523283    0.165006567125884    0.00359038784236886
273.999999999823    46.0403246440319    0.164817064880567    0.00357984150100756
274.499999999823    46.1226940423098    0.16468106022076    0.00357049959114906
274.999999999822    46.2050258858784    0.16466265648213    0.00356373908087034
275.499999999822    46.2873670251223    0.16470679638179    0.00355835310944335
275.999999999822    46.369738631114    0.164790522804937    0.0035538376464853
276.499999999821    46.4521710820957    0.16494940323834    0.00355095142801448
276.999999999821    46.5346857932152    0.165093452249623    0.00354775044540419
277.49999999982    46.6172422402471    0.16511109970397    0.00354184614467437
277.99999999982    46.6997832352724    0.165047320826104    0.00353422027666809
278.499999999819    46.7822865895563    0.164960320565364    0.00352612778448905
278.999999999819    46.8647333699786    0.164817145043168    0.00351686936404826
279.499999999818    46.9471049703607    0.164684307377741    0.00350786928143304
279.999999999818    47.0294422620249    0.164692193269072    0.00350189552220264
280.499999999817    47.1118149097319    0.164801514530194    0.00349809309715535
280.999999999817    47.194237779313    0.164884326532722    0.00349373852171836
281.499999999817    47.2767015751332    0.164979318154579    0.00348965373340164
281.999999999816    47.3592227390224    0.165100967433892    0.00348614183014988
282.499999999816    47.4417840225544    0.165116099804243    0.00348039398614827
282.999999999815    47.5243147678461    0.164994824605022    0.00347179807664799
283.499999999815    47.6067810599205    0.164879841583883    0.00346336882925054
283.999999999814    47.6891997797138    0.164794945752726    0.00345560308233201
284.499999999814    47.7715761385753    0.16471547686605    0.00344798079067446
284.999999999813    47.8539302144883    0.164725943057525    0.00344226570982152
285.499999999813    47.9363268160924    0.164873050808269    0.00343941769758045
285.999999999812    48.0187977725422    0.16499514624901    0.00343605325211529
286.499999999812    48.1013097415791    0.16504709031017    0.00343123900777077
286.999999999812    48.1838439753015    0.165089693885382    0.00342624581737408
287.499999999811    48.2663918164393    0.165082771084814    0.0034202426341011
287.999999999811    48.3489014394949    0.164934997364915    0.00341134942996211
288.49999999981    48.4313275594477    0.164788813395086    0.00340252521867821
288.99999999981    48.5137106453065    0.16475897092431    0.00339613211879207
289.499999999809    48.5960948016653    0.16477976822413    0.00339080267450797
289.999999999809    48.6784923068176    0.164817982662113    0.00338584814055611
290.499999999808    48.7609289234044    0.164945588940379    0.00338274090716119
290.999999999808    48.8434408075723    0.165088231503419    0.00337994680091876
291.499999999807    48.9259960395769    0.165111699768343    0.00337472331957804
291.999999999807    49.0085384184683    0.165052144423493    0.00336782425572796
292.499999999807    49.0910475469337    0.164982858193963    0.00336075244750543
292.999999999806    49.1735121220198    0.164862868326105    0.00335267629281821
293.499999999806    49.2559111333909    0.164750195338631    0.00334478018064609
293.999999999805    49.338286065309    0.164772746526027    0.00333965282677062
294.499999999805    49.4206984035535    0.164879979588687    0.0033362535317152
294.999999999804    49.5031604804645    0.164959428050818    0.00333230093694555
295.499999999804    49.5856564989062    0.165032564179656    0.0033282319088242
295.999999999803    49.6681978680284    0.165124828031718    0.00332455847241458
296.499999999803    49.7507604113105    0.16509917662257    0.00331852569202211
296.999999999802    49.8332764229936    0.16495510854675    0.00331013973768416
297.499999999802    49.9157206482902    0.164837850443068    0.00330232336230359
297.999999999802    49.9981283671106    0.164799253795247    0.00329610845800488
298.499999999801    50.0805231050584    0.164786455167355    0.00329042999055077
298.999999999801    50.1629284832699    0.164852654448258    0.003286344307096
299.4999999998    50.2453893744345    0.164995840793547    0.00328380062027142
