1:binCentralValue 2:valuesAverage 3:valuesAverage 4:multiplicity
0.5 8.592782361825049e-15 2.030398511832729e-10 18
1 5.007984638385809e-14 1.497456928811354e-09 62
1.5 1.021077203664041e-13 4.072287924107475e-09 98
2 3.446796371732601e-13 1.049456881986291e-08 210
2.5 5.971786233748196e-13 2.46128004019669e-08 350
3 1.06596619137546e-12 3.726435421794738e-08 450
3.5 1.613108803728383e-12 6.14565521419429e-08 602
4 2.438440881581336e-12 9.060004114372953e-08 762
4.5 4.080876868529475e-12 1.376667513313893e-07 1142
5 4.733716678817002e-12 1.93200960922541e-07 1250
5.5 6.120403640405995e-12 2.22096344164559e-07 1458
6 8.098265310557251e-12 3.25129700495809e-07 1814
6.5 9.986491714678648e-12 4.27564143441063e-07 2178
7 1.284621570247067e-11 5.060023824199452e-07 2498
7.5 1.494096883143413e-11 5.895792310454364e-07 2622
8 2.072107747409429e-11 7.633494234556987e-07 3338
8.5 2.37797851836374e-11 9.479162690471605e-07 3722
9 2.874033973688384e-11 1.083922082625606e-06 4170
9.5 3.187982906820532e-11 1.242830495556807e-06 4358
10 3.779263763472974e-11 1.519946200423568e-06 5034
10.5 4.57755158136623e-11 1.786301864088343e-06 5714
11 5.028398755509209e-11 1.936487432690469e-06 5982
11.5 5.590954231729852e-11 2.18116344783585e-06 6602
12 6.428662573504452e-11 2.564114412837106e-06 7130
12.5 7.566735048177746e-11 3.048770130236372e-06 8034
13 8.682432022035814e-11 3.383101157595395e-06 8606
13.5 9.261838073326458e-11 3.740875944379546e-06 9066
14 1.052165807032602e-10 4.200685626390149e-06 9962
14.5 1.14835950259206e-10 4.56564868415103e-06 10550
15 1.246167802997842e-10 4.951528318324408e-06 11226
15.5 1.436011614501214e-10 5.61527754182699e-06 12146
16 1.486289586373908e-10 5.813968246352688e-06 12303
16.5 1.558654200130506e-10 5.935042125011856e-06 12584
17 1.54099155011582e-10 5.985230185286725e-06 12120
17.5 1.489481119780063e-10 5.81867782407969e-06 11180
18 1.54429532417061e-10 5.85129210932448e-06 11096
18.5 1.425938844337722e-10 5.516458407944294e-06 10056
19 1.386188939679281e-10 5.437924083532825e-06 9716
19.5 1.264894601828961e-10 4.982458401450777e-06 8604
20 6.27427655378655e-11 2.336938719890296e-06 8060
20.5 9.663095599954871e-42 3.772526726271047e-37 7320
21 8.441817872752561e-42 3.425425040435594e-37 6356
21.5 6.86693897554469e-42 2.698291288668283e-37 5348
22 5.542775370914866e-42 2.154556712626751e-37 4308
22.5 4.564891757388014e-42 1.659506180607793e-37 3563
23 2.93288404506726e-42 1.117264784083945e-37 2448
23.5 2.124342800059763e-42 7.773331624159683e-38 1868
24 1.526112607023513e-42 5.70578757578248e-38 1358
24.5 1.194390832274863e-42 4.523644006118261e-38 1062
25 7.905043126254146e-43 2.945495085676995e-38 776
25.5 3.829945847916567e-43 1.315426815986187e-38 432
26 2.108565259477206e-43 7.185185343899303e-39 200
26.5 1.330990627606716e-43 4.966216060054497e-39 168
27 4.892991552147442e-44 1.471689922665587e-39 56
27.5 5.376606307006021e-46 1.423558229004901e-40 7

0.5 1.767709054479725e-15 4.836990392956877e-10 18
1 9.625231920795236e-15 4.053739082892492e-09 62
1.5 9.256186349279106e-15 7.94382803108063e-09 98
2 6.532380555547125e-15 1.659313472445686e-08 210
2.5 2.802438075864301e-14 2.656531316131513e-08 350
3 1.400395791355095e-13 2.640029919848963e-08 450
3.5 4.170825056891622e-13 2.381067791195508e-08 602
4 7.930970544240483e-13 1.474732265588058e-08 762
4.5 1.152773122942176e-12 1.190233370941589e-08 1142
5 8.905343326149602e-13 1.993972584004444e-08 1250
5.5 7.418201029306707e-13 3.706722128816111e-08 1458
6 1.394543248544534e-12 6.410965251436099e-08 1814
6.5 3.288493342984142e-12 7.788390665216559e-08 2178
7 7.506984687819542e-12 7.120394822236765e-08 2498
7.5 1.165782237768011e-11 4.388559866912865e-08 2622
8 1.536185011309024e-11 2.666323374880692e-08 3338
8.5 1.440268839095014e-11 3.709479791832861e-08 3722
9 9.863621753640781e-12 7.619089171124789e-08 4170
9.5 8.240501251660268e-12 9.94764418862228e-08 4358
10 1.159501858824869e-11 1.026052310099814e-07 5034
10.5 1.682453030944771e-11 1.000075805589219e-07 5714
11 1.725719019969132e-11 1.246285721287003e-07 5982
11.5 1.656446604285997e-11 1.659959082446669e-07 6602
12 1.681763983832254e-11 2.033434693307227e-07 7130
12.5 1.957369163442675e-11 2.411127573395424e-07 8034
13 2.098006000614786e-11 2.766124146369938e-07 8606
13.5 2.237709568633747e-11 3.053641665041473e-07 9066
14 2.587626311053914e-11 3.340459903098767e-07 9962
14.5 2.806243387142626e-11 3.650406909147843e-07 10550
15 3.11812313238341e-11 3.842849755736092e-07 11226
15.5 3.495078991298361e-11 4.508613405192662e-07 12146
16 3.699198788239048e-11 4.558427698903517e-07 12303
16.5 3.87975231102537e-11 4.638483245818939e-07 12584
17 3.951100950487014e-11 4.562589720268086e-07 12120
17.5 3.893072187302007e-11 4.344620073553383e-07 11180
18 4.067153001865329e-11 4.310433418886326e-07 11096
18.5 3.841355055960493e-11 3.965858188886655e-07 10056
19 3.623504233111086e-11 4.027770480393731e-07 9716
19.5 3.214809262647421e-11 3.786032524751366e-07 8604
20 1.516083626210013e-11 1.851600395348982e-07 8060
20.5 9.705289571363584e-17 1.138741114422075e-12 7320
21 7.527143639922617e-17 8.55374915536945e-13 6356
21.5 5.658005382396549e-17 6.253591421232319e-13 5348
22 3.827177217778357e-17 4.331063394416938e-13 4308
22.5 3.067485220544327e-17 3.407090273456265e-13 3563
23 1.932182143815439e-17 2.23005544162525e-13 2448
23.5 1.421476656388671e-17 1.730242367939633e-13 1868
24 9.817847044876889e-18 1.161899978485291e-13 1358
24.5 7.427057486322464e-18 8.493080631989926e-14 1062
25 5.481293746255457e-18 6.26463933521811e-14 776
25.5 2.920599027452803e-18 3.438164171626522e-14 432
26 1.353720204573328e-18 1.220595591872286e-14 200
26.5 1.210277177986142e-18 1.127320800545808e-14 168
27 3.950185345700583e-19 4.43975853967395e-15 56
27.5 6.291584475950155e-20 6.141950853061911e-16 7

0.5 1.121266471198665e-14 8.845138827429967e-10 18
1 1.636874447256526e-13 8.574037163414607e-09 62
1.5 5.667734925800645e-13 1.948355757168347e-08 98
2 2.203815014291891e-12 4.651773056778999e-08 210
2.5 6.136934420647222e-12 7.844323468611768e-08 350
3 8.97197736154327e-12 6.856279206230924e-08 450
3.5 9.257133105379107e-12 4.299814900102291e-08 602
4 4.813676667972461e-12 1.18303039787581e-08 762
4.5 3.824301414709698e-12 5.38970743465126e-09 1142
5 5.931981096361061e-12 3.230539106336271e-09 1250
5.5 3.804947210961353e-12 1.44248561955628e-09 1458
6 2.248134736670143e-12 4.739274594203755e-09 1814
6.5 6.305920755418837e-12 2.962180309855918e-09 2178
7 4.325967749852947e-12 1.279332370356345e-08 2498
7.5 4.462476691064313e-12 2.577501361585588e-08 2622
8 2.014798194203999e-11 1.312556638757772e-08 3338
8.5 2.020344686921737e-11 8.922174176172501e-09 3722
9 1.032741889695873e-11 1.469726368725189e-08 4170
9.5 7.937966049636628e-12 2.232476157574939e-08 4358
10 7.470920369435488e-12 2.915249687898529e-08 5034
10.5 8.356517671229114e-12 3.476472849109863e-08 5714
11 7.865865755024948e-12 4.118808932769034e-08 5982
11.5 1.121081205235483e-11 3.713495887617099e-08 6602
12 1.228679043163881e-11 4.461011809785859e-08 7130
12.5 1.319610818154057e-11 5.694474658240972e-08 8034
13 1.399564240803867e-11 6.470570364338248e-08 8606
13.5 1.561828977430568e-11 6.808955803596853e-08 9066
14 1.742137950268902e-11 7.672358854330088e-08 9962
14.5 1.957036048231321e-11 8.078363678030729e-08 10550
15 2.178947069769349e-11 8.435128399923433e-08 11226
15.5 2.471946738531329e-11 9.791856080810868e-08 12146
16 2.564459561676737e-11 9.993433401101821e-08 12303
16.5 2.59018643562365e-11 1.053956783118248e-07 12584
17 2.622176238183677e-11 1.032224795635324e-07 12120
17.5 2.577465731684925e-11 9.836069409676942e-08 11180
18 2.674158362924331e-11 9.838855352050432e-08 11096
18.5 2.487511832457348e-11 9.19276174684789e-08 10056
19 2.501260069332714e-11 8.733711230755006e-08 9716
19.5 2.245973161913214e-11 8.131536433754502e-08 8604
20 1.093949141550751e-11 3.858206215806954e-08 8060
20.5 1.166406373639973e-16 4.312212049526707e-13 7320
21 8.606366256293919e-17 3.14994090161181e-13 6356
21.5 6.123756929915649e-17 2.265553585521583e-13 5348
22 4.421097971291867e-17 1.566317234666692e-13 4308
22.5 3.299491243884816e-17 1.231422432520597e-13 3563
23 2.023535312804743e-17 7.67989785559584e-14 2448
23.5 1.444436785102329e-17 5.667909090064887e-14 1868
24 1.029588110609737e-17 3.728432912860674e-14 1358
24.5 7.63007403714591e-18 2.815562270861296e-14 1062
25 5.582692854338891e-18 2.011150822838677e-14 776
25.5 2.859404031347776e-18 1.130860321241283e-14 432
26 1.358431592933239e-18 4.798078666726346e-15 200
26.5 1.073532221667378e-18 3.865546002916916e-15 168
27 4.8086704532871e-19 2.000044079657913e-15 56
27.5 4.614362719966166e-20 1.219610799944612e-16 7

0.5 1.562697579116946e-12 5.935195651060932e-12 18
1 1.906167920433387e-11 2.04189299829111e-11 62
1.5 5.260863701471436e-11 8.658446341769825e-12 98
2 1.417666315158985e-10 7.040723856519534e-10 210
2.5 2.234439659310886e-10 6.013791764379692e-09 350
3 1.280013729881302e-10 1.442898361804773e-08 450
3.5 2.935892002879013e-11 1.578758561795506e-08 602
4 1.418786164661969e-12 5.742371093897614e-09 762
4.5 1.31270237030768e-11 1.550011444044112e-09 1142
5 2.844198816245753e-11 1.81107288827785e-10 1250
5.5 9.884527564407533e-12 4.760376417212479e-10 1458
6 1.066372701294292e-11 9.932222006305386e-10 1814
6.5 6.763278721522519e-12 1.372791307680366e-09 2178
7 2.000769895284924e-11 5.250795060847313e-09 2498
7.5 8.381585045848104e-12 5.059611775009948e-09 2622
8 1.959360922714985e-11 1.454030009177653e-08 3338
8.5 8.510484589054989e-12 1.991864788063911e-08 3722
9 9.873418921279691e-12 6.209233522894078e-09 4170
9.5 1.327607059572426e-11 4.679091765232885e-09 4358
10 1.153491591428361e-11 6.637336190512277e-09 5034
10.5 1.087083780304867e-11 8.441371555056588e-09 5714
11 1.029207702462307e-11 1.045841195347012e-08 5982
11.5 1.080566847385832e-11 1.153649909631595e-08 6602
12 1.173659684769271e-11 1.320813539433446e-08 7130
12.5 1.557761445104584e-11 1.387280513919501e-08 8034
13 1.845382500508608e-11 1.458457779366965e-08 8606
13.5 1.920976692842757e-11 1.623048376043874e-08 9066
14 2.040077591815917e-11 1.88405243577561e-08 9962
14.5 2.257776505640874e-11 1.982334497621213e-08 10550
15 2.444915782872585e-11 2.106140877163684e-08 11226
15.5 2.879059827175557e-11 2.348736627387092e-08 12146
16 3.021233126094254e-11 2.38550968867347e-08 12303
16.5 3.132429860603293e-11 2.443263844563508e-08 12584
17 3.066105635812274e-11 2.455710911058325e-08 12120
17.5 2.980119555873713e-11 2.36669464804932e-08 11180
18 3.154865344133091e-11 2.321300369384809e-08 11096
18.5 2.902475766324533e-11 2.190198004892831e-08 10056
19 2.836123985929868e-11 2.143928643084511e-08 9716
19.5 2.538725306618641e-11 2.002904284992156e-08 8604
20 1.210414361262182e-11 9.68935936030986e-09 8060
20.5 2.319907899941805e-16 1.85787262326582e-13 7320
21 1.633343758437071e-16 1.341960177975934e-13 6356
21.5 1.132177563947711e-16 9.555143891402415e-14 5348
22 7.532892827327164e-17 6.455272166947975e-14 4308
22.5 5.790570515692594e-17 4.649854349377157e-14 3563
23 3.512429666565326e-17 2.952150300590084e-14 2448
23.5 2.685384599754994e-17 2.111418701909231e-14 1868
24 1.75602969818129e-17 1.44864603555129e-14 1358
24.5 1.338015599793445e-17 1.079861650858166e-14 1062
25 9.425735973629497e-18 7.632733551853703e-15 776
25.5 5.04810348391378e-18 4.016704006183057e-15 432
26 2.041079714745168e-18 2.119460058642603e-15 200
26.5 1.790394652955452e-18 1.697994663186754e-15 168
27 5.753677627166055e-19 8.896257741011723e-16 56
27.5 1.630085052052976e-20 3.291071237831347e-17 7

0.5 4.820725865987282e-13 6.008918790489154e-12 18
1 4.555522797969904e-12 1.836333424612055e-11 62
1.5 7.195859510059556e-12 8.415551980109601e-10 98
2 3.140071910996744e-12 1.081180690496613e-08 210
2.5 2.924542573977662e-11 4.633496465645014e-08 350
3 1.519724514454049e-10 5.618635789405581e-08 450
3.5 1.61081997927284e-10 2.450532547077506e-08 602
4 2.305661680795215e-11 9.4504962786705e-10 762
4.5 1.9243848626966e-11 2.05896151852442e-09 1142
5 1.016275933026963e-10 2.90515515994495e-09 1250
5.5 4.173672706039176e-11 1.854635080102674e-10 1458
6 2.733804467384251e-11 4.261708214417751e-10 1814
6.5 6.526122752166597e-12 9.557978005710041e-10 2178
7 5.535196204700365e-12 3.199587295281631e-09 2498
7.5 8.674200020203158e-12 1.155837219331145e-09 2622
8 2.160880298528148e-11 2.971030457300344e-09 3338
8.5 1.32462437404892e-11 7.133166343396923e-09 3722
9 9.548986066477892e-12 3.082798109150376e-09 4170
9.5 1.352176110805133e-11 2.596854457054125e-09 4358
10 1.940253610481285e-11 2.070083702426753e-09 5034
10.5 2.226888457840227e-11 1.851935631426969e-09 5714
11 1.889493898609695e-11 2.326136204512039e-09 5982
11.5 1.868132226343098e-11 2.656091334582313e-09 6602
12 1.964500754228303e-11 3.102463571351677e-09 7130
12.5 2.075449874287086e-11 4.066399352897824e-09 8034
13 2.172963689092342e-11 4.760404278674404e-09 8606
13.5 2.291963346047732e-11 5.198825232683744e-09 9066
14 2.706264022200263e-11 5.615837738158886e-09 9962
14.5 3.008585798287983e-11 5.839003624738449e-09 10550
15 3.145857485722665e-11 6.378331984918807e-09 11226
15.5 3.570291207373854e-11 7.371367310972304e-09 12146
16 3.574448996338267e-11 7.780602064726741e-09 12303
16.5 3.652282258546553e-11 8.056043642357694e-09 12584
17 3.608835258464034e-11 8.074551562088005e-09 12120
17.5 3.373875226928084e-11 8.053912306104144e-09 11180
18 3.399082554666518e-11 8.21835219484787e-09 11096
18.5 3.081075396919553e-11 7.854161379551829e-09 10056
19 2.933316989548701e-11 7.905131264195139e-09 9716
19.5 2.681919487407373e-11 7.22517642482794e-09 8604
20 1.268864641864832e-11 3.507072519429994e-09 8060
20.5 5.575600130141382e-16 1.549920226063111e-13 7320
21 3.214479174826338e-16 9.470918873005526e-14 6356
21.5 1.969804411015913e-16 5.655006858196821e-14 5348
22 1.121315311192003e-16 3.181148951792553e-14 4308
22.5 6.915857488008749e-17 2.093491144309373e-14 3563
23 3.751349006709034e-17 1.237717476404068e-14 2448
23.5 2.570385859446454e-17 8.58122681629481e-15 1868
24 1.580478730137609e-17 5.654174989857867e-15 1358
24.5 1.258009871363117e-17 4.366635568472504e-15 1062
25 8.896590075184516e-18 3.17959137374517e-15 776
25.5 4.355362801264117e-18 1.619374883306168e-15 432
26 2.351088538737925e-18 5.968497557834544e-16 200
26.5 1.836731531605824e-18 6.747846581444449e-16 168
27 8.880605537782292e-19 1.908324724269133e-16 56
27.5 3.309713268229184e-20 1.383103010612939e-17 7

0.5 5.204911972340579e-13 2.264243135554652e-10 18
1 6.317222158975167e-13 2.666054796576733e-10 62
1.5 2.186128703827008e-11 1.293386650778033e-08 98
2 2.298493399336278e-10 2.371380795139537e-07 210
2.5 5.862664304611877e-10 1.106242238641212e-06 350
3 2.703700495083607e-10 1.19531196622416e-06 450
3.5 2.279697486568171e-11 3.682306173452018e-07 602
4 1.989756276607727e-12 5.551005214193069e-09 762
4.5 5.100587660389902e-12 1.896933905562064e-09 1142
5 5.960997902035537e-12 2.457410465724304e-08 1250
5.5 7.065414928718029e-13 1.145513598828533e-08 1458
6 1.97057482452992e-12 1.808843495880547e-09 1814
6.5 8.621911380270091e-13 6.977778696656094e-09 2178
7 9.365420559772514e-12 1.789704921679495e-08 2498
7.5 5.540822880841697e-12 2.599770264988107e-09 2622
8 1.667997584407866e-11 2.389349103291967e-09 3338
8.5 1.93341062419368e-11 7.328084415960205e-09 3722
9 3.647702460563068e-12 5.151167737525918e-09 4170
9.5 4.399096115782205e-12 2.926030988298627e-09 4358
10 3.80903251001546e-12 4.246171977135359e-09 5034
10.5 4.182003263985766e-12 4.361788394335285e-09 5714
11 3.163400064268031e-12 7.046920114510685e-09 5982
11.5 3.181809456428054e-12 7.462942755024106e-09 6602
12 4.172725676549389e-12 7.655881333715868e-09 7130
12.5 5.406394387164785e-12 8.21291848127473e-09 8034
13 5.577703206507968e-12 9.278961563139041e-09 8606
13.5 6.208223295690922e-12 9.367046227953628e-09 9066
14 6.878374851822982e-12 1.039557150959121e-08 9962
14.5 7.659741387481064e-12 1.0840607747133e-08 10550
15 8.327090029519434e-12 1.112411347989181e-08 11226
15.5 9.305791187272277e-12 1.309912601360167e-08 12146
16 9.469661677287655e-12 1.363328150886805e-08 12303
16.5 9.638254627224033e-12 1.400309504472997e-08 12584
17 9.481694378917879e-12 1.394974604915549e-08 12120
17.5 9.184783109704179e-12 1.349478351372249e-08 11180
18 9.384912410432149e-12 1.365748582582986e-08 11096
18.5 8.391019983240168e-12 1.324825319404804e-08 10056
19 8.473141535106696e-12 1.249238665968414e-08 9716
19.5 7.689175032795445e-12 1.150497281730567e-08 8604
20 3.698714481738952e-12 5.531930687535894e-09 8060
20.5 4.60319788138405e-15 7.453238357597605e-12 7320
21 2.031064656114092e-15 3.258586186141866e-12 6356
21.5 9.911901816521745e-16 1.519883434105598e-12 5348
22 4.073685184373549e-16 6.417346976876477e-13 4308
22.5 1.934035900883356e-16 2.794993097491494e-13 3563
23 5.936589584393421e-17 9.350136102396513e-14 2448
23.5 2.653774942599114e-17 4.137531525824295e-14 1868
24 1.094812636886759e-17 1.881550806145463e-14 1358
24.5 6.70043474322818e-18 1.00813936808808e-14 1062
25 4.068143282680957e-18 6.159106913885468e-15 776
25.5 2.191647545539142e-18 2.985561763476324e-15 432
26 7.912651477128443e-19 1.329787604167835e-15 200
26.5 8.759827090635093e-19 1.110972394489538e-15 168
27 3.133685739940655e-19 5.357054935792847e-16 56
27.5 3.790396708976703e-20 1.446214844609004e-17 7

0.5 1.631205545620767e-12 3.658685478722864e-10 18
1 3.779229683600236e-12 6.453706115803325e-10 62
1.5 1.666644263488571e-11 2.215710735080358e-08 98
2 1.651590583366606e-11 1.764112748558884e-07 210
2.5 2.138501553938648e-10 1.462169072445116e-07 350
3 4.086331242940235e-10 1.315782094730265e-07 450
3.5 7.124751078296809e-11 1.690581229732522e-07 602
4 2.007320939137937e-12 6.998221389237475e-09 762
4.5 6.50842036224647e-12 7.808620391732932e-09 1142
5 4.293963629304158e-12 8.97417932427417e-09 1250
5.5 6.153059625129634e-12 2.099552509332848e-08 1458
6 8.313278022448613e-13 1.595700726081795e-08 1814
6.5 3.544415251127257e-13 3.824603380732296e-08 2178
7 4.637896200072231e-12 9.801270252263592e-08 2498
7.5 2.106624311342084e-12 5.815158399716126e-09 2622
8 2.045449276818983e-12 1.831071282371759e-08 3338
8.5 5.046873181611189e-12 2.013653200809118e-08 3722
9 2.078794474825682e-12 5.053718880671694e-09 4170
9.5 1.469831699891179e-12 4.97746629244831e-09 4358
10 2.103943939782629e-12 4.679030652040496e-09 5034
10.5 2.435593222985868e-12 4.196795800780505e-09 5714
11 2.468331494133506e-12 7.506765041618269e-09 5982
11.5 2.203259060136589e-12 7.432243390242026e-09 6602
12 2.188168360837099e-12 8.313570673725249e-09 7130
12.5 2.376543569548032e-12 1.028419979767455e-08 8034
13 2.658340412480004e-12 1.096009564626638e-08 8606
13.5 2.501548564453946e-12 1.235148861492808e-08 9066
14 2.767501527073775e-12 1.359830593042081e-08 9962
14.5 3.011589042272244e-12 1.437900282621167e-08 10550
15 3.459657523839745e-12 1.409181975396179e-08 11226
15.5 3.912586434017281e-12 1.629527066080598e-08 12146
16 4.164837739683775e-12 1.622814506955173e-08 12303
16.5 4.242619187644033e-12 1.665410235798197e-08 12584
17 4.158721613572768e-12 1.668661275598918e-08 12120
17.5 4.116520042082295e-12 1.577367319863356e-08 11180
18 4.158995801028482e-12 1.610118908531331e-08 11096
18.5 3.801707380205301e-12 1.523395019810188e-08 10056
19 3.676605234064486e-12 1.496735487508591e-08 9716
19.5 3.426197589036328e-12 1.341734202408988e-08 8604
20 1.670999074879847e-12 6.362760884704169e-09 8060
20.5 6.046045029829007e-15 2.508524759625188e-11 7320
21 2.530379568639563e-15 1.010760325078745e-11 6356
21.5 1.145551700297822e-15 4.755371487683776e-12 5348
22 3.743255272886381e-16 1.510576094913008e-12 4308
22.5 1.471726427340642e-16 5.891244787677135e-13 3563
23 3.542570303991156e-17 1.553537673837717e-13 2448
23.5 1.413016715600798e-17 6.174724165764885e-14 1868
24 6.268590037610284e-18 2.406085389723794e-14 1358
24.5 3.546453888659693e-18 1.639645963373025e-14 1062
25 2.325000873132778e-18 9.981217586429725e-15 776
25.5 1.028766690835962e-18 4.90139990304449e-15 432
26 5.245828369329524e-19 2.02525119735376e-15 200
26.5 4.193377515149162e-19 1.948114320296607e-15 168
27 1.475884471051785e-19 6.134802564080823e-16 56
27.5 1.659604752774346e-20 2.433114432887308e-17 7

0.5 1.238565759239248e-12 1.012452394847048e-07 18
1 4.812063132182552e-12 2.032428586251766e-07 62
1.5 1.321838567696668e-11 5.24076521065331e-07 98
2 1.973691207410421e-11 3.401709178436771e-07 210
2.5 1.660930341089526e-10 1.775722416699141e-06 350
3 1.894752590929875e-10 6.061164518344743e-07 450
3.5 2.152125601172423e-11 5.647739958729508e-07 602
4 9.553677557050763e-12 1.441809449184152e-07 762
4.5 1.018653406496468e-11 1.550774249593034e-07 1142
5 9.813129000705758e-12 7.954990046205614e-08 1250
5.5 1.018248993555228e-11 3.762802795638821e-08 1458
6 2.590860796150161e-12 1.515875499689314e-08 1814
6.5 1.568208692743317e-11 1.198399669113641e-08 2178
7 5.298539506578153e-11 2.072850729178935e-08 2498
7.5 2.977438574527116e-12 1.132380175114516e-08 2622
8 1.485962805073499e-12 2.1906830743833e-08 3338
8.5 2.990468881225619e-12 2.199861385869917e-08 3722
9 1.538715749376208e-12 5.237959348015048e-09 4170
9.5 9.24252572882569e-13 7.466727662193393e-09 4358
10 7.665255549062335e-13 9.412131097379765e-09 5034
10.5 6.750877905503015e-13 9.855124529073107e-09 5714
11 8.843089351350538e-13 1.425448572128679e-08 5982
11.5 1.035566242961819e-12 1.043335773672802e-08 6602
12 1.122940703855653e-12 1.040654885707487e-08 7130
12.5 1.277535602895919e-12 1.186676453543106e-08 8034
13 1.483416122994245e-12 1.265403820672519e-08 8606
13.5 1.575782480722179e-12 1.228950255714026e-08 9066
14 1.876930587864659e-12 1.200521831511582e-08 9962
14.5 1.953093685449071e-12 1.309553522442791e-08 10550
15 1.970057691225586e-12 1.437732857234438e-08 11226
15.5 2.322722914741508e-12 1.599187984312832e-08 12146
16 2.314463093524242e-12 1.69442499221068e-08 12303
16.5 2.377168134302198e-12 1.704062719593987e-08 12584
17 2.31265634815269e-12 1.722599036502257e-08 12120
17.5 2.20623862347473e-12 1.688832472827473e-08 11180
18 2.228142853559499e-12 1.723800773119394e-08 11096
18.5 2.063193088726671e-12 1.595728409209436e-08 10056
19 2.027256912669771e-12 1.528600973124377e-08 9716
19.5 1.779429852765997e-12 1.456587733047031e-08 8604
20 8.680176876152025e-13 7.034502311891807e-09 8060
20.5 2.129327833066194e-14 1.5701885532593e-10 7320
21 8.403024610696958e-15 6.216295126216119e-11 6356
21.5 3.562035425227077e-15 2.671924015271896e-11 5348
22 1.348930269950511e-15 9.76834986745233e-12 4308
22.5 5.62347477105519e-16 3.97844861548751e-12 3563
23 1.5192858434452e-16 1.167550258860344e-12 2448
23.5 5.748741830791342e-17 4.143779167104063e-13 1868
24 2.166271725829613e-17 1.641587706620518e-13 1358
24.5 8.23496520338924e-18 5.721119479549482e-14 1062
25 3.660406088671068e-18 2.484240221366578e-14 776
25.5 1.344819066624829e-18 8.683323203231651e-15 432
26 5.083675677668055e-19 3.684607113044287e-15 200
26.5 3.688392751842422e-19 2.920397584599353e-15 168
27 1.240237024259904e-19 1.14661122297164e-15 56
27.5 9.667410531812304e-21 9.30814055751131e-17 7

0.5 3.308802066307327e-11 3.92704064809754e-07 18
1 7.050165060206324e-11 7.311923987217351e-07 62
1.5 1.504532508838932e-10 2.582937624743102e-06 98
2 1.834987122735901e-10 1.871974938002295e-06 210
2.5 3.025260432833065e-10 2.845366341209235e-06 350
3 1.121309436078274e-09 1.926238891111925e-06 450
3.5 3.789390714660593e-10 1.683723019592181e-06 602
4 1.077880647324499e-10 1.28299723653936e-06 762
4.5 1.101315629021494e-10 1.028331708258056e-06 1142
5 8.034297548467678e-11 6.544345714579169e-07 1250
5.5 8.442494098115064e-11 5.902494642176348e-07 1458
6 7.83570845456485e-11 5.821885789120232e-07 1814
6.5 7.56010198467283e-11 7.836407448015868e-07 2178
7 8.127072877810587e-11 1.245263393376597e-06 2498
7.5 4.056370336990507e-11 8.712901977329471e-07 2622
8 4.256390493345975e-11 9.486013099408455e-07 3338
8.5 4.929159944387611e-11 8.711160321502142e-07 3722
9 5.8114602819021e-11 7.934851991386647e-07 4170
9.5 5.863542968913012e-11 6.438793173372966e-07 4358
10 6.311859193949587e-11 6.993579970123755e-07 5034
10.5 5.940719549050897e-11 7.493463225226165e-07 5714
11 5.265281618298148e-11 8.293714448108188e-07 5982
11.5 4.745369398294619e-11 9.012598872337828e-07 6602
12 4.933011940591012e-11 9.255952615610043e-07 7130
12.5 5.232646544877396e-11 9.455031047202147e-07 8034
13 5.926612700981852e-11 8.793630244684974e-07 8606
13.5 5.913434697421725e-11 8.154303812545944e-07 9066
14 6.221893569099465e-11 7.715872092623834e-07 9962
14.5 5.904733722227791e-11 7.398841044206023e-07 10550
15 5.973348041346144e-11 7.127118104667622e-07 11226
15.5 6.197472130863376e-11 7.273492575596113e-07 12146
16 6.146095429160365e-11 6.933230450202599e-07 12303
16.5 6.393484661182449e-11 6.813962582389476e-07 12584
17 6.183010385787645e-11 6.34632673223241e-07 12120
17.5 6.001979699064467e-11 6.213708394333727e-07 11180
18 5.910570200159315e-11 6.483300915502978e-07 11096
18.5 5.396547344070684e-11 6.205593928821867e-07 10056
19 5.296078047767857e-11 6.42907824560018e-07 9716
19.5 4.519360882386908e-11 5.753675473213993e-07 8604
20 4.28386914809961e-11 5.676589657213973e-07 8060
20.5 3.608159134222388e-11 5.139361851421157e-07 7320
21 3.155158316414412e-11 4.42380253567262e-07 6356
21.5 2.543665728275996e-11 3.620261517949306e-07 5348
22 2.011701283274545e-11 2.806600886429175e-07 4308
22.5 1.623355762674952e-11 2.158659260048969e-07 3563
23 1.027703512875537e-11 1.268119627228053e-07 2448
23.5 8.390869204345972e-12 8.694468907189598e-08 1868
24 5.651241628308021e-12 5.765653017812885e-08 1358
24.5 4.785432125380301e-12 3.89059126786843e-08 1062
25 3.671225447914452e-12 2.593607148893247e-08 776
25.5 1.999189416835345e-12 1.185807538166434e-08 432
26 9.820749958608546e-13 5.988794867763474e-09 200
26.5 8.523069923207875e-13 4.177496010097128e-09 168
27 3.016057012596562e-13 1.437968559528493e-09 56
27.5 1.961102427645848e-14 2.342709354790776e-10 7

0.5 1.711845371355237e-11 1.225151315693067e-07 18
1 1.14052638362109e-10 6.052781395298802e-07 62
1.5 1.54199005608848e-10 1.607530349814171e-06 98
2 4.684760328421711e-10 4.234204575917208e-06 210
2.5 6.444046231253682e-10 8.632686100140473e-06 350
3 1.265818447411137e-09 1.615815953024887e-05 450
3.5 7.426799932993091e-10 1.570456003132799e-05 602
4 4.721577708206561e-10 1.28705671750899e-05 762
4.5 6.171194775874627e-10 1.297493232592327e-05 1142
5 4.723099192625791e-10 8.804163566101128e-06 1250
5.5 4.16692227235738e-10 7.971314424504144e-06 1458
6 4.230629150415483e-10 7.155723177471528e-06 1814
6.5 4.023074589318312e-10 5.971979008476208e-06 2178
7 3.600749882042917e-10 5.676220059200344e-06 2498
7.5 3.240663812266372e-10 4.569637456583727e-06 2622
8 3.358961702974589e-10 4.821213909092591e-06 3338
8.5 3.199115940561603e-10 4.683856758203971e-06 3722
9 3.095874293015679e-10 4.540248424259708e-06 4170
9.5 2.880047700413416e-10 4.19302277522768e-06 4358
10 2.780046503592993e-10 4.502471248914283e-06 5034
10.5 2.979416631367035e-10 4.119013688977698e-06 5714
11 2.801143704391659e-10 4.196033809100159e-06 5982
11.5 2.977575493567905e-10 4.446461505299949e-06 6602
12 3.013794233623669e-10 4.345639036320489e-06 7130
12.5 3.208703145259186e-10 4.544003398944914e-06 8034
13 3.163202300276459e-10 4.580107277913408e-06 8606
13.5 3.429811320700515e-10 4.5219985249703e-06 9066
14 3.570823321438011e-10 4.716053507130192e-06 9962
14.5 3.700218121648387e-10 4.964491696227532e-06 10550
15 3.804191557894681e-10 5.02172239878567e-06 11226
15.5 4.165267042848951e-10 5.249146035439727e-06 12146
16 4.200074170769112e-10 5.203514363178214e-06 12303
16.5 4.21184058199245e-10 4.987785183558075e-06 12584
17 3.808997602153944e-10 4.43853541983951e-06 12120
17.5 3.444748136232542e-10 3.942243218940977e-06 11180
18 3.284884069554563e-10 3.59352259155639e-06 11096
18.5 2.918610825935821e-10 3.228358920845368e-06 10056
19 2.760209196610348e-10 3.033638399832638e-06 9716
19.5 2.374132618683442e-10 2.779446748677311e-06 8604
20 2.218341436294215e-10 2.53359047722871e-06 8060
20.5 1.948317198927992e-10 2.37188616044619e-06 7320
21 1.688048302345263e-10 2.067894796983967e-06 6356
21.5 1.395963256997816e-10 1.717678321839455e-06 5348
22 1.181980831771745e-10 1.393792781771565e-06 4308
22.5 9.53128301338642e-11 1.195960897745835e-06 3563
23 6.519464180038107e-11 8.399278125768002e-07 2448
23.5 5.416405891151765e-11 6.037287389397014e-07 1868
24 3.810167459819113e-11 4.477522749058705e-07 1358
24.5 3.082124678216664e-11 3.854719773243265e-07 1062
25 2.193199881865684e-11 2.849127005820931e-07 776
25.5 1.44057205806334e-11 1.548914355503586e-07 432
26 6.310840253677784e-12 6.935485354810075e-08 200
26.5 4.614055093337077e-12 7.017656005762839e-08 168
27 1.878275604986749e-12 2.437774355914192e-08 56
27.5 4.58300001221128e-13 1.454880377694889e-09 7

0.5 7.130038212236925e-12 5.095395999432567e-08 18
1 3.5769864300252e-11 4.326062318513792e-07 62
1.5 6.395600316961689e-11 8.367058700283139e-07 98
2 1.519326415452916e-10 2.958537073673256e-06 210
2.5 2.714395289938899e-10 3.445472562689769e-06 350
3 3.355810279170152e-10 5.209183669025171e-06 450
3.5 4.116087302709521e-10 7.939823245077612e-06 602
4 5.688968817632608e-10 8.195706950362859e-06 762
4.5 8.165166431415796e-10 1.134305195905445e-05 1142
5 7.580194432105621e-10 1.235903820278231e-05 1250
5.5 7.970836331007227e-10 1.273267390280127e-05 1458
6 9.997151008112479e-10 1.634358560796083e-05 1814
6.5 1.126711330289143e-09 1.710295074633492e-05 2178
7 1.150285774701562e-09 1.895712217371742e-05 2498
7.5 1.153015319897924e-09 1.939605105216678e-05 2622
8 1.395782520531111e-09 2.048810122645581e-05 3338
8.5 1.438056721659176e-09 2.197553036577646e-05 3722
9 1.523852574301386e-09 2.243413844476335e-05 4170
9.5 1.444994996310245e-09 2.301423614898665e-05 4358
10 1.5460814722953e-09 2.43241879145041e-05 5034
10.5 1.605555762433511e-09 2.507573901599556e-05 5714
11 1.644409657544439e-09 2.605916509286369e-05 5982
11.5 1.62385958937068e-09 2.643562621862234e-05 6602
12 1.635767354384814e-09 2.693309388806053e-05 7130
12.5 1.715694218826751e-09 2.688842291036786e-05 8034
13 1.743136392650322e-09 2.771223317944018e-05 8606
13.5 1.755177158370603e-09 2.762075959929236e-05 9066
14 1.827337474270905e-09 2.845923809005596e-05 9962
14.5 1.89715451054687e-09 2.915653236828675e-05 10550
15 1.902729628204224e-09 2.968501610614687e-05 11226
15.5 2.033760021700607e-09 3.103937316042524e-05 12146
16 1.902052220528016e-09 2.982188083462878e-05 12303
16.5 1.825459972949307e-09 2.781924338253953e-05 12584
17 1.585566917366551e-09 2.523120428154258e-05 12120
17.5 1.381300759849978e-09 2.123760743955567e-05 11180
18 1.238204784978279e-09 1.980773269284905e-05 11096
18.5 1.0536354079315e-09 1.648045989222304e-05 10056
19 9.714948374083273e-10 1.532275415721891e-05 9716
19.5 8.206372086378377e-10 1.301013258649802e-05 8604
20 7.647754915531048e-10 1.211046290777058e-05 8060
20.5 6.456184296989878e-10 1.026848712228009e-05 7320
21 5.362020630576551e-10 8.200211350842119e-06 6356
21.5 4.400062912138526e-10 6.906804018819502e-06 5348
22 3.265835477288937e-10 5.30573499093964e-06 4308
22.5 2.614694667718295e-10 3.928435801768044e-06 3563
23 1.713481330637135e-10 2.679814856535432e-06 2448
23.5 1.202319587240875e-10 1.867523691380584e-06 1868
24 8.882974911910545e-11 1.285534996533623e-06 1358
24.5 7.046063784680884e-11 9.742829453504563e-07 1062
25 4.912436920003633e-11 7.952097646623244e-07 776
25.5 2.531754414341037e-11 3.747164257348352e-07 432
26 1.138380157107376e-11 1.790021144558012e-07 200
26.5 1.190003824467585e-11 1.456733826776722e-07 168
27 3.893137955701071e-12 5.205614751052141e-08 56
27.5 1.05305588299509e-12 8.286095930570011e-09 7

0.5 1.649134155825807e-12 2.745904387278187e-08 18
1 7.685992629784743e-12 1.036141254335377e-07 62
1.5 2.087384231841684e-11 3.197628914681166e-07 98
2 6.139441790079925e-11 8.146578765115811e-07 210
2.5 1.07259653551753e-10 1.790076836598244e-06 350
3 1.482361568628899e-10 2.43348015873933e-06 450
3.5 2.345372679360205e-10 3.892313400649625e-06 602
4 2.907554564876166e-10 4.24885073598703e-06 762
4.5 4.823483099921709e-10 7.233766473470654e-06 1142
5 5.456371436492848e-10 7.732669561326845e-06 1250
5.5 6.381516425321224e-10 9.242348458223272e-06 1458
6 7.993736658490641e-10 1.213527296867175e-05 1814
6.5 9.002373551100905e-10 1.3217431831776e-05 2178
7 1.097606075347367e-09 1.622716984019673e-05 2498
7.5 1.166032177556457e-09 1.736666170950584e-05 2622
8 1.323026297025046e-09 2.043444130967404e-05 3338
8.5 1.488848505142846e-09 2.267512446126248e-05 3722
9 1.543038302488733e-09 2.484177553691938e-05 4170
9.5 1.626655434302186e-09 2.427613895354151e-05 4358
10 1.785121082750191e-09 2.838598933131162e-05 5034
10.5 2.017385800887537e-09 3.103632593629439e-05 5714
11 2.044629795812545e-09 3.149510687939993e-05 5982
11.5 2.148246298610681e-09 3.316776972383996e-05 6602
12 2.257957378486174e-09 3.544710656819129e-05 7130
12.5 2.501381082752733e-09 3.771018232309129e-05 8034
13 2.558532627323547e-09 3.952685013291415e-05 8606
13.5 2.601101102868621e-09 4.024802779637622e-05 9066
14 2.780101383898614e-09 4.312214719263772e-05 9962
14.5 2.891787527742744e-09 4.569523707293728e-05 10550
15 2.990310338706824e-09 4.704650390266023e-05 11226
15.5 3.205330422610795e-09 4.808500941807035e-05 12146
16 3.148431833438698e-09 4.77424065567249e-05 12303
16.5 3.003671250094378e-09 4.697653841512279e-05 12584
17 2.722588890475131e-09 4.124068747072397e-05 12120
17.5 2.342477719943587e-09 3.613476827777864e-05 11180
18 2.168912893644052e-09 3.405979183644503e-05 11096
18.5 1.790962719632972e-09 2.827464255001213e-05 10056
19 1.672743840575141e-09 2.653357398505978e-05 9716
19.5 1.396080897872973e-09 2.148958359534165e-05 8604
20 1.270450929016003e-09 1.968449844556904e-05 8060
20.5 1.12210250524897e-09 1.758938061072302e-05 7320
21 8.95338794977351e-10 1.410109121757707e-05 6356
21.5 7.379982919618717e-10 1.123971015067109e-05 5348
22 5.501095631003315e-10 8.705775021698166e-06 4308
22.5 4.364952056818345e-10 6.523650887919949e-06 3563
23 2.706441572534894e-10 4.158107543546833e-06 2448
23.5 1.972412787794426e-10 2.810976020797657e-06 1868
24 1.273737771703427e-10 2.012125756707582e-06 1358
24.5 9.375692809352229e-11 1.490027914339683e-06 1062
25 6.823256244685236e-11 1.005321852067988e-06 776
25.5 3.289360409718344e-11 6.017916403368691e-07 432
26 1.399388128901067e-11 2.69843232736415e-07 200
26.5 1.027283011318808e-11 2.883390779489315e-07 168
27 3.764330425672631e-12 8.712517121808768e-08 56
27.5 1.188764840956254e-13 5.561899445732779e-09 7

0.5 6.760174957460926e-13 1.095540178549822e-08 18
1 3.409747743085812e-12 5.817548880556942e-08 62
1.5 8.749731978034444e-12 1.399046655012184e-07 98
2 2.560265027615471e-11 3.646874908810524e-07 210
2.5 5.191420511215088e-11 7.875590763644699e-07 350
3 8.373381410396941e-11 1.198027877814731e-06 450
3.5 1.144864849430176e-10 1.938091484391614e-06 602
4 1.630753355135349e-10 2.446313916663092e-06 762
4.5 2.861215261853346e-10 3.894308805432893e-06 1142
5 3.081681649774438e-10 4.794518869679322e-06 1250
5.5 4.155184355249518e-10 5.692721163007362e-06 1458
6 5.490044360568466e-10 7.161810456606572e-06 1814
6.5 6.545110910540864e-10 9.150320030573828e-06 2178
7 7.871347886699657e-10 1.131137068886542e-05 2498
7.5 8.610839461953377e-10 1.221121683116009e-05 2622
8 1.089842225356462e-09 1.56129711241686e-05 3338
8.5 1.223064276513602e-09 1.719969982458628e-05 3722
9 1.343668300234578e-09 1.867818018121293e-05 4170
9.5 1.462343613918799e-09 2.055307267345087e-05 4358
10 1.731591543553696e-09 2.440749380217073e-05 5034
10.5 1.897372164250148e-09 2.592537171312833e-05 5714
11 2.021433428614553e-09 2.82067791794799e-05 5982
11.5 2.203416302792387e-09 3.080455094593404e-05 6602
12 2.32978802096253e-09 3.340470671533807e-05 7130
12.5 2.687141014338884e-09 3.724605463163214e-05 8034
13 2.84837545190904e-09 4.038279726593337e-05 8606
13.5 2.890077681510828e-09 4.197339868096785e-05 9066
14 3.214470518229643e-09 4.558790826948092e-05 9962
14.5 3.343215371363205e-09 4.782908981805418e-05 10550
15 3.635000131808292e-09 5.109001980743628e-05 11226
15.5 3.854004931065752e-09 5.520964347806827e-05 12146
16 3.795504171565603e-09 5.672728210598001e-05 12303
16.5 3.813309102106583e-09 5.512736702807039e-05 12584
17 3.528724639829794e-09 5.18707180777142e-05 12120
17.5 3.197194760550468e-09 4.583830847499544e-05 11180
18 3.05573638815958e-09 4.397985465164579e-05 11096
18.5 2.654936126619362e-09 3.834687405760103e-05 10056
19 2.583501228512787e-09 3.644836395369968e-05 9716
19.5 2.248538161051466e-09 3.186574754157153e-05 8604
20 2.138024729328862e-09 2.89016618482498e-05 8060
20.5 1.795512265710206e-09 2.628774047705138e-05 7320
21 1.555890321263861e-09 2.212702946703597e-05 6356
21.5 1.258490156557973e-09 1.905585440385788e-05 5348
22 9.711684544995176e-10 1.415530200110402e-05 4308
22.5 7.846664121864815e-10 1.169430152433744e-05 3563
23 5.073642160531803e-10 7.734102838196513e-06 2448
23.5 4.01348533973914e-10 6.007983737873817e-06 1868
24 2.729681155006134e-10 4.113748157773794e-06 1358
24.5 2.227423203036862e-10 3.179415397095842e-06 1062
25 1.541595740814351e-10 2.213692371644288e-06 776
25.5 8.302468185092531e-11 1.180605777392283e-06 432
26 3.854955488833665e-11 5.152533845045953e-07 200
26.5 2.836407908981127e-11 3.960774298258007e-07 168
27 1.061948455168706e-11 1.295713109185959e-07 56
27.5 8.51061794774149e-13 9.242469250431288e-09 7

0.5 5.049605778466827e-13 3.544919244445894e-09 18
1 2.82703015197949e-12 3.004144791409587e-08 62
1.5 6.105915884979247e-12 7.084827343414707e-08 98
2 2.271649301131022e-11 2.404075718744202e-07 210
2.5 4.25284996666944e-11 4.629139758470851e-07 350
3 6.852618548165969e-11 7.933124202158537e-07 450
3.5 1.130027596083011e-10 9.272551628756138e-07 602
4 1.374292563532387e-10 1.554135555845504e-06 762
4.5 2.079598199001425e-10 2.771306462270637e-06 1142
5 2.774749273755502e-10 3.35510438148125e-06 1250
5.5 3.900495918698017e-10 3.910785233402634e-06 1458
6 4.838944093519266e-10 5.102102791860926e-06 1814
6.5 5.662204853139451e-10 6.374295485536699e-06 2178
7 6.939833798042205e-10 7.697487002723932e-06 2498
7.5 7.268713977123252e-10 9.001928915514769e-06 2622
8 9.978705394811577e-10 1.082418916496097e-05 3338
8.5 1.11142811696902e-09 1.294166460448794e-05 3722
9 1.315192267350317e-09 1.431762981469715e-05 4170
9.5 1.438811918436861e-09 1.5524287142342e-05 4358
10 1.643712891492405e-09 1.905442189488372e-05 5034
10.5 1.891291016760069e-09 2.067156535164402e-05 5714
11 2.075536881472239e-09 2.227941682873349e-05 5982
11.5 2.262163089842163e-09 2.562286759825305e-05 6602
12 2.382120319571097e-09 2.741141776023493e-05 7130
12.5 2.774667776025974e-09 3.204887178152309e-05 8034
13 3.108514195527669e-09 3.498680837446111e-05 8606
13.5 3.209167858696024e-09 3.675753014697233e-05 9066
14 3.667961977427602e-09 4.018899776110337e-05 9962
14.5 3.875854305033804e-09 4.267415983938204e-05 10550
15 4.019560312310511e-09 4.519710487433339e-05 11226
15.5 4.514292455823913e-09 4.903261065142447e-05 12146
16 4.386503194198172e-09 4.874724632630477e-05 12303
16.5 4.480691628555811e-09 5.133325013702655e-05 12584
17 4.318251146915779e-09 4.878503442865119e-05 12120
17.5 3.901848771021722e-09 4.306892603345851e-05 11180
18 3.825066535865334e-09 4.20176337175508e-05 11096
18.5 3.524177479318317e-09 3.857093814471283e-05 10056
19 3.289687648229665e-09 3.647680432057398e-05 9716
19.5 2.889852655337522e-09 3.164070257983416e-05 8604
20 2.73787452279067e-09 3.046550528739531e-05 8060
20.5 2.389566974436496e-09 2.678101149673946e-05 7320
21 2.073329822277711e-09 2.3303861958681e-05 6356
21.5 1.718129905376478e-09 1.945065848070048e-05 5348
22 1.363097478712963e-09 1.509838103030629e-05 4308
22.5 1.099640675938434e-09 1.278368812744201e-05 3563
23 7.399435010150799e-10 8.132138716334253e-06 2448
23.5 5.281092806528137e-10 6.436693889372691e-06 1868
24 4.048870889240225e-10 4.470322005186292e-06 1358
24.5 3.090909759702963e-10 3.396975008857772e-06 1062
25 2.204019390492622e-10 2.443228561167545e-06 776
25.5 1.293329578907342e-10 1.444341412134247e-06 432
26 5.812753125090085e-11 6.142020494114318e-07 200
26.5 6.309486147308193e-11 4.924357157152216e-07 168
27 1.940189736207512e-11 1.735344320509688e-07 56
27.5 3.731808203783761e-12 1.29921274250567e-08 7

0.5 5.069056845074667e-13 1.926950003244097e-09 18
1 4.412477266507203e-12 4.024012390902721e-08 62
1.5 6.787806738385985e-12 6.20633387175951e-08 98
2 2.215948725155062e-11 1.784843599321201e-07 210
2.5 4.440522778537613e-11 3.473097553070866e-07 350
3 7.442266500957845e-11 5.04841832794755e-07 450
3.5 1.115601100925623e-10 8.51511161319625e-07 602
4 1.603712430024245e-10 1.121841465646264e-06 762
4.5 2.623843464303265e-10 1.882431381571965e-06 1142
5 3.256489894540956e-10 2.289197444188097e-06 1250
5.5 4.057744436162415e-10 2.839168124700101e-06 1458
6 5.154364083540344e-10 3.973184224260835e-06 1814
6.5 6.26915128284025e-10 5.028207044562014e-06 2178
7 7.815543901705725e-10 5.743324129302971e-06 2498
7.5 8.279333548526496e-10 6.361706128140606e-06 2622
8 1.153236297842694e-09 8.416985998715337e-06 3338
8.5 1.274541598837929e-09 9.74407274343959e-06 3722
9 1.494712195615045e-09 1.127794230038768e-05 4170
9.5 1.554789375209248e-09 1.228742841645711e-05 4358
10 1.880671196736548e-09 1.416695242690375e-05 5034
10.5 2.208304828049395e-09 1.674398210318944e-05 5714
11 2.34012782235526e-09 1.75897708297645e-05 5982
11.5 2.626333997586008e-09 1.942014422525077e-05 6602
12 2.912459694157977e-09 2.10679963415723e-05 7130
12.5 3.258816320104846e-09 2.403779569869627e-05 8034
13 3.619797776026428e-09 2.752482148458608e-05 8606
13.5 3.742968748924075e-09 2.908034319600739e-05 9066
14 4.207892259089921e-09 3.177842130906458e-05 9962
14.5 4.346805065581592e-09 3.335140478611807e-05 10550
15 4.953060361504119e-09 3.574091476551599e-05 11226
15.5 5.2125311678946e-09 3.911437596088723e-05 12146
16 5.332597835541434e-09 3.884856717627208e-05 12303
16.5 5.507104760977416e-09 4.117718778067005e-05 12584
17 5.329330330316706e-09 3.961949090652839e-05 12120
17.5 4.770853717392078e-09 3.594068758083208e-05 11180
18 4.609308532330387e-09 3.524759312761844e-05 11096
18.5 4.196946782139942e-09 3.187279640364764e-05 10056
19 3.985761171843283e-09 3.019737875106468e-05 9716
19.5 3.515168831706896e-09 2.622596769320275e-05 8604
20 3.307332433101842e-09 2.470046909346988e-05 8060
20.5 3.058044199379158e-09 2.311889842242379e-05 7320
21 2.511224400739399e-09 1.94870736995689e-05 6356
21.5 2.105890644459502e-09 1.7095297818577e-05 5348
22 1.675414604852981e-09 1.319920936598069e-05 4308
22.5 1.377003508842395e-09 1.087647025959379e-05 3563
23 9.194598185121997e-10 7.096447724001802e-06 2448
23.5 6.993811642994682e-10 5.304789609736448e-06 1868
24 5.274553348509964e-10 3.857500869588228e-06 1358
24.5 3.854178538880181e-10 2.748044943389663e-06 1062
25 2.920487504696182e-10 2.184474218174208e-06 776
25.5 1.60037490017111e-10 1.303634194630076e-06 432
26 6.553599947533206e-11 5.653550086574553e-07 200
26.5 6.331842409713121e-11 5.7912521067455e-07 168
27 2.601702520528707e-11 1.941029000179679e-07 56
27.5 1.527683773017657e-12 2.13900062211672e-08 7

0.5 9.011057868321499e-13 2.308055831099921e-09 18
1 4.497651738656391e-12 1.809942029317986e-08 62
1.5 1.213509519444653e-11 3.697251367957202e-08 98
2 3.723043516715066e-11 1.597268020085278e-07 210
2.5 7.114889733921523e-11 2.815668434893446e-07 350
3 9.229690934966514e-11 3.818400594522539e-07 450
3.5 1.540033507072816e-10 6.305759858883529e-07 602
4 2.261502281497696e-10 8.717370905113966e-07 762
4.5 3.723359439720429e-10 1.373415787112163e-06 1142
5 4.258025102977632e-10 1.766487811013845e-06 1250
5.5 5.289848719419426e-10 2.094235654515019e-06 1458
6 7.107519866917699e-10 2.89723322611258e-06 1814
6.5 9.054157783900458e-10 3.636447407663365e-06 2178
7 1.061708106832063e-09 4.141258880895994e-06 2498
7.5 1.139134898651153e-09 4.569660276385303e-06 2622
8 1.470217046343267e-09 6.172762694717435e-06 3338
8.5 1.670668911319317e-09 7.018950027001e-06 3722
9 1.924044739546334e-09 8.182210207833893e-06 4170
9.5 2.110343213754159e-09 8.439561131237047e-06 4358
10 2.479289549646206e-09 1.012368972909842e-05 5034
10.5 2.905630486463036e-09 1.16548939720955e-05 5714
11 2.905353946768931e-09 1.184456768307789e-05 5982
11.5 3.403722504051382e-09 1.387898749697362e-05 6602
12 3.752167187543833e-09 1.488133948484077e-05 7130
12.5 4.140308109612538e-09 1.637695265455674e-05 8034
13 4.561661626383397e-09 1.918135438042118e-05 8606
13.5 4.870680928635083e-09 1.963021029471504e-05 9066
14 5.413583993825714e-09 2.14788593969452e-05 9962
14.5 5.735141835169777e-09 2.353766316191662e-05 10550
15 6.170247632786983e-09 2.497458614271979e-05 11226
15.5 6.957933728596674e-09 2.747813208482185e-05 12146
16 6.87069385323202e-09 2.831721055427128e-05 12303
16.5 7.205888587349079e-09 2.864637392223914e-05 12584
17 6.881109972602627e-09 2.718861692672268e-05 12120
17.5 6.190744398087893e-09 2.500193735689152e-05 11180
18 6.129593662202494e-09 2.502863733989879e-05 11096
18.5 5.630621663958976e-09 2.193476478388882e-05 10056
19 5.375764047932055e-09 2.16546960054509e-05 9716
19.5 4.76862831128538e-09 1.900767557245048e-05 8604
20 4.498084285020798e-09 1.829022568652551e-05 8060
20.5 4.036672429187411e-09 1.658354317732524e-05 7320
21 3.559385243552016e-09 1.433591339927361e-05 6356
21.5 2.985852645378457e-09 1.240586369641476e-05 5348
22 2.430855130587941e-09 9.195570147917503e-06 4308
22.5 2.021490623534948e-09 8.116228007966442e-06 3563
23 1.304034471919017e-09 5.496030917959726e-06 2448
23.5 1.04551881304788e-09 3.995460494792282e-06 1868
24 6.980371250311166e-10 3.077014306021981e-06 1358
24.5 5.819603896408456e-10 2.192127582570368e-06 1062
25 4.545577213865396e-10 1.779063764965058e-06 776
25.5 2.229351577461771e-10 8.575426331641138e-07 432
26 1.210744140574408e-10 4.580187971899412e-07 200
26.5 1.107226432732785e-10 4.149308029189142e-07 168
27 2.788230279958455e-11 1.704375238349374e-07 56
27.5 7.991975222197087e-12 2.134962868725486e-08 7

0.5 1.022080871444205e-12 2.021249021799204e-09 18
1 8.606837570779029e-12 7.73134134935534e-09 62
1.5 1.800282034581003e-11 2.994416168880852e-08 98
2 6.47942976305865e-11 6.983294026678912e-08 210
2.5 1.079704289532992e-10 1.561639408430052e-07 350
3 1.948180659920321e-10 2.564193204480736e-07 450
3.5 2.756324283013205e-10 3.812453457288059e-07 602
4 3.853215096971023e-10 4.865050273290376e-07 762
4.5 5.837777314339489e-10 8.335255347742075e-07 1142
5 6.779291258318942e-10 9.938731999131735e-07 1250
5.5 7.801600300117057e-10 1.238091421233774e-06 1458
6 1.052874548476197e-09 1.628460371813535e-06 1814
6.5 1.274962321993771e-09 1.902296742932016e-06 2178
7 1.577493446626544e-09 2.29095389441153e-06 2498
7.5 1.688675578836568e-09 2.609653870228083e-06 2622
8 2.254404605235064e-09 3.379494928962784e-06 3338
8.5 2.59693004719843e-09 3.651159473591608e-06 3722
9 2.835704149693266e-09 4.271121734195253e-06 4170
9.5 2.916492084429309e-09 4.393084432911242e-06 4358
10 3.469200794006593e-09 5.325134489183622e-06 5034
10.5 4.122491018180735e-09 6.138089799783603e-06 5714
11 4.249620382475227e-09 6.504415113551371e-06 5982
11.5 4.83369252747385e-09 7.357254858023007e-06 6602
12 5.546490585250976e-09 8.13320054415626e-06 7130
12.5 6.203752978031305e-09 9.636039909066461e-06 8034
13 6.719360165458729e-09 1.055465165339255e-05 8606
13.5 7.348097555378114e-09 1.116498789773841e-05 9066
14 8.28793092245265e-09 1.234031237010191e-05 9962
14.5 9.029575615629838e-09 1.354463264558284e-05 10550
15 9.576223043813136e-09 1.464362249209864e-05 11226
15.5 1.093576604672043e-08 1.648231497797714e-05 12146
16 1.085340751201866e-08 1.694456588786758e-05 12303
16.5 1.124387337951582e-08 1.735056937500843e-05 12584
17 1.08617644604136e-08 1.668339888665623e-05 12120
17.5 1.000954110208074e-08 1.527386145732609e-05 11180
18 1.038391254632799e-08 1.567657597818558e-05 11096
18.5 9.541032955983949e-09 1.483449852546591e-05 10056
19 9.300390004692141e-09 1.445792219158505e-05 9716
19.5 8.27494063047412e-09 1.280316884247704e-05 8604
20 7.644059520526695e-09 1.203865000339707e-05 8060
20.5 6.963839626868202e-09 1.168001212203191e-05 7320
21 5.980582255566003e-09 9.750657146104217e-06 6356
21.5 5.143192271129612e-09 8.227408326839539e-06 5348
22 4.232417979940591e-09 6.845937033936799e-06 4308
22.5 3.414729778034078e-09 5.871631484049907e-06 3563
23 2.42016997156258e-09 3.903443826491822e-06 2448
23.5 1.834378275356138e-09 3.186277488729138e-06 1868
24 1.270258605724386e-09 2.226938233880534e-06 1358
24.5 1.05642505488355e-09 1.597923417052884e-06 1062
25 8.089076165546733e-10 1.321025252747845e-06 776
25.5 4.140194854623863e-10 7.668562873506146e-07 432
26 2.298514583811474e-10 3.397082229972438e-07 200
26.5 1.896649178457534e-10 3.019732758609928e-07 168
27 6.097337727400703e-11 1.199573988831795e-07 56
27.5 4.439954076159444e-12 1.323037265256396e-08 7

0.5 4.744791565638174e-12 4.463135329345085e-10 18
1 4.746806442130884e-11 2.824292313830626e-09 62
1.5 7.721397502614295e-11 6.997566410160161e-09 98
2 2.882839710898013e-10 2.335692900532743e-08 210
2.5 5.46500203642441e-10 3.711155969536269e-08 350
3 7.948774613254117e-10 6.355146127322516e-08 450
3.5 1.101172931375641e-09 8.972587778728192e-08 602
4 1.407059990191816e-09 1.306557072301218e-07 762
4.5 2.253807576973291e-09 2.197125474048177e-07 1142
5 2.632155689435244e-09 2.536280772521491e-07 1250
5.5 2.806831969392217e-09 3.098017804850621e-07 1458
6 3.541178234515426e-09 4.14478036061609e-07 1814
6.5 4.458364822238375e-09 5.035473584559983e-07 2178
7 4.905260383758862e-09 6.580845976828119e-07 2498
7.5 5.243648263908266e-09 7.551812862584228e-07 2622
8 6.624439160581369e-09 9.539980494204961e-07 3338
8.5 7.227844079723462e-09 1.179034597419022e-06 3722
9 8.136180508462277e-09 1.316945575792328e-06 4170
9.5 8.470720181474093e-09 1.411389063731949e-06 4358
10 9.787149633463785e-09 1.785005767631723e-06 5034
10.5 1.1063416566665e-08 2.082408193616119e-06 5714
11 1.135920155096919e-08 2.259023216380136e-06 5982
11.5 1.30157795674527e-08 2.707457974437523e-06 6602
12 1.418638156945213e-08 2.889794118507095e-06 7130
12.5 1.586544615735761e-08 3.557590850811604e-06 8034
13 1.7097783750205e-08 4.018223166369911e-06 8606
13.5 1.799252389796087e-08 4.357016962094427e-06 9066
14 2.005822391429367e-08 4.857353812320228e-06 9962
14.5 2.186805819741175e-08 5.363697617481058e-06 10550
15 2.347740320448974e-08 6.070196379894946e-06 11226
15.5 2.552906546196505e-08 6.553776074217883e-06 12146
16 2.620044575830764e-08 6.874297193437613e-06 12303
16.5 2.658468410195408e-08 7.287263724634217e-06 12584
17 2.564349768961308e-08 7.499184970915635e-06 12120
17.5 2.366387664348656e-08 7.10613406811617e-06 11180
18 2.347525358854724e-08 7.127871956283935e-06 11096
18.5 2.083724868254657e-08 6.852755661712764e-06 10056
19 1.997884195155443e-08 6.701326919898761e-06 9716
19.5 1.75254241113277e-08 5.958034840127094e-06 8604
20 1.664357147759891e-08 5.959404772014995e-06 8060
20.5 1.532837176439228e-08 5.450034935342429e-06 7320
21 1.327501642162166e-08 4.761200225458887e-06 6356
21.5 1.080749326235778e-08 4.180945649514243e-06 5348
22 9.002617910742345e-09 3.361855475364179e-06 4308
22.5 7.52522193857789e-09 3.023747730508484e-06 3563
23 5.33104478069909e-09 2.029305436063912e-06 2448
23.5 4.123991617388265e-09 1.630026643249187e-06 1868
24 3.03629475346591e-09 1.19646192048262e-06 1358
24.5 2.199488232935126e-09 9.13054509910751e-07 1062
25 1.633432311737129e-09 7.370055115545526e-07 776
25.5 8.887314286721489e-10 4.067566620246216e-07 432
26 4.116529672092137e-10 2.250230588677927e-07 200
26.5 3.627693879654574e-10 1.327031510109447e-07 168
27 1.349195072091391e-10 3.928299891488679e-08 56
27.5 1.715421993595449e-11 7.427713745540568e-09 7

0.5 9.860076961736083e-13 5.517880723526506e-10 18
1 1.114283424806287e-11 3.537730698697875e-09 62
1.5 2.898390301078649e-11 7.065811307734095e-09 98
2 7.030919075635486e-11 2.094358887065344e-08 210
2.5 1.643680178497294e-10 4.665293028228514e-08 350
3 2.595190020221063e-10 7.549628027212522e-08 450
3.5 4.274467844311529e-10 1.17953083884667e-07 602
4 6.053492985794343e-10 1.621331312754516e-07 762
4.5 9.161017797100729e-10 2.904556468896158e-07 1142
5 1.101053111817596e-09 3.205402329601608e-07 1250
5.5 1.378301531830305e-09 4.326537509975016e-07 1458
6 1.691813371845722e-09 5.618282491260008e-07 1814
6.5 2.167269209846986e-09 7.445817357821357e-07 2178
7 2.580763474609894e-09 9.563306358179894e-07 2498
7.5 2.715942513203943e-09 1.06086935430769e-06 2622
8 3.467857888863031e-09 1.406222900501426e-06 3338
8.5 4.208577138787283e-09 1.636131131770876e-06 3722
9 4.839154587278021e-09 1.96487671252382e-06 4170
9.5 4.977321163174714e-09 2.185767642452321e-06 4358
10 6.063328915036579e-09 2.650611602833902e-06 5034
10.5 7.102248605576492e-09 3.130944792211487e-06 5714
11 7.649740906853932e-09 3.454550481040557e-06 5982
11.5 8.49717811076574e-09 4.033160138869525e-06 6602
12 9.462419350343643e-09 4.317771274137557e-06 7130
12.5 1.085519525779735e-08 5.185835501159585e-06 8034
13 1.214104640223563e-08 5.883246060942441e-06 8606
13.5 1.260069434879978e-08 6.359804854754864e-06 9066
14 1.386582761859639e-08 7.100017266599757e-06 9962
14.5 1.531910581715536e-08 7.933876349149047e-06 10550
15 1.679838898763145e-08 8.526466391657875e-06 11226
15.5 1.830704672050588e-08 9.663770050065256e-06 12146
16 1.878106980035003e-08 9.834389544279467e-06 12303
16.5 1.957877138337551e-08 1.053502918377408e-05 12584
17 1.898157340165417e-08 1.051510740560387e-05 12120
17.5 1.762126489185362e-08 1.000949163564268e-05 11180
18 1.696378749286742e-08 1.013904145092893e-05 11096
18.5 1.594397866790499e-08 9.408453083679779e-06 10056
19 1.546494994007655e-08 9.362292274647834e-06 9716
19.5 1.37571654908067e-08 8.406538946872735e-06 8604
20 1.285447362394188e-08 8.000612252742809e-06 8060
20.5 1.200885778118789e-08 7.398773937063806e-06 7320
21 1.046136376093204e-08 6.760226489244462e-06 6356
21.5 9.118029049870005e-09 5.698468164944979e-06 5348
22 7.405873467067273e-09 4.806263631137526e-06 4308
22.5 6.221372969592706e-09 3.976887067786702e-06 3563
23 4.148367219235378e-09 2.793105114808876e-06 2448
23.5 3.026137924553339e-09 2.066696347098869e-06 1868
24 2.354568258266737e-09 1.509006167223527e-06 1358
24.5 1.806344007507704e-09 1.265903638032067e-06 1062
25 1.356597875996099e-09 9.282976234829847e-07 776
25.5 7.493334388277423e-10 5.946584276804923e-07 432
26 3.264649144326099e-10 2.513419723350038e-07 200
26.5 2.860874508240874e-10 1.839581812320821e-07 168
27 9.421339825666402e-11 6.696145948486553e-08 56
27.5 1.108469044455765e-11 6.493512042717743e-09 7

0.5 4.321120980139343e-13 9.163756126132942e-10 18
1 2.78558225636944e-12 1.028954166817554e-08 62
1.5 6.110270257299294e-12 1.861839440041785e-08 98
2 2.165387011744892e-11 6.018105780411287e-08 210
2.5 5.361496442332899e-11 1.082564407795069e-07 350
3 7.517046166494817e-11 1.74086958957719e-07 450
3.5 1.126200192939771e-10 2.559152235892925e-07 602
4 1.536570851647731e-10 3.73982828126437e-07 762
4.5 2.775681975835022e-10 6.534513808258683e-07 1142
5 3.430927469495147e-10 7.822984003983579e-07 1250
5.5 3.982391700099294e-10 8.982010279097363e-07 1458
6 5.609293992932953e-10 1.355142904029669e-06 1814
6.5 6.77808942817003e-10 1.691111118841845e-06 2178
7 8.640801851232034e-10 2.045863033454595e-06 2498
7.5 9.433342043585654e-10 2.279507545198435e-06 2622
8 1.276915148262131e-09 3.249234843633369e-06 3338
8.5 1.561983084880714e-09 3.57610472422984e-06 3722
9 1.825448249205415e-09 4.350573423526491e-06 4170
9.5 1.961630402938987e-09 4.770611913258824e-06 4358
10 2.381859969094123e-09 5.884992587833563e-06 5034
10.5 2.705269922660593e-09 7.033872489239574e-06 5714
11 2.937913821017564e-09 7.047101208231508e-06 5982
11.5 3.461513817382179e-09 8.361777386392823e-06 6602
12 3.826203977020399e-09 9.552924552334864e-06 7130
12.5 4.438856287698053e-09 1.118020988506009e-05 8034
13 4.891326615899272e-09 1.214462029338817e-05 8606
13.5 5.455728554226113e-09 1.337105569146435e-05 9066
14 6.066098630557649e-09 1.500601168905614e-05 9962
14.5 6.580757349818044e-09 1.645552818332365e-05 10550
15 7.093572150634591e-09 1.818333956564552e-05 11226
15.5 7.844617367461882e-09 2.005557887390812e-05 12146
16 8.127109462557736e-09 2.056666644785622e-05 12303
16.5 8.504013383514615e-09 2.128854944595005e-05 12584
17 8.442105521157278e-09 2.118266297098252e-05 12120
17.5 7.708046581359505e-09 1.98698319177179e-05 11180
18 8.024472658070195e-09 1.972696759683077e-05 11096
18.5 7.374841053881866e-09 1.884492323487652e-05 10056
19 7.143786255980762e-09 1.810235631063848e-05 9716
19.5 6.330019656270199e-09 1.621197625659644e-05 8604
20 6.124777158355639e-09 1.553142245140988e-05 8060
20.5 5.620308787362479e-09 1.39243587603584e-05 7320
21 4.899688438476632e-09 1.284574904023149e-05 6356
21.5 4.166222689166011e-09 1.10079303211242e-05 5348
22 3.259567677334155e-09 8.748938542778275e-06 4308
22.5 2.758440812821355e-09 7.450056186549625e-06 3563
23 1.900213381823468e-09 4.86822654082814e-06 2448
23.5 1.529714847716456e-09 3.994845569541937e-06 1868
24 1.143256590078933e-09 2.737927761721631e-06 1358
24.5 7.768312391103511e-10 2.237278906634948e-06 1062
25 6.237394817262007e-10 1.615657875001533e-06 776
25.5 3.718730654818051e-10 9.943027936232653e-07 432
26 1.501759900396939e-10 5.265178204852216e-07 200
26.5 1.572361063074067e-10 4.234866492674569e-07 168
27 3.971247864671833e-11 1.020486960063378e-07 56
27.5 1.660263996312667e-11 4.622681061451895e-08 7

0.5 2.632843284811761e-13 8.885882854608341e-10 18
1 2.945683268042909e-12 1.119754965245501e-08 62
1.5 6.267479290570606e-12 3.351159520072238e-08 98
2 1.436088865242797e-11 1.128634796286979e-07 210
2.5 3.059332952370004e-11 1.825767634680249e-07 350
3 5.030225897533609e-11 2.812082916797138e-07 450
3.5 7.438314763912053e-11 4.234381245018925e-07 602
4 1.103026300810924e-10 5.868096777227875e-07 762
4.5 1.743723430285347e-10 1.082044006059239e-06 1142
5 2.053942834731389e-10 1.233048510011379e-06 1250
5.5 2.581217399355873e-10 1.562465877327825e-06 1458
6 3.722744799117623e-10 2.103118379463766e-06 1814
6.5 4.560462359663838e-10 2.813549500473438e-06 2178
7 5.802137316673614e-10 3.455051006835836e-06 2498
7.5 6.112194180290536e-10 3.764006526016983e-06 2622
8 8.118055934525827e-10 5.10613398178146e-06 3338
8.5 9.196187450545694e-10 5.879260014433665e-06 3722
9 1.091972919375511e-09 6.890892678714846e-06 4170
9.5 1.206181033217994e-09 7.122173677780981e-06 4358
10 1.471680609144559e-09 9.166876640145842e-06 5034
10.5 1.705292793292441e-09 1.059153844102762e-05 5714
11 1.795775257555029e-09 1.17137681965837e-05 5982
11.5 2.111734720574441e-09 1.299374052821459e-05 6602
12 2.216880292795127e-09 1.474285753549222e-05 7130
12.5 2.60629448343832e-09 1.689679313267971e-05 8034
13 2.907522797905203e-09 1.791292205448848e-05 8606
13.5 3.17201814876179e-09 2.041775108171449e-05 9066
14 3.548532224763723e-09 2.267451540690278e-05 9962
14.5 3.801139614960766e-09 2.403624435259347e-05 10550
15 4.196343720978427e-09 2.685190817414959e-05 11226
15.5 4.626244538937673e-09 2.968506234289775e-05 12146
16 4.875738814095713e-09 3.055170203767571e-05 12303
16.5 5.12400527816155e-09 3.219291407115864e-05 12584
17 4.764810137765518e-09 3.128227180115902e-05 12120
17.5 4.580681601309195e-09 2.867281729719985e-05 11180
18 4.544478019051794e-09 2.846723479166302e-05 11096
18.5 4.212232417536411e-09 2.682421146714165e-05 10056
19 4.157171419683819e-09 2.643724860112472e-05 9716
19.5 3.602443418661558e-09 2.32266397192904e-05 8604
20 3.608117173275373e-09 2.198520175250775e-05 8060
20.5 3.186839626149095e-09 2.05462841972281e-05 7320
21 2.837617519701609e-09 1.839139730163641e-05 6356
21.5 2.445871757791686e-09 1.586849413663224e-05 5348
22 1.976662643539242e-09 1.21245708624426e-05 4308
22.5 1.662151814817212e-09 1.093312547562588e-05 3563
23 1.097944845635279e-09 6.937306721332343e-06 2448
23.5 8.660827615236589e-10 5.421118776980733e-06 1868
24 6.349236487644488e-10 4.173915557748099e-06 1358
24.5 4.638443042694217e-10 3.181393247448905e-06 1062
25 3.355899632939076e-10 2.43389999365907e-06 776
25.5 1.856042894450133e-10 1.355138631335787e-06 432
26 9.044835943700808e-11 5.358674392645414e-07 200
26.5 7.606373952517594e-11 5.508372199815383e-07 168
27 2.092551149547058e-11 1.738287042509483e-07 56
27.5 1.698753139646794e-12 2.490162830593822e-08 7

0.5 2.139625703160003e-13 4.722183830166395e-09 18
1 1.558386895640152e-12 2.051582380819183e-08 62
1.5 5.043698417883546e-12 4.111931557759e-08 98
2 1.056780113612348e-11 1.156822271815404e-07 210
2.5 2.510420532787724e-11 2.187730819154424e-07 350
3 3.186012700911177e-11 3.415394537087458e-07 450
3.5 5.155176831968317e-11 5.025343893256327e-07 602
4 8.297165842142045e-11 7.31251163832157e-07 762
4.5 1.288655148521657e-10 1.291185252157056e-06 1142
5 1.603910062906748e-10 1.525659120083227e-06 1250
5.5 2.014836187255598e-10 1.93258475217537e-06 1458
6 2.719173006718936e-10 2.704329381984322e-06 1814
6.5 3.542278811426633e-10 3.369609641004171e-06 2178
7 4.160684014119795e-10 4.005963423916441e-06 2498
7.5 4.740216321765163e-10 4.221897289687929e-06 2622
8 6.459414188884196e-10 5.672042716879234e-06 3338
8.5 7.606234568043615e-10 6.940666608119863e-06 3722
9 9.067492915368201e-10 7.885397556576186e-06 4170
9.5 9.608068186498266e-10 8.682026309028926e-06 4358
10 1.131766707762745e-09 1.08406536361818e-05 5034
10.5 1.364112707011472e-09 1.217276418685157e-05 5714
11 1.524997492032456e-09 1.3063449647325e-05 5982
11.5 1.679857563448106e-09 1.545006544680798e-05 6602
12 1.85891315290409e-09 1.687163616355436e-05 7130
12.5 2.177084678461578e-09 1.997120795385131e-05 8034
13 2.423132472879072e-09 2.255698599627293e-05 8606
13.5 2.566998357216622e-09 2.416325465551353e-05 9066
14 2.853775620043159e-09 2.65145584165869e-05 9962
14.5 3.145632425274497e-09 2.943879868847494e-05 10550
15 3.419564144542478e-09 3.161265637453653e-05 11226
15.5 3.882820975674765e-09 3.532837091123747e-05 12146
16 4.032586582437738e-09 3.609610944404415e-05 12303
16.5 4.226307041878758e-09 3.817179443132071e-05 12584
17 4.082938929657319e-09 3.727159797580754e-05 12120
17.5 3.804725526210403e-09 3.537705451174186e-05 11180
18 3.813863810897721e-09 3.614518261692647e-05 11096
18.5 3.484201859410842e-09 3.283187328012677e-05 10056
19 3.495829804322651e-09 3.254301403418827e-05 9716
19.5 3.109117748031195e-09 2.90751975753952e-05 8604
20 2.932148975222794e-09 2.769954941127624e-05 8060
20.5 2.809939028980028e-09 2.496952226756689e-05 7320
21 2.421778697249244e-09 2.217834922520111e-05 6356
21.5 2.139265114350085e-09 1.926552985866024e-05 5348
22 1.714370289612183e-09 1.562253292482185e-05 4308
22.5 1.4391987152894e-09 1.293511869842453e-05 3563
23 9.955571916727103e-10 8.803030956527301e-06 2448
23.5 7.241590168731103e-10 7.096250518626856e-06 1868
24 5.490598591936899e-10 4.702090089862652e-06 1358
24.5 4.480579903972498e-10 3.827019545808141e-06 1062
25 3.376218041343515e-10 2.965459094251971e-06 776
25.5 2.004664893215084e-10 1.662487287475538e-06 432
26 9.177407093763933e-11 8.192418100911206e-07 200
26.5 6.977062179471073e-11 5.194859906908966e-07 168
27 2.569538861053573e-11 2.122320402239149e-07 56
27.5 1.319558657403528e-12 2.397994865894359e-08 7

0.5 1.571165345196481e-13 2.169094008461599e-09 18
1 1.587157457500327e-12 1.153743325754398e-08 62
1.5 3.45790287680483e-12 3.633113723137845e-08 98
2 1.013489220499609e-11 9.161443791975619e-08 210
2.5 2.071811097565246e-11 1.796766974545291e-07 350
3 3.173981441587201e-11 3.00687730715423e-07 450
3.5 4.464662643983297e-11 4.642510906308008e-07 602
4 6.80467389614992e-11 6.330672553478678e-07 762
4.5 1.151798661401752e-10 1.063939541977629e-06 1142
5 1.395798451831731e-10 1.212230876126407e-06 1250
5.5 1.878691962332867e-10 1.646062762535091e-06 1458
6 2.484685179813041e-10 2.270991652739997e-06 1814
6.5 3.110217695539186e-10 2.812470757486509e-06 2178
7 3.802332588568028e-10 3.385603265448319e-06 2498
7.5 4.40600853947476e-10 3.999147885538042e-06 2622
8 5.526345807010852e-10 5.54655719234837e-06 3338
8.5 7.008416908151902e-10 6.21781836485312e-06 3722
9 8.358300481604181e-10 7.167208111142806e-06 4170
9.5 8.891207184423081e-10 7.864516273542058e-06 4358
10 1.079579172449264e-09 9.636207193310391e-06 5034
10.5 1.259511242064808e-09 1.2043869806813e-05 5714
11 1.422722672636255e-09 1.272516927284169e-05 5982
11.5 1.663174856075327e-09 1.488366224826664e-05 6602
12 1.840974015639986e-09 1.643134094893008e-05 7130
12.5 2.160961947156199e-09 1.929122524495023e-05 8034
13 2.347361114408158e-09 2.165665362495336e-05 8606
13.5 2.56343278591657e-09 2.315810971781347e-05 9066
14 2.881256888056423e-09 2.684106547791616e-05 9962
14.5 3.174617659985008e-09 2.918451952395245e-05 10550
15 3.550033339929778e-09 3.183918466281246e-05 11226
15.5 3.903336421983391e-09 3.578505355067743e-05 12146
16 4.019993752449829e-09 3.687461607731237e-05 12303
16.5 4.247587343971588e-09 3.995836928970924e-05 12584
17 4.188801850772659e-09 3.882790467863496e-05 12120
17.5 4.012638046826754e-09 3.675530990968697e-05 11180
18 4.068612539634168e-09 3.756260397492157e-05 11096
18.5 3.779090432946372e-09 3.426266846002779e-05 10056
19 3.708972144567557e-09 3.429070250298491e-05 9716
19.5 3.394910488247196e-09 3.135027118093432e-05 8604
20 3.284003042120852e-09 2.999153487225225e-05 8060
20.5 3.081473000186745e-09 2.755109036060522e-05 7320
21 2.698851914574886e-09 2.473093588368527e-05 6356
21.5 2.266118776648608e-09 2.125079639700975e-05 5348
22 1.87323380243573e-09 1.665447535449966e-05 4308
22.5 1.542403445310328e-09 1.515677859497275e-05 3563
23 1.140901335263738e-09 1.010776184089704e-05 2448
23.5 8.459359369047462e-10 7.420793663870551e-06 1868
24 6.721135252158012e-10 6.259893205387716e-06 1358
24.5 5.137384030542988e-10 4.265811858597746e-06 1062
25 3.88374483079211e-10 3.306898817186447e-06 776
25.5 2.198164723518439e-10 1.969378657575977e-06 432
26 1.098513176446089e-10 7.310386201755402e-07 200
26.5 8.924530712444008e-11 7.647162243427369e-07 168
27 2.661425577662883e-11 2.260099462671819e-07 56
27.5 6.618939263734827e-12 2.226130906567516e-08 7

0.5 2.583353676902633e-13 1.243244906993561e-09 18
1 1.342219708038318e-12 1.351259691499047e-08 62
1.5 3.86327819591527e-12 3.002478239489682e-08 98
2 9.860491264769713e-12 8.338147676582142e-08 210
2.5 2.207603753503857e-11 1.709055301075594e-07 350
3 3.524865303939091e-11 2.410227843309148e-07 450
3.5 5.020064860506652e-11 3.597208633517231e-07 602
4 8.722486948986112e-11 5.323956158126787e-07 762
4.5 1.209297953571923e-10 1.019602200740591e-06 1142
5 1.497769952105843e-10 1.086151087828718e-06 1250
5.5 1.861395226318438e-10 1.40092475095231e-06 1458
6 2.581544306038972e-10 2.057462758228854e-06 1814
6.5 3.426387234548234e-10 2.565771687338198e-06 2178
7 4.401198734195632e-10 3.095762894385555e-06 2498
7.5 4.550162222405187e-10 3.552073574188649e-06 2622
8 6.5280635713993e-10 4.68023742793282e-06 3338
8.5 7.73714060029182e-10 5.677718376855068e-06 3722
9 8.776991517849116e-10 6.539482633848135e-06 4170
9.5 9.814599863251029e-10 6.981356432581517e-06 4358
10 1.185597977215971e-09 8.854716099086806e-06 5034
10.5 1.420058495620295e-09 1.059471913215689e-05 5714
11 1.578867398201227e-09 1.133319746873977e-05 5982
11.5 1.717416463628029e-09 1.371608664454754e-05 6602
12 1.957665496832778e-09 1.498705632684569e-05 7130
12.5 2.355894965871921e-09 1.732972518828951e-05 8034
13 2.52977746428231e-09 1.946459890017759e-05 8606
13.5 2.812710183605738e-09 2.084500582082415e-05 9066
14 3.182431485662615e-09 2.388724059471568e-05 9962
14.5 3.476270731123492e-09 2.600820009499592e-05 10550
15 3.82499882770136e-09 2.881203553952444e-05 11226
15.5 4.191130260443246e-09 3.228435647867838e-05 12146
16 4.473700061319585e-09 3.29718545320602e-05 12303
16.5 4.75321940397014e-09 3.472739095940629e-05 12584
17 4.554261393577665e-09 3.494547361582531e-05 12120
17.5 4.390717623867857e-09 3.298778714036268e-05 11180
18 4.34448933257572e-09 3.284148719172996e-05 11096
18.5 4.105265540912332e-09 3.215032515152166e-05 10056
19 4.085238631503748e-09 3.086332543434021e-05 9716
19.5 3.690396542953638e-09 2.768362777592667e-05 8604
20 3.480288702436354e-09 2.655347817291108e-05 8060
20.5 3.155647601719669e-09 2.439395171255251e-05 7320
21 2.875669029452568e-09 2.291082576956813e-05 6356
21.5 2.318401344844982e-09 1.954332223119813e-05 5348
22 2.07938943376517e-09 1.517111323542416e-05 4308
22.5 1.698470671547788e-09 1.285693103481224e-05 3563
23 1.170409656724478e-09 9.051783822103186e-06 2448
23.5 9.303823098745177e-10 7.902034431715368e-06 1868
24 6.980174315250387e-10 5.339559928571062e-06 1358
24.5 5.366536438669615e-10 4.160035167905825e-06 1062
25 4.082611096044599e-10 2.973330884402409e-06 776
25.5 2.428686397565822e-10 1.81581929486086e-06 432
26 1.035573782417389e-10 9.291334759240747e-07 200
26.5 7.459407047638833e-11 5.804583004859326e-07 168
27 3.639315493394072e-11 2.504945976585561e-07 56
27.5 1.692218774314332e-12 3.034416617044899e-09 7

0.5 2.409443575094533e-13 1.185843645525476e-09 18
1 2.190796272408538e-12 6.476850296123103e-09 62
1.5 4.266090781772385e-12 2.445356181144632e-08 98
2 1.247758861598119e-11 6.049678267135553e-08 210
2.5 2.626824997997954e-11 1.399159640593407e-07 350
3 4.106712610953927e-11 2.255506150123947e-07 450
3.5 6.499351530900145e-11 3.601796599389279e-07 602
4 9.643126066576896e-11 4.893787230050885e-07 762
4.5 1.597391244154423e-10 7.99318138617241e-07 1142
5 1.954671870057484e-10 9.758740277405854e-07 1250
5.5 2.518674361405477e-10 1.213642266376615e-06 1458
6 3.35810512586837e-10 1.63063645380998e-06 1814
6.5 4.209425665516882e-10 2.239297749853109e-06 2178
7 5.482584064392025e-10 2.718833316543677e-06 2498
7.5 5.770997568562992e-10 2.906861141169517e-06 2622
8 8.12851740678746e-10 3.82246781388472e-06 3338
8.5 9.575762293385201e-10 4.901812853974464e-06 3722
9 1.098595623599814e-09 5.54264324898159e-06 4170
9.5 1.221561718881163e-09 6.167122236457519e-06 4358
10 1.469195931383437e-09 7.389896381684691e-06 5034
10.5 1.773376227531351e-09 9.118100473067147e-06 5714
11 1.889787079372421e-09 9.769963382867163e-06 5982
11.5 2.224456458895203e-09 1.109648418830859e-05 6602
12 2.512861593338352e-09 1.24073687546787e-05 7130
12.5 2.923934209457818e-09 1.475014279329437e-05 8034
13 3.123591158781395e-09 1.637359347797598e-05 8606
13.5 3.420410219492459e-09 1.790338193400785e-05 9066
14 3.934105617373571e-09 2.035682286525136e-05 9962
14.5 4.266835382103047e-09 2.262762069004765e-05 10550
15 4.619387803419038e-09 2.434063638821584e-05 11226
15.5 5.326198869700679e-09 2.665704465592539e-05 12146
16 5.558456524238477e-09 2.761262595719538e-05 12303
16.5 5.792770970945857e-09 2.935770245967367e-05 12584
17 5.724035238726781e-09 2.897533606438032e-05 12120
17.5 5.397713619263344e-09 2.809649219231771e-05 11180
18 5.475241212212754e-09 2.806629849204995e-05 11096
18.5 5.067262926187819e-09 2.559756691142082e-05 10056
19 4.979773025413641e-09 2.579161426965516e-05 9716
19.5 4.538783413480542e-09 2.323296268627418e-05 8604
20 4.287983426794666e-09 2.240491132042837e-05 8060
20.5 3.905430656959992e-09 1.999044471149029e-05 7320
21 3.628565568165624e-09 1.847974439819515e-05 6356
21.5 3.01045210125348e-09 1.556770215871226e-05 5348
22 2.471121123772589e-09 1.289498311249914e-05 4308
22.5 2.002053735313826e-09 1.044991205856737e-05 3563
23 1.400078621520515e-09 8.243521174624139e-06 2448
23.5 1.175443706955503e-09 6.371901701182573e-06 1868
24 8.383427468096875e-10 4.417873175042535e-06 1358
24.5 6.419782713529951e-10 3.272159519175204e-06 1062
25 5.037748933107462e-10 2.560256985484141e-06 776
25.5 2.755541977599573e-10 1.492012590370063e-06 432
26 1.572531350674223e-10 7.174228094210247e-07 200
26.5 9.721186625907141e-11 5.358834359957424e-07 168
27 2.701034882786392e-11 2.350659794242162e-07 56
27.5 2.461806999733536e-12 3.190225180682331e-08 7

0.5 6.67476914212807e-13 9.556467519064026e-10 18
1 3.854958527833488e-12 7.532493698279816e-09 62
1.5 1.01202925430349e-11 1.722760821295024e-08 98
2 2.414197178043249e-11 4.909989294043435e-08 210
2.5 4.778576490774589e-11 1.106233499848742e-07 350
3 7.015552193339642e-11 1.837825524748248e-07 450
3.5 1.090011979678574e-10 2.457016646089681e-07 602
4 1.437927865074682e-10 3.785141395225676e-07 762
4.5 2.513656192773194e-10 6.375977586373142e-07 1142
5 2.941979942843261e-10 8.178302423137547e-07 1250
5.5 3.838702027680882e-10 9.437292784294732e-07 1458
6 5.227529941137514e-10 1.265964885286482e-06 1814
6.5 6.862553728040021e-10 1.703016404127031e-06 2178
7 7.979237487554144e-10 2.072261344837822e-06 2498
7.5 8.778128644757094e-10 2.40034607012096e-06 2622
8 1.210026772468547e-09 3.107846789861298e-06 3338
8.5 1.461897355697055e-09 3.621946851327086e-06 3722
9 1.726378824533063e-09 4.382908985235664e-06 4170
9.5 1.851466762775892e-09 4.837736397735387e-06 4358
10 2.256515209744492e-09 5.926678472274303e-06 5034
10.5 2.72769671526162e-09 7.078832413754086e-06 5714
11 2.92161545651209e-09 7.700753822921123e-06 5982
11.5 3.276568227660961e-09 8.898276768581122e-06 6602
12 3.697055054477468e-09 1.045755405870547e-05 7130
12.5 4.292775412578834e-09 1.187677106159965e-05 8034
13 4.685505069572804e-09 1.304745793697354e-05 8606
13.5 5.01409274957953e-09 1.422425744667105e-05 9066
14 5.750391345715517e-09 1.608453653586648e-05 9962
14.5 6.54773114923061e-09 1.761959190675923e-05 10550
15 7.127594228428775e-09 1.957991015305033e-05 11226
15.5 7.870452435957224e-09 2.187119208582498e-05 12146
16 8.203604481322133e-09 2.287175347271114e-05 12303
16.5 8.459991623762323e-09 2.414468878566323e-05 12584
17 8.421935039655002e-09 2.352244649884214e-05 12120
17.5 7.694598946660109e-09 2.228108251863938e-05 11180
18 7.910096904925236e-09 2.321253383261017e-05 11096
18.5 7.513315987631874e-09 2.122984434654796e-05 10056
19 7.36907505102621e-09 2.103058162298121e-05 9716
19.5 6.638283522455382e-09 1.8997616337673e-05 8604
20 6.208443695376523e-09 1.859288609210799e-05 8060
20.5 5.817907942322976e-09 1.749246024640694e-05 7320
21 5.078239528591422e-09 1.511945392841926e-05 6356
21.5 4.42602650453294e-09 1.279713589381641e-05 5348
22 3.466868324970631e-09 1.047817408035171e-05 4308
22.5 3.052438316769689e-09 9.147980380917628e-06 3563
23 2.167356823964544e-09 6.375740191346948e-06 2448
23.5 1.779189132865758e-09 5.163666748447584e-06 1868
24 1.177752434218006e-09 3.712661960191684e-06 1358
24.5 9.511341252182101e-10 2.945403947537442e-06 1062
25 6.64755717667794e-10 2.34471217315017e-06 776
25.5 4.035246805966447e-10 1.212169324467215e-06 432
26 1.934076492297198e-10 5.99525019495768e-07 200
26.5 1.558309660496658e-10 4.931367090101635e-07 168
27 5.807723419885812e-11 2.545989619056025e-07 56
27.5 4.837230794108377e-12 2.183422146500061e-08 7

0.5 3.36078541102002e-13 4.552959352594431e-10 18
1 2.529262553605342e-12 6.719987229147659e-09 62
1.5 8.650416289982613e-12 1.667072434020388e-08 98
2 1.857798419218326e-11 5.138990172744742e-08 210
2.5 4.235275942729343e-11 1.185738781968369e-07 350
3 6.249756063482346e-11 1.635477316694256e-07 450
3.5 1.064619967745577e-10 2.639706694054476e-07 602
4 1.453035622317991e-10 3.920701529286185e-07 762
4.5 2.474919374661449e-10 6.777953263547119e-07 1142
5 3.177930809328238e-10 7.622520089449606e-07 1250
5.5 4.229684367604262e-10 9.256919228196726e-07 1458
6 5.459167109024561e-10 1.295752337014382e-06 1814
6.5 6.962062860057794e-10 1.597853187578123e-06 2178
7 8.902070403227556e-10 2.002152183105484e-06 2498
7.5 9.9200798734608e-10 2.170207199865674e-06 2622
8 1.251481509297702e-09 2.947477848565946e-06 3338
8.5 1.428799775101818e-09 3.533311530319416e-06 3722
9 1.79018449699413e-09 4.124754637303931e-06 4170
9.5 1.910624252283933e-09 4.390811751243121e-06 4358
10 2.182781107876871e-09 5.285231057707079e-06 5034
10.5 2.686233614643997e-09 6.182734637975268e-06 5714
11 2.878727229500519e-09 7.095285198265894e-06 5982
11.5 3.349782965825544e-09 7.796285421400573e-06 6602
12 3.703890548396253e-09 8.824674863166761e-06 7130
12.5 4.384604869783874e-09 1.034436886455352e-05 8034
13 4.917342866828691e-09 1.158599612733695e-05 8606
13.5 5.235024658254902e-09 1.223808302432791e-05 9066
14 5.933951055981908e-09 1.399827651742899e-05 9962
14.5 6.635107091107602e-09 1.520144053723709e-05 10550
15 7.03495750813357e-09 1.698369326598306e-05 11226
15.5 8.073595221157743e-09 1.877722169223187e-05 12146
16 8.430449241450625e-09 1.936196123941248e-05 12303
16.5 8.707483969620245e-09 2.065698434425204e-05 12584
17 8.557746546897034e-09 2.061265655822108e-05 12120
17.5 7.949717549727884e-09 1.882505580924263e-05 11180
18 8.132383419919466e-09 1.963294525093286e-05 11096
18.5 7.363979984908712e-09 1.803055492633423e-05 10056
19 7.392543921204355e-09 1.767796852203902e-05 9716
19.5 6.882000885344284e-09 1.651042231419525e-05 8604
20 6.438142977216453e-09 1.603884646008789e-05 8060
20.5 5.861627059041722e-09 1.441239200489026e-05 7320
21 5.136645058906089e-09 1.278006307182034e-05 6356
21.5 4.493290005907449e-09 1.099688272128617e-05 5348
22 3.733596416560246e-09 9.410444781434688e-06 4308
22.5 3.149375964096676e-09 7.706121502966348e-06 3563
23 2.165031873214028e-09 5.456149857078506e-06 2448
23.5 1.683680584278901e-09 4.204731797567882e-06 1868
24 1.233375011811386e-09 3.098338106526442e-06 1358
24.5 9.961380732661639e-10 2.407795302092358e-06 1062
25 7.548494581537221e-10 1.743773736896791e-06 776
25.5 4.196071501768874e-10 1.004397849505466e-06 432
26 2.149695566830328e-10 3.805626409033173e-07 200
26.5 1.799422695294934e-10 4.161688399445519e-07 168
27 4.520697940213382e-11 1.411049489033711e-07 56
27.5 3.257772453843101e-12 1.451048566629521e-08 7

0.5 5.067101300183259e-13 9.462644847875085e-10 18
1 3.655375089357243e-12 9.38303401810563e-09 62
1.5 6.443375417496692e-12 1.412161668250606e-08 98
2 2.140797536631589e-11 5.493719680168376e-08 210
2.5 4.7835247361542e-11 9.031853323110652e-08 350
3 6.867973032870035e-11 1.51536842037092e-07 450
3.5 1.023552968491878e-10 2.397012507177374e-07 602
4 1.4331045321114e-10 3.274706830788136e-07 762
4.5 2.692370684906898e-10 5.909192651219883e-07 1142
5 3.080037981446664e-10 6.325779786621071e-07 1250
5.5 4.015915543477964e-10 9.28987974854456e-07 1458
6 5.514033310122782e-10 1.138806123980331e-06 1814
6.5 7.030771364861239e-10 1.535678253519593e-06 2178
7 8.359471873528968e-10 1.932978477704023e-06 2498
7.5 8.622389816191419e-10 2.147218307858971e-06 2622
8 1.222871935165091e-09 2.871985921426891e-06 3338
8.5 1.489297308994923e-09 3.470940297147665e-06 3722
9 1.700879831949623e-09 4.061337403174916e-06 4170
9.5 1.854898767187941e-09 4.39465220035897e-06 4358
10 2.255240674961587e-09 5.406266189490575e-06 5034
10.5 2.67523292069273e-09 6.43615130022316e-06 5714
11 3.001658778491552e-09 6.845647291306051e-06 5982
11.5 3.392510180558906e-09 8.198098217540848e-06 6602
12 3.707659859506552e-09 9.311829362318533e-06 7130
12.5 4.215760008162589e-09 1.076049921954365e-05 8034
13 4.792739254235088e-09 1.168128005989012e-05 8606
13.5 5.020837511886061e-09 1.263050304287692e-05 9066
14 5.884594107286271e-09 1.460966369261836e-05 9962
14.5 6.379565254427006e-09 1.561194261196619e-05 10550
15 6.85758150510701e-09 1.750659970717475e-05 11226
15.5 7.917854176480511e-09 1.955710496345588e-05 12146
16 8.28311128972296e-09 2.069177661817711e-05 12303
16.5 8.634462801612772e-09 2.122900979390938e-05 12584
17 8.523879734648356e-09 2.134259206930183e-05 12120
17.5 7.900918572481863e-09 2.024172476424186e-05 11180
18 8.022459263704363e-09 2.048739066171756e-05 11096
18.5 7.293160746371065e-09 1.911919108318279e-05 10056
19 7.251255594536152e-09 1.831600859875162e-05 9716
19.5 6.697746066890271e-09 1.708854713876867e-05 8604
20 6.179807544119563e-09 1.671658155155799e-05 8060
20.5 6.002477771923722e-09 1.533987526155095e-05 7320
21 5.286684919243676e-09 1.321715136213187e-05 6356
21.5 4.473122393052555e-09 1.141664420587784e-05 5348
22 3.719084805945226e-09 9.577736218426007e-06 4308
22.5 3.00927082314514e-09 8.235670443506801e-06 3563
23 2.138487724057294e-09 5.681574181943348e-06 2448
23.5 1.548983539803296e-09 4.588530968834805e-06 1868
24 1.19566657305744e-09 3.27321560941044e-06 1358
24.5 9.085806096631662e-10 2.632328966316028e-06 1062
25 7.181124414800096e-10 2.060210695741742e-06 776
25.5 4.209080367627067e-10 1.013585498761091e-06 432
26 1.919043442920661e-10 6.098058281172949e-07 200
26.5 1.430680051214174e-10 3.442465009227964e-07 168
27 6.49926372710092e-11 1.065758368970691e-07 56
27.5 1.226533684915119e-11 1.229027582134586e-08 7

0.5 8.607056462471649e-13 8.768410367925073e-10 18
1 4.696137256394212e-12 7.94626677294654e-09 62
1.5 7.514872557035131e-12 1.594341151277527e-08 98
2 2.504365032253904e-11 5.181693703365332e-08 210
2.5 5.513523931492525e-11 1.188278199507656e-07 350
3 8.818695516725469e-11 1.447495943603909e-07 450
3.5 1.336714948349961e-10 2.251155405299253e-07 602
4 1.770692684931402e-10 3.485150910364862e-07 762
4.5 2.9609055277126e-10 6.418207095393998e-07 1142
5 3.343871471025775e-10 7.617406358320451e-07 1250
5.5 4.374856606272877e-10 9.029622249787204e-07 1458
6 5.635541809241821e-10 1.211591959312408e-06 1814
6.5 8.018725342943111e-10 1.582345060428309e-06 2178
7 9.214955841975638e-10 1.950404335007969e-06 2498
7.5 1.057906946427465e-09 2.2077670809907e-06 2622
8 1.375461812979362e-09 2.964609663650098e-06 3338
8.5 1.647381518839674e-09 3.765597709176633e-06 3722
9 1.822371652640012e-09 4.250841866253677e-06 4170
9.5 2.070117203227188e-09 4.56337622945522e-06 4358
10 2.549495443747379e-09 5.71769813447448e-06 5034
10.5 2.892936680977611e-09 6.866382493734633e-06 5714
11 3.11739912083567e-09 7.69646430734255e-06 5982
11.5 3.599439343609971e-09 7.999614653777095e-06 6602
12 4.15315380940072e-09 9.946927262188066e-06 7130
12.5 4.727602710334142e-09 1.117351410705049e-05 8034
13 5.314337189941697e-09 1.294416743500733e-05 8606
13.5 5.704373082947419e-09 1.385147693318317e-05 9066
14 6.463389995826674e-09 1.542159386445854e-05 9962
14.5 7.047064869834073e-09 1.697237105902209e-05 10550
15 7.827513905610139e-09 1.902493881812551e-05 11226
15.5 8.40050769454357e-09 2.100137033562106e-05 12146
16 8.879963649274834e-09 2.166261176556716e-05 12303
16.5 9.285418478131945e-09 2.309968037944616e-05 12584
17 9.287862537953615e-09 2.291368021398119e-05 12120
17.5 8.613474954340221e-09 2.249777103017266e-05 11180
18 8.545449598103003e-09 2.25123975742403e-05 11096
18.5 7.953060138313156e-09 2.07916953375033e-05 10056
19 7.846705635615086e-09 2.097275846110737e-05 9716
19.5 7.154174778639757e-09 1.825221410634738e-05 8604
20 6.685812516623214e-09 1.75308735764452e-05 8060
20.5 6.518350461044353e-09 1.677905857162705e-05 7320
21 5.533808232481767e-09 1.448087197729422e-05 6356
21.5 5.032806469085537e-09 1.287028437469813e-05 5348
22 3.905103419566694e-09 1.038059706497294e-05 4308
22.5 3.261445595074027e-09 9.033624174838397e-06 3563
23 2.271178190946885e-09 6.20655827578e-06 2448
23.5 1.850585708858055e-09 5.147793710988163e-06 1868
24 1.293005171244406e-09 3.647569217308542e-06 1358
24.5 1.001860975907413e-09 2.970845220240665e-06 1062
25 7.412760985773237e-10 1.955540669581563e-06 776
25.5 4.742395830131875e-10 1.408250197359032e-06 432
26 2.04375886879262e-10 5.819011896929275e-07 200
26.5 1.571717686243439e-10 6.427853674804223e-07 168
27 9.673633679221989e-11 2.02636822617526e-07 56
27.5 8.196743655200609e-12 3.001875388607822e-08 7

0.5 3.155090497748755e-13 6.99661871563378e-10 18
1 2.825091185844414e-12 7.02951449600871e-09 62
1.5 6.20225868041445e-12 2.266432609918279e-08 98
2 1.594760179644721e-11 5.503617995772127e-08 210
2.5 3.143950992778281e-11 1.008874998135392e-07 350
3 4.517290365344693e-11 2.005380856121895e-07 450
3.5 7.684459430009811e-11 2.850533476643908e-07 602
4 1.154756299383589e-10 4.18906210384606e-07 762
4.5 1.942471622032012e-10 7.108858150078099e-07 1142
5 2.195419287553608e-10 8.596281229125089e-07 1250
5.5 2.725063652676162e-10 1.102822436277074e-06 1458
6 4.070376640372731e-10 1.387262911080464e-06 1814
6.5 5.491796854584671e-10 1.934733175548253e-06 2178
7 6.484387654815599e-10 2.457230836800629e-06 2498
7.5 7.409921292309583e-10 2.636131409280693e-06 2622
8 1.003558157414733e-09 3.653968176908649e-06 3338
8.5 1.143311466927772e-09 4.133914063222619e-06 3722
9 1.361310433087943e-09 5.09770305650087e-06 4170
9.5 1.437939226435023e-09 5.560848812686911e-06 4358
10 1.786993770670922e-09 6.918030053351056e-06 5034
10.5 2.186216663214578e-09 8.08653700072272e-06 5714
11 2.258416556652333e-09 8.911336576436989e-06 5982
11.5 2.61136187014041e-09 1.006153035624387e-05 6602
12 3.071416914300715e-09 1.174182629216456e-05 7130
12.5 3.435308977299584e-09 1.329420904085283e-05 8034
13 3.911937573075511e-09 1.521790940370161e-05 8606
13.5 4.157274775381252e-09 1.662172101634931e-05 9066
14 4.663833641842446e-09 1.842623622243355e-05 9962
14.5 5.231323855111571e-09 2.008326996548527e-05 10550
15 5.778284268546727e-09 2.255151132554158e-05 11226
15.5 6.59942827387918e-09 2.526694093813603e-05 12146
16 6.814700341297328e-09 2.656385454194203e-05 12303
16.5 7.097913062684215e-09 2.848415416598473e-05 12584
17 6.989651123799712e-09 2.754472084739927e-05 12120
17.5 6.67097728166539e-09 2.665328987375448e-05 11180
18 6.777634718271035e-09 2.671644757308822e-05 11096
18.5 6.362420578896319e-09 2.516681814139691e-05 10056
19 6.4008192632789e-09 2.481781212292295e-05 9716
19.5 5.643093850676262e-09 2.269017874870492e-05 8604
20 5.360557227547285e-09 2.129683476863927e-05 8060
20.5 5.096000146967857e-09 2.050761089067123e-05 7320
21 4.570466048584631e-09 1.828555187913383e-05 6356
21.5 3.850845585616036e-09 1.536170064297036e-05 5348
22 3.002964181372412e-09 1.294328344534076e-05 4308
22.5 2.550735579991521e-09 1.093752235084048e-05 3563
23 1.838631023232088e-09 7.497053282790094e-06 2448
23.5 1.486917555697656e-09 6.066645654358502e-06 1868
24 1.083763295497483e-09 4.414417553155647e-06 1358
24.5 8.44279291408154e-10 3.64141119866709e-06 1062
25 6.326693742422275e-10 2.756350747032543e-06 776
25.5 3.398827886140621e-10 1.416517841859707e-06 432
26 1.667134886712934e-10 7.7212958170956e-07 200
26.5 1.248620985800741e-10 5.673994017108432e-07 168
27 5.176773978232653e-11 2.503645516452592e-07 56
27.5 7.566397432158891e-12 3.982041671386802e-08 7

