1:binCentralValue 2:valuesAverage 3:multiplicity
0.5 0 18
1 0 62
1.5 0 98
2 0 210
2.5 0 350
3 0 450
3.5 0 602
4 0 762
4.5 0 1142
5 0 1250
5.5 0 1458
6 0 1814
6.5 0 2178
7 0 2498
7.5 0 2622
8 0 3338
8.5 0 3722
9 0 4170
9.5 0 4358
10 0 5034
10.5 0 5714
11 0 5982
11.5 0 6602
12 0 7130
12.5 0 8034
13 0 8606
13.5 0 9066
14 0 9962
14.5 0 10550
15 0 11226
15.5 0 12146
16 0 12303
16.5 0 12584
17 0 12120
17.5 0 11180
18 0 11096
18.5 0 10056
19 0 9716
19.5 0 8604
20 0 8060
20.5 0 7320
21 0 6356
21.5 0 5348
22 0 4308
22.5 0 3563
23 0 2448
23.5 0 1868
24 0 1358
24.5 0 1062
25 0 776
25.5 0 432
26 0 200
26.5 0 168
27 0 56
27.5 0 7

0.5 2.174551368286424e-17 18
1 2.442989650012213e-17 62
1.5 5.613115108881581e-17 98
2 5.780314900108497e-17 210
2.5 1.217910703897062e-16 350
3 1.101637723472961e-16 450
3.5 1.786888199429509e-16 602
4 1.554550727621471e-16 762
4.5 2.596902246283609e-16 1142
5 2.103001859407172e-16 1250
5.5 2.367858213814667e-16 1458
6 3.167783799440515e-16 1814
6.5 3.438742905481405e-16 2178
7 3.360785538864815e-16 2498
7.5 3.677525491660809e-16 2622
8 4.536891337188688e-16 3338
8.5 5.352573088156322e-16 3722
9 5.830387145752389e-16 4170
9.5 5.71783441265731e-16 4358
10 6.767879007515228e-16 5034
10.5 7.60906429745207e-16 5714
11 8.479117358029862e-16 5982
11.5 9.693050284366125e-16 6602
12 1.023539120817917e-15 7130
12.5 1.205954722325869e-15 8034
13 1.377113167463736e-15 8606
13.5 1.509221363593767e-15 9066
14 1.754521660537495e-15 9962
14.5 1.870746948699934e-15 10550
15 2.173132944030501e-15 11226
15.5 2.456695184928929e-15 12146
16 2.576074587312349e-15 12303
16.5 2.709687840598732e-15 12584
17 2.655906392105462e-15 12120
17.5 2.531683708424446e-15 11180
18 2.632789434293953e-15 11096
18.5 2.429366303729609e-15 10056
19 2.481660284341887e-15 9716
19.5 2.244310037813411e-15 8604
20 2.268532449007563e-15 8060
20.5 2.194215435348038e-15 7320
21 2.03115507692115e-15 6356
21.5 1.768511343957846e-15 5348
22 1.510266107264272e-15 4308
22.5 1.372173139948132e-15 3563
23 9.161875003181072e-16 2448
23.5 6.687139960526328e-16 1868
24 4.98049299583907e-16 1358
24.5 3.741106010598166e-16 1062
25 3.049367724601156e-16 776
25.5 1.82068242419499e-16 432
26 6.748373224261959e-17 200
26.5 6.970688631950556e-17 168
27 2.055122979038035e-17 56
27.5 3.074346562581419e-18 7

0.5 1.807886129131436e-17 18
1 2.981314499528344e-17 62
1.5 4.249854696421326e-17 98
2 5.877866985962088e-17 210
2.5 1.062632256671069e-16 350
3 1.409012639146539e-16 450
3.5 1.26997241916539e-16 602
4 1.716672584502439e-16 762
4.5 2.493702401273388e-16 1142
5 2.003743316151414e-16 1250
5.5 2.410395099787432e-16 1458
6 2.958703025686121e-16 1814
6.5 3.347891241328592e-16 2178
7 3.698905239502255e-16 2498
7.5 3.501897006981752e-16 2622
8 4.220324566407596e-16 3338
8.5 4.993613683736069e-16 3722
9 5.102668067228277e-16 4170
9.5 5.42489207259678e-16 4358
10 6.513018420509113e-16 5034
10.5 7.112376755362545e-16 5714
11 7.803452004640007e-16 5982
11.5 9.034242140865338e-16 6602
12 9.33408725697114e-16 7130
12.5 1.172783165104869e-15 8034
13 1.297599348765795e-15 8606
13.5 1.355051517975955e-15 9066
14 1.634340384116114e-15 9962
14.5 1.792875179835434e-15 10550
15 2.02061586364037e-15 11226
15.5 2.323554611448648e-15 12146
16 2.467217831431904e-15 12303
16.5 2.537589157960866e-15 12584
17 2.429485505337373e-15 12120
17.5 2.363029193366207e-15 11180
18 2.357181479050147e-15 11096
18.5 2.307039423501192e-15 10056
19 2.358569172854989e-15 9716
19.5 2.162943319854727e-15 8604
20 2.136029106011334e-15 8060
20.5 2.041819137603727e-15 7320
21 1.829108879725191e-15 6356
21.5 1.646220083344228e-15 5348
22 1.433018955106636e-15 4308
22.5 1.233918090372617e-15 3563
23 8.256905279032722e-16 2448
23.5 5.931418749168486e-16 1868
24 4.565441222639838e-16 1358
24.5 3.772677941656884e-16 1062
25 3.01456598107895e-16 776
25.5 1.794279566001967e-16 432
26 7.701538311922907e-17 200
26.5 8.236416116160442e-17 168
27 2.782464707068239e-17 56
27.5 5.089543538161335e-18 7

0.5 6.062477184642669e-18 18
1 5.781721264331688e-17 62
1.5 4.803645567882265e-17 98
2 6.659311306321449e-17 210
2.5 1.406040995678875e-16 350
3 1.477799235590576e-16 450
3.5 1.413840898322119e-16 602
4 1.309964565425858e-16 762
4.5 2.525975135422777e-16 1142
5 1.704865647683922e-16 1250
5.5 2.346302646092054e-16 1458
6 2.982154012656476e-16 1814
6.5 3.030798908515496e-16 2178
7 3.464969046057043e-16 2498
7.5 3.825124545331951e-16 2622
8 4.822307442246763e-16 3338
8.5 5.121439663576423e-16 3722
9 5.364155642704284e-16 4170
9.5 5.732113536914358e-16 4358
10 6.841473945901164e-16 5034
10.5 7.364540059165817e-16 5714
11 8.179077852578654e-16 5982
11.5 9.121687729478695e-16 6602
12 1.025614677547025e-15 7130
12.5 1.205788488837121e-15 8034
13 1.328616635068477e-15 8606
13.5 1.502564895642119e-15 9066
14 1.695782531946228e-15 9962
14.5 1.948105787674216e-15 10550
15 2.163334678701423e-15 11226
15.5 2.465230893309302e-15 12146
16 2.530217504636112e-15 12303
16.5 2.747033618327587e-15 12584
17 2.716079651375754e-15 12120
17.5 2.510451888359197e-15 11180
18 2.607227528422577e-15 11096
18.5 2.40497017997385e-15 10056
19 2.442140130082069e-15 9716
19.5 2.210401188733215e-15 8604
20 2.203990970451848e-15 8060
20.5 2.133426423803356e-15 7320
21 1.86736978506472e-15 6356
21.5 1.67190565173109e-15 5348
22 1.411781736796032e-15 4308
22.5 1.245205829397896e-15 3563
23 8.104800432878902e-16 2448
23.5 5.85870489989765e-16 1868
24 4.336931050029894e-16 1358
24.5 3.471919682062644e-16 1062
25 2.810134871430198e-16 776
25.5 1.654365710846574e-16 432
26 7.583252480223975e-17 200
26.5 7.157386892596319e-17 168
27 2.678231814958521e-17 56
27.5 3.570578920297605e-18 7

0.5 1.339787975912455e-17 18
1 6.511783667072224e-17 62
1.5 2.919008353083407e-17 98
2 6.253315219656897e-17 210
2.5 1.645635258247417e-16 350
3 1.488512003128146e-16 450
3.5 1.640483453813184e-16 602
4 1.623000891809041e-16 762
4.5 2.831843877766408e-16 1142
5 1.769531980039346e-16 1250
5.5 2.467604432365264e-16 1458
6 3.202649493508905e-16 1814
6.5 3.356941933488527e-16 2178
7 3.815833274367669e-16 2498
7.5 3.645054173063294e-16 2622
8 4.407280374395946e-16 3338
8.5 4.691087421799506e-16 3722
9 5.300981050301843e-16 4170
9.5 5.474683793543442e-16 4358
10 6.506184827521406e-16 5034
10.5 7.344778916527373e-16 5714
11 7.735522784490054e-16 5982
11.5 8.864471056203642e-16 6602
12 9.779529173221128e-16 7130
12.5 1.159001715972005e-15 8034
13 1.332434694036252e-15 8606
13.5 1.48477436737404e-15 9066
14 1.699114698113198e-15 9962
14.5 1.9411848626423e-15 10550
15 2.15667342444485e-15 11226
15.5 2.48164937330485e-15 12146
16 2.578417027949194e-15 12303
16.5 2.729235082580481e-15 12584
17 2.697619576793276e-15 12120
17.5 2.551055664716682e-15 11180
18 2.581451172754981e-15 11096
18.5 2.44783412831086e-15 10056
19 2.462105077496593e-15 9716
19.5 2.327636139754861e-15 8604
20 2.230792024072441e-15 8060
20.5 2.091176846791071e-15 7320
21 1.887214010436181e-15 6356
21.5 1.674746424432649e-15 5348
22 1.427880698722743e-15 4308
22.5 1.232523914205441e-15 3563
23 8.123228447803862e-16 2448
23.5 5.941992283521982e-16 1868
24 4.334569222291287e-16 1358
24.5 3.595960901152311e-16 1062
25 2.899632656157e-16 776
25.5 1.87887369967895e-16 432
26 8.012863343261952e-17 200
26.5 6.159838872683254e-17 168
27 2.666013824771632e-17 56
27.5 3.209063879734634e-18 7

0.5 1.128644709879875e-16 18
1 6.425367541136136e-16 62
1.5 1.682014733648923e-15 98
2 1.476834621765457e-15 210
2.5 3.719079508715243e-15 350
3 2.572647698125726e-15 450
3.5 3.548166002212602e-15 602
4 7.809949377541749e-16 762
4.5 2.0752583444611e-15 1142
5 1.040809266817665e-15 1250
5.5 3.480629356208698e-16 1458
6 5.049808012979393e-16 1814
6.5 4.901153981685971e-16 2178
7 4.89742487855559e-16 2498
7.5 5.07928645513126e-16 2622
8 6.454592951078236e-16 3338
8.5 6.883520832655978e-16 3722
9 6.862807265984142e-16 4170
9.5 7.827560117545898e-16 4358
10 9.535387484583178e-16 5034
10.5 9.881955333788788e-16 5714
11 1.109486726872702e-15 5982
11.5 1.287266341279498e-15 6602
12 1.460066889856479e-15 7130
12.5 1.704063339363455e-15 8034
13 2.044964027994201e-15 8606
13.5 2.430574528676709e-15 9066
14 2.878342285652248e-15 9962
14.5 3.250525952080061e-15 10550
15 3.681191281933542e-15 11226
15.5 4.307623863802321e-15 12146
16 4.69331934701307e-15 12303
16.5 5.039102033578742e-15 12584
17 5.061456114376174e-15 12120
17.5 4.763991806520236e-15 11180
18 4.943493514396867e-15 11096
18.5 4.429555323156966e-15 10056
19 4.210548210270134e-15 9716
19.5 3.691579466810382e-15 8604
20 3.388139577626839e-15 8060
20.5 3.040453012569615e-15 7320
21 2.482780581480688e-15 6356
21.5 2.130351294738561e-15 5348
22 1.692700416253736e-15 4308
22.5 1.347658439915406e-15 3563
23 8.081082415554822e-16 2448
23.5 5.927865460821592e-16 1868
24 4.498613807254214e-16 1358
24.5 3.551378753894335e-16 1062
25 2.929574627174411e-16 776
25.5 1.645628050323158e-16 432
26 7.964640486435812e-17 200
26.5 6.339611121798741e-17 168
27 2.459535673906531e-17 56
27.5 2.720371056433137e-18 7

0.5 8.321269271426111e-17 18
1 2.038853950526761e-15 62
1.5 1.98200677356163e-15 98
2 1.582758910426374e-15 210
2.5 7.931273825977723e-15 350
3 4.62307561297537e-15 450
3.5 3.171588024428376e-15 602
4 4.160111801488545e-15 762
4.5 2.999409400660491e-15 1142
5 1.114469548665964e-15 1250
5.5 8.859379952638828e-16 1458
6 6.938818912246206e-16 1814
6.5 6.16014267146355e-16 2178
7 6.747163729202126e-16 2498
7.5 8.075156330275131e-16 2622
8 8.600251512410384e-16 3338
8.5 7.886543880034302e-16 3722
9 9.29476977462767e-16 4170
9.5 1.057871294226786e-15 4358
10 1.152179994200099e-15 5034
10.5 1.159697203290894e-15 5714
11 1.329122449983863e-15 5982
11.5 1.738813672549681e-15 6602
12 1.978980009288071e-15 7130
12.5 2.27489665885129e-15 8034
13 2.696783335751161e-15 8606
13.5 3.321163532261932e-15 9066
14 4.113653469536373e-15 9962
14.5 4.494130394065027e-15 10550
15 5.160068250692474e-15 11226
15.5 6.069337791663813e-15 12146
16 6.688452152697418e-15 12303
16.5 7.248622751071478e-15 12584
17 7.248987052618805e-15 12120
17.5 6.742888259600089e-15 11180
18 7.066540481004165e-15 11096
18.5 6.419196834558914e-15 10056
19 6.022805724761226e-15 9716
19.5 5.067395115510169e-15 8604
20 4.442139539050481e-15 8060
20.5 3.865307557328673e-15 7320
21 2.995069086695878e-15 6356
21.5 2.438479044140571e-15 5348
22 1.904840113241264e-15 4308
22.5 1.364673692506895e-15 3563
23 8.339809297205208e-16 2448
23.5 6.079015552611766e-16 1868
24 4.568781202289163e-16 1358
24.5 3.74636145193273e-16 1062
25 3.171109377205745e-16 776
25.5 1.68945458187344e-16 432
26 7.387353737916382e-17 200
26.5 6.778401429531245e-17 168
27 2.334549555558401e-17 56
27.5 3.053242867142746e-18 7

0.5 3.188653984547973e-16 18
1 6.171592894531795e-15 62
1.5 1.129374741725344e-14 98
2 3.585720263692959e-15 210
2.5 2.957693691533945e-14 350
3 1.008107700126137e-14 450
3.5 1.729680810149649e-14 602
4 1.935296030697534e-14 762
4.5 3.732102278081947e-15 1142
5 7.468239976643703e-15 1250
5.5 2.840655199181457e-15 1458
6 1.712228814540155e-15 1814
6.5 1.29347220177586e-15 2178
7 2.400702827119628e-15 2498
7.5 1.253075551304405e-15 2622
8 1.750471813148139e-15 3338
8.5 1.798308444171715e-15 3722
9 1.735634342536896e-15 4170
9.5 1.655289208116216e-15 4358
10 1.929215990433874e-15 5034
10.5 2.142006665174938e-15 5714
11 2.400068791605825e-15 5982
11.5 3.068265916477221e-15 6602
12 3.593996191500168e-15 7130
12.5 4.389000166335721e-15 8034
13 5.182823101390261e-15 8606
13.5 6.298632409232726e-15 9066
14 7.917116639923158e-15 9962
14.5 9.397969215817825e-15 10550
15 1.087426356815999e-14 11226
15.5 1.319238410593352e-14 12146
16 1.470919913209035e-14 12303
16.5 1.563729061685307e-14 12584
17 1.574053466623722e-14 12120
17.5 1.468414566142012e-14 11180
18 1.549889946675228e-14 11096
18.5 1.400082278179291e-14 10056
19 1.320158484226452e-14 9716
19.5 1.058279722206137e-14 8604
20 8.807080823330161e-15 8060
20.5 7.225657776171837e-15 7320
21 5.29088992249743e-15 6356
21.5 3.861483215470448e-15 5348
22 2.679080885480168e-15 4308
22.5 1.808739900333489e-15 3563
23 9.496486223573335e-16 2448
23.5 6.566439647954407e-16 1868
24 4.728002543273865e-16 1358
24.5 3.845156446502425e-16 1062
25 3.097994603467549e-16 776
25.5 1.914432719583173e-16 432
26 7.325323676890417e-17 200
26.5 7.348100667164187e-17 168
27 2.395304694659432e-17 56
27.5 2.974718390903793e-18 7

0.5 2.718623642965608e-13 18
1 1.088253971185896e-12 62
1.5 2.473422196955386e-12 98
2 2.055947520307982e-12 210
2.5 3.804395262213423e-12 350
3 2.385631829309117e-12 450
3.5 2.458991259623441e-12 602
4 1.827577683874091e-12 762
4.5 3.012803562344655e-12 1142
5 1.256042114951824e-12 1250
5.5 3.139770092033453e-12 1458
6 3.113867230029031e-12 1814
6.5 3.416052227926708e-12 2178
7 2.834578986695021e-12 2498
7.5 3.178527902845297e-12 2622
8 2.347496653749732e-12 3338
8.5 2.813029770037436e-12 3722
9 2.796161961760606e-12 4170
9.5 3.039266385567305e-12 4358
10 3.338207074532863e-12 5034
10.5 3.830694379161109e-12 5714
11 4.127704463638866e-12 5982
11.5 4.588790573914756e-12 6602
12 5.782070020299985e-12 7130
12.5 6.627146613777791e-12 8034
13 8.387420986060429e-12 8606
13.5 9.583553073216871e-12 9066
14 1.113830595367455e-11 9962
14.5 1.346207825033211e-11 10550
15 1.578948629343729e-11 11226
15.5 2.040212474416624e-11 12146
16 2.198580022154448e-11 12303
16.5 2.164782111512773e-11 12584
17 2.109667628646819e-11 12120
17.5 2.131692638211108e-11 11180
18 2.092866245366972e-11 11096
18.5 1.761057839337537e-11 10056
19 1.703523772850866e-11 9716
19.5 1.58137498573755e-11 8604
20 1.565870630452151e-11 8060
20.5 1.485445061752002e-11 7320
21 1.371759510958003e-11 6356
21.5 1.253458967257465e-11 5348
22 9.990984434408505e-12 4308
22.5 7.627780508484014e-12 3563
23 3.514088804805822e-12 2448
23.5 2.080138348594324e-12 1868
24 1.244598289105e-12 1358
24.5 1.154530184403668e-12 1062
25 9.911557326582479e-13 776
25.5 4.946577840366678e-13 432
26 2.21113937745502e-13 200
26.5 1.196522444673504e-13 168
27 3.542198737738839e-14 56
27.5 3.043261892997553e-15 7

0.5 4.636498147117448e-12 18
1 5.676355054066381e-11 62
1.5 5.232696776976565e-11 98
2 1.981120128018357e-10 210
2.5 1.749232232961625e-10 350
3 1.4867166097124e-10 450
3.5 1.043279042295528e-10 602
4 1.420957615742501e-10 762
4.5 6.420266371619505e-11 1142
5 1.332370651728551e-10 1250
5.5 4.204985890132436e-11 1458
6 7.343348474666416e-11 1814
6.5 5.759207549158839e-11 2178
7 4.147447481103931e-11 2498
7.5 5.235800659178768e-11 2622
8 3.708776253102226e-11 3338
8.5 4.44367756960073e-11 3722
9 3.840675107438224e-11 4170
9.5 3.890554503696506e-11 4358
10 4.18859461415944e-11 5034
10.5 4.323726531916603e-11 5714
11 4.780422628440006e-11 5982
11.5 5.250033461009511e-11 6602
12 5.869657968838367e-11 7130
12.5 6.966384749168395e-11 8034
13 7.737119960784478e-11 8606
13.5 8.852565420080612e-11 9066
14 1.051989478068262e-10 9962
14.5 1.157591895055782e-10 10550
15 1.370143301231259e-10 11226
15.5 1.52416706684288e-10 12146
16 1.651867837946711e-10 12303
16.5 1.735664920135198e-10 12584
17 1.741493992842064e-10 12120
17.5 1.669845912148063e-10 11180
18 1.83535202514772e-10 11096
18.5 1.828008067979244e-10 10056
19 1.889962295734455e-10 9716
19.5 1.828312724548738e-10 8604
20 1.804142697083766e-10 8060
20.5 1.781431645050813e-10 7320
21 1.708164878635418e-10 6356
21.5 1.636391460279463e-10 5348
22 1.35268883863288e-10 4308
22.5 1.094498904251928e-10 3563
23 7.837469587855109e-11 2448
23.5 6.026626075440727e-11 1868
24 4.480753629183476e-11 1358
24.5 4.26651236865836e-11 1062
25 2.908474629337204e-11 776
25.5 1.403152554738441e-11 432
26 6.370839123441685e-12 200
26.5 6.22166752459137e-12 168
27 2.217036087980455e-12 56
27.5 2.320640273166206e-13 7

0.5 2.259809869823257e-11 18
1 3.626477480790409e-10 62
1.5 3.077697113528212e-10 98
2 7.888420342250602e-10 210
2.5 2.157516545370922e-09 350
3 5.427106120511141e-10 450
3.5 1.709737385313957e-09 602
4 7.616696361386225e-10 762
4.5 9.017550186864677e-10 1142
5 8.781005768664798e-10 1250
5.5 5.254617281095834e-10 1458
6 5.100943310010942e-10 1814
6.5 4.926199115118316e-10 2178
7 4.213284629328123e-10 2498
7.5 3.081709389179832e-10 2622
8 3.93357885266335e-10 3338
8.5 3.432951783997993e-10 3722
9 3.028419355159491e-10 4170
9.5 3.355889355362185e-10 4358
10 3.26260875155464e-10 5034
10.5 3.500490426412363e-10 5714
11 3.679958421134612e-10 5982
11.5 3.992259372026796e-10 6602
12 4.320212895379804e-10 7130
12.5 5.192774171801803e-10 8034
13 5.786522513027098e-10 8606
13.5 6.131274240118517e-10 9066
14 7.087817969303069e-10 9962
14.5 8.262242561373229e-10 10550
15 9.324241528541047e-10 11226
15.5 1.078676213180805e-09 12146
16 1.160714520267663e-09 12303
16.5 1.186400717695242e-09 12584
17 1.169888913760165e-09 12120
17.5 1.125180785441908e-09 11180
18 1.156665688454505e-09 11096
18.5 1.119443531299346e-09 10056
19 1.139445848548357e-09 9716
19.5 1.100995180757757e-09 8604
20 1.091909420288507e-09 8060
20.5 1.097823799285774e-09 7320
21 1.000759304855842e-09 6356
21.5 9.214028400238978e-10 5348
22 7.54716884498077e-10 4308
22.5 6.812249818079246e-10 3563
23 4.744492492631452e-10 2448
23.5 3.7779793627168e-10 1868
24 2.927984858082845e-10 1358
24.5 2.324070991514414e-10 1062
25 1.77644385422769e-10 776
25.5 9.865877381504083e-11 432
26 4.342079998206396e-11 200
26.5 3.288896524502684e-11 168
27 1.011176210974987e-11 56
27.5 1.598641736920238e-12 7

0.5 1.083760950660573e-10 18
1 1.624246042042432e-09 62
1.5 1.122319736360719e-09 98
2 1.872266570049912e-09 210
2.5 1.61196567481692e-08 350
3 1.894928715666024e-09 450
3.5 6.275612762161292e-09 602
4 3.797395031643589e-09 762
4.5 1.653441502085598e-09 1142
5 4.329349826174578e-09 1250
5.5 1.164200502802418e-09 1458
6 1.304291553763984e-09 1814
6.5 1.945563448078462e-09 2178
7 9.039539489781417e-10 2498
7.5 9.640300808006471e-10 2622
8 1.233335494154634e-09 3338
8.5 8.898473682757535e-10 3722
9 9.292419472399683e-10 4170
9.5 9.483326361936212e-10 4358
10 9.637975615657412e-10 5034
10.5 1.031992875435268e-09 5714
11 1.086035821680324e-09 5982
11.5 1.184849351136289e-09 6602
12 1.235683326410212e-09 7130
12.5 1.453549196389737e-09 8034
13 1.597417284920618e-09 8606
13.5 1.75781971135347e-09 9066
14 1.997827633708556e-09 9962
14.5 2.311176552808195e-09 10550
15 2.596184653600542e-09 11226
15.5 2.927255351033073e-09 12146
16 3.113244020258654e-09 12303
16.5 3.180860847579009e-09 12584
17 3.069335259189353e-09 12120
17.5 2.83467778440879e-09 11180
18 2.929370517308161e-09 11096
18.5 2.841173602672384e-09 10056
19 2.890005833976029e-09 9716
19.5 2.707452963125222e-09 8604
20 2.608672962104024e-09 8060
20.5 2.592510924994249e-09 7320
21 2.430263681528506e-09 6356
21.5 2.219864385657032e-09 5348
22 1.783976804802807e-09 4308
22.5 1.649403048365261e-09 3563
23 1.127894863131232e-09 2448
23.5 8.572050349944114e-10 1868
24 6.598803105900229e-10 1358
24.5 5.025255673002618e-10 1062
25 3.807796960699977e-10 776
25.5 2.386338143406762e-10 432
26 9.848622542329361e-11 200
26.5 8.872622546533443e-11 168
27 1.926982831213686e-11 56
27.5 2.89160103562735e-12 7

0.5 5.816357686882357e-10 18
1 1.014706268956247e-08 62
1.5 2.263451164945376e-09 98
2 9.158672059720527e-09 210
2.5 7.14701817007026e-08 350
3 5.376352557741159e-09 450
3.5 1.888836161372598e-08 602
4 9.054226912299432e-09 762
4.5 3.137144627422391e-09 1142
5 9.32705390266356e-09 1250
5.5 2.183362395818186e-09 1458
6 2.488069014071591e-09 1814
6.5 3.861676041863283e-09 2178
7 1.64518035621592e-09 2498
7.5 1.871383279723727e-09 2622
8 2.395589130296573e-09 3338
8.5 1.612422403724556e-09 3722
9 1.822781433101283e-09 4170
9.5 1.828260348948438e-09 4358
10 1.873321590147342e-09 5034
10.5 1.994116072899514e-09 5714
11 2.081727719118255e-09 5982
11.5 2.25709899681956e-09 6602
12 2.408473414545792e-09 7130
12.5 2.842949632981145e-09 8034
13 3.175777922995639e-09 8606
13.5 3.312911883500524e-09 9066
14 3.840810090331823e-09 9962
14.5 4.353415720607372e-09 10550
15 4.93181599878078e-09 11226
15.5 5.67329678686078e-09 12146
16 5.912891277151071e-09 12303
16.5 6.011244692417687e-09 12584
17 5.836847894555082e-09 12120
17.5 5.368008186654072e-09 11180
18 5.366592346374423e-09 11096
18.5 5.102844739919604e-09 10056
19 4.914647812858655e-09 9716
19.5 4.700649875930069e-09 8604
20 4.541884474354114e-09 8060
20.5 4.536555857201677e-09 7320
21 4.088072193355861e-09 6356
21.5 3.653486093171753e-09 5348
22 3.019978044982836e-09 4308
22.5 2.64574954064416e-09 3563
23 1.822428687325044e-09 2448
23.5 1.450491582360608e-09 1868
24 1.086879540944817e-09 1358
24.5 8.400706053267686e-10 1062
25 6.254728959283661e-10 776
25.5 3.464594311304761e-10 432
26 1.588746370774997e-10 200
26.5 1.134413834561015e-10 168
27 4.020062462560083e-11 56
27.5 4.024216172926924e-12 7

0.5 9.714733546505974e-10 18
1 3.697725990901246e-08 62
1.5 3.788878679961206e-09 98
2 1.770079713530351e-08 210
2.5 1.470545901664095e-07 350
3 7.276413336582325e-09 450
3.5 3.995852352893167e-08 602
4 1.516655826275325e-08 762
4.5 4.826185759887921e-09 1142
5 1.524725247258955e-08 1250
5.5 2.922085860236383e-09 1458
6 3.47729936757041e-09 1814
6.5 5.830504241253735e-09 2178
7 2.360646918790232e-09 2498
7.5 2.810722390657047e-09 2622
8 3.535393749907997e-09 3338
8.5 2.566650209576304e-09 3722
9 2.828484002119588e-09 4170
9.5 2.826138937665273e-09 4358
10 2.981297441096709e-09 5034
10.5 3.220734848257601e-09 5714
11 3.355728656426377e-09 5982
11.5 3.58114430774139e-09 6602
12 3.864390196891071e-09 7130
12.5 4.480715162862552e-09 8034
13 4.934895258409644e-09 8606
13.5 5.328627455056581e-09 9066
14 6.200181742690843e-09 9962
14.5 6.938929335400102e-09 10550
15 7.859593781090466e-09 11226
15.5 8.852228211072724e-09 12146
16 9.38003886333622e-09 12303
16.5 9.681392561595832e-09 12584
17 9.136500482055043e-09 12120
17.5 8.606692828299823e-09 11180
18 8.490818217092716e-09 11096
18.5 7.725017265839097e-09 10056
19 7.65816618918729e-09 9716
19.5 7.013633542053453e-09 8604
20 6.744279522102018e-09 8060
20.5 6.536897782145903e-09 7320
21 5.94874144040634e-09 6356
21.5 5.296130493826379e-09 5348
22 4.518703431745502e-09 4308
22.5 3.835252931856426e-09 3563
23 2.709832855058994e-09 2448
23.5 2.035958695347643e-09 1868
24 1.478106244427212e-09 1358
24.5 1.158805627499215e-09 1062
25 8.156961329793039e-10 776
25.5 4.865477172321163e-10 432
26 2.327292044322514e-10 200
26.5 1.834950413616374e-10 168
27 7.457281942549932e-11 56
27.5 6.616655836529173e-12 7

0.5 1.841380925296017e-09 18
1 9.833926074026192e-08 62
1.5 7.973084795025702e-09 98
2 2.353431783912179e-08 210
2.5 1.697809716352106e-07 350
3 1.030511439953695e-08 450
3.5 5.928657025242397e-08 602
4 1.808911733668199e-08 762
4.5 5.670353946996572e-09 1142
5 2.212381835134444e-08 1250
5.5 3.714456080397555e-09 1458
6 4.814469397762452e-09 1814
6.5 8.338257021448581e-09 2178
7 3.1151540500307e-09 2498
7.5 3.77921352430931e-09 2622
8 4.993002658389361e-09 3338
8.5 3.440664543675908e-09 3722
9 3.881945269415395e-09 4170
9.5 4.047111745333446e-09 4358
10 4.047578252150716e-09 5034
10.5 4.472634447252517e-09 5714
11 4.620975844940113e-09 5982
11.5 5.081833806863986e-09 6602
12 5.38025254711791e-09 7130
12.5 6.245828953498796e-09 8034
13 6.920268955904703e-09 8606
13.5 7.60885695208161e-09 9066
14 8.686632777027006e-09 9962
14.5 9.648659414171806e-09 10550
15 1.089251999050941e-08 11226
15.5 1.223200672785107e-08 12146
16 1.310916486628989e-08 12303
16.5 1.364811995388776e-08 12584
17 1.304881724687507e-08 12120
17.5 1.230326201789467e-08 11180
18 1.164770160191734e-08 11096
18.5 1.088183514148507e-08 10056
19 1.067287183359074e-08 9716
19.5 9.621985102635925e-09 8604
20 9.030655566111068e-09 8060
20.5 8.84843415379683e-09 7320
21 8.054537395781264e-09 6356
21.5 7.124741306815026e-09 5348
22 5.873144895252695e-09 4308
22.5 4.981502309770285e-09 3563
23 3.308769829023172e-09 2448
23.5 2.558517360574876e-09 1868
24 1.897073725457061e-09 1358
24.5 1.507462523417779e-09 1062
25 1.077016689103795e-09 776
25.5 6.047472502377861e-10 432
26 2.983311490460961e-10 200
26.5 2.415598608019889e-10 168
27 1.05450121287053e-10 56
27.5 8.341093609437155e-12 7

0.5 5.575077112600064e-10 18
1 1.461227794184149e-07 62
1.5 2.890352062852622e-08 98
2 6.98774529675055e-08 210
2.5 4.167430668006954e-07 350
3 1.368617533161404e-08 450
3.5 7.950070435049537e-08 602
4 2.159009207847636e-08 762
4.5 7.459437701283776e-09 1142
5 2.594574673326518e-08 1250
5.5 4.579245492878158e-09 1458
6 5.844944516466219e-09 1814
6.5 1.00676124684642e-08 2178
7 3.909337246157446e-09 2498
7.5 4.760136029706271e-09 2622
8 6.304516989306194e-09 3338
8.5 4.475551212235734e-09 3722
9 4.908455060453786e-09 4170
9.5 5.186974430562939e-09 4358
10 5.290804151263225e-09 5034
10.5 5.791085382824846e-09 5714
11 6.118057887282498e-09 5982
11.5 6.682459003929165e-09 6602
12 7.287409853227643e-09 7130
12.5 8.376214162078332e-09 8034
13 9.32578632055838e-09 8606
13.5 1.017815929095064e-08 9066
14 1.15309911928833e-08 9962
14.5 1.315843812270433e-08 10550
15 1.460578803469774e-08 11226
15.5 1.66914798158396e-08 12146
16 1.81324345149093e-08 12303
16.5 1.849691358198349e-08 12584
17 1.783183110038794e-08 12120
17.5 1.637408290869065e-08 11180
18 1.594867430475403e-08 11096
18.5 1.463246042345297e-08 10056
19 1.411351799793084e-08 9716
19.5 1.280698524263893e-08 8604
20 1.225853455160341e-08 8060
20.5 1.155510198247636e-08 7320
21 1.055988076983572e-08 6356
21.5 9.279841461195199e-09 5348
22 7.537210549499212e-09 4308
22.5 6.21473032675465e-09 3563
23 4.409602973626797e-09 2448
23.5 3.253537860514419e-09 1868
24 2.26905948040556e-09 1358
24.5 1.907223177937194e-09 1062
25 1.328170537274996e-09 776
25.5 8.164836708325974e-10 432
26 3.716249740242012e-10 200
26.5 2.946680656255185e-10 168
27 1.219400020832111e-10 56
27.5 7.732155138103175e-12 7

0.5 8.716255229246936e-10 18
1 2.717583900311739e-07 62
1.5 2.715855386986614e-08 98
2 1.051558785458311e-07 210
2.5 6.571821217525251e-07 350
3 1.923195559100021e-08 450
3.5 1.0813682139191e-07 602
4 2.664565859808355e-08 762
4.5 1.015180744970122e-08 1142
5 3.483079563066646e-08 1250
5.5 5.514326226600049e-09 1458
6 7.161003299283845e-09 1814
6.5 1.225557333812197e-08 2178
7 5.042342936350439e-09 2498
7.5 6.097375005586278e-09 2622
8 7.72329845184126e-09 3338
8.5 5.706600730219048e-09 3722
9 6.625292035395301e-09 4170
9.5 6.748062256270148e-09 4358
10 7.031083749449672e-09 5034
10.5 7.626358886498578e-09 5714
11 8.318871744034433e-09 5982
11.5 9.027502683416998e-09 6602
12 9.899087950995804e-09 7130
12.5 1.128585444329962e-08 8034
13 1.250424413673153e-08 8606
13.5 1.408014526603428e-08 9066
14 1.625585518984912e-08 9962
14.5 1.838695424314041e-08 10550
15 2.065866404333692e-08 11226
15.5 2.311482278534513e-08 12146
16 2.494443493047512e-08 12303
16.5 2.558823966990276e-08 12584
17 2.491503495294697e-08 12120
17.5 2.257699358791758e-08 11180
18 2.156766811902127e-08 11096
18.5 1.94902026805273e-08 10056
19 1.88243506851318e-08 9716
19.5 1.714184314047847e-08 8604
20 1.631487670920624e-08 8060
20.5 1.560800786135049e-08 7320
21 1.390085000418852e-08 6356
21.5 1.235293450584017e-08 5348
22 1.009975180782343e-08 4308
22.5 8.371822679348338e-09 3563
23 5.66951817723849e-09 2448
23.5 4.268357388071969e-09 1868
24 3.101590342411635e-09 1358
24.5 2.370855112149257e-09 1062
25 1.622399648927275e-09 776
25.5 9.38900214985297e-10 432
26 4.319283268531244e-10 200
26.5 3.550192800570214e-10 168
27 1.33215763847399e-10 56
27.5 8.330401194990112e-12 7

0.5 1.049189126169801e-09 18
1 4.525406001598481e-07 62
1.5 6.031825638796944e-08 98
2 9.580258623086098e-08 210
2.5 5.209839915369801e-07 350
3 2.527192441404225e-08 450
3.5 1.483502011914733e-07 602
4 2.77427267614735e-08 762
4.5 1.063669799861497e-08 1142
5 3.673637043162522e-08 1250
5.5 6.655298581184084e-09 1458
6 8.974296325226769e-09 1814
6.5 1.439387461676784e-08 2178
7 5.926748082691827e-09 2498
7.5 7.290459278562472e-09 2622
8 9.44288002023589e-09 3338
8.5 7.103851030288101e-09 3722
9 7.754127869290252e-09 4170
9.5 7.819881359340318e-09 4358
10 8.486678395382304e-09 5034
10.5 9.393221315536832e-09 5714
11 1.040338057102288e-08 5982
11.5 1.145758228997085e-08 6602
12 1.213240832393041e-08 7130
12.5 1.428675452989817e-08 8034
13 1.589064123988524e-08 8606
13.5 1.754062356035799e-08 9066
14 2.008909172422604e-08 9962
14.5 2.26199454202014e-08 10550
15 2.593255898525258e-08 11226
15.5 2.893204826249715e-08 12146
16 3.118735894556337e-08 12303
16.5 3.194248982879569e-08 12584
17 3.106182465784994e-08 12120
17.5 2.830453484370636e-08 11180
18 2.738879366014311e-08 11096
18.5 2.453467660845479e-08 10056
19 2.371527170823226e-08 9716
19.5 2.11501789846347e-08 8604
20 2.026119018435578e-08 8060
20.5 1.896626626800675e-08 7320
21 1.698297638510785e-08 6356
21.5 1.453641999749121e-08 5348
22 1.204352174143598e-08 4308
22.5 1.003836595570962e-08 3563
23 6.575597602847944e-09 2448
23.5 4.983203623129163e-09 1868
24 3.614279998481504e-09 1358
24.5 2.752325901351638e-09 1062
25 2.03558490039641e-09 776
25.5 1.197069976734143e-09 432
26 5.235661742509939e-10 200
26.5 4.372147096851354e-10 168
27 1.305896685381073e-10 56
27.5 1.024539181634282e-11 7

0.5 1.420532033085432e-09 18
1 5.207378326567998e-07 62
1.5 1.467685453915266e-07 98
2 2.542797189695436e-07 210
2.5 5.274383371525715e-07 350
3 2.976007423437005e-08 450
3.5 1.740489169801347e-07 602
4 3.095926653333775e-08 762
4.5 1.201708501250233e-08 1142
5 4.662808173159011e-08 1250
5.5 7.267995534080271e-09 1458
6 9.404037594934859e-09 1814
6.5 1.619518417785156e-08 2178
7 6.293473074541488e-09 2498
7.5 7.763550438478604e-09 2622
8 1.032443382833066e-08 3338
8.5 7.709818336928667e-09 3722
9 8.711721721681566e-09 4170
9.5 8.89171236689544e-09 4358
10 9.241245724401901e-09 5034
10.5 1.026699740712323e-08 5714
11 1.096891503787609e-08 5982
11.5 1.27346987081134e-08 6602
12 1.350825546036412e-08 7130
12.5 1.555705732583572e-08 8034
13 1.718981190446057e-08 8606
13.5 1.917532016382248e-08 9066
14 2.170623056576212e-08 9962
14.5 2.419198071384734e-08 10550
15 2.750307389099308e-08 11226
15.5 3.050524213770764e-08 12146
16 3.230840247474095e-08 12303
16.5 3.534296854219466e-08 12584
17 3.395471453550058e-08 12120
17.5 3.034730633384847e-08 11180
18 2.87984835854758e-08 11096
18.5 2.6202172759359e-08 10056
19 2.535273053665142e-08 9716
19.5 2.210477696933949e-08 8604
20 2.132919882774918e-08 8060
20.5 1.981377873695315e-08 7320
21 1.74616202120262e-08 6356
21.5 1.495689941124743e-08 5348
22 1.212483462056906e-08 4308
22.5 1.00956866609034e-08 3563
23 6.405132635661479e-09 2448
23.5 5.128540318666366e-09 1868
24 3.480745418778231e-09 1358
24.5 2.853735211623493e-09 1062
25 1.981670154578366e-09 776
25.5 1.242020605604987e-09 432
26 5.508688163277434e-10 200
26.5 3.944316574708927e-10 168
27 1.192151683225182e-10 56
27.5 1.320442693264919e-11 7

0.5 3.119959969619712e-09 18
1 3.667566620391016e-07 62
1.5 4.078414362970312e-08 98
2 8.839603692109815e-08 210
2.5 1.046846826272696e-06 350
3 7.308561141897314e-08 450
3.5 1.69027453145074e-07 602
4 3.663785580033085e-08 762
4.5 1.255659348125533e-08 1142
5 4.544717648027922e-08 1250
5.5 7.13414563006655e-09 1458
6 9.976729139023895e-09 1814
6.5 1.680465248138652e-08 2178
7 7.044764616975863e-09 2498
7.5 8.930753026457052e-09 2622
8 1.144903807328688e-08 3338
8.5 8.448495744859598e-09 3722
9 9.506408407105844e-09 4170
9.5 9.686551995725133e-09 4358
10 1.025835021761309e-08 5034
10.5 1.159198120902661e-08 5714
11 1.231318782937042e-08 5982
11.5 1.347412859631347e-08 6602
12 1.468427502160773e-08 7130
12.5 1.743856614677706e-08 8034
13 1.877268927778408e-08 8606
13.5 2.067384524123147e-08 9066
14 2.340875821969491e-08 9962
14.5 2.530343939583154e-08 10550
15 2.889637419592873e-08 11226
15.5 3.199769810769421e-08 12146
16 3.400339794961025e-08 12303
16.5 3.670137616691027e-08 12584
17 3.622703686717002e-08 12120
17.5 3.205526663976068e-08 11180
18 3.034893554851315e-08 11096
18.5 2.791183718923401e-08 10056
19 2.669596824713249e-08 9716
19.5 2.344925030481555e-08 8604
20 2.20666679925102e-08 8060
20.5 2.066233875350142e-08 7320
21 1.834586572337254e-08 6356
21.5 1.553052349637626e-08 5348
22 1.265008033069836e-08 4308
22.5 1.001926541757849e-08 3563
23 6.626601278233965e-09 2448
23.5 5.131152332588063e-09 1868
24 3.676238937833961e-09 1358
24.5 2.772991136309097e-09 1062
25 2.038947985746012e-09 776
25.5 1.106513365054645e-09 432
26 5.322767500677994e-10 200
26.5 4.227176329747494e-10 168
27 1.491637225623844e-10 56
27.5 1.921268940094827e-11 7

0.5 3.784433786265049e-09 18
1 2.511311981036738e-07 62
1.5 1.900517854953572e-08 98
2 1.727468438282148e-07 210
2.5 3.077134607899739e-06 350
3 3.610292264194092e-08 450
3.5 2.003498117240083e-07 602
4 3.87289807885633e-08 762
4.5 1.317968509551956e-08 1142
5 5.364462589509784e-08 1250
5.5 9.523774400943802e-09 1458
6 1.242696294297035e-08 1814
6.5 1.884634389314728e-08 2178
7 8.594300523034501e-09 2498
7.5 1.039927316729276e-08 2622
8 1.385263382087149e-08 3338
8.5 1.006726478942569e-08 3722
9 1.172145411895444e-08 4170
9.5 1.230388135689949e-08 4358
10 1.249553949387082e-08 5034
10.5 1.412309332918012e-08 5714
11 1.476786596545728e-08 5982
11.5 1.669960578585778e-08 6602
12 1.793538941840417e-08 7130
12.5 2.076238036006906e-08 8034
13 2.268032913523892e-08 8606
13.5 2.504459662711477e-08 9066
14 2.810332266874048e-08 9962
14.5 3.075905274299809e-08 10550
15 3.435767039267408e-08 11226
15.5 3.902341187926577e-08 12146
16 4.034238715489462e-08 12303
16.5 4.414068700139749e-08 12584
17 4.410533284820844e-08 12120
17.5 3.872596651918403e-08 11180
18 3.692714649789149e-08 11096
18.5 3.363294774527152e-08 10056
19 3.183287201061162e-08 9716
19.5 2.800552350999444e-08 8604
20 2.690037708953624e-08 8060
20.5 2.462834144451782e-08 7320
21 2.162111138724012e-08 6356
21.5 1.848905829805921e-08 5348
22 1.504466164264904e-08 4308
22.5 1.198351092077903e-08 3563
23 7.965092537430947e-09 2448
23.5 5.833983860561465e-09 1868
24 4.522406969405209e-09 1358
24.5 3.186696268098039e-09 1062
25 2.479594888938232e-09 776
25.5 1.443638814432308e-09 432
26 6.212581702090888e-10 200
26.5 5.004737611606895e-10 168
27 1.750754856919744e-10 56
27.5 1.848949436350239e-11 7

0.5 1.139625631507769e-09 18
1 5.427017330827182e-07 62
1.5 1.09180248174994e-07 98
2 7.748480227606067e-08 210
2.5 2.466305444160872e-06 350
3 2.358174023076343e-07 450
3.5 2.534182783283417e-07 602
4 4.544217722789396e-08 762
4.5 1.59902107721041e-08 1142
5 5.92736440927179e-08 1250
5.5 1.01217320112565e-08 1458
6 1.441570924934544e-08 1814
6.5 2.095028892077247e-08 2178
7 9.215591360312268e-09 2498
7.5 1.161167230736359e-08 2622
8 1.493491779434269e-08 3338
8.5 1.132344041107397e-08 3722
9 1.335560337867609e-08 4170
9.5 1.392223128954388e-08 4358
10 1.448900173500945e-08 5034
10.5 1.583430710811046e-08 5714
11 1.704431092125583e-08 5982
11.5 1.891018718603869e-08 6602
12 2.036935670916483e-08 7130
12.5 2.400816659942874e-08 8034
13 2.55653980695063e-08 8606
13.5 2.86660385038806e-08 9066
14 3.235065877712394e-08 9962
14.5 3.519088372120246e-08 10550
15 3.919186746267876e-08 11226
15.5 4.330488713066529e-08 12146
16 4.634599044468428e-08 12303
16.5 4.955735040563919e-08 12584
17 4.957543268389046e-08 12120
17.5 4.377885377566684e-08 11180
18 4.094677228967305e-08 11096
18.5 3.711703056351197e-08 10056
19 3.513871094403502e-08 9716
19.5 3.075993093433817e-08 8604
20 2.937159888323823e-08 8060
20.5 2.765742326498298e-08 7320
21 2.404999633656129e-08 6356
21.5 2.048676313464467e-08 5348
22 1.632332693603799e-08 4308
22.5 1.298544224804334e-08 3563
23 8.263070058969094e-09 2448
23.5 6.333507074659488e-09 1868
24 4.62946052895483e-09 1358
24.5 3.540422633966511e-09 1062
25 2.733466066127552e-09 776
25.5 1.547530870755169e-09 432
26 6.625531839958036e-10 200
26.5 5.779196405944411e-10 168
27 1.962247106041602e-10 56
27.5 1.845834043774102e-11 7

0.5 1.985488289459856e-09 18
1 1.270656474910254e-06 62
1.5 4.894251684928203e-08 98
2 4.40598504614161e-08 210
2.5 1.657083371943889e-06 350
3 4.571190952933262e-08 450
3.5 2.733076248805035e-07 602
4 4.988291036665319e-08 762
4.5 1.492170189976664e-08 1142
5 6.163486486635188e-08 1250
5.5 1.012425038165072e-08 1458
6 1.543322827247582e-08 1814
6.5 2.420159899302922e-08 2178
7 9.849107474480387e-09 2498
7.5 1.363074743300847e-08 2622
8 1.622503165399108e-08 3338
8.5 1.23681914887181e-08 3722
9 1.496824572534356e-08 4170
9.5 1.543204991818415e-08 4358
10 1.575203758487812e-08 5034
10.5 1.76382217093565e-08 5714
11 1.962824663697991e-08 5982
11.5 2.072002524575815e-08 6602
12 2.283962291572106e-08 7130
12.5 2.698009052405994e-08 8034
13 2.972090338267852e-08 8606
13.5 3.356848589689255e-08 9066
14 3.802660690171015e-08 9962
14.5 4.119430197912896e-08 10550
15 4.484314394554454e-08 11226
15.5 4.982088048147089e-08 12146
16 5.255817149058718e-08 12303
16.5 5.730005283723607e-08 12584
17 5.567086119503689e-08 12120
17.5 4.9667664917159e-08 11180
18 4.552352781300164e-08 11096
18.5 4.101886768011904e-08 10056
19 3.91077150581329e-08 9716
19.5 3.433944486296796e-08 8604
20 3.247964589821402e-08 8060
20.5 3.034386990274309e-08 7320
21 2.593328963550332e-08 6356
21.5 2.146736419493207e-08 5348
22 1.723079634453687e-08 4308
22.5 1.359810082254269e-08 3563
23 9.161447308786697e-09 2448
23.5 6.892091086912222e-09 1868
24 4.773241912226564e-09 1358
24.5 3.715573688687941e-09 1062
25 2.853031438556487e-09 776
25.5 1.518153591517297e-09 432
26 6.890627023372729e-10 200
26.5 5.563540120695307e-10 168
27 2.065466658998533e-10 56
27.5 1.6884194269643e-11 7

0.5 1.95937583026802e-09 18
1 2.312690255516172e-06 62
1.5 5.51649404474016e-08 98
2 9.681617808295409e-08 210
2.5 5.625038522031776e-06 350
3 1.529502175632644e-07 450
3.5 2.326452126970246e-07 602
4 5.059274117697185e-08 762
4.5 1.908498125064794e-08 1142
5 7.752670188829202e-08 1250
5.5 1.215299079945857e-08 1458
6 1.781511071643604e-08 1814
6.5 2.609070185993181e-08 2178
7 1.205079473094603e-08 2498
7.5 1.597943321135661e-08 2622
8 1.964193125689029e-08 3338
8.5 1.576031857076131e-08 3722
9 1.919356696115768e-08 4170
9.5 1.843706707188383e-08 4358
10 1.933011902448145e-08 5034
10.5 2.243942427342879e-08 5714
11 2.368910932527349e-08 5982
11.5 2.594223841382201e-08 6602
12 2.915088526649842e-08 7130
12.5 3.428454549355439e-08 8034
13 3.696352503048686e-08 8606
13.5 4.299960609867941e-08 9066
14 4.926561749638296e-08 9962
14.5 5.291305957729079e-08 10550
15 5.892707407949785e-08 11226
15.5 6.455973943863028e-08 12146
16 6.781930120661423e-08 12303
16.5 7.320535591182707e-08 12584
17 6.98316655123811e-08 12120
17.5 6.22601121705823e-08 11180
18 5.894432316353193e-08 11096
18.5 5.252413128914617e-08 10056
19 4.957029286674353e-08 9716
19.5 4.441763334083757e-08 8604
20 4.20922708641608e-08 8060
20.5 3.903781010770727e-08 7320
21 3.415214030566683e-08 6356
21.5 2.866917033278613e-08 5348
22 2.218322108379469e-08 4308
22.5 1.754009123040323e-08 3563
23 1.237324543354876e-08 2448
23.5 8.988896872744513e-09 1868
24 6.217559029050642e-09 1358
24.5 4.921975078364284e-09 1062
25 3.81455834845476e-09 776
25.5 2.009810720219167e-09 432
26 1.057224592796001e-09 200
26.5 8.183152530239434e-10 168
27 2.913092119330222e-10 56
27.5 1.834110784793364e-11 7

0.5 6.622191764463775e-09 18
1 2.610625080119469e-06 62
1.5 2.050616354439742e-07 98
2 1.585891608655091e-07 210
2.5 2.215794360665432e-06 350
3 1.410220040139101e-07 450
3.5 2.944521519144702e-07 602
4 4.714048184361399e-08 762
4.5 1.922944227046232e-08 1142
5 6.353477741623111e-08 1250
5.5 1.220077456853464e-08 1458
6 1.854394318679351e-08 1814
6.5 2.782626582379933e-08 2178
7 1.293641520186707e-08 2498
7.5 1.793192861153725e-08 2622
8 2.029348823359738e-08 3338
8.5 1.638473467003486e-08 3722
9 2.047608738803478e-08 4170
9.5 2.039866815227335e-08 4358
10 2.099256297557396e-08 5034
10.5 2.365617284843001e-08 5714
11 2.520890337446266e-08 5982
11.5 2.719665490015099e-08 6602
12 3.117214206055279e-08 7130
12.5 3.662592110340535e-08 8034
13 4.003970756363286e-08 8606
13.5 4.5206640706796e-08 9066
14 5.243778045066596e-08 9962
14.5 5.628608405479574e-08 10550
15 6.391020533847684e-08 11226
15.5 6.865668421701426e-08 12146
16 7.375871621031261e-08 12303
16.5 7.813651807052351e-08 12584
17 7.491117536815072e-08 12120
17.5 6.635410091843754e-08 11180
18 6.220263020091894e-08 11096
18.5 5.623942845282094e-08 10056
19 5.319281251452712e-08 9716
19.5 4.725356780850733e-08 8604
20 4.554999972530305e-08 8060
20.5 4.220387657286087e-08 7320
21 3.626317594134405e-08 6356
21.5 3.007901164463591e-08 5348
22 2.478450100733932e-08 4308
22.5 1.918963658490366e-08 3563
23 1.280669038902719e-08 2448
23.5 9.515292892521184e-09 1868
24 6.480728879196613e-09 1358
24.5 5.133939256987799e-09 1062
25 3.847606205741586e-09 776
25.5 2.136538277986845e-09 432
26 1.016995907537289e-09 200
26.5 8.231086172809509e-10 168
27 3.522538395747971e-10 56
27.5 2.101757440468314e-11 7

0.5 2.010566692749856e-09 18
1 1.885029378787552e-06 62
1.5 6.417314474282229e-08 98
2 1.326508935427977e-07 210
2.5 1.525503094061783e-06 350
3 4.620376673090405e-08 450
3.5 2.743916514415649e-07 602
4 4.58844243402857e-08 762
4.5 1.978783826127464e-08 1142
5 8.157341349787273e-08 1250
5.5 1.264036145377878e-08 1458
6 2.089926858799214e-08 1814
6.5 2.880298346037148e-08 2178
7 1.236900006826162e-08 2498
7.5 1.79945973902186e-08 2622
8 2.085201739255162e-08 3338
8.5 1.631602932975724e-08 3722
9 2.120547118698049e-08 4170
9.5 2.090086226046557e-08 4358
10 2.079314133849723e-08 5034
10.5 2.476072569178107e-08 5714
11 2.675483458827145e-08 5982
11.5 2.869454689037152e-08 6602
12 3.131304594256307e-08 7130
12.5 3.754355659053666e-08 8034
13 4.062857030569597e-08 8606
13.5 4.506822090168858e-08 9066
14 5.222627179767557e-08 9962
14.5 5.694514684286323e-08 10550
15 6.38010316255373e-08 11226
15.5 6.990489718688601e-08 12146
16 7.497062805346193e-08 12303
16.5 7.979452722843843e-08 12584
17 7.678514693808148e-08 12120
17.5 6.880655753873337e-08 11180
18 6.326168613617663e-08 11096
18.5 5.680040209653617e-08 10056
19 5.417917016216338e-08 9716
19.5 4.735283764271893e-08 8604
20 4.592540647429362e-08 8060
20.5 4.230398674959128e-08 7320
21 3.597833508530161e-08 6356
21.5 3.004473896862927e-08 5348
22 2.549135253531715e-08 4308
22.5 1.948653263430628e-08 3563
23 1.305917626128327e-08 2448
23.5 9.28951168705343e-09 1868
24 6.339877469140415e-09 1358
24.5 5.052580688626566e-09 1062
25 3.932149572847373e-09 776
25.5 2.174361443987887e-09 432
26 9.811114447461123e-10 200
26.5 8.822167734745716e-10 168
27 3.03366519030718e-10 56
27.5 3.350671308078378e-11 7

0.5 5.992181859341227e-09 18
1 1.027226315696693e-06 62
1.5 1.241138984262485e-07 98
2 1.187696792265133e-07 210
2.5 1.97627674847721e-06 350
3 1.425809527779927e-07 450
3.5 3.81464434102115e-07 602
4 6.65499132607705e-08 762
4.5 2.62653694407593e-08 1142
5 8.169908804040258e-08 1250
5.5 1.598455418284141e-08 1458
6 2.564237566627849e-08 1814
6.5 3.332839714446671e-08 2178
7 1.646516421900969e-08 2498
7.5 2.265277507584262e-08 2622
8 2.558175244402502e-08 3338
8.5 1.981941092583534e-08 3722
9 2.62524424202295e-08 4170
9.5 2.554562378852481e-08 4358
10 2.595387740786795e-08 5034
10.5 3.012309019649722e-08 5714
11 3.179744830202566e-08 5982
11.5 3.427972423032627e-08 6602
12 3.923430863813798e-08 7130
12.5 4.490673077869506e-08 8034
13 5.027729747512174e-08 8606
13.5 5.508268778996592e-08 9066
14 6.332476068637653e-08 9962
14.5 6.887509814221997e-08 10550
15 7.648441128982919e-08 11226
15.5 8.613787056659579e-08 12146
16 9.146354595929779e-08 12303
16.5 9.472245851297929e-08 12584
17 9.137000728564128e-08 12120
17.5 8.233540191047835e-08 11180
18 7.528504698423696e-08 11096
18.5 6.898519448223854e-08 10056
19 6.428367578289841e-08 9716
19.5 5.741080759119841e-08 8604
20 5.470328664962112e-08 8060
20.5 5.049367065723334e-08 7320
21 4.493462500602677e-08 6356
21.5 3.646397466680801e-08 5348
22 3.035225168191066e-08 4308
22.5 2.424391065078586e-08 3563
23 1.614797902674208e-08 2448
23.5 1.161436125204755e-08 1868
24 8.347927650368309e-09 1358
24.5 6.26838463932606e-09 1062
25 4.84111009585963e-09 776
25.5 2.660756243606294e-09 432
26 1.405291264152374e-09 200
26.5 1.116935474835389e-09 168
27 3.11138170031169e-10 56
27.5 6.452538817675562e-11 7

0.5 4.515902162105363e-09 18
1 1.207137512495683e-06 62
1.5 5.635111624207362e-08 98
2 1.183057356801843e-07 210
2.5 9.316192980706734e-06 350
3 6.813661765053889e-08 450
3.5 3.331519785740931e-07 602
4 6.832081421216256e-08 762
4.5 2.90752642928574e-08 1142
5 9.879211574967794e-08 1250
5.5 1.70157990066454e-08 1458
6 2.802503996350167e-08 1814
6.5 3.808512962657663e-08 2178
7 1.706650226746503e-08 2498
7.5 2.537142555453054e-08 2622
8 2.811898337593457e-08 3338
8.5 2.200926503672482e-08 3722
9 2.927588068101795e-08 4170
9.5 2.884820708810336e-08 4358
10 2.904066140869807e-08 5034
10.5 3.391276025463207e-08 5714
11 3.63458178043553e-08 5982
11.5 3.892196795427373e-08 6602
12 4.367778922574013e-08 7130
12.5 5.116691401597718e-08 8034
13 5.615866586689624e-08 8606
13.5 6.10947825940345e-08 9066
14 6.964864018419059e-08 9962
14.5 7.550380278310141e-08 10550
15 8.595702727388023e-08 11226
15.5 9.202419051371542e-08 12146
16 1.001640088680629e-07 12303
16.5 1.032809798594373e-07 12584
17 9.86115886026211e-08 12120
17.5 8.747517900612869e-08 11180
18 8.206653097316815e-08 11096
18.5 7.450308271830604e-08 10056
19 6.946777980854008e-08 9716
19.5 6.047209228861221e-08 8604
20 5.857718901436659e-08 8060
20.5 5.40621930976815e-08 7320
21 4.654536506186628e-08 6356
21.5 3.936405920220273e-08 5348
22 3.148869010471628e-08 4308
22.5 2.514545210896012e-08 3563
23 1.693116573345667e-08 2448
23.5 1.241363434294357e-08 1868
24 8.913765303491524e-09 1358
24.5 6.627127315280761e-09 1062
25 5.062747624735749e-09 776
25.5 2.787916244833102e-09 432
26 1.297424816541348e-09 200
26.5 1.02674274622669e-09 168
27 3.250469736261012e-10 56
27.5 9.712581699092288e-11 7

0.5 6.250448398985529e-09 18
1 1.502153293595916e-06 62
1.5 7.868517580194948e-08 98
2 1.297808679045938e-07 210
2.5 6.842793200795441e-06 350
3 9.220353076752891e-08 450
3.5 4.154889540011193e-07 602
4 6.423235507856436e-08 762
4.5 2.893326082661778e-08 1142
5 1.045282725368277e-07 1250
5.5 1.719047431096411e-08 1458
6 2.910620995846279e-08 1814
6.5 3.958421884838193e-08 2178
7 1.826869851644003e-08 2498
7.5 2.606568519659341e-08 2622
8 2.924818835940779e-08 3338
8.5 2.374567606899693e-08 3722
9 3.105329002280284e-08 4170
9.5 3.001241239947842e-08 4358
10 3.04550146518005e-08 5034
10.5 3.495999589593649e-08 5714
11 3.747060638111852e-08 5982
11.5 4.043226094312793e-08 6602
12 4.458594879191347e-08 7130
12.5 5.329689469235476e-08 8034
13 5.76208403456168e-08 8606
13.5 6.40760927290434e-08 9066
14 7.367899820452391e-08 9962
14.5 7.932167939737522e-08 10550
15 9.072520284071918e-08 11226
15.5 9.948112226195018e-08 12146
16 1.052631042132235e-07 12303
16.5 1.102838130871668e-07 12584
17 1.051553742300479e-07 12120
17.5 9.104331782801277e-08 11180
18 8.637153025609893e-08 11096
18.5 7.850438015119728e-08 10056
19 7.471560612583182e-08 9716
19.5 6.337440605016968e-08 8604
20 6.128523318145882e-08 8060
20.5 5.59552955972784e-08 7320
21 4.976390178642357e-08 6356
21.5 4.143276169670591e-08 5348
22 3.339615692129021e-08 4308
22.5 2.598677041797701e-08 3563
23 1.810754600754735e-08 2448
23.5 1.269844725357476e-08 1868
24 9.287787236496246e-09 1358
24.5 6.773322587915408e-09 1062
25 5.400386397061696e-09 776
25.5 2.835310453015509e-09 432
26 1.409187462453632e-09 200
26.5 1.260380100677152e-09 168
27 3.768625837578898e-10 56
27.5 5.181661665916091e-11 7

0.5 1.065203380964402e-08 18
1 1.497846733497183e-06 62
1.5 4.240921010487145e-08 98
2 1.47527071727766e-07 210
2.5 1.798756517212683e-06 350
3 8.28706985732335e-08 450
3.5 3.996204644331667e-07 602
4 8.453879560334366e-08 762
4.5 3.431406780371213e-08 1142
5 1.181106004025321e-07 1250
5.5 2.213122770133433e-08 1458
6 3.399705814635898e-08 1814
6.5 4.44966290476886e-08 2178
7 2.234360254026522e-08 2498
7.5 2.998969828281953e-08 2622
8 3.471826285627088e-08 3338
8.5 2.822019333415354e-08 3722
9 3.582184371644676e-08 4170
9.5 3.490090992788385e-08 4358
10 3.541420774098678e-08 5034
10.5 4.120684345565163e-08 5714
11 4.374979369379815e-08 5982
11.5 4.727614636411034e-08 6602
12 5.169823012045071e-08 7130
12.5 6.141358668108075e-08 8034
13 6.746375169138998e-08 8606
13.5 7.431350279053046e-08 9066
14 8.477870761973129e-08 9962
14.5 9.405513293018508e-08 10550
15 1.049635814402176e-07 11226
15.5 1.170690695240316e-07 12146
16 1.221462214638053e-07 12303
16.5 1.258158111991772e-07 12584
17 1.212774533533734e-07 12120
17.5 1.074614285700989e-07 11180
18 1.012304761339947e-07 11096
18.5 8.939656375199129e-08 10056
19 8.504161813470708e-08 9716
19.5 7.59339208720802e-08 8604
20 7.261102082735279e-08 8060
20.5 6.750527305025219e-08 7320
21 5.887066311219657e-08 6356
21.5 4.93033068546589e-08 5348
22 4.01223241269593e-08 4308
22.5 3.227367887466405e-08 3563
23 2.063473379407974e-08 2448
23.5 1.573943680270152e-08 1868
24 1.109393104720254e-08 1358
24.5 8.851737398842888e-09 1062
25 6.627525015718655e-09 776
25.5 3.710104565014862e-09 432
26 1.479650517204305e-09 200
26.5 1.637050311819215e-09 168
27 5.627270822225068e-10 56
27.5 5.269523317983089e-11 7

