1:binCentralValue 2:valuesAverage 3:valuesAverage 4:multiplicity
0.5 7.023598908380561e-13 7.031530149567166e-13 18
1 7.940033265930032e-12 6.91720758681947e-12 62
1.5 1.523397334766237e-11 3.082974505657671e-11 98
2 2.777870411866989e-11 1.119968015774465e-10 210
2.5 5.142578111292932e-11 3.293473821610804e-10 350
3 6.980212683726947e-11 6.116152237588854e-10 450
3.5 9.524418599340341e-11 1.117664882114449e-09 602
4 1.074052933477754e-10 1.642446546088343e-09 762
4.5 1.652157144770926e-10 3.187444002093789e-09 1142
5 1.971269484914157e-10 4.476350931064091e-09 1250
5.5 2.180773459570139e-10 6.442049650583008e-09 1458
6 2.921215155208249e-10 9.408622279737859e-09 1814
6.5 3.439348667081532e-10 1.339958131398102e-08 2178
7 3.710516278163659e-10 1.812590430126708e-08 2498
7.5 3.886151828992438e-10 2.146476738455315e-08 2622
8 4.960182673754169e-10 3.055339583056017e-08 3338
8.5 5.355832931362514e-10 4.03556491556998e-08 3722
9 6.067283570426219e-10 5.133114237585686e-08 4170
9.5 6.529605209339889e-10 5.893042554333667e-08 4358
10 7.272844535043838e-10 7.443320235510768e-08 5034
10.5 8.377756368720723e-10 9.235909718944619e-08 5714
11 9.172516019728048e-10 1.068859603100202e-07 5982
11.5 9.976095299040173e-10 1.286270086988103e-07 6602
12 1.059017614049837e-09 1.512014545758792e-07 7130
12.5 1.19954846385066e-09 1.87036827169475e-07 8034
13 1.332692403015516e-09 2.151421619707072e-07 8606
13.5 1.372519824460748e-09 2.447816040343599e-07 9066
14 1.517244753729274e-09 2.842162682661988e-07 9962
14.5 1.616133860729947e-09 3.269254999192995e-07 10550
15 1.707321388905291e-09 3.850946911592743e-07 11226
15.5 1.84639757747593e-09 4.42387782880579e-07 12146
16 1.839191626124513e-09 4.67905081867445e-07 12303
16.5 1.923987622018515e-09 5.005208987249355e-07 12584
17 1.840917002092486e-09 5.161709537645637e-07 12120
17.5 1.741599385200789e-09 5.100970072039663e-07 11180
18 1.69977462592599e-09 5.156045736698611e-07 11096
18.5 1.513374831092187e-09 5.15901516475933e-07 10056
19 1.443330005174575e-09 5.217697344378136e-07 9716
19.5 1.302125027340311e-09 4.831517125306099e-07 8604
20 6.287374713996476e-10 2.388979865842254e-07 8060
20.5 4.7674210237224e-32 7.569489493700281e-34 7320
21 4.69237377638702e-32 7.810040189109325e-34 6356
21.5 4.337827239408276e-32 8.230002676292822e-34 5348
22 3.303988081887833e-32 5.229527235844165e-34 4308
22.5 3.053427496010288e-32 4.797923415421435e-34 3563
23 1.815949039970183e-32 2.799467583734191e-34 2448
23.5 1.370707598557172e-32 2.503741887161048e-34 1868
24 1.139467722603272e-32 1.923837014283609e-34 1358
24.5 7.798964011973288e-33 1.299747309221603e-34 1062
25 6.281002395396414e-33 9.320445479530635e-35 776
25.5 3.690283922846779e-33 5.176934189347855e-35 432
26 4.217659462877884e-33 5.713758991695559e-35 200
26.5 1.733928514628633e-33 3.927234819948358e-35 168
27 9.131190377100595e-34 2.432650008308676e-35 56
27.5 4.26598527515433e-34 7.511175625532836e-37 7

0.5 1.17850388630628e-13 8.804529454465394e-14 18
1 7.65539464625816e-13 1.760224980718027e-12 62
1.5 1.717473473028361e-12 5.193228570344554e-12 98
2 3.326702461386033e-12 1.764897875438463e-11 210
2.5 6.768406151653493e-12 4.737310522185955e-11 350
3 9.133332254604828e-12 8.905768503460095e-11 450
3.5 1.209940559359253e-11 1.67344670966764e-10 602
4 1.570511125472385e-11 2.119642278566062e-10 762
4.5 2.047081483667391e-11 4.856649755963075e-10 1142
5 2.550144044486343e-11 6.566377623801736e-10 1250
5.5 2.819581533734851e-11 9.407049555605023e-10 1458
6 3.9226996362065e-11 1.336784297388038e-09 1814
6.5 4.893253270539734e-11 1.786074891869092e-09 2178
7 5.301308727225927e-11 2.41193840821857e-09 2498
7.5 5.768255659521917e-11 2.752276586463647e-09 2622
8 7.052987092566562e-11 4.084975344388081e-09 3338
8.5 8.153155996634274e-11 5.07873372386309e-09 3722
9 9.393524209888734e-11 6.357167548270414e-09 4170
9.5 9.976166138062315e-11 7.405053373958881e-09 4358
10 1.118517600307639e-10 9.305177950006812e-09 5034
10.5 1.282113842127025e-10 1.158525086350588e-08 5714
11 1.394147050229855e-10 1.353182422677358e-08 5982
11.5 1.5162077079257e-10 1.629762800400055e-08 6602
12 1.708835553434316e-10 1.820104770185743e-08 7130
12.5 1.919166875049558e-10 2.279242306648411e-08 8034
13 2.137240580574742e-10 2.612182381543678e-08 8606
13.5 2.250350507843078e-10 2.936628019276906e-08 9066
14 2.536546713635423e-10 3.337172877140019e-08 9962
14.5 2.672589107794014e-10 3.909928537525099e-08 10550
15 3.091233198945164e-10 4.282104289209491e-08 11226
15.5 3.380229086166712e-10 4.907412315181878e-08 12146
16 3.328751371321396e-10 5.262674310296616e-08 12303
16.5 3.470219034779879e-10 5.579506863077405e-08 12584
17 3.31140247705817e-10 5.784350782385184e-08 12120
17.5 3.085908288156253e-10 5.792754982915182e-08 11180
18 3.048576946929217e-10 5.772913796653952e-08 11096
18.5 2.833751460112841e-10 5.623000762765306e-08 10056
19 2.77449700664234e-10 5.57130519929768e-08 9716
19.5 2.451974719663927e-10 5.249163791806403e-08 8604
20 1.184875173730572e-10 2.609783632789006e-08 8060
20.5 9.885429530972031e-17 1.373669063449607e-14 7320
21 8.335698350893266e-17 1.21713907673278e-14 6356
21.5 6.772936218107756e-17 1.070433066638564e-14 5348
22 5.025287365572698e-17 7.975082297713701e-15 4308
22.5 4.122582913985401e-17 7.161095845362045e-15 3563
23 2.645802068993931e-17 5.009654748877879e-15 2448
23.5 1.799440916612767e-17 4.228277788045017e-15 1868
24 1.304891419008216e-17 3.020428776503162e-15 1358
24.5 1.084672762103453e-17 2.092095428258143e-15 1062
25 7.16333249635464e-18 1.825339150044862e-15 776
25.5 4.170935610733714e-18 9.976807542406067e-16 432
26 1.686927445053548e-18 4.721458567533889e-16 200
26.5 1.927284149424451e-18 2.403652861205989e-16 168
27 5.169725217562906e-19 9.803130052213918e-17 56
27.5 8.421271105412313e-20 7.11988215769048e-18 7

0.5 6.519902710599071e-14 2.77746871870618e-14 18
1 5.832060877604766e-13 3.805172739482699e-13 62
1.5 7.436329123238557e-13 1.963180784662774e-12 98
2 1.41269993578862e-12 6.35805668716526e-12 210
2.5 2.709653679257559e-12 1.825638589622066e-11 350
3 3.716510019578961e-12 3.304490883109963e-11 450
3.5 4.966925927675068e-12 6.150255240229887e-11 602
4 5.467856464974959e-12 9.133860979696127e-11 762
4.5 7.945981379899381e-12 1.87691958504009e-10 1142
5 1.042601259385964e-11 2.414934921410971e-10 1250
5.5 1.175432045893393e-11 3.396709139916579e-10 1458
6 1.509622688010802e-11 5.213723550732346e-10 1814
6.5 1.74904849926313e-11 7.469913658314653e-10 2178
7 2.044868570644242e-11 9.366032039585409e-10 2498
7.5 2.190583315079543e-11 1.085368290942141e-09 2622
8 2.725918827192778e-11 1.581301575995847e-09 3338
8.5 3.171182328139531e-11 1.952211290439107e-09 3722
9 3.58149548348267e-11 2.492691285633175e-09 4170
9.5 3.830869353874421e-11 2.878822959733828e-09 4358
10 4.289374247849413e-11 3.639091784253678e-09 5034
10.5 5.046224020924329e-11 4.4160243332816e-09 5714
11 5.386744773538684e-11 5.246014306931127e-09 5982
11.5 6.029049576270726e-11 6.153536835475676e-09 6602
12 6.500248103324328e-11 7.149665573635405e-09 7130
12.5 7.67433244934113e-11 8.544175934550767e-09 8034
13 8.45105881566518e-11 9.882221806051066e-09 8606
13.5 8.68006976178376e-11 1.138760600411243e-08 9066
14 9.702518655322987e-11 1.301652373431568e-08 9962
14.5 1.064250261742219e-10 1.480530262401626e-08 10550
15 1.132341826743431e-10 1.742210096621908e-08 11226
15.5 1.322580970515455e-10 1.87894726080192e-08 12146
16 1.30759122906836e-10 2.012453915142913e-08 12303
16.5 1.298561393570813e-10 2.226878254644973e-08 12584
17 1.288970507403289e-10 2.223030818238249e-08 12120
17.5 1.212481500786573e-10 2.206347101498273e-08 11180
18 1.141828942283304e-10 2.303738729029512e-08 11096
18.5 1.128353262674278e-10 2.113537241059146e-08 10056
19 1.063979556817972e-10 2.178190284455178e-08 9716
19.5 9.579629528891743e-11 2.008660035046952e-08 8604
20 4.362287777833636e-11 1.054199525311636e-08 8060
20.5 1.098691244206589e-16 1.51261721637805e-14 7320
21 8.047326554832681e-17 1.227635590830728e-14 6356
21.5 5.740873707328451e-17 9.535382823827317e-15 5348
22 3.652112595891146e-17 7.223331776724068e-15 4308
22.5 2.556205313084401e-17 5.76855321197609e-15 3563
23 1.490795853917465e-17 3.884760923601667e-15 2448
23.5 1.142681767095311e-17 2.751656488275916e-15 1868
24 7.358588851904643e-18 2.132431792551239e-15 1358
24.5 5.545041497019076e-18 1.532986866760112e-15 1062
25 4.087384186897762e-18 1.137460150176423e-15 776
25.5 1.89213520730245e-18 5.926585864561083e-16 432
26 9.372224948548488e-19 2.626862123034425e-16 200
26.5 9.700109629724502e-19 1.851218819976856e-16 168
27 3.111391758828721e-19 7.555113635633131e-17 56
27.5 1.410532427384552e-20 1.587193340335666e-17 7

0.5 2.279618346196473e-14 2.092260924614968e-14 18
1 3.085775199113318e-13 2.801587629494472e-13 62
1.5 7.261088953051454e-13 1.242641272495564e-12 98
2 8.604349846900634e-13 4.06616162137593e-12 210
2.5 1.570541344960189e-12 9.277544745062666e-12 350
3 1.934497392687815e-12 1.836162930357785e-11 450
3.5 2.88276803844904e-12 2.980311108081919e-11 602
4 2.940776277795964e-12 4.819166346405356e-11 762
4.5 4.174689684298019e-12 9.990491904088074e-11 1142
5 5.423684865777258e-12 1.299406238228567e-10 1250
5.5 6.27163176994502e-12 1.766138901822223e-10 1458
6 7.7325101836149e-12 2.830490709157516e-10 1814
6.5 9.522971580199758e-12 3.823364885042666e-10 2178
7 1.102138622742861e-11 4.821443684926526e-10 2498
7.5 1.114094233793499e-11 5.918547388660752e-10 2622
8 1.448578400117666e-11 8.280614506592265e-10 3338
8.5 1.653835212376913e-11 1.038154048753486e-09 3722
9 1.870003255668244e-11 1.324455666410918e-09 4170
9.5 2.02561872122527e-11 1.511150932819947e-09 4358
10 2.299722739307163e-11 1.884956887390864e-09 5034
10.5 2.658265257304164e-11 2.323337290999722e-09 5714
11 2.886702743749571e-11 2.720852091240089e-09 5982
11.5 3.21229527540387e-11 3.204238320191964e-09 6602
12 3.481424874101297e-11 3.711964422226682e-09 7130
12.5 4.017129466370159e-11 4.527830642162119e-09 8034
13 4.413271279422396e-11 5.266198930196098e-09 8606
13.5 4.626056453401612e-11 5.91667849805723e-09 9066
14 5.159319288210583e-11 6.798908413427641e-09 9962
14.5 5.624465510461508e-11 7.774852028469531e-09 10550
15 6.145081819050156e-11 8.94840272805243e-09 11226
15.5 6.883476302514595e-11 1.00085688893412e-08 12146
16 6.905531727038281e-11 1.054694285598303e-08 12303
16.5 7.009585022652394e-11 1.150917999273897e-08 12584
17 6.794801689610782e-11 1.171600952205416e-08 12120
17.5 6.39990483440086e-11 1.161883250959517e-08 11180
18 6.212216611493373e-11 1.177508866459093e-08 11096
18.5 5.691894056735798e-11 1.163336166107142e-08 10056
19 5.604187643442963e-11 1.143985221107958e-08 9716
19.5 5.079305869994793e-11 1.053772294401602e-08 8604
20 2.439216614253205e-11 5.254063548297134e-09 8060
20.5 1.597412656814893e-16 2.399116965501408e-14 7320
21 1.111685975767323e-16 1.820631430207556e-14 6356
21.5 7.509765304820952e-17 1.147066960024992e-14 5348
22 3.950031601628555e-17 7.189543873052875e-15 4308
22.5 2.434994024626586e-17 4.80374698248067e-15 3563
23 1.257883367719129e-17 2.692109304658267e-15 2448
23.5 9.007805916931834e-18 1.924047340812957e-15 1868
24 5.76531399444428e-18 1.372038604443514e-15 1358
24.5 4.436101775311535e-18 1.037261394506452e-15 1062
25 3.450286501090446e-18 8.773985561867855e-16 776
25.5 1.884550905457379e-18 4.196975321740493e-16 432
26 9.294625826400542e-19 2.11727910057416e-16 200
26.5 8.670584672622568e-19 1.810360960902241e-16 168
27 2.873590516580083e-19 6.215569277482688e-17 56
27.5 9.53660886291089e-21 1.704540438668736e-17 7

0.5 3.660217783552715e-14 1.755564275143293e-14 18
1 2.761700959444799e-13 7.58735547595871e-13 62
1.5 1.773253373857565e-12 3.129602941542599e-12 98
2 6.700994733679601e-13 2.706627093826086e-12 210
2.5 9.18565277956821e-13 7.442988619772882e-12 350
3 1.451984825571774e-12 1.173704127894493e-11 450
3.5 1.586193388211039e-12 2.132525023698181e-11 602
4 1.889624249609658e-12 2.988955904879852e-11 762
4.5 2.960851170973108e-12 5.561034888985612e-11 1142
5 3.363663021951253e-12 8.117674319419966e-11 1250
5.5 3.987802730454947e-12 1.057923308130785e-10 1458
6 5.133659161518068e-12 1.616973668350951e-10 1814
6.5 6.020779755797173e-12 2.294448840017362e-10 2178
7 6.596043324168291e-12 3.058002708586658e-10 2498
7.5 6.934215368964725e-12 3.60648971788136e-10 2622
8 8.894046975981856e-12 5.11364324655081e-10 3338
8.5 1.024507089620934e-11 6.362698092430743e-10 3722
9 1.167266182881878e-11 8.052749107825925e-10 4170
9.5 1.25368265938625e-11 9.281039752840002e-10 4358
10 1.427899223522721e-11 1.148234209075581e-09 5034
10.5 1.656425912222254e-11 1.416614770511188e-09 5714
11 1.764743071988505e-11 1.685770019964646e-09 5982
11.5 1.977074927076362e-11 1.971689442383394e-09 6602
12 2.183582617739825e-11 2.241711845531051e-09 7130
12.5 2.445388407126718e-11 2.826939737044957e-09 8034
13 2.683415073199039e-11 3.284578503523191e-09 8606
13.5 2.887084264813394e-11 3.601601358443888e-09 9066
14 3.123633418414587e-11 4.262137677073456e-09 9962
14.5 3.481784145596484e-11 4.750670927667626e-09 10550
15 3.826244568292147e-11 5.455848742962096e-09 11226
15.5 4.089605408027691e-11 6.379666778671948e-09 12146
16 4.211544470340822e-11 6.58407380686203e-09 12303
16.5 4.323262414787314e-11 7.092949075197284e-09 12584
17 4.192095730479743e-11 7.216055643046349e-09 12120
17.5 3.903834463902998e-11 7.22818485302353e-09 11180
18 3.763711880619065e-11 7.373020772898113e-09 11096
18.5 3.424096127759135e-11 7.330254192540824e-09 10056
19 3.47920877901538e-11 7.004446985263773e-09 9716
19.5 3.006769646552697e-11 6.737032167620942e-09 8604
20 1.45053443945728e-11 3.354790604219358e-09 8060
20.5 1.513764907896121e-16 3.303041306902862e-14 7320
21 1.021926893474159e-16 2.305099695261439e-14 6356
21.5 6.291797369895543e-17 1.514213886184544e-14 5348
22 3.380757208612008e-17 8.332203889941355e-15 4308
22.5 1.776096842399528e-17 4.689402160825087e-15 3563
23 8.72680148228297e-18 2.293705392593966e-15 2448
23.5 5.986334062587538e-18 1.578479184330409e-15 1868
24 4.290668634827759e-18 1.022126063542242e-15 1358
24.5 2.920842934216227e-18 7.547683974380514e-16 1062
25 2.093667196243465e-18 6.58657287544783e-16 776
25.5 1.095564718879923e-18 3.657617671347858e-16 432
26 6.012552521766161e-19 1.730510638948058e-16 200
26.5 5.627487407326352e-19 1.531724490686685e-16 168
27 2.329238036894938e-19 4.878677525996302e-17 56
27.5 8.69153868094299e-21 1.395319016762078e-17 7

0.5 9.487652646842095e-13 3.571031579149431e-13 18
1 4.74969855934596e-12 2.782804775051039e-11 62
1.5 4.91043068078108e-11 1.647628887670506e-10 98
2 5.624798488520506e-11 2.171178918391002e-11 210
2.5 6.717570765335515e-12 5.054690790240202e-11 350
3 1.098055068163184e-11 1.084328629855423e-10 450
3.5 1.931036503776424e-11 3.038356355562779e-11 602
4 3.22590241260289e-12 8.084409095403951e-11 762
4.5 4.720965779722051e-12 9.969799156017665e-11 1142
5 9.930538723127743e-12 7.937175404840211e-11 1250
5.5 3.010543038236677e-12 1.020681437243503e-10 1458
6 3.398214363713268e-12 1.182849309911213e-10 1814
6.5 4.221180653886317e-12 1.575222823680717e-10 2178
7 4.677771968324406e-12 1.981756592697969e-10 2498
7.5 4.691521612829178e-12 2.460712552946604e-10 2622
8 6.050349064748259e-12 3.459821812079422e-10 3338
8.5 6.88699717754524e-12 4.349570645664105e-10 3722
9 7.971027405532739e-12 5.418817235350134e-10 4170
9.5 8.287370694105431e-12 6.429213198760228e-10 4358
10 9.691051367849904e-12 7.775642852083258e-10 5034
10.5 1.114926003855356e-11 9.630327278226682e-10 5714
11 1.181505306564606e-11 1.156749322288932e-09 5982
11.5 1.342125586251847e-11 1.329210336635615e-09 6602
12 1.477821572999738e-11 1.519537131641557e-09 7130
12.5 1.710250967040856e-11 1.848577651800843e-09 8034
13 1.832037323229711e-11 2.202133975085804e-09 8606
13.5 1.901169466869084e-11 2.507209297703506e-09 9066
14 2.131159631032607e-11 2.869441790969255e-09 9962
14.5 2.290092278186044e-11 3.302810683367083e-09 10550
15 2.615293102914598e-11 3.661382664973109e-09 11226
15.5 2.791639195459078e-11 4.286797180617696e-09 12146
16 2.926932198542157e-11 4.321721315402054e-09 12303
16.5 2.948694378783873e-11 4.757121893142349e-09 12584
17 2.798750989545971e-11 4.962075955979521e-09 12120
17.5 2.660992629206584e-11 4.845912824634863e-09 11180
18 2.51573773278587e-11 5.064301543930184e-09 11096
18.5 2.423225737680207e-11 4.756091692277976e-09 10056
19 2.306882840465213e-11 4.84604443786997e-09 9716
19.5 2.03237657522806e-11 4.558841111965284e-09 8604
20 1.050539972771849e-11 2.120452771317772e-09 8060
20.5 4.597741472663514e-16 7.839357830741861e-14 7320
21 2.945984583807802e-16 4.764278280855955e-14 6356
21.5 1.746435164525331e-16 2.990937956109921e-14 5348
22 8.475379306106537e-17 1.338096723958192e-14 4308
22.5 4.012679824849009e-17 7.006557155774391e-15 3563
23 1.097475966197686e-17 2.276263187533223e-15 2448
23.5 5.455449024465737e-18 1.458586968874289e-15 1868
24 3.527893017394806e-18 9.5923631160944e-16 1358
24.5 2.471891469570187e-18 6.861679740129538e-16 1062
25 2.011788224828784e-18 5.336463215476594e-16 776
25.5 1.06842359793821e-18 2.94131881285069e-16 432
26 4.865738687636556e-19 1.093741910344306e-16 200
26.5 5.198268677265683e-19 1.240281147413015e-16 168
27 1.581301159969726e-19 4.872006293666214e-17 56
27.5 2.152308487434905e-20 1.739338968049456e-18 7

0.5 1.077552642058028e-12 2.165028453554457e-12 18
1 9.47054950677071e-12 3.096025378786004e-11 62
1.5 1.045403313731919e-10 4.299393962401445e-10 98
2 4.495468606044568e-11 3.835324460986128e-11 210
2.5 1.232208553115989e-11 9.665020035569602e-11 350
3 3.769198992559302e-11 1.769720419618054e-10 450
3.5 5.022298211410025e-12 7.001260024556802e-11 602
4 9.752121498135472e-12 1.484767544582161e-10 762
4.5 9.452579806190799e-12 1.148311484511118e-10 1142
5 2.95028345064693e-12 8.497309636921438e-11 1250
5.5 4.40657306475888e-12 1.044287352265807e-10 1458
6 2.740578009586378e-12 8.741603028270927e-11 1814
6.5 2.917394282717504e-12 1.171537783788978e-10 2178
7 3.388896224224056e-12 1.445675014595992e-10 2498
7.5 3.40611657719228e-12 1.770693494420844e-10 2622
8 4.290894819734166e-12 2.551012176715541e-10 3338
8.5 5.097869083448737e-12 3.064450139877333e-10 3722
9 5.725473522821788e-12 3.938688048803014e-10 4170
9.5 6.030372953422581e-12 4.617035284320147e-10 4358
10 6.925262008284197e-12 5.662830941910861e-10 5034
10.5 7.974476611301834e-12 7.01535859684476e-10 5714
11 8.745336202590544e-12 8.117626537244393e-10 5982
11.5 9.807471717019823e-12 9.495729092075963e-10 6602
12 1.033197802771248e-11 1.131128839370905e-09 7130
12.5 1.171466580886239e-11 1.403629980371595e-09 8034
13 1.312080308341092e-11 1.600617256011502e-09 8606
13.5 1.392611920550086e-11 1.787351638021153e-09 9066
14 1.53849663305172e-11 2.071029801500778e-09 9962
14.5 1.640260587247724e-11 2.402089022049793e-09 10550
15 1.849705647842489e-11 2.689216927957215e-09 11226
15.5 2.054105108651427e-11 3.040107838165005e-09 12146
16 2.021698906395317e-11 3.261819173118074e-09 12303
16.5 2.096666587108914e-11 3.489684898305484e-09 12584
17 2.002765662231607e-11 3.587756882757018e-09 12120
17.5 1.938682445623298e-11 3.475992002033387e-09 11180
18 1.856076096699387e-11 3.573358798179161e-09 11096
18.5 1.714685654473714e-11 3.493345753272162e-09 10056
19 1.654056021368995e-11 3.512942642866549e-09 9716
19.5 1.478681405049564e-11 3.273213431444158e-09 8604
20 7.389047744257448e-12 1.567276179830673e-09 8060
20.5 6.728401743574914e-16 1.28874565020877e-13 7320
21 4.142156105506639e-16 7.897828042034093e-14 6356
21.5 2.401159294979326e-16 4.480015484916668e-14 5348
22 1.120692661817308e-16 2.04164197088943e-14 4308
22.5 5.016952416561157e-17 8.996109656059584e-15 3563
23 1.350481070700205e-17 2.970305202718349e-15 2448
23.5 6.365423925401828e-18 1.498100286725488e-15 1868
24 3.722751776026934e-18 9.418272312891575e-16 1358
24.5 2.461749763037331e-18 6.154276087356481e-16 1062
25 1.723857068712214e-18 4.402195174760688e-16 776
25.5 9.457746193581516e-19 2.379517259675789e-16 432
26 3.006661978253023e-19 1.029668598000974e-16 200
26.5 3.48995426621567e-19 9.501119226354154e-17 168
27 1.056971553987122e-19 4.200693884902638e-17 56
27.5 2.51113796829615e-20 2.775881457452032e-18 7

0.5 8.093147326505528e-12 9.095722441552035e-11 18
1 6.131335365750784e-11 3.739702498174269e-10 62
1.5 3.509854027177051e-10 1.681886943197677e-09 98
2 2.545753943544975e-10 5.565160041774145e-10 210
2.5 2.401571327773461e-10 4.353938816126438e-10 350
3 5.170471758002987e-11 1.012999881197764e-09 450
3.5 7.738476525049357e-12 2.811411197827551e-10 602
4 8.52773847378387e-11 4.863118160008248e-10 762
4.5 1.684376659080071e-11 5.745263028301638e-10 1142
5 7.708821635784971e-12 1.447329829240063e-10 1250
5.5 1.132431735075023e-11 3.800966703978704e-10 1458
6 5.056800637495232e-12 8.517007183476627e-11 1814
6.5 2.670960363412064e-12 1.094690579190134e-10 2178
7 2.619968663029691e-12 1.170162329014901e-10 2498
7.5 2.807023287414387e-12 1.395847155656929e-10 2622
8 3.599479995593506e-12 1.858476633073392e-10 3338
8.5 3.682701189140361e-12 2.509250024699648e-10 3722
9 4.309585732311861e-12 3.037154921400609e-10 4170
9.5 4.559374012095037e-12 3.510659369439818e-10 4358
10 5.300554640131936e-12 4.240575277625832e-10 5034
10.5 6.000020368857271e-12 5.344136926464425e-10 5714
11 6.527786316228476e-12 6.21155309773787e-10 5982
11.5 7.060778887704866e-12 7.532452974878094e-10 6602
12 7.775691007606444e-12 8.574704529308359e-10 7130
12.5 9.162157051666076e-12 1.024037359417892e-09 8034
13 9.794931503821472e-12 1.221852613817313e-09 8606
13.5 1.049897881452434e-11 1.353509316019995e-09 9066
14 1.132741051932828e-11 1.598404681029125e-09 9962
14.5 1.268928184514724e-11 1.770233107386012e-09 10550
15 1.394257657420691e-11 2.034616656747446e-09 11226
15.5 1.547096741731495e-11 2.294952129839685e-09 12146
16 1.56227853598452e-11 2.410587010343232e-09 12303
16.5 1.606323008223372e-11 2.591660816054615e-09 12584
17 1.559773473815655e-11 2.637690752071894e-09 12120
17.5 1.440552968172318e-11 2.667568866317606e-09 11180
18 1.422537629461178e-11 2.660288506851396e-09 11096
18.5 1.291366295561688e-11 2.655705542682814e-09 10056
19 1.293486165027207e-11 2.563039976535169e-09 9716
19.5 1.134420240759062e-11 2.443251076592321e-09 8604
20 5.568432270140693e-12 1.189339616350343e-09 8060
20.5 1.064474778725382e-15 2.151023299211562e-13 7320
21 5.856902026498769e-16 1.293647083651139e-13 6356
21.5 3.292158898535757e-16 6.591729868036142e-14 5348
22 1.586035157067994e-16 3.126475795032093e-14 4308
22.5 6.785389385630784e-17 1.496408764189657e-14 3563
23 2.016816064345161e-17 4.624696768054222e-15 2448
23.5 7.81445521940627e-18 1.727140092845528e-15 1868
24 4.378979837803568e-18 1.003812479709601e-15 1358
24.5 2.657372599643318e-18 5.818454924662853e-16 1062
25 1.941554908557629e-18 4.000989640671193e-16 776
25.5 8.823870159486012e-19 2.226193603602323e-16 432
26 3.610618182602672e-19 8.962617907906911e-17 200
26.5 3.761774505381048e-19 7.406962841897563e-17 168
27 7.768759666233976e-20 3.613395863992487e-17 56
27.5 4.371646028154357e-21 6.301409685739731e-18 7

0.5 1.433390610770193e-09 3.734545944918507e-09 18
1 1.438021720164468e-09 2.692650809218683e-08 62
1.5 9.566916253544885e-09 2.005486336371504e-08 98
2 3.442909858762194e-09 4.384087130172922e-08 210
2.5 1.056791634418873e-08 8.569158956293401e-09 350
3 2.736162797091754e-09 2.605111360180786e-08 450
3.5 4.794009634840884e-11 1.192557550824975e-09 602
4 5.012019610992582e-10 1.53878526102873e-08 762
4.5 2.185677658727247e-09 2.727050806388466e-09 1142
5 6.307861554191703e-10 7.8862944604805e-09 1250
5.5 4.29181709513314e-11 2.785204430918216e-09 1458
6 2.975970627171707e-10 5.456324801842778e-09 1814
6.5 7.419384316135545e-10 1.965406246817358e-09 2178
7 3.368836027020728e-10 4.522544370947036e-09 2498
7.5 5.340900041193736e-11 1.650574569472182e-09 2622
8 9.423290256041705e-11 2.564085367690555e-09 3338
8.5 2.69349339885813e-10 2.037503916879276e-09 3722
9 2.33294886522559e-10 1.882680147473088e-09 4170
9.5 1.01415305330783e-10 1.819244416181501e-09 4358
10 6.249256796948585e-11 1.495195371423554e-09 5034
10.5 9.12878637979462e-11 1.372972385313267e-09 5714
11 1.075157049116909e-10 1.199078137448884e-09 5982
11.5 9.384527346033825e-11 1.456770410981847e-09 6602
12 7.359542411908312e-11 1.300885292179504e-09 7130
12.5 7.287751726757131e-11 1.349835255659223e-09 8034
13 7.451410566851241e-11 1.36695676570301e-09 8606
13.5 7.386298213475564e-11 1.420139492284611e-09 9066
14 7.149239727219023e-11 1.626159757131224e-09 9962
14.5 6.634472430068098e-11 1.72962386661391e-09 10550
15 6.629252829757463e-11 1.861486339691565e-09 11226
15.5 6.573639061624017e-11 2.083544779757422e-09 12146
16 6.233971422899387e-11 2.07379219056978e-09 12303
16.5 5.529241477401949e-11 2.252741537852133e-09 12584
17 4.698846084156737e-11 2.222630612135342e-09 12120
17.5 3.771455829828654e-11 2.211108178430072e-09 11180
18 3.245830625332311e-11 2.257489675031614e-09 11096
18.5 2.748167988036911e-11 2.12091378545488e-09 10056
19 2.365688176509935e-11 2.174010724796569e-09 9716
19.5 1.937216930314321e-11 2.00860172577339e-09 8604
20 1.319205955199983e-11 1.015430514614561e-09 8060
20.5 7.066362224352534e-12 6.744966273108338e-11 7320
21 5.659299659882851e-12 4.890829140798594e-11 6356
21.5 4.410244146865412e-12 3.784690054270082e-11 5348
22 3.352564156941261e-12 3.030264445898101e-11 4308
22.5 2.519775476418568e-12 2.920679320028684e-11 3563
23 1.494980049385621e-12 2.386896872700454e-11 2448
23.5 1.024070365216072e-12 2.090342812324195e-11 1868
24 6.268556115996391e-13 1.554733593327338e-11 1358
24.5 3.627390104553491e-13 1.011949693391084e-11 1062
25 2.090694570434806e-13 5.606683547890182e-12 776
25.5 1.065321792623654e-13 1.971546623541771e-12 432
26 5.461184309258008e-14 7.112075237700381e-13 200
26.5 3.443370218108724e-14 3.951366878810271e-13 168
27 1.654943483779266e-14 6.444998011122319e-14 56
27.5 2.167050093252138e-15 9.17696668493539e-15 7

0.5 2.019921813224295e-09 2.720877514234325e-09 18
1 2.576261262992164e-08 7.072118974531468e-08 62
1.5 7.566790522511993e-08 3.139986834920265e-07 98
2 1.104139745162309e-08 2.050646621612953e-07 210
2.5 2.705170914356065e-08 2.342561261413083e-07 350
3 7.111031793658695e-08 2.138969201285088e-07 450
3.5 3.8719151507115e-09 7.698469488349112e-08 602
4 4.524651585074387e-09 6.216660519901989e-08 762
4.5 8.202185196393382e-09 1.650240160966454e-07 1142
5 9.4921919664512e-09 1.923985533683461e-08 1250
5.5 4.51219339896466e-09 1.168471178083825e-07 1458
6 7.368896839052984e-10 2.324958755704423e-08 1814
6.5 5.491522188146478e-10 3.229557697380472e-08 2178
7 2.229576471907603e-09 3.3588090357912e-08 2498
7.5 1.564634353126044e-09 1.599450036662541e-08 2622
8 7.137952124625166e-10 2.170785287007907e-08 3338
8.5 3.682298274154279e-10 1.589916363974825e-08 3722
9 3.871098760792615e-10 1.580985325855412e-08 4170
9.5 5.280672222229312e-10 1.02632682948345e-08 4358
10 5.091381863707284e-10 1.221713304603104e-08 5034
10.5 3.626194595599349e-10 1.075780466291202e-08 5714
11 2.413165933779227e-10 9.278384870295263e-09 5982
11.5 2.186108644707902e-10 9.581213335880236e-09 6602
12 2.360825342877085e-10 8.608135997286059e-09 7130
12.5 2.315741034339214e-10 8.617462490630276e-09 8034
13 2.046850397855371e-10 8.60332422645837e-09 8606
13.5 1.766228186815041e-10 8.502986262273879e-09 9066
14 1.708804675073112e-10 8.856988651266698e-09 9962
14.5 1.663721685983535e-10 9.048222512724327e-09 10550
15 1.674754613786634e-10 9.724332614956324e-09 11226
15.5 1.667099396834371e-10 1.006653881083602e-08 12146
16 1.643015414412796e-10 9.469843535404704e-09 12303
16.5 1.418215669377305e-10 9.591254360686276e-09 12584
17 1.143947745814037e-10 8.929383750480795e-09 12120
17.5 9.315521083004681e-11 8.247480474188283e-09 11180
18 8.529164109852155e-11 7.943611795547433e-09 11096
18.5 7.340142098016824e-11 7.543709816440845e-09 10056
19 6.437684562693538e-11 7.459245225351906e-09 9716
19.5 5.579788992891465e-11 7.037132990030846e-09 8604
20 4.847393404067249e-11 5.949585777748577e-09 8060
20.5 3.93163896722965e-11 4.864266453797147e-09 7320
21 3.23283800552832e-11 4.052706642976468e-09 6356
21.5 2.628581828996564e-11 3.612250674867594e-09 5348
22 2.146237327083219e-11 2.885391109064817e-09 4308
22.5 1.704774728957714e-11 2.796939654481354e-09 3563
23 1.095726464888363e-11 2.115090245757278e-09 2448
23.5 8.762303821393069e-12 1.451699881503119e-09 1868
24 5.600950821959395e-12 1.249659186248326e-09 1358
24.5 4.804271913318497e-12 8.866075154598265e-10 1062
25 2.875073394506568e-12 9.15058790204724e-10 776
25.5 2.478738310733033e-12 4.278230935215972e-10 432
26 1.169476804243518e-12 1.401033859463537e-10 200
26.5 1.099181725003847e-12 1.20103085854698e-10 168
27 3.070519483005296e-13 7.376522896158631e-11 56
27.5 3.545890142734996e-14 1.32761105330239e-11 7

0.5 1.99282978744108e-08 2.66979782176386e-09 18
1 1.132980683491536e-07 6.943570992548277e-08 62
1.5 1.626177179827695e-07 1.277532429697089e-06 98
2 7.577826915406952e-08 1.164886557584514e-07 210
2.5 8.146536765942084e-09 5.060814752753511e-07 350
3 2.301952147069233e-07 1.236244709221638e-06 450
3.5 5.387011401756475e-08 1.280431422080922e-07 602
4 2.655141472693155e-08 9.550347377980474e-07 762
4.5 2.487141773815615e-08 3.828826072328515e-07 1142
5 4.660399849516977e-09 3.372138038750882e-07 1250
5.5 4.013204504667814e-08 4.199959170755982e-07 1458
6 1.149703887327625e-08 2.399960350686003e-07 1814
6.5 4.016937784192041e-09 2.24039390378623e-07 2178
7 4.57544124905327e-09 1.83148132880481e-07 2498
7.5 2.360201139295312e-09 1.424638305698475e-07 2622
8 5.90707245770242e-09 1.074720695382148e-07 3338
8.5 5.664106087607745e-09 1.302127855814851e-07 3722
9 2.494484730444753e-09 1.130993063136817e-07 4170
9.5 1.469632991767165e-09 6.811226225601803e-08 4358
10 1.400002621993295e-09 9.024395993553466e-08 5034
10.5 1.674213446329671e-09 7.646986859660647e-08 5714
11 1.811839989907522e-09 6.831735290641497e-08 5982
11.5 1.613774424375624e-09 7.059099898720943e-08 6602
12 1.306082123136153e-09 6.080856455561599e-08 7130
12.5 1.253728966105124e-09 5.691402860359786e-08 8034
13 1.131406437644659e-09 5.875787096120435e-08 8606
13.5 1.122673001146458e-09 5.896845682733688e-08 9066
14 1.116442419564882e-09 5.860399941000927e-08 9962
14.5 1.130399599885667e-09 5.851255928418361e-08 10550
15 1.10054295584091e-09 6.108913284712033e-08 11226
15.5 1.069717189869813e-09 6.239713660333943e-08 12146
16 9.528401084423741e-10 5.932267700721347e-08 12303
16.5 8.353001364128975e-10 5.683434979328052e-08 12584
17 6.935932204704212e-10 4.987163935727498e-08 12120
17.5 5.91224268468809e-10 4.556977125736316e-08 11180
18 5.165937027585714e-10 4.480163960917947e-08 11096
18.5 4.256208072448379e-10 3.981351326102541e-08 10056
19 3.97519841702732e-10 3.768765112574762e-08 9716
19.5 3.327049372481741e-10 3.490286701409903e-08 8604
20 2.945891306231772e-10 3.244301744900686e-08 8060
20.5 2.611762765172777e-10 2.878918721092909e-08 7320
21 2.118819645081045e-10 2.577317002804726e-08 6356
21.5 1.78461811277302e-10 2.132180973406355e-08 5348
22 1.311510173458951e-10 1.819581567168064e-08 4308
22.5 1.050017687981391e-10 1.541742590314095e-08 3563
23 7.052823743818814e-11 1.126641985832598e-08 2448
23.5 5.078659736781703e-11 9.141162819063177e-09 1868
24 3.882636228146536e-11 7.257126022729412e-09 1358
24.5 2.810129663932959e-11 5.628985361718928e-09 1062
25 2.160813050420737e-11 4.161055365291929e-09 776
25.5 1.147819564209408e-11 2.543105997790683e-09 432
26 6.303829946939762e-12 1.037378942392578e-09 200
26.5 5.014614699499916e-12 7.671387040620532e-10 168
27 1.742296955847447e-12 3.948383021256765e-10 56
27.5 3.27138382824648e-13 3.741924966565139e-11 7

0.5 4.468478118314167e-08 9.941252316323415e-10 18
1 1.122670054981631e-07 1.75398544802943e-08 62
1.5 5.855413809714194e-07 4.528739830238121e-06 98
2 2.195116701298894e-07 8.781357164250255e-07 210
2.5 2.059279087381543e-08 1.902668472761647e-07 350
3 2.753818530629544e-07 3.35304628576008e-06 450
3.5 5.027100338726687e-08 1.436782937245526e-07 602
4 9.246615294327243e-08 6.642844261498482e-07 762
4.5 4.320869653245585e-08 1.297733261541676e-06 1142
5 5.179309324687246e-09 1.351524492856198e-07 1250
5.5 2.268563051582863e-08 9.337811919191833e-07 1458
6 1.102595472875331e-08 3.081826216799234e-07 1814
6.5 8.669328744124507e-09 1.352128702201633e-07 2178
7 1.005936177535414e-08 4.442079473899874e-07 2498
7.5 4.099318505205643e-09 1.907600017752141e-07 2622
8 2.853026798534825e-09 1.3892131815127e-07 3338
8.5 3.324603476618523e-09 2.380906403518528e-07 3722
9 2.790715104974176e-09 1.684734539480933e-07 4170
9.5 2.496447084687576e-09 1.223197527607049e-07 4358
10 2.376014160092901e-09 1.432666865272591e-07 5034
10.5 2.035088732428392e-09 1.382498996749368e-07 5714
11 1.719294616739148e-09 1.196111618517324e-07 5982
11.5 1.541881174146829e-09 1.210115861890222e-07 6602
12 1.460558473489545e-09 1.142224369595154e-07 7130
12.5 1.379642700326792e-09 1.126499040461639e-07 8034
13 1.326175829023513e-09 1.141130884900749e-07 8606
13.5 1.264808079570709e-09 1.161949651742791e-07 9066
14 1.268357326518933e-09 1.148129925050493e-07 9962
14.5 1.237546400447944e-09 1.188902200717916e-07 10550
15 1.222633137997454e-09 1.22728135868821e-07 11226
15.5 1.252167836374457e-09 1.285140658491047e-07 12146
16 1.16331997180202e-09 1.25509234013131e-07 12303
16.5 1.084668672351099e-09 1.191463121838976e-07 12584
17 9.538627371099172e-10 1.077337477300585e-07 12120
17.5 7.811541269277074e-10 9.374140622311901e-08 11180
18 6.854444667993044e-10 9.210085427893373e-08 11096
18.5 5.854062985168231e-10 8.302948016398141e-08 10056
19 5.392053494802142e-10 7.926468783720386e-08 9716
19.5 4.554864846873732e-10 7.202157641438826e-08 8604
20 4.166169112562965e-10 6.666309252736401e-08 8060
20.5 3.5528207200609e-10 6.048917975537218e-08 7320
21 3.136291437562048e-10 5.275002836618175e-08 6356
21.5 2.535482143600434e-10 4.598769654323905e-08 5348
22 1.999387922086499e-10 3.72843338884284e-08 4308
22.5 1.636346238717148e-10 3.071418319077249e-08 3563
23 1.101281579746316e-10 2.283118145921105e-08 2448
23.5 7.896677189284953e-11 1.947356153686438e-08 1868
24 5.804368284410021e-11 1.316581001214333e-08 1358
24.5 4.951552179310165e-11 1.00489256730815e-08 1062
25 3.316466883562017e-11 7.746170266444672e-09 776
25.5 1.749837731109176e-11 5.030200099329463e-09 432
26 8.487091390547301e-12 2.045483221874243e-09 200
26.5 7.797771691173252e-12 1.769833998160492e-09 168
27 2.247426744727369e-12 8.080365723968957e-10 56
27.5 4.667792790750218e-13 3.751537368497652e-11 7

0.5 4.475884746048774e-08 6.732703415269222e-09 18
1 1.153932949086209e-07 1.009939890179211e-07 62
1.5 1.803164519893664e-06 8.786479803646131e-06 98
2 9.711300535258295e-08 5.242132480064061e-06 210
2.5 3.650187315377464e-08 6.060177472702143e-07 350
3 3.743028295400657e-07 3.955791419088199e-06 450
3.5 1.779169544458259e-08 2.214785020053797e-07 602
4 5.863024056467021e-08 7.847818419702269e-07 762
4.5 7.607759107432342e-08 1.33749919438646e-06 1142
5 8.626176460722577e-09 1.606954254066085e-07 1250
5.5 2.972485569609774e-08 7.902171560421697e-07 1458
6 8.560542523691145e-09 3.176426437093742e-07 1814
6.5 4.345832450311255e-09 1.789134462797546e-07 2178
7 1.043869435411896e-08 4.132632700800756e-07 2498
7.5 4.861381331908608e-09 2.115701513339403e-07 2622
8 3.843707830147413e-09 1.817042475319607e-07 3338
8.5 4.107923828044751e-09 2.461751670848045e-07 3722
9 2.968638902308983e-09 1.9337812167334e-07 4170
9.5 2.225179871523393e-09 1.433992021656157e-07 4358
10 2.107506631985697e-09 1.62698159728983e-07 5034
10.5 1.967614391350218e-09 1.658195611929204e-07 5714
11 1.709309045613566e-09 1.456649695271727e-07 5982
11.5 1.756624902226429e-09 1.449284383513723e-07 6602
12 1.676609217637062e-09 1.462722192144044e-07 7130
12.5 1.700990671771448e-09 1.455991129899551e-07 8034
13 1.551681935004047e-09 1.44712566634211e-07 8606
13.5 1.514594847516455e-09 1.484522981267076e-07 9066
14 1.482096388257174e-09 1.526684723146736e-07 9962
14.5 1.501562900144463e-09 1.579380181290753e-07 10550
15 1.504063829602017e-09 1.586198477173971e-07 11226
15.5 1.511391037856932e-09 1.712662600481673e-07 12146
16 1.490267302782954e-09 1.709957906572776e-07 12303
16.5 1.329995679880219e-09 1.602950339310989e-07 12584
17 1.103466594627336e-09 1.469847438997133e-07 12120
17.5 9.384074743939449e-10 1.325713484760573e-07 11180
18 8.489011145934717e-10 1.280425687249375e-07 11096
18.5 7.328777718646659e-10 1.154254066163017e-07 10056
19 6.775492571472095e-10 1.10978027675881e-07 9716
19.5 6.052052850673024e-10 9.391638254213791e-08 8604
20 5.292972473161982e-10 9.061262169572316e-08 8060
20.5 4.529752894420581e-10 8.363008846958231e-08 7320
21 3.97665220039768e-10 7.280756139287913e-08 6356
21.5 3.254574631464369e-10 6.638136334414332e-08 5348
22 2.509034892257185e-10 5.273306210795293e-08 4308
22.5 1.979253436404146e-10 4.282256002663044e-08 3563
23 1.417415515273695e-10 3.067366069395004e-08 2448
23.5 1.063991069704108e-10 2.377778135631755e-08 1868
24 7.046881187466211e-11 1.823237906311029e-08 1358
24.5 5.820472831997228e-11 1.530763508782014e-08 1062
25 4.295702444617429e-11 1.110216930938126e-08 776
25.5 2.665935473088776e-11 5.945542902292475e-09 432
26 1.112254621759361e-11 3.012997984823879e-09 200
26.5 9.638138027597331e-12 2.371156150056257e-09 168
27 4.026211081463423e-12 1.155791445343736e-09 56
27.5 3.171517493045305e-13 1.826526753713716e-10 7

0.5 3.665532310163342e-08 2.227309488200608e-08 18
1 7.698021115735079e-08 1.230180232632613e-07 62
1.5 4.400206854205745e-06 1.046180233413998e-05 98
2 2.396256222413576e-07 8.055251228063062e-06 210
2.5 1.341201210677869e-07 3.981377347885348e-07 350
3 4.618449494798803e-07 4.166047779437574e-06 450
3.5 1.196852390721815e-08 1.238150956019889e-07 602
4 4.229422028737215e-08 7.415677622190676e-07 762
4.5 8.343713398580041e-08 1.143874127450656e-06 1142
5 8.043433622390933e-09 1.380385940191132e-07 1250
5.5 2.886562724472566e-08 8.035945754198172e-07 1458
6 9.3826637123057e-09 3.040094975708189e-07 1814
6.5 4.567248847516346e-09 1.754101668604842e-07 2178
7 9.288281307965705e-09 3.890362238352374e-07 2498
7.5 4.26146015417447e-09 2.025159527266371e-07 2622
8 3.029036673007331e-09 1.831037950235365e-07 3338
8.5 3.896292700695843e-09 2.366790726576977e-07 3722
9 3.045861747586954e-09 1.958450611671823e-07 4170
9.5 2.436390350035778e-09 1.589537173678365e-07 4358
10 2.467573745703674e-09 1.721125673261424e-07 5034
10.5 2.289514786449534e-09 1.672422282788884e-07 5714
11 1.971810823891263e-09 1.565208144329401e-07 5982
11.5 1.933292176518177e-09 1.556657902234394e-07 6602
12 1.782976904784573e-09 1.585896060499485e-07 7130
12.5 1.714260982748512e-09 1.69976606012958e-07 8034
13 1.595509741860146e-09 1.628648182874063e-07 8606
13.5 1.535631629113772e-09 1.650808475877969e-07 9066
14 1.52183102149589e-09 1.743547742842908e-07 9962
14.5 1.554895064185296e-09 1.786517777233798e-07 10550
15 1.5475694133244e-09 1.867707999801164e-07 11226
15.5 1.652958874393762e-09 1.952848993572187e-07 12146
16 1.570077023134441e-09 1.967686115209187e-07 12303
16.5 1.468737044177e-09 1.886796291360545e-07 12584
17 1.256776023478157e-09 1.748456683523148e-07 12120
17.5 1.051893946595978e-09 1.556059815549878e-07 11180
18 9.995293913621652e-10 1.510083776532111e-07 11096
18.5 8.611373577464987e-10 1.359933484207063e-07 10056
19 7.817105763916587e-10 1.325408912313194e-07 9716
19.5 6.514281364693943e-10 1.182564362979636e-07 8604
20 5.927751466028045e-10 1.132744434783755e-07 8060
20.5 5.172461026417982e-10 1.012451072118471e-07 7320
21 4.388301799484885e-10 8.847806391668801e-08 6356
21.5 3.697085541426296e-10 7.783685726378415e-08 5348
22 2.836893735087999e-10 6.368344905359988e-08 4308
22.5 2.286545582768817e-10 5.14364707045925e-08 3563
23 1.632930224706029e-10 3.686851388235979e-08 2448
23.5 1.237706916841355e-10 3.036051780798594e-08 1868
24 8.864748707427714e-11 2.157240440289843e-08 1358
24.5 6.746042527252096e-11 1.840933931748449e-08 1062
25 4.690342853305582e-11 1.401001514620333e-08 776
25.5 3.222031728955139e-11 7.745791194715079e-09 432
26 1.470549704123456e-11 3.388156541179294e-09 200
26.5 1.467021314676663e-11 3.046109953258176e-09 168
27 4.497055535616595e-12 1.184789925532487e-09 56
27.5 4.843969102796289e-13 2.020567873498691e-10 7

0.5 2.032437736633256e-08 3.228208235410703e-08 18
1 1.752994936488245e-08 1.226502407750672e-07 62
1.5 8.439725562617578e-06 8.217916442442437e-06 98
2 1.351290427144588e-06 3.806675460678627e-06 210
2.5 1.49877088858848e-07 2.164883703336919e-07 350
3 4.280687503152664e-07 5.634898177971987e-06 450
3.5 1.184016062222456e-08 1.547373446613568e-07 602
4 3.757367794140744e-08 7.339027807071078e-07 762
4.5 5.362954033603415e-08 1.347019620007954e-06 1142
5 5.000568878831528e-09 1.392987461869153e-07 1250
5.5 2.298645497514337e-08 8.280740326024716e-07 1458
6 9.580056164703246e-09 2.769096286983204e-07 1814
6.5 4.87518893076759e-09 1.680038994936472e-07 2178
7 9.731101252129454e-09 3.64242349697802e-07 2498
7.5 4.7924208120763e-09 2.007626294562881e-07 2622
8 3.426546581491715e-09 1.886248420088078e-07 3338
8.5 4.138173328730035e-09 2.242987214714025e-07 3722
9 3.159295898189013e-09 1.809605611864588e-07 4170
9.5 2.238333766836633e-09 1.622310570055116e-07 4358
10 2.244495866332421e-09 1.735484905226762e-07 5034
10.5 2.115603358427404e-09 1.765177861081226e-07 5714
11 1.794770669287374e-09 1.678006977967674e-07 5982
11.5 1.80611214054105e-09 1.632154756009884e-07 6602
12 1.81395274736807e-09 1.654925101433622e-07 7130
12.5 1.776097013041656e-09 1.761267858080788e-07 8034
13 1.715906422091554e-09 1.735179561556838e-07 8606
13.5 1.68293103165943e-09 1.754530145287272e-07 9066
14 1.69658127876293e-09 1.852887724315941e-07 9962
14.5 1.740253598177593e-09 1.93450903687657e-07 10550
15 1.738320403617755e-09 1.993780134914234e-07 11226
15.5 1.808829985714907e-09 2.142129552183851e-07 12146
16 1.748621493404718e-09 2.188398767380367e-07 12303
16.5 1.605511141248141e-09 2.086770626416015e-07 12584
17 1.364664094353877e-09 1.96034875414311e-07 12120
17.5 1.141286663901095e-09 1.747387903309092e-07 11180
18 1.040307465665975e-09 1.694954363943051e-07 11096
18.5 9.079211474052411e-10 1.525619935450023e-07 10056
19 8.128889477816078e-10 1.485381093110304e-07 9716
19.5 7.061176459046252e-10 1.311089169297356e-07 8604
20 6.565555905395394e-10 1.245342771105359e-07 8060
20.5 5.71000570034312e-10 1.126732382096805e-07 7320
21 4.829113881075727e-10 1.013870454937384e-07 6356
21.5 4.112592059603312e-10 8.581241282432652e-08 5348
22 3.241384541120486e-10 7.180645027184972e-08 4308
22.5 2.575050473087466e-10 6.00441974170323e-08 3563
23 1.787417565176669e-10 4.078889661530459e-08 2448
23.5 1.396410736783325e-10 3.442392360848659e-08 1868
24 9.325689199226835e-11 2.367243802583978e-08 1358
24.5 7.776548131238144e-11 1.992920098501431e-08 1062
25 5.347035464585615e-11 1.522920506836897e-08 776
25.5 3.597531966579502e-11 8.070151861499827e-09 432
26 1.65125879567121e-11 3.652124184595205e-09 200
26.5 1.385596851576284e-11 3.5850280323e-09 168
27 4.557601119691679e-12 1.380952881845349e-09 56
27.5 8.258923691761714e-13 1.031560512092331e-10 7

0.5 8.611397205685642e-09 2.374715602863349e-08 18
1 8.945397405797407e-09 8.229489694087494e-08 62
1.5 9.748849709704456e-06 1.493252446078021e-05 98
2 1.975172347458931e-06 1.887271227233081e-07 210
2.5 6.64440586966816e-08 3.038986713387391e-07 350
3 6.718018087407601e-07 3.965457462004381e-06 450
3.5 1.43572133819278e-08 1.548803843376652e-07 602
4 4.720659748285355e-08 6.222460160052942e-07 762
4.5 5.601154098100367e-08 1.064997930199776e-06 1142
5 5.853506504524191e-09 1.230133808759164e-07 1250
5.5 2.724976724128168e-08 5.74044269394394e-07 1458
6 8.232404554907631e-09 2.641347350953314e-07 1814
6.5 3.990785441318181e-09 1.546756321982576e-07 2178
7 7.626520069720793e-09 3.811155423775126e-07 2498
7.5 3.970309365044122e-09 2.0773329147766e-07 2622
8 3.131972984416108e-09 1.753761669233225e-07 3338
8.5 3.769466493017421e-09 2.312328936217186e-07 3722
9 3.007757833376752e-09 1.918547212170245e-07 4170
9.5 2.410730358968238e-09 1.561455048088199e-07 4358
10 2.429281192218902e-09 1.742341020801997e-07 5034
10.5 2.304196079994353e-09 1.822745005420571e-07 5714
11 2.032535660046606e-09 1.700698523221103e-07 5982
11.5 1.986753786909645e-09 1.762017640631241e-07 6602
12 1.994979055536125e-09 1.727091773903632e-07 7130
12.5 1.923912526671673e-09 1.840607373879719e-07 8034
13 1.810553234913015e-09 1.809764846964191e-07 8606
13.5 1.74371595215329e-09 1.860686748470716e-07 9066
14 1.716873509702174e-09 2.005241467161962e-07 9962
14.5 1.794145952196039e-09 2.08257122058241e-07 10550
15 1.783877996545396e-09 2.150703026349816e-07 11226
15.5 1.867891163847368e-09 2.319119454744903e-07 12146
16 1.830500759940596e-09 2.298215382306219e-07 12303
16.5 1.630242757815398e-09 2.300415219362446e-07 12584
17 1.393145995798594e-09 2.070166200724096e-07 12120
17.5 1.156063143749609e-09 1.918880056362834e-07 11180
18 1.105838307819602e-09 1.832115532024604e-07 11096
18.5 9.395622365776888e-10 1.6631046185375e-07 10056
19 8.544799596102315e-10 1.629508666909247e-07 9716
19.5 7.436760293353635e-10 1.457926418541424e-07 8604
20 6.868525106481614e-10 1.343613796666311e-07 8060
20.5 6.018191419250528e-10 1.234846997789733e-07 7320
21 5.313598467172602e-10 1.110008834194517e-07 6356
21.5 4.260713027968064e-10 9.86932546614503e-08 5348
22 3.491062929258942e-10 7.855859015407452e-08 4308
22.5 2.855318484009542e-10 6.386811785365513e-08 3563
23 1.903509469140166e-10 4.418919529852411e-08 2448
23.5 1.474490237655054e-10 3.480365923320588e-08 1868
24 9.990313329384982e-11 2.635387622758638e-08 1358
24.5 8.417885682357271e-11 2.260851805826526e-08 1062
25 6.325595957292743e-11 1.667702337452847e-08 776
25.5 3.438981801870658e-11 1.052498322587572e-08 432
26 1.530738934912569e-11 4.422852979363002e-09 200
26.5 1.32178282003634e-11 4.198340001497233e-09 168
27 5.479803178086186e-12 1.420283458344822e-09 56
27.5 7.262869698043287e-13 1.004946091666388e-10 7

0.5 2.424894760789097e-09 1.121523569093274e-08 18
1 1.040851538176557e-08 1.29928462264674e-08 62
1.5 4.266744203444507e-06 4.007875108859201e-05 98
2 1.148253171041697e-06 1.225983679894491e-06 210
2.5 3.935589571582816e-08 1.931984487449915e-07 350
3 6.023477014343053e-07 4.418844543737393e-06 450
3.5 1.357024170533146e-08 1.247430657861763e-07 602
4 3.592497622244381e-08 7.284256746935289e-07 762
4.5 5.451009803133591e-08 9.838321237628846e-07 1142
5 6.328178398748945e-09 1.168482154151698e-07 1250
5.5 2.245823154165818e-08 6.985910444126238e-07 1458
6 8.619966825827811e-09 2.559972281383683e-07 1814
6.5 4.585727493952444e-09 1.544057261951046e-07 2178
7 8.43659550994864e-09 3.315869099132411e-07 2498
7.5 4.252669898448124e-09 2.075548700320482e-07 2622
8 3.506324997863145e-09 1.673591511618682e-07 3338
8.5 3.908927196127088e-09 2.15643099050298e-07 3722
9 2.949496019217963e-09 1.955738042846807e-07 4170
9.5 2.320289610384477e-09 1.610322198324906e-07 4358
10 2.369264177965304e-09 1.718363698704166e-07 5034
10.5 2.270811260818212e-09 1.803025917479396e-07 5714
11 1.882847721585169e-09 1.767107736500231e-07 5982
11.5 1.902400144370978e-09 1.727662355921161e-07 6602
12 1.7858408195378e-09 1.838889498281296e-07 7130
12.5 1.838039121751958e-09 1.861391572842691e-07 8034
13 1.723842965695013e-09 1.884123661379557e-07 8606
13.5 1.660014719706579e-09 1.956237035757713e-07 9066
14 1.742411128938426e-09 1.993505458490908e-07 9962
14.5 1.692566009350565e-09 2.134714264573484e-07 10550
15 1.731603936161767e-09 2.255922699458709e-07 11226
15.5 1.826533246934331e-09 2.462039759345736e-07 12146
16 1.802156510352638e-09 2.425911876804932e-07 12303
16.5 1.633360437431638e-09 2.412582231747802e-07 12584
17 1.417314170881698e-09 2.219560247465401e-07 12120
17.5 1.227993829911948e-09 1.985098973338876e-07 11180
18 1.138891261467749e-09 1.97481331926941e-07 11096
18.5 9.657942677257395e-10 1.80649962462265e-07 10056
19 9.162288087913082e-10 1.698363381058001e-07 9716
19.5 7.895034025510082e-10 1.534219937481685e-07 8604
20 7.222185150875918e-10 1.45330794760181e-07 8060
20.5 6.287921493448496e-10 1.354332765676177e-07 7320
21 5.624405468700709e-10 1.191872697964554e-07 6356
21.5 4.639524410760523e-10 1.040643882204345e-07 5348
22 3.590465978908554e-10 8.416026827954141e-08 4308
22.5 3.005965424396145e-10 6.7214328220619e-08 3563
23 1.95677369645597e-10 4.898772133131167e-08 2448
23.5 1.556645490754176e-10 4.035593583803202e-08 1868
24 1.069937553133457e-10 2.8870212623885e-08 1358
24.5 9.299973670319343e-11 2.487821088101143e-08 1062
25 6.108897374736072e-11 1.819784417283634e-08 776
25.5 3.775096588504732e-11 1.088643118137367e-08 432
26 1.60214483057281e-11 4.692278985241721e-09 200
26.5 1.387964318099397e-11 4.667199083960675e-09 168
27 4.721537803841411e-12 1.622285391189313e-09 56
27.5 7.920600853492387e-13 1.027981174539394e-10 7

0.5 4.582499023742494e-09 1.893861609307344e-09 18
1 6.562246128707468e-09 3.715119535949077e-08 62
1.5 5.084055704287525e-06 4.514800819385487e-05 98
2 1.531134763276846e-07 2.555138482764015e-06 210
2.5 1.406945979805456e-08 2.984823744080447e-07 350
3 3.15226224318149e-07 6.823675512984457e-06 450
3.5 1.09255858874193e-08 1.046956029981921e-07 602
4 3.861688719197648e-08 5.781259045647287e-07 762
4.5 4.953880343939688e-08 9.052435783815596e-07 1142
5 4.445181405526808e-09 1.156063178016003e-07 1250
5.5 2.113615657918896e-08 6.278505022140425e-07 1458
6 7.621971348102762e-09 2.421704795595327e-07 1814
6.5 3.892952805287757e-09 1.424899995496763e-07 2178
7 7.045807776954324e-09 3.373541740990653e-07 2498
7.5 3.972412333533338e-09 1.900086746797139e-07 2622
8 3.089905303537217e-09 1.670384199553224e-07 3338
8.5 3.528449962382192e-09 2.120931338979601e-07 3722
9 2.813257973752973e-09 1.894699168374433e-07 4170
9.5 2.146525536598525e-09 1.634280786626171e-07 4358
10 2.224669217907907e-09 1.773597514140768e-07 5034
10.5 2.150875642210532e-09 1.886724717519586e-07 5714
11 1.920204215372711e-09 1.771933204164061e-07 5982
11.5 1.862596490215311e-09 1.798231092918053e-07 6602
12 1.775786672942895e-09 1.893222822526808e-07 7130
12.5 1.762726955588858e-09 2.013688714427619e-07 8034
13 1.747011215402069e-09 1.976767822229782e-07 8606
13.5 1.688470969411005e-09 2.040213668441011e-07 9066
14 1.741747829065606e-09 2.113392743659162e-07 9962
14.5 1.74476579048684e-09 2.248439269509282e-07 10550
15 1.785495254989896e-09 2.372547083577113e-07 11226
15.5 1.848584386654036e-09 2.610412353118814e-07 12146
16 1.795802867021548e-09 2.543658537668271e-07 12303
16.5 1.646705964826184e-09 2.578110259258175e-07 12584
17 1.43416112019976e-09 2.362658567902452e-07 12120
17.5 1.225752245697152e-09 2.109480634630125e-07 11180
18 1.148601753884127e-09 2.091109216828943e-07 11096
18.5 1.003203676976236e-09 1.888291597692158e-07 10056
19 9.158711599177092e-10 1.839846178030101e-07 9716
19.5 7.990140339604879e-10 1.632411259626737e-07 8604
20 7.377458958360911e-10 1.540018748008726e-07 8060
20.5 6.514334302899469e-10 1.395161810288509e-07 7320
21 5.562338227649094e-10 1.286901661907595e-07 6356
21.5 4.748976047361061e-10 1.088363616482148e-07 5348
22 3.755760600714195e-10 8.356943059852784e-08 4308
22.5 2.918534917913382e-10 7.171204904799442e-08 3563
23 2.036253114427981e-10 5.205526480031735e-08 2448
23.5 1.58695604870515e-10 4.259814072590344e-08 1868
24 1.150708567384727e-10 3.07756990687041e-08 1358
24.5 9.689542036133816e-11 2.641744167319572e-08 1062
25 6.600855805297358e-11 1.794996180177445e-08 776
25.5 3.531809266620129e-11 1.115156621783811e-08 432
26 1.727234403480295e-11 5.145471229880433e-09 200
26.5 1.372572101548725e-11 5.01536818668044e-09 168
27 4.675718272053241e-12 1.743565564193065e-09 56
27.5 2.997260196075039e-13 1.411986285663669e-10 7

0.5 7.234636034265569e-09 6.066317012999125e-09 18
1 9.719846147060438e-09 1.280756362276682e-08 62
1.5 1.886334522157572e-05 1.299641702214978e-05 98
2 1.509796048735015e-07 2.272393154582449e-06 210
2.5 2.989656345295654e-08 1.807569554084312e-07 350
3 7.188271815418462e-07 3.485658903190134e-06 450
3.5 8.934317785811101e-09 1.186588006750975e-07 602
4 3.572359838190763e-08 5.811770096824113e-07 762
4.5 4.637262989672131e-08 8.07351380871804e-07 1142
5 4.138479176256266e-09 1.108266589063972e-07 1250
5.5 2.183066268582775e-08 5.243006543303772e-07 1458
6 7.166658017568852e-09 2.395488123191226e-07 1814
6.5 3.576254561135356e-09 1.410245978243568e-07 2178
7 6.886606452076213e-09 3.054651618802337e-07 2498
7.5 3.916191793665317e-09 1.795860904995453e-07 2622
8 2.973768179109929e-09 1.656948431536459e-07 3338
8.5 3.347167018800163e-09 2.090171639051136e-07 3722
9 2.745966454694732e-09 1.794306416936106e-07 4170
9.5 2.184961482338277e-09 1.56386242752971e-07 4358
10 2.100489034224005e-09 1.727401339248822e-07 5034
10.5 2.099177492409089e-09 1.755241354557692e-07 5714
11 1.885757193275909e-09 1.703629022416381e-07 5982
11.5 1.832555303542181e-09 1.734065649324935e-07 6602
12 1.748341743674585e-09 1.842275278646175e-07 7130
12.5 1.799853011399427e-09 1.918779769148929e-07 8034
13 1.718250335893819e-09 1.896253630965496e-07 8606
13.5 1.708902233514012e-09 1.982122024613833e-07 9066
14 1.683480687843129e-09 2.090008874512622e-07 9962
14.5 1.748835781457867e-09 2.150586350365425e-07 10550
15 1.78283304579841e-09 2.28861851877455e-07 11226
15.5 1.842139065424856e-09 2.486972013298869e-07 12146
16 1.769896803632841e-09 2.459736508470458e-07 12303
16.5 1.675836092381795e-09 2.448620548978861e-07 12584
17 1.432231703868447e-09 2.324708607836938e-07 12120
17.5 1.268788282095125e-09 2.048904725242743e-07 11180
18 1.161360924617563e-09 2.0793367399955e-07 11096
18.5 9.923265362475757e-10 1.826381591353961e-07 10056
19 9.364072276533144e-10 1.745541653241596e-07 9716
19.5 8.159668844741225e-10 1.574762510204294e-07 8604
20 7.378935932823712e-10 1.521123884236143e-07 8060
20.5 6.403578070806117e-10 1.399337636998226e-07 7320
21 5.566183155858199e-10 1.264716344796092e-07 6356
21.5 4.842883131231605e-10 1.060252703858861e-07 5348
22 3.571057688268101e-10 8.34480797345379e-08 4308
22.5 2.886882684953355e-10 7.15953395096443e-08 3563
23 1.973527045143537e-10 5.139151597918448e-08 2448
23.5 1.585446143967759e-10 4.133025240969359e-08 1868
24 1.099959809366176e-10 3.181766963488495e-08 1358
24.5 9.345304053108609e-11 2.493730628948998e-08 1062
25 6.788726193611114e-11 1.794132724861534e-08 776
25.5 3.603706164707115e-11 1.057494776732922e-08 432
26 1.901278077596477e-11 4.341457515734085e-09 200
26.5 1.520302400460057e-11 4.822160457628862e-09 168
27 4.914868292393312e-12 1.505870600761915e-09 56
27.5 5.73362809625253e-13 1.52918753835479e-10 7

0.5 1.760972195828093e-08 2.477097852467612e-08 18
1 1.121911840850012e-08 3.759749495419706e-08 62
1.5 2.136767944425529e-05 1.550810401873814e-05 98
2 6.918220623011477e-07 4.099764245337472e-07 210
2.5 4.010978076895384e-08 1.699640243120544e-07 350
3 6.004417411336527e-07 4.440336641076163e-06 450
3.5 1.031084073167133e-08 1.071017550599527e-07 602
4 3.801354698895775e-08 5.356032647066261e-07 762
4.5 3.875265927694418e-08 7.828511592714133e-07 1142
5 5.215000385912739e-09 9.82286854449614e-08 1250
5.5 1.923366647315186e-08 5.67361575086006e-07 1458
6 6.686212885483458e-09 2.185369347419173e-07 1814
6.5 3.773306267312362e-09 1.408444188161849e-07 2178
7 6.84985425639048e-09 3.042977202673653e-07 2498
7.5 3.545006829536917e-09 1.784246515587002e-07 2622
8 2.931304461583244e-09 1.677878938365356e-07 3338
8.5 3.654812639533164e-09 2.059148324154254e-07 3722
9 2.859577884965955e-09 1.765331036297928e-07 4170
9.5 2.180229347268774e-09 1.600672594726735e-07 4358
10 2.327811003811873e-09 1.65918824942678e-07 5034
10.5 2.249046006295224e-09 1.758567037132882e-07 5714
11 1.987162850441523e-09 1.706580991468456e-07 5982
11.5 1.892122946959872e-09 1.794508104590552e-07 6602
12 1.807584946764335e-09 1.840025192713659e-07 7130
12.5 1.863618801024573e-09 1.90893033279809e-07 8034
13 1.783188889592461e-09 1.944009394934761e-07 8606
13.5 1.776711688053078e-09 2.050304640906311e-07 9066
14 1.79241135720836e-09 2.156194668849843e-07 9962
14.5 1.853793703561128e-09 2.266269701205147e-07 10550
15 1.865837168643231e-09 2.3546203646787e-07 11226
15.5 1.975973946048983e-09 2.535035235694223e-07 12146
16 1.931224184445532e-09 2.513860603886543e-07 12303
16.5 1.79634694398219e-09 2.545267862330402e-07 12584
17 1.586964148611397e-09 2.405492074672026e-07 12120
17.5 1.307228263818403e-09 2.157947762763527e-07 11180
18 1.228570436617435e-09 2.104090835670428e-07 11096
18.5 1.051728531991395e-09 1.904536396538529e-07 10056
19 9.620751198500516e-10 1.847770201721741e-07 9716
19.5 8.645751202241355e-10 1.631130559876656e-07 8604
20 7.942032287515972e-10 1.555366161081043e-07 8060
20.5 7.022494465505884e-10 1.429896766548419e-07 7320
21 6.060823737672455e-10 1.32985650693309e-07 6356
21.5 4.947024592301743e-10 1.133299039292318e-07 5348
22 3.908806365445186e-10 8.825767886227208e-08 4308
22.5 3.130189581625101e-10 7.592691496584895e-08 3563
23 2.083453374806361e-10 5.338502106795354e-08 2448
23.5 1.717193295380711e-10 4.122202606230959e-08 1868
24 1.188307677299655e-10 3.147282031260846e-08 1358
24.5 1.005715759195736e-10 2.652170919823858e-08 1062
25 7.037032641973691e-11 1.905853265367929e-08 776
25.5 3.924639484319501e-11 1.159004490013669e-08 432
26 1.941282302868397e-11 5.043777280191573e-09 200
26.5 1.50814325076672e-11 4.818109438500001e-09 168
27 6.187039271363582e-12 1.486820869719842e-09 56
27.5 4.950827899379786e-13 1.728016577809984e-10 7

0.5 5.774837160492316e-08 4.606603350287429e-08 18
1 3.618485771739528e-08 9.441487031005242e-08 62
1.5 3.037332976450144e-06 8.071600640707586e-05 98
2 4.262075361499866e-07 5.312541157571122e-07 210
2.5 3.927933579152218e-08 2.753502114326451e-07 350
3 3.677149453408783e-07 5.853441012251072e-06 450
3.5 8.306011750025493e-09 1.160349680170628e-07 602
4 3.518448905771469e-08 5.843215034552072e-07 762
4.5 4.358021808371291e-08 5.498692653361919e-07 1142
5 4.417655178356073e-09 9.346494209836547e-08 1250
5.5 1.989536258593824e-08 5.060373532733539e-07 1458
6 7.199036231776946e-09 2.056521418982539e-07 1814
6.5 3.793169822712692e-09 1.464826697609034e-07 2178
7 6.772493496855032e-09 2.943943286554844e-07 2498
7.5 3.460110541341952e-09 1.73538060458937e-07 2622
8 3.311244856619126e-09 1.652598455986669e-07 3338
8.5 3.664255299707931e-09 2.106383075075678e-07 3722
9 2.734847465726424e-09 1.709703398554016e-07 4170
9.5 2.316228956397385e-09 1.574575099753927e-07 4358
10 2.45938494353016e-09 1.725645388982113e-07 5034
10.5 2.330657927128604e-09 1.815065198541896e-07 5714
11 1.979380262953021e-09 1.724602910914577e-07 5982
11.5 2.003516659459768e-09 1.755626847678608e-07 6602
12 1.93665255425507e-09 1.849916600394762e-07 7130
12.5 1.903911893547962e-09 1.990272203080543e-07 8034
13 1.876200856974339e-09 2.012342377611038e-07 8606
13.5 1.87378162983924e-09 2.094003938553481e-07 9066
14 1.888883919616863e-09 2.210861451902239e-07 9962
14.5 1.933467250586772e-09 2.352193124542383e-07 10550
15 1.935501133027548e-09 2.473595053151894e-07 11226
15.5 2.031942585564747e-09 2.658667028939091e-07 12146
16 2.000854498323948e-09 2.644563756956419e-07 12303
16.5 1.844906733002307e-09 2.641288752055507e-07 12584
17 1.682004957599367e-09 2.445823954475246e-07 12120
17.5 1.366128924889508e-09 2.222110305456683e-07 11180
18 1.292425696641676e-09 2.18337762110919e-07 11096
18.5 1.134402273266678e-09 1.965881478224262e-07 10056
19 1.031213916823927e-09 1.908737879055681e-07 9716
19.5 9.051506905662821e-10 1.72073980605271e-07 8604
20 8.228429084557532e-10 1.633135862991081e-07 8060
20.5 7.432272855306153e-10 1.511093870834151e-07 7320
21 6.470314803030468e-10 1.36705165523463e-07 6356
21.5 5.350874442828104e-10 1.161548480782551e-07 5348
22 4.037430081913e-10 9.496147833488373e-08 4308
22.5 3.288009633270431e-10 7.852346147102372e-08 3563
23 2.202625797687337e-10 5.473448099275585e-08 2448
23.5 1.737233201841994e-10 4.388671407853545e-08 1868
24 1.258870366249361e-10 3.178774710889119e-08 1358
24.5 9.907886544024316e-11 2.772987084444403e-08 1062
25 7.842266465361105e-11 1.910260574150573e-08 776
25.5 4.35692020891323e-11 1.11934367975832e-08 432
26 1.884698083022449e-11 5.61137488476764e-09 200
26.5 1.605730097784003e-11 4.823156157995155e-09 168
27 6.909495001320377e-12 1.455641192291434e-09 56
27.5 1.173986285788795e-12 1.470297875354661e-10 7

0.5 1.57061733089884e-07 2.468283278652614e-08 18
1 1.429514547042443e-07 6.641241250801358e-08 62
1.5 1.242911749945818e-05 5.342275798487947e-05 98
2 2.174209147946122e-08 9.087353159576232e-07 210
2.5 5.092539262856999e-08 1.732533499671851e-07 350
3 5.697022620261886e-07 3.36783001857679e-06 450
3.5 8.114588686817088e-09 1.121877776594379e-07 602
4 3.161629490635539e-08 6.050922056811612e-07 762
4.5 2.686513161127624e-08 7.721439770091889e-07 1142
5 5.535852771552927e-09 9.961701612807439e-08 1250
5.5 1.943248434079865e-08 5.358304296950827e-07 1458
6 5.967985892525844e-09 2.043456073054766e-07 1814
6.5 3.838988890780526e-09 1.548897639034884e-07 2178
7 8.161898328215385e-09 2.750176052217101e-07 2498
7.5 3.766473180908e-09 1.649639261487124e-07 2622
8 3.161838841398064e-09 1.740595063982354e-07 3338
8.5 3.40591989014758e-09 2.205021642430388e-07 3722
9 2.685713233043465e-09 1.783332781903512e-07 4170
9.5 2.439244794843624e-09 1.66060309508329e-07 4358
10 2.502128078250915e-09 1.839445857826293e-07 5034
10.5 2.290986899259711e-09 1.860339474630056e-07 5714
11 1.963603801886608e-09 1.750384617473788e-07 5982
11.5 2.042255688371361e-09 1.850806705478046e-07 6602
12 1.9731923458047e-09 1.878458242443119e-07 7130
12.5 2.035688649754526e-09 2.038934281396573e-07 8034
13 2.001928550555972e-09 2.048614599184964e-07 8606
13.5 1.978865737201673e-09 2.174096408605836e-07 9066
14 1.974919866253763e-09 2.290649042804552e-07 9962
14.5 2.021770640560785e-09 2.475508872971866e-07 10550
15 2.072635751988397e-09 2.516010167434443e-07 11226
15.5 2.14257035256876e-09 2.775403053687924e-07 12146
16 2.088184652171231e-09 2.786289552161644e-07 12303
16.5 1.962918684124067e-09 2.756042469030903e-07 12584
17 1.710090071726556e-09 2.63838158396645e-07 12120
17.5 1.452494667959054e-09 2.350299066034409e-07 11180
18 1.360363298409955e-09 2.277305467278801e-07 11096
18.5 1.157621509687784e-09 2.122807520550862e-07 10056
19 1.088827909803377e-09 2.009803290132004e-07 9716
19.5 9.550211128878102e-10 1.791072241082776e-07 8604
20 8.488413366317061e-10 1.744241057015665e-07 8060
20.5 7.658809927272479e-10 1.609643388052044e-07 7320
21 6.718904362898908e-10 1.452434827694549e-07 6356
21.5 5.549852151098873e-10 1.234987626880022e-07 5348
22 4.277002188946002e-10 1.000903722421251e-07 4308
22.5 3.404685521617273e-10 8.272988911251894e-08 3563
23 2.401616154498786e-10 5.634880632002873e-08 2448
23.5 1.854939676487708e-10 4.604733638976638e-08 1868
24 1.23095977884461e-10 3.470361257788188e-08 1358
24.5 1.069664900239029e-10 2.863317343623238e-08 1062
25 7.307533606181177e-11 2.123231904890587e-08 776
25.5 4.707841866939122e-11 1.150089636106982e-08 432
26 1.793659409397478e-11 6.654815789114492e-09 200
26.5 1.651353193609108e-11 4.907937197623956e-09 168
27 7.114059334173679e-12 1.273717366908507e-09 56
27.5 7.782797495869856e-13 1.930789044310756e-10 7

0.5 2.262565985294084e-07 1.789191092869433e-09 18
1 2.217797256448842e-07 9.790380157315109e-09 62
1.5 2.609908266765139e-05 7.086138396323187e-06 98
2 7.942095813874482e-08 6.086129739062095e-08 210
2.5 2.205262394234337e-08 2.163630067075031e-07 350
3 4.079734446601056e-07 4.754218469482771e-06 450
3.5 1.162431007493895e-08 8.855311362525214e-08 602
4 3.513523244282589e-08 5.914854867254994e-07 762
4.5 3.459869470418064e-08 4.798735786326106e-07 1142
5 3.93863895287559e-09 1.023735618715246e-07 1250
5.5 1.815383119282185e-08 5.619031745849868e-07 1458
6 6.506451206957989e-09 2.021395719924006e-07 1814
6.5 4.754805620278909e-09 1.578038605552537e-07 2178
7 6.865154488200148e-09 3.096194955221234e-07 2498
7.5 3.496953840057051e-09 1.575380918776813e-07 2622
8 3.05109961032839e-09 1.856166736983665e-07 3338
8.5 3.783672044223521e-09 2.262709470756613e-07 3722
9 2.934448984421452e-09 1.77382085368551e-07 4170
9.5 2.640995593271639e-09 1.718035133133384e-07 4358
10 2.645152683049657e-09 1.919975974609029e-07 5034
10.5 2.37527146881794e-09 1.879868281924256e-07 5714
11 2.041113252565583e-09 1.854930145349662e-07 5982
11.5 2.121995998749816e-09 1.975794324881978e-07 6602
12 2.061500407449157e-09 1.951940678953669e-07 7130
12.5 2.168985566131002e-09 2.10410848649668e-07 8034
13 2.080952085414082e-09 2.188398683524863e-07 8606
13.5 2.06608314247135e-09 2.341415029885601e-07 9066
14 2.036184665261429e-09 2.431991604078793e-07 9962
14.5 2.133213334980557e-09 2.571847377871621e-07 10550
15 2.152935700709121e-09 2.710562569428573e-07 11226
15.5 2.251654005731036e-09 2.899598201592872e-07 12146
16 2.19628172838415e-09 3.00477419638212e-07 12303
16.5 2.070717805157474e-09 2.902438775146406e-07 12584
17 1.81803847312731e-09 2.748722005574693e-07 12120
17.5 1.542657910536527e-09 2.499276178638227e-07 11180
18 1.446225430498866e-09 2.400490445974774e-07 11096
18.5 1.25809281068675e-09 2.19497663894599e-07 10056
19 1.166058688752458e-09 2.12230568410929e-07 9716
19.5 9.727303862601772e-10 1.971164216626612e-07 8604
20 8.947513963832275e-10 1.842148301870721e-07 8060
20.5 8.259022743642419e-10 1.65325426980673e-07 7320
21 6.908613575559253e-10 1.564687584923189e-07 6356
21.5 5.782939096789161e-10 1.307509464433549e-07 5348
22 4.616688411657415e-10 1.031862578217086e-07 4308
22.5 3.67446795264578e-10 8.698202967775319e-08 3563
23 2.479090467541974e-10 6.192132475609164e-08 2448
23.5 1.900667295669736e-10 4.854841138260732e-08 1868
24 1.328134744464595e-10 3.690943433623127e-08 1358
24.5 1.051054938771779e-10 3.174732120018413e-08 1062
25 7.485259387013761e-11 2.172417229146709e-08 776
25.5 4.572807925250761e-11 1.217630355135053e-08 432
26 1.832429635091065e-11 5.962610346444889e-09 200
26.5 1.744785342956839e-11 4.602951069970461e-09 168
27 7.070275936987627e-12 2.040262529180408e-09 56
27.5 8.690208691589057e-13 1.710365355348646e-10 7

0.5 2.068225674469444e-07 3.47129088514517e-08 18
1 1.714671412852083e-07 7.246657257332058e-08 62
1.5 3.621377235962009e-06 8.266871703147474e-05 98
2 2.681651771970282e-08 6.855229919961851e-07 210
2.5 3.224579509482097e-08 2.250184881464612e-07 350
3 5.086455430579485e-07 3.717344780482332e-06 450
3.5 7.383984734125624e-09 1.069085901651882e-07 602
4 3.155283889227285e-08 6.283392602333763e-07 762
4.5 3.034043299200768e-08 5.273896323001435e-07 1142
5 5.371943559654417e-09 9.959353997784348e-08 1250
5.5 2.106959749856811e-08 5.451539639987152e-07 1458
6 5.784060343501746e-09 1.951802018923888e-07 1814
6.5 4.1524298963258e-09 1.656960064884387e-07 2178
7 6.672330310463732e-09 3.312593623857838e-07 2498
7.5 3.631243297348175e-09 1.675624972905725e-07 2622
8 3.854277666584692e-09 1.927008984909056e-07 3338
8.5 4.504383456114461e-09 2.317065383475735e-07 3722
9 3.202070299211052e-09 1.779904187673554e-07 4170
9.5 2.602529551036577e-09 1.871263650542824e-07 4358
10 2.615860707737073e-09 2.070015622116558e-07 5034
10.5 2.343545013943935e-09 2.023865469641543e-07 5714
11 2.148396991542439e-09 1.968599492521563e-07 5982
11.5 2.203712925951791e-09 2.116126842441362e-07 6602
12 2.151649292390231e-09 2.089310192069395e-07 7130
12.5 2.260456146531068e-09 2.230707100117498e-07 8034
13 2.254446002097612e-09 2.381414720165034e-07 8606
13.5 2.272970770590999e-09 2.489381645557194e-07 9066
14 2.263825832765425e-09 2.590941593287862e-07 9962
14.5 2.352295061233475e-09 2.723002074831924e-07 10550
15 2.349382087880985e-09 2.880496148452908e-07 11226
15.5 2.434824885515298e-09 3.059165781937151e-07 12146
16 2.352892004909939e-09 3.159945801719271e-07 12303
16.5 2.156753458368568e-09 3.132909804444461e-07 12584
17 1.907911597342682e-09 2.929884556946653e-07 12120
17.5 1.631468225697189e-09 2.680511816024811e-07 11180
18 1.540090236563093e-09 2.593953433072767e-07 11096
18.5 1.331284611694989e-09 2.343503486592528e-07 10056
19 1.280778325533961e-09 2.245444773869415e-07 9716
19.5 1.081310921409893e-09 2.01720590965674e-07 8604
20 9.779853560669788e-10 1.982668844536194e-07 8060
20.5 8.763666161174348e-10 1.730308228871519e-07 7320
21 7.572906828935206e-10 1.589144247929902e-07 6356
21.5 6.320693206418705e-10 1.384343184684739e-07 5348
22 4.899756866478593e-10 1.105197695438844e-07 4308
22.5 3.922213195616511e-10 9.078371367539407e-08 3563
23 2.644008185580769e-10 6.449569950359909e-08 2448
23.5 2.035901059211234e-10 5.158378368413844e-08 1868
24 1.432809124474027e-10 3.720522012471492e-08 1358
24.5 1.084664189935099e-10 3.207379699871422e-08 1062
25 8.168272197336485e-11 2.197720171084689e-08 776
25.5 4.430990112308797e-11 1.406498534279624e-08 432
26 2.324843184905363e-11 5.98012668631661e-09 200
26.5 2.000741887795544e-11 5.129504640509721e-09 168
27 4.877793230562292e-12 2.714495864792473e-09 56
27.5 8.617902504437711e-13 1.634411176489136e-10 7

0.5 1.598725346216738e-07 8.053364587336517e-08 18
1 1.085534072374587e-07 1.3969002871198e-07 62
1.5 1.231061252868261e-05 5.382225734352092e-05 98
2 2.58960966351604e-07 5.706702588298983e-07 210
2.5 5.659754171631414e-08 1.604649566394637e-07 350
3 4.81645469375509e-07 4.413484350082017e-06 450
3.5 7.446736590008609e-09 9.289490287264165e-08 602
4 3.480313610266278e-08 5.811798178385112e-07 762
4.5 2.656131761440276e-08 5.474031138567825e-07 1142
5 4.055808780913447e-09 1.056670481111638e-07 1250
5.5 1.966233579885052e-08 6.065297359993385e-07 1458
6 6.794174629187987e-09 1.966239671723191e-07 1814
6.5 5.677911691924368e-09 1.687237111342818e-07 2178
7 8.104725897115314e-09 3.431502319025824e-07 2498
7.5 3.785052758659176e-09 1.720918774470158e-07 2622
8 3.777526345678616e-09 2.092540051047479e-07 3338
8.5 4.135345909557885e-09 2.611191213581274e-07 3722
9 2.841710401582896e-09 1.856156729363757e-07 4170
9.5 2.683653013410047e-09 1.890297650447794e-07 4358
10 2.700599522871108e-09 2.270403187853849e-07 5034
10.5 2.556351926845819e-09 2.191480252034034e-07 5714
11 2.392382519677718e-09 2.108999888881277e-07 5982
11.5 2.53427408279187e-09 2.251989487012985e-07 6602
12 2.450470617921396e-09 2.211497249611924e-07 7130
12.5 2.550170344848882e-09 2.422710446452973e-07 8034
13 2.41801132220313e-09 2.578321668341911e-07 8606
13.5 2.556656796036545e-09 2.674647069449922e-07 9066
14 2.5177471236199e-09 2.765460133577638e-07 9962
14.5 2.556307046483348e-09 2.922508615925144e-07 10550
15 2.555359413879617e-09 3.100710353713574e-07 11226
15.5 2.643312907196165e-09 3.319577222798134e-07 12146
16 2.574980823726843e-09 3.425413017712238e-07 12303
16.5 2.355326776164934e-09 3.324491709405794e-07 12584
17 2.048081949516136e-09 3.182275982727845e-07 12120
17.5 1.770594392353612e-09 2.836745905173416e-07 11180
18 1.63745493074547e-09 2.800163792086222e-07 11096
18.5 1.411478458331011e-09 2.560733661034076e-07 10056
19 1.339282615991267e-09 2.4294229901885e-07 9716
19.5 1.165007455538291e-09 2.165150017218972e-07 8604
20 1.085758018165995e-09 2.0783756841132e-07 8060
20.5 9.505335941238118e-10 1.888903815250517e-07 7320
21 8.010488895182531e-10 1.700324000684864e-07 6356
21.5 6.701612675594705e-10 1.507083107206896e-07 5348
22 5.236410409363479e-10 1.202205153583984e-07 4308
22.5 4.091255688234165e-10 9.928477412849325e-08 3563
23 2.892521224928605e-10 6.899626922412831e-08 2448
23.5 2.134587462491705e-10 5.665309182689225e-08 1868
24 1.522638223589027e-10 4.006787348688103e-08 1358
24.5 1.210242242187528e-10 3.543544727020223e-08 1062
25 8.914982045020077e-11 2.33851635346826e-08 776
25.5 4.658647679601178e-11 1.541010110150579e-08 432
26 2.457346240404553e-11 6.471464094624685e-09 200
26.5 2.17647847159972e-11 6.203448952496806e-09 168
27 3.492610354874281e-12 3.04495565728888e-09 56
27.5 1.120726043649117e-12 2.867518162972818e-10 7

0.5 1.055050667748196e-07 1.379256416948051e-07 18
1 6.081523649960576e-08 1.557614791569099e-07 62
1.5 2.81685831804686e-05 5.173067289935447e-06 98
2 5.616771727852496e-07 1.305672129229721e-07 210
2.5 3.429334725865133e-08 2.159143652350388e-07 350
3 4.799611378656955e-07 5.646718493536832e-06 450
3.5 1.171899870019231e-08 1.213699180364619e-07 602
4 3.802052524437089e-08 6.744182687546678e-07 762
4.5 2.819013883560869e-08 6.367346567731626e-07 1142
5 4.738347433209105e-09 1.12267284417276e-07 1250
5.5 2.028078401593065e-08 6.126981123753246e-07 1458
6 5.825643188789536e-09 2.011864465673617e-07 1814
6.5 4.889695203759448e-09 1.755186665431978e-07 2178
7 7.578924335062077e-09 3.754593207963612e-07 2498
7.5 3.576798350009385e-09 1.881209452897571e-07 2622
8 3.967001041359057e-09 2.149724241950112e-07 3338
8.5 4.870192388270704e-09 2.745015265014356e-07 3722
9 3.265264258367431e-09 2.05049444143287e-07 4170
9.5 3.11849223791146e-09 2.144314091834352e-07 4358
10 3.488521258372359e-09 2.382986977143737e-07 5034
10.5 3.206545129142006e-09 2.282779608690761e-07 5714
11 2.955665155119978e-09 2.219966347876454e-07 5982
11.5 2.781818510882793e-09 2.457696482532432e-07 6602
12 2.693960070158257e-09 2.432440724374495e-07 7130
12.5 2.718807944858245e-09 2.662935036468359e-07 8034
13 2.675320874640894e-09 2.757543096031924e-07 8606
13.5 2.695858301037564e-09 2.89772451770083e-07 9066
14 2.628929216104951e-09 3.036510936240444e-07 9962
14.5 2.639406032851017e-09 3.298858163662618e-07 10550
15 2.72140494254146e-09 3.370665017683933e-07 11226
15.5 2.71574798373092e-09 3.701085313454426e-07 12146
16 2.70807148873022e-09 3.723859960641218e-07 12303
16.5 2.464847640914684e-09 3.666930974202387e-07 12584
17 2.177515928692168e-09 3.450231880069665e-07 12120
17.5 1.88228648935615e-09 3.084862955304178e-07 11180
18 1.759440991437412e-09 3.072722218882014e-07 11096
18.5 1.499220858684685e-09 2.7714372268882e-07 10056
19 1.428917057899066e-09 2.706564156877088e-07 9716
19.5 1.229983134439486e-09 2.363451246616329e-07 8604
20 1.132048620074862e-09 2.326495419504708e-07 8060
20.5 1.014963408566735e-09 2.044062294536395e-07 7320
21 8.818194609510417e-10 1.810598598337848e-07 6356
21.5 7.410252652085669e-10 1.642545605435165e-07 5348
22 5.81971973461804e-10 1.276999741398684e-07 4308
22.5 4.625530419846408e-10 1.083164343160697e-07 3563
23 3.122372446358848e-10 7.693528290778951e-08 2448
23.5 2.326107739099393e-10 6.176828902728173e-08 1868
24 1.687533750894946e-10 4.437299992580055e-08 1358
24.5 1.430034323262265e-10 3.570510956237825e-08 1062
25 8.762226273663118e-11 2.626079542550879e-08 776
25.5 5.484326075700478e-11 1.611872720687167e-08 432
26 2.498656973604087e-11 7.381326316107855e-09 200
26.5 2.328720440155749e-11 6.95880254824236e-09 168
27 5.80288977690531e-12 3.285783929101266e-09 56
27.5 6.461634202495045e-13 3.408180941620041e-10 7

0.5 8.372810800887087e-08 1.913999925549331e-07 18
1 3.075175004727208e-08 1.233309511285339e-07 62
1.5 6.602777231092761e-06 6.069507647497581e-05 98
2 6.740470739861159e-07 3.904266597746232e-07 210
2.5 3.573319850952852e-08 1.761495311869546e-07 350
3 8.756865274937307e-07 4.945812809508391e-06 450
3.5 1.468421495933607e-08 1.786903490876588e-07 602
4 4.192256996337765e-08 6.870126698132291e-07 762
4.5 4.788849428139316e-08 7.439338308225239e-07 1142
5 5.928552129594435e-09 1.091039395842389e-07 1250
5.5 2.461770622679173e-08 5.837495370594919e-07 1458
6 7.074585535123004e-09 2.439128693894511e-07 1814
6.5 5.579049128381812e-09 2.002473934940715e-07 2178
7 9.441869943370045e-09 3.969390666501812e-07 2498
7.5 4.219988715707727e-09 2.065152300143303e-07 2622
8 4.261252754815929e-09 2.382149616211489e-07 3338
8.5 5.307037974787639e-09 3.020139928411306e-07 3722
9 3.428084665739318e-09 2.245468540439811e-07 4170
9.5 3.158634234636958e-09 2.205433569415639e-07 4358
10 3.225533674227687e-09 2.723465594842016e-07 5034
10.5 2.962102653340525e-09 2.554471719018356e-07 5714
11 2.740570366684981e-09 2.492247644415072e-07 5982
11.5 2.824704389429918e-09 2.63557341177624e-07 6602
12 2.638010350388956e-09 2.678883565819767e-07 7130
12.5 2.734280172969651e-09 2.900149435032287e-07 8034
13 2.752117679065796e-09 3.024679261911062e-07 8606
13.5 2.747169352193746e-09 3.242519747686913e-07 9066
14 2.821447225377192e-09 3.400814606375479e-07 9962
14.5 2.820713478172287e-09 3.598317175715499e-07 10550
15 2.94073259645404e-09 3.741154313436526e-07 11226
15.5 3.038717537568234e-09 4.057299659202822e-07 12146
16 2.918116160783006e-09 4.119220899094107e-07 12303
16.5 2.701727947424089e-09 4.095494601483514e-07 12584
17 2.453837315150737e-09 3.787820532501166e-07 12120
17.5 2.115594174210333e-09 3.440060549317376e-07 11180
18 1.999813071812401e-09 3.438986719244198e-07 11096
18.5 1.741033122016704e-09 3.017130994147973e-07 10056
19 1.618036762076632e-09 2.961286314297268e-07 9716
19.5 1.36394702703333e-09 2.638721687197534e-07 8604
20 1.285318722655836e-09 2.521161392962176e-07 8060
20.5 1.131029812658559e-09 2.264452708255975e-07 7320
21 9.436726271580564e-10 2.038297508627447e-07 6356
21.5 8.310600190288715e-10 1.770519184071574e-07 5348
22 6.294501118848528e-10 1.431205058940074e-07 4308
22.5 5.133329500647954e-10 1.192077433720488e-07 3563
23 3.56340586573454e-10 8.12104223382405e-08 2448
23.5 2.660791710052832e-10 6.534902322053146e-08 1868
24 1.988391946509878e-10 4.830313821047469e-08 1358
24.5 1.451420078297881e-10 4.141624317930208e-08 1062
25 1.000408465277043e-10 2.851394766899559e-08 776
25.5 6.652288363284194e-11 1.684460819783801e-08 432
26 2.637551293897016e-11 9.138030079491182e-09 200
26.5 2.471162900911057e-11 6.835955045625386e-09 168
27 8.511504400870484e-12 2.546646785458291e-09 56
27.5 9.686627289657135e-13 3.662914584904184e-10 7

0.5 1.827843957679492e-07 2.098250951972552e-07 18
1 4.983885202760838e-08 9.207440149377252e-08 62
1.5 6.970685263389768e-06 3.842079496316099e-05 98
2 8.136244625133633e-07 7.514954824775777e-07 210
2.5 3.568142341684583e-08 2.083478960861514e-07 350
3 8.947496497068391e-07 7.12172566632071e-06 450
3.5 1.432563177806307e-08 2.857052868346341e-07 602
4 4.744147892954602e-08 6.432126729384212e-07 762
4.5 8.113699718505962e-08 8.357596653067551e-07 1142
5 6.181420640061136e-09 1.203034351558977e-07 1250
5.5 2.213146965992702e-08 6.369951646727278e-07 1458
6 7.598332436138045e-09 2.959909589001396e-07 1814
6.5 5.54499714661419e-09 2.238776421169068e-07 2178
7 1.024184067053226e-08 3.85920277782215e-07 2498
7.5 4.830351045326807e-09 2.344449322257498e-07 2622
8 4.978734696521244e-09 2.25469023500797e-07 3338
8.5 5.811703808806612e-09 3.268831526180765e-07 3722
9 4.038391243130874e-09 2.494174772758708e-07 4170
9.5 3.656511868403441e-09 2.427942177475056e-07 4358
10 3.819138484408089e-09 2.833913403923428e-07 5034
10.5 3.523299128696249e-09 2.775004406472415e-07 5714
11 3.230851714153668e-09 2.702828401118298e-07 5982
11.5 3.256459727826885e-09 2.850376884717152e-07 6602
12 2.984277816859849e-09 3.010459021222365e-07 7130
12.5 3.127340766710594e-09 3.177991608986004e-07 8034
13 3.141306949187491e-09 3.318635077031562e-07 8606
13.5 3.112896195394312e-09 3.549459390211971e-07 9066
14 3.198345156336061e-09 3.816460382121915e-07 9962
14.5 3.280982098470026e-09 3.950819476430076e-07 10550
15 3.246793533722767e-09 4.170950558452946e-07 11226
15.5 3.439855260209952e-09 4.45334063146312e-07 12146
16 3.330198751583233e-09 4.506605225646191e-07 12303
16.5 3.103502037460654e-09 4.402982755604137e-07 12584
17 2.671280051329944e-09 4.145091373284818e-07 12120
17.5 2.331021806507265e-09 3.778421059446731e-07 11180
18 2.175410323540634e-09 3.683985518585879e-07 11096
18.5 1.851944644154098e-09 3.328328214419009e-07 10056
19 1.709582689962697e-09 3.347166480588285e-07 9716
19.5 1.515198241048789e-09 2.851114830553692e-07 8604
20 1.354215284601627e-09 2.734509304130053e-07 8060
20.5 1.188506056588471e-09 2.532842545228225e-07 7320
21 1.026197827548503e-09 2.209373073121668e-07 6356
21.5 8.71983082667147e-10 1.957748010238485e-07 5348
22 6.72891541326706e-10 1.589346609626751e-07 4308
22.5 5.505083961074322e-10 1.276731959657836e-07 3563
23 3.725646931279803e-10 9.303631101581867e-08 2448
23.5 2.7725714571537e-10 7.456600963846097e-08 1868
24 2.130437436958719e-10 5.349691735858199e-08 1358
24.5 1.491406052254882e-10 4.422163565349278e-08 1062
25 1.095680186868841e-10 3.014336296312558e-08 776
25.5 7.343283037569099e-11 1.891166308076074e-08 432
26 3.137158226572619e-11 8.704755730183772e-09 200
26.5 2.475761346915671e-11 7.15323915861722e-09 168
27 1.169171771496252e-11 1.680685699604234e-09 56
27.5 1.96635597695487e-12 2.215922282272252e-10 7

0.5 3.942948651706341e-07 1.638476684777191e-07 18
1 1.683529195514134e-07 1.007454808315226e-07 62
1.5 1.704080163811329e-05 1.396151429407358e-05 98
2 1.379213088195916e-06 4.511136563684695e-07 210
2.5 3.835342145854677e-08 2.112641026766396e-07 350
3 1.075821443405622e-06 7.399534312618161e-06 450
3.5 2.779200567280212e-08 3.256804984763587e-07 602
4 3.976139499174141e-08 7.975414066925243e-07 762
4.5 5.962366950587047e-08 1.584436038474913e-06 1142
5 7.257438008293089e-09 1.67972679135238e-07 1250
5.5 2.217059051486129e-08 6.355209359054929e-07 1458
6 9.365965233374119e-09 3.30138759272989e-07 1814
6.5 6.040981715352804e-09 2.313977739443704e-07 2178
7 9.819789862262074e-09 4.09264948457219e-07 2498
7.5 5.778210518321573e-09 2.354676517750858e-07 2622
8 4.869646935281158e-09 2.546485431432875e-07 3338
8.5 5.573650515254336e-09 3.441622862173819e-07 3722
9 4.40394447820349e-09 2.690558861487951e-07 4170
9.5 3.886311774073091e-09 2.570883720506972e-07 4358
10 3.958622676762718e-09 2.990942095817167e-07 5034
10.5 3.624863986056629e-09 3.145003952560491e-07 5714
11 3.447236153695736e-09 2.916761983565605e-07 5982
11.5 3.315688760410533e-09 3.250208553388568e-07 6602
12 3.262051287580549e-09 3.227216389596637e-07 7130
12.5 3.395121362648968e-09 3.357696247752931e-07 8034
13 3.252504371681617e-09 3.664520805081408e-07 8606
13.5 3.397714231736696e-09 3.759783750484124e-07 9066
14 3.493761847848461e-09 4.025992917508695e-07 9962
14.5 3.395383576593717e-09 4.264917640549173e-07 10550
15 3.447280705946059e-09 4.490545834483539e-07 11226
15.5 3.697486724494634e-09 4.754183309898645e-07 12146
16 3.494305662641091e-09 4.887656092289361e-07 12303
16.5 3.315115952042527e-09 4.809555325820457e-07 12584
17 2.943734938089069e-09 4.454173511487283e-07 12120
17.5 2.517983270077896e-09 4.159189971216279e-07 11180
18 2.333267478976142e-09 4.055827618461941e-07 11096
18.5 1.986616740842185e-09 3.646157263046416e-07 10056
19 1.844115282525375e-09 3.687555012964775e-07 9716
19.5 1.641182235796874e-09 3.123184804118801e-07 8604
20 1.496997577968849e-09 2.982618211047497e-07 8060
20.5 1.329851300871134e-09 2.74629407412026e-07 7320
21 1.098942398940047e-09 2.400111532736463e-07 6356
21.5 9.669039425604658e-10 2.121392569392374e-07 5348
22 7.389239991435346e-10 1.736797731378946e-07 4308
22.5 6.100389690734453e-10 1.370585337502979e-07 3563
23 4.026322530386792e-10 1.008451989914365e-07 2448
23.5 3.095155864898508e-10 7.944195660718696e-08 1868
24 2.161092207122122e-10 6.049024406209064e-08 1358
24.5 1.789173365451202e-10 4.854399313189125e-08 1062
25 1.280571373851487e-10 3.151414930412928e-08 776
25.5 7.949816750944453e-11 2.140169160070375e-08 432
26 3.218544743673356e-11 8.581797338371082e-09 200
26.5 2.822665237773574e-11 7.561261891673062e-09 168
27 1.37836973917029e-11 2.200190644890001e-09 56
27.5 1.874298235532609e-12 2.833755494758601e-10 7

0.5 1.061823957829155e-06 1.710908451198465e-07 18
1 3.226984426057422e-07 6.572314631815451e-08 62
1.5 5.716484041616734e-06 4.045903944556178e-05 98
2 1.463513434860059e-06 1.692898236412012e-06 210
2.5 6.972607250970976e-08 3.29800765480336e-07 350
3 5.412040862744985e-07 1.0446458432663e-05 450
3.5 5.653200679721591e-08 4.892993650633505e-07 602
4 4.398427076446511e-08 6.847962805319054e-07 762
4.5 6.19520583008727e-08 1.970298065725026e-06 1142
5 9.36016960212101e-09 1.974273807622619e-07 1250
5.5 2.407328231299937e-08 5.515383428009116e-07 1458
6 1.148656123901763e-08 3.545245879975784e-07 1814
6.5 6.692076507395171e-09 2.448390316456829e-07 2178
7 1.016990572532714e-08 4.032810946432319e-07 2498
7.5 5.589735975345024e-09 2.956116998902476e-07 2622
8 5.387335184922564e-09 2.769029360116275e-07 3338
8.5 6.175988007651818e-09 3.540539129625508e-07 3722
9 4.786436981806559e-09 3.103482729224062e-07 4170
9.5 4.204557332242329e-09 2.837566992406477e-07 4358
10 4.243292010622909e-09 3.114365200779653e-07 5034
10.5 3.964579708653151e-09 3.317432923361752e-07 5714
11 3.64255504786548e-09 3.182610249501538e-07 5982
11.5 3.628921934059439e-09 3.443748006779001e-07 6602
12 3.525940919119071e-09 3.480675886699563e-07 7130
12.5 3.601263820280157e-09 3.849514909544713e-07 8034
13 3.607886011929275e-09 3.915429116623092e-07 8606
13.5 3.686362906564395e-09 4.256501161153666e-07 9066
14 3.75184810002949e-09 4.456615674234247e-07 9962
14.5 3.779757851046001e-09 4.693025050386373e-07 10550
15 3.831169809910412e-09 4.884265871090777e-07 11226
15.5 4.017427093435006e-09 5.204765456918696e-07 12146
16 3.857203299520066e-09 5.267377108029082e-07 12303
16.5 3.570985892841653e-09 5.272280915456595e-07 12584
17 3.15809827689141e-09 4.880134359019693e-07 12120
17.5 2.685406834381563e-09 4.473814961195432e-07 11180
18 2.631715395739152e-09 4.288298863479592e-07 11096
18.5 2.171459436791471e-09 3.992683385409917e-07 10056
19 2.104828457598221e-09 3.845435259870753e-07 9716
19.5 1.744828968576492e-09 3.465762334235531e-07 8604
20 1.636805763621752e-09 3.273382289310583e-07 8060
20.5 1.450602934058791e-09 3.033745447541535e-07 7320
21 1.189748305328424e-09 2.644342708799115e-07 6356
21.5 1.045896073002997e-09 2.3141748838187e-07 5348
22 7.95448634360057e-10 1.885736938942279e-07 4308
22.5 6.478534645078464e-10 1.532952267688239e-07 3563
23 4.517106619070257e-10 1.064804482962511e-07 2448
23.5 3.315307491422977e-10 8.91681428126077e-08 1868
24 2.455354491795288e-10 6.391371124901785e-08 1358
24.5 1.941501307086191e-10 5.358569887893094e-08 1062
25 1.30418385030979e-10 3.890611205442061e-08 776
25.5 8.332134193496742e-11 2.323146964388811e-08 432
26 3.716292747429133e-11 7.963215288206882e-09 200
26.5 2.598420875579801e-11 8.337220961680797e-09 168
27 1.141131253993399e-11 3.637975621558937e-09 56
27.5 8.658662761140672e-13 5.336738464610691e-10 7

