#t    a    aDot    H
0    1    0.169389605322687    0.169389605322687
0.5    1.08812457817576    0.182679673925769    0.167884888908613
1    1.18209928796051    0.192486976472905    0.162834863732136
1.5    1.27974862817139    0.197145106316819    0.154049867276291
2    1.37824936088368    0.195889979034657    0.142129562758556
2.49999999999999    1.47479283221763    0.189611829787272    0.128568450866523
2.99999999999998    1.56741206487255    0.180641251285334    0.115248092912965
3.49999999999997    1.6553990249598    0.171414469745371    0.103548731853055
3.99999999999996    1.73899989488534    0.163183593969388    0.0938376100247826
4.49999999999995    1.81876456519744    0.156055137049579    0.0858028246402732
4.99999999999994    1.89531622095721    0.15060057478521    0.0794593393545433
5.49999999999993    1.97019735205107    0.150227225103945    0.0762498360621342
5.99999999999992    2.04712408944652    0.15890907867296    0.0776255232851682
6.49999999999991    2.12958216813512    0.170203810432761    0.0799235704447172
6.9999999999999    2.21586728311118    0.173320061701258    0.0782177087148958
7.49999999999988    2.30172465267289    0.169453645032061    0.0736202937372556
7.99999999999987    2.38504983694395    0.163818747426671    0.0686856705839646
8.49999999999986    2.46560064299935    0.158469985931991    0.0642723655925137
8.99999999999985    2.54360416467153    0.153635139704575    0.0604005693332456
9.49999999999984    2.61936864926806    0.149630305161018    0.0571245690074325
9.99999999999983    2.69356278915317    0.147617170529824    0.0548036864498835
10.4999999999998    2.76759607598102    0.149236064534574    0.0539226319294713
10.9999999999998    2.84353398362847    0.155181162044196    0.0545733453293138
11.4999999999998    2.92323679776899    0.163811135670492    0.0560375867584565
11.9999999999998    3.00719843804457    0.171579218909057    0.057056167873187
12.4999999999998    3.09414971644329    0.175444986755459    0.0567021646764825
12.9999999999998    3.1818973155062    0.174910848119917    0.0549706136862216
13.4999999999998    3.26860164672917    0.17162616771009    0.0525075204198814
13.9999999999997    3.35338806619561    0.167490999162808    0.0499467988364452
14.4999999999997    3.43611534361242    0.163463343037907    0.0475721350104785
14.9999999999997    3.51689879855518    0.159724785702086    0.0454163724494161
15.4999999999997    3.595940095205    0.156633754298232    0.0435584993496125
15.9999999999997    3.67390566921559    0.155826209436062    0.0424143196549007
16.4999999999998    3.7525455302329    0.159555717522014    0.0425193288759674
16.9999999999999    3.83398839710495    0.166249025922669    0.0433619011596914
17.4999999999999    3.91831235510602    0.170231196076524    0.043445029555822
18    4.00342305386341    0.169594397154936    0.0423623471397242
18.5000000000001    4.0875350691032    0.166687366418174    0.0407794339620785
19.0000000000002    4.17005982163422    0.163424015595814    0.0391898492074315
19.5000000000002    4.25098652104334    0.160313475858476    0.037712064026759
20.0000000000003    4.33041306262755    0.157458090836871    0.0363609864831995
20.5000000000004    4.4085713889858    0.155389809488401    0.0352472027279905
21.0000000000005    4.48613135226572    0.155292703977888    0.0346161741116781
21.5000000000006    4.56437547138804    0.158204417509962    0.034660693122569
22.0000000000006    4.6447458223147    0.16349991758063    0.0352010473415206
22.5000000000007    4.72784383468888    0.168610394239167    0.0356632748742774
23.0000000000008    4.81290362466105    0.171087452963584    0.0355476581926432
23.5000000000009    4.8984241452686    0.170579041432779    0.0348232485334169
24.000000000001    4.9831965805895    0.168347838233459    0.0337831019729798
24.500000000001    5.06669888878356    0.165649103842847    0.0326936941545025
25.0000000000011    5.14885763543034    0.163006535738279    0.0316587770103796
25.5000000000012    5.2297291046697    0.160515431863799    0.0306928769447106
26.0000000000013    5.30945617498912    0.158558285880451    0.0298633759569125
26.5000000000013    5.38858736962636    0.158417162924778    0.0293986442193964
27.0000000000014    5.46841484447616    0.161417253032324    0.0295181067316751
27.5000000000015    5.55029738594634    0.166070164939363    0.0299209489855196
28.0000000000016    5.63412643796339    0.168693633416563    0.0299414000154285
28.5000000000017    5.71846038798552    0.168229038122133    0.0294185893943729
29.0000000000017    5.80210068142617    0.166211712358448    0.028646816297161
29.5000000000018    5.88462993044178    0.163906913586048    0.0278533935903329
30.0000000000019    5.96602058172629    0.161671789802291    0.0270987650122237
30.500000000002    6.04632500924675    0.159588791713117    0.0263943455684328
31.000000000002    6.12569996436337    0.15807058067966    0.025804492808862
31.5000000000021    6.20464592119801    0.158054545979231    0.025473580279455
32.0000000000022    6.28414740870458    0.160344200737429    0.0255156651028469
32.5000000000021    6.36528128194865    0.164319618397503    0.0258149814782732
33.000000000002    6.44838959458897    0.167846982980279    0.0260292869278749
33.5000000000019    6.53275406301996    0.169199817602624    0.0259002276789227
34.0000000000018    6.61723222284334    0.168443209861931    0.0254552362965967
34.5000000000017    6.70102648765446    0.166648021806712    0.0248690289635078
35.0000000000016    6.78384795045444    0.164637569474829    0.024269053592777
35.5000000000015    6.86567342539238    0.162676601458935    0.0236941944918736
36.0000000000014    6.94654376174465    0.16084366236725    0.0231544877400806
36.5000000000013    7.02660897841479    0.159589906971094    0.0227122225616001
37.0000000000012    7.10641579341585    0.160023250508166    0.0225181378574032
37.5000000000011    7.18704137352192    0.162814980654088    0.0226539645721147
38.000000000001    7.269349067927    0.166274816282855    0.0228734120110526
38.5000000000009    7.35298182082892    0.167830404831942    0.0228248088899834
39.0000000000008    7.43680509277424    0.167190592986654    0.0224815079729735
39.5000000000007    7.52001238214649    0.16556783211099    0.0220169626986347
40.0000000000006    7.60235041546248    0.163787029629981    0.0215442620609612
40.5000000000005    7.68380801689046    0.162054532189007    0.0210903931791086
41.0000000000004    7.76442554503763    0.160457089196966    0.0206656742686543
41.5000000000003    7.84435196845116    0.159398282728096    0.0203201339472238
42.0000000000002    7.92404934115978    0.159686387498608    0.0201521192793628
42.5000000000001    8.00435822420508    0.161843282633086    0.0202193952469137
43    8.08607522742605    0.165053434819836    0.0204120577879382
43.4999999999999    8.16927562567469    0.167478884154194    0.0205010691067682
43.9999999999998    8.25323427168249    0.168041998171298    0.0203607449685347
44.4999999999997    8.3370690213929    0.167127580261862    0.0200463232141911
44.9999999999996    8.42026484250179    0.165614706308056    0.0196685863694103
45.4999999999995    8.50267227707079    0.164018557282712    0.0192902362854819
45.9999999999994    8.5842914278448    0.162470062068008    0.0189264383011282
46.4999999999993    8.66516720082536    0.161086164212643    0.018590081469784
46.9999999999992    8.74548897196257    0.16038973377338    0.0183397102537752
47.4999999999991    8.82582862428007    0.161298839552597    0.0182757728955738
47.999999999999    8.90708368106398    0.163903376177558    0.0184014636043005
48.4999999999989    8.98971886680418    0.166432971744286    0.0185137015083823
48.9999999999988    9.07321028054129    0.167204971371237    0.018428424581962
49.4999999999987    9.15666271533747    0.166431230969939    0.0181759704538604
49.9999999999986    9.23954619762576    0.165064885263885    0.0178650424743048
50.4999999999985    9.32171708737155    0.163620983937687    0.0175526657164215
50.9999999999984    9.40317532650336    0.162224788003081    0.0172521283896347
51.4999999999983    9.48396812649133    0.16099685343804    0.0169756847862375
51.9999999999982    9.56426882078878    0.160359770183771    0.0167665477820129
52.4999999999981    9.64454174156472    0.160990813131239    0.0166924274315101
52.999999999998    9.72551189693938    0.163088255754344    0.0167691179120009
53.4999999999979    9.80771065829622    0.165649550685258    0.016889726507698
53.9999999999978    9.89098576041702    0.167196958642004    0.0169039732431032
54.4999999999977    9.97464799397486    0.167225351885791    0.0167650379228222
54.9999999999976    10.0580474387094    0.166272175154867    0.0165312577981042
55.4999999999975    10.1408681619139    0.164992015073124    0.0162700088827489
55.9999999999974    10.2230351153404    0.16367993971575    0.0160108947948478
56.4999999999973    10.3045587190111    0.162432878701146    0.0157632056966661
56.9999999999972    10.3855075619247    0.161437811565801    0.015544527853185
57.4999999999971    10.4661308262514    0.161256723702663    0.0154074821325753
57.999999999997    10.547013854152    0.162534146706991    0.0154104421359992
58.4999999999969    10.6288453427562    0.164840673878967    0.0155088035024717
58.9999999999968    10.7117498038852    0.166551535930967    0.015548490114151
59.4999999999967    10.7951378427363    0.166762636811879    0.0154479395484596
59.9999999999966    10.8783398016558    0.165940473425427    0.0152542094153162
60.4999999999965    10.961024283108    0.164777313787905    0.0150330215071089
60.9999999999964    11.043111074666    0.16357300318606    0.0148122211286376
61.4999999999963    11.1246078416451    0.16243265039357    0.0146012023709727
61.9999999999962    11.2055800851915    0.161521809267716    0.014414408539293
62.4999999999961    11.2862401751455    0.161279761474189    0.0142899458961859
62.999999999996    11.3670610171062    0.162222233542197    0.0142712556304633
63.4999999999959    11.4486438119221    0.164214125072701    0.0143435438965877
63.9999999999958    11.5312676854967    0.166162890574804    0.0144097678682625
64.4999999999961    11.6146173942269    0.167015710240196    0.0143797857967506
64.9999999999963    11.6980860005719    0.166705108057565    0.0142506310903693
65.4999999999966    11.7812211340475    0.165779558702329    0.0140715089561667
65.9999999999969    11.8638386705712    0.164681270139183    0.0138809431510294
66.4999999999971    11.9459014919991    0.163578329843211    0.0136932595629362
66.9999999999974    12.0274328439896    0.162575684494175    0.0135170727289005
67.4999999999976    12.1085345598694    0.161930596231529    0.0133732612671566
67.9999999999979    12.1895166976915    0.162200702907738    0.0133065737494298
68.4999999999981    12.2709480279872    0.163702396943189    0.0133406478920636
68.9999999999984    12.3532937195714    0.165628918895649    0.0134076726948734
69.4999999999986    12.4364213639625    0.166665732539832    0.013401422134408
69.9999999999989    12.5197535919416    0.166498353624464    0.0132988522818556
70.4999999999992    12.6028107788486    0.165670498055721    0.0131455197545112
70.9999999999994    12.6853949116324    0.164655224833999    0.0129799053148129
71.4999999999997    12.7674640475106    0.163629195328994    0.0128161077814743
71.9999999999999    12.8490392713101    0.162697730277504    0.0126622486586046
72.5000000000002    12.9302109371215    0.162070998327636    0.012534288815223
73.0000000000004    13.0112341226432    0.162185936401712    0.0124650694064034
73.5000000000007    13.0925784581092    0.163362176739835    0.0124774640276188
74.000000000001    13.1747058447682    0.165169725621861    0.012536881473331
74.5000000000012    13.2576752169426    0.166557195009538    0.0125630770315362
75.0000000000015    13.3410826133962    0.166894748359433    0.0125098354605682
75.5000000000017    13.4244282493014    0.166389297913045    0.0123945165353097
76.000000000002    13.5074123275052    0.165517314677166    0.0122538137330807
76.5000000000022    13.5899316389072    0.16455521691725    0.0121086125588842
77.0000000000025    13.6719725791487    0.163621567519932    0.0119676635227804
77.5000000000027    13.7535771724823    0.162840138594917    0.0118398389417352
78.000000000003    13.8348906104924    0.162534568715978    0.011748164354311
78.5000000000033    13.9162734175188    0.16318210451431    0.0117259915509338
79.0000000000035    13.9982310022537    0.164739528152266    0.0117685961980298
79.5000000000038    14.080999934511    0.166222454642482    0.0118047337131995
80.000000000004    14.1642840980446    0.166729905101004    0.0117711494592248
80.5000000000043    14.2475773720824    0.166335443962663    0.0116746475291015
81.0000000000045    14.3305542398041    0.165539216365777    0.0115514873741576
81.5000000000048    14.413100784972    0.164640862683553    0.0114230008614952
82.000000000005    14.4951988025294    0.163763065384004    0.0112977453855568
82.5000000000053    14.5768850118049    0.163018712167546    0.0111833709352531
83.0000000000056    14.6582819090408    0.162667113180397    0.0110972837191833
83.5000000000058    14.7396844134757    0.163099960068902    0.0110653631036896
84.0000000000061    14.8215314714289    0.164401863449502    0.0110920969109309
84.5000000000063    14.9041267927241    0.165936427341265    0.0111335893507208
85.0000000000066    14.9873557699905    0.166823814613898    0.0111309704776565
85.5000000000068    15.0707952860642    0.166801381714677    0.0110678553154335
86.0000000000071    15.1540617249234    0.166204966975282    0.0109676844394747
86.5000000000073    15.236966987425    0.165400352863854    0.0108552018915811
87.0000000000076    15.3194547725407    0.164552376669506    0.0107413990323244
87.5000000000079    15.401529997132    0.163767470646913    0.0106331949278682
88.0000000000081    15.4832582069343    0.163206914675394    0.0105408637183549
88.5000000000084    15.5648342481483    0.163231653823968    0.0104872079728949
89.0000000000086    15.6466436031259    0.164153344781077    0.0104912816412769
89.5000000000089    15.7290806554205    0.165607776940148    0.0105287639225804
90.0000000000091    15.8121776702489    0.166640082540008    0.0105387180700319
90.5000000000094    15.8955637485384    0.166760841094814    0.0104910303109035
91.0000000000096    15.9788331486211    0.166250321992813    0.0104044094112817
91.5000000000099    16.061776599692    0.165505636754668    0.0103043169432353
92.0000000000102    16.1443300131003    0.16470778070785    0.0102022060112868
92.5000000000104    16.2264930007528    0.1639604325151    0.0101044897691383
93.0000000000107    16.3083206037638    0.16340084358895    0.0100194770239702
93.5000000000109    16.3899732377804    0.163319496829635    0.00996459813937755
94.0000000000112    16.4717708751043    0.164007092311805    0.0099568585281676
94.5000000000114    16.5540871204953    0.165312557770125    0.00998620803230246
95.0000000000117    16.6370663111692    0.166518207642496    0.0100088684223555
95.500000000012    16.7204785604327    0.166989651713434    0.00998713350876199
96.0000000000122    16.8039337645176    0.166739042170559    0.00992261957867494
96.5000000000125    16.8871573099604    0.166121154642097    0.00983712957681251
97.0000000000127    16.970036377844    0.165385485444856    0.00974573546941731
97.500000000013    17.0525411387369    0.164641372144834    0.00965494648600093
98.0000000000132    17.1346939864794    0.163998755158177    0.0095711516813539
98.5000000000135    17.2165909065048    0.163668378261274    0.00950643359943212
99.0000000000137    17.2984721949316    0.163989844053492    0.00948001894072129
99.500000000014    17.3807088183654    0.165053607176233    0.00949636800783574
100.000000000014    17.4635566083405    0.166292104905269    0.00952223585577341
100.500000000015    17.5468948914626    0.166921291045715    0.00951286777963944
101.000000000015    17.6303472650903    0.166784993782467    0.00946010825962095
101.500000000015    17.7136115070803    0.1662331797451    0.00938448828905696
102.000000000015    17.7965594102051    0.165547688177718    0.00930222996265155
102.500000000016    17.8791555625585    0.164842128995879    0.00921979387779825
103.000000000016    17.9614143488464    0.164216293342693    0.00914272618811004
103.500000000016    18.043413722522    0.163846399518713    0.00908067630872966
104.000000000016    18.1253512259741    0.164015677350459    0.00904896546862056
104.500000000017    18.2075457748042    0.164865607195925    0.00905479570036656
105.000000000017    18.290277712501    0.166066163389907    0.0090794774141895
105.500000000017    18.3735549098043    0.166936429236737    0.00908569027911184
106.000000000017    18.4570916325213    0.167094006712639    0.00905310598438053
106.500000000018    18.5405594503565    0.166717554624284    0.00899204552433711
107.000000000018    18.6237734235228    0.166119364287856    0.00891974792165581
107.500000000018    18.7066674659348    0.165451632890979    0.00884452739603513
108.000000000018    18.7892288032092    0.16480566970469    0.00877128441144651
108.500000000019    18.8714970633482    0.164309044571005    0.00870673079191592
109.000000000019    18.9536039728451    0.164210656652463    0.00866382229404647
109.500000000019    19.035817691789    0.164758989022401    0.00865520944201251
110.000000000019    19.1184535789377    0.165830876084876    0.00867386451525385
110.50000000002    19.2016312904865    0.166800678859609    0.00868679730051115
111.00000000002    19.2851398538259    0.167110346966647    0.00866523905106627
111.50000000002    19.3686409379835    0.166824152348744    0.00861310573534293
112.00000000002    19.451922034198    0.166278557184173    0.00854818135153138
112.500000000021    19.5349071744828    0.165655409839092    0.00847996913215319
113.000000000021    19.6175782905726    0.16503718541101    0.00841271960108961
113.500000000021    19.6999623248962    0.164531870122698    0.00835188755233138
114.000000000021    19.7821639924062    0.164350771979821    0.00830802798131239
114.500000000022    19.8644062129826    0.164720267267986    0.00829223212120641
115.000000000022    19.9469761286543    0.165626242298388    0.00830332583897075
115.500000000022    20.0300539634349    0.166653532171577    0.00832017389847301
116.000000000022    20.1135512431447    0.167226848434435    0.00831413838426121
116.500000000023    20.1971736054873    0.167173398841078    0.00827706896551402
117.000000000023    20.280663153433    0.1667483015212    0.00822203397688079
117.500000000023    20.363901039474    0.166191129823332    0.00816106548058659
118.000000000023    20.4468466576847    0.165590632680004    0.00809859023507512
118.500000000024    20.5294994608373    0.16503825111867    0.00803907817789234
119.000000000024    20.6119188704399    0.164693568268768    0.00799021038768784
119.500000000024    20.6942683894383    0.164797517097407    0.00796343770149973
120.000000000024    20.7768130985659    0.165468470642387    0.00796409294617991
120.500000000025    20.8597915648285    0.166453654151337    0.00797964129382737
121.000000000025    20.9432198883569    0.167166231758201    0.00798187827131275
121.500000000025    21.0268494453987    0.167251505654034    0.00795418762512868
122.000000000026    21.1103983372593    0.166899272086733    0.00790602192437841
122.500000000026    21.1937237169581    0.166389211116048    0.00785087195332796
123.000000000026    21.276778838512    0.165827273009134    0.00779381476245728
123.500000000026    21.3595542648514    0.165286157276544    0.0077382774578088
124.000000000027    21.4420906488029    0.164902670707587    0.0076906059865386
124.500000000027    21.5245188546062    0.164888163848455    0.00766048082014011
125.000000000027    21.6070636971629    0.165374506534709    0.00765372421040362
125.500000000027    21.6899600091493    0.166249769836263    0.00766482601932578
126.000000000028    21.7733090091288    0.167093864279393    0.00767425218690172
126.500000000028    21.8569670232366    0.167436563832266    0.00766055801128583
127.000000000028    21.9406576848699    0.167261881750364    0.00762337593306087
127.500000000028    22.0241889097855    0.166841336575934    0.00757536803100183
128.000000000029    22.1074852647697    0.166333407263023    0.00752385019240926
128.500000000028    22.1905161261053    0.165791896021409    0.00747129517309283
129.000000000028    22.2732898052342    0.165329215053831    0.0074227568760399
129.500000000027    22.3558892120007    0.165130036895178    0.00738642222321158
130.000000000027    22.4384945001279    0.16537277778037    0.00737004783362036
130.500000000026    22.5213385980545    0.166066209095183    0.00737372729299175
131.000000000026    22.6045914146304    0.166931314310343    0.00738484103730802
131.500000000025    22.6882078808255    0.167438101044809    0.00737996151676287
132.000000000025    22.7719330176483    0.167384293372711    0.00735046485702321
132.500000000024    22.8555415542849    0.167022577988519    0.00730774974602193
133.000000000024    22.9389404666457    0.166562820251514    0.00726113834654675
133.500000000024    23.022095654864    0.166053785068825    0.00721280058767116
134.000000000023    23.1049996113363    0.165579867831962    0.00716640859629021
134.500000000023    23.1877098347219    0.165312027526598    0.00712929516131239
135.000000000022    23.2703748845106    0.165418692373572    0.00710855296463997
135.500000000022    23.3531978725155    0.165936999467481    0.00710553648255484
136.000000000021    23.4363608795572    0.166738812957527    0.00711453513685088
136.500000000021    23.5199180030429    0.167426145398384    0.0071184833797772
137.00000000002    23.6036992234112    0.167608594011837    0.00710094601805444
137.50000000002    23.6874575423641    0.167380684172734    0.00706621569129486
138.000000000019    23.7710550579348    0.166995698065995    0.00702516979826906
138.500000000019    23.8544409597172    0.16653536309009    0.00698131485752768
139.000000000019    23.9375841492103    0.166042255247531    0.00693646669657802
139.500000000018    24.0205024701258    0.165666180001633    0.00689686571742913
140.000000000018    24.1033001128514    0.165585456241392    0.00686982510553006
140.500000000017    24.1861526816986    0.165889021680045    0.00685884290334328
141.000000000017    24.2692484202964    0.166543010054563    0.00686230604138872
141.500000000016    24.3527149405461    0.167297665677758    0.00686977472886258
142.000000000016    24.4364768203313    0.167656309987562    0.00686090352632465
142.500000000015    24.5202884584261    0.167531497726837    0.00683236243369994
143.000000000015    24.6039746629289    0.167197344850676    0.00679554206754222
143.500000000014    24.6874746807849    0.16679068808157    0.00675608543353317
144.000000000014    24.7707538508447    0.166321408179546    0.00671442658471512
144.500000000014    24.8538053367512    0.165909830307797    0.00667542970019432
145.000000000013    24.9367044986473    0.165739682927887    0.00664641484350418
145.500000000013    25.0196017334688    0.165905112823974    0.00663100534498286
146.000000000012    25.1026626765716    0.166390207024665    0.00662838875574575
146.500000000012    25.1860343535502    0.167114935130017    0.00663522223404181
147.000000000011    25.2697513011567    0.167683353686768    0.00663573422976634
147.500000000011    25.3536333023724    0.167767652718838    0.00661710496156537
148.00000000001    25.4374667818014    0.167538041014483    0.00658627065547044
148.50000000001    25.5211558679648    0.167206429134825    0.00655167932047738
149.000000000009    25.6046577412982    0.166784389384279    0.0065138300644132
149.500000000009    25.6879343382661    0.166331873216144    0.00647509725873003
150.000000000009    25.7710158949896    0.166035498997922    0.00644272230766824
150.500000000008    25.8540192212294    0.166029557265257    0.00642180837898217
151.000000000008    25.9370942549026    0.166318445096117    0.00641237771130357
151.500000000007    26.020388422835    0.166905788636728    0.00641442341000011
152.000000000007    26.1040168567121    0.167576924896875    0.00641958384476703
152.500000000006    26.1878937841795    0.167843131987782    0.00640918790075353
153.000000000006    26.2717902687483    0.167700035747749    0.00638327399968769
153.500000000005    26.3555727193972    0.167419909687796    0.00635235331329295
154.000000000005    26.4391980174363    0.167063544070379    0.00631878258789101
154.500000000004    26.5226205108999    0.166622529393043    0.00628228003807416
155.000000000004    26.6058347663243    0.166266228078575    0.00624923929427025
155.500000000004    26.6889303081857    0.16616457007739    0.00622597339640945
156.000000000003    26.7720433868693    0.16632601056326    0.00621267522092977
156.500000000003    26.8552968696006    0.166736287170842    0.00620869275735255
157.000000000002    26.9388242312976    0.16739274941054    0.00621381052021055
157.500000000002    27.0226612089719    0.167884679304083    0.00621273671034085
158.000000000001    27.1066301078831    0.167925812536894    0.00619500881771573
158.500000000001    27.1905485856511    0.167731407164763    0.0061687393557509
159    27.2743505651016    0.16746181112483    0.00613990095658236
159.5    27.3579890658645    0.167070837188817    0.00610683909502974
159.999999999999    27.4414162398884    0.166652826951695    0.00607304030866492
160.499999999999    27.5246732380775    0.166418093104859    0.0060461423707162
160.999999999999    27.6078777896376    0.166437558022642    0.00602862557168784
161.499999999998    27.6911432647698    0.166661017591852    0.00601856759752809
161.999999999998    27.7745881934675    0.167171150264188    0.0060188525244636
162.499999999997    27.8583345251283    0.167783843595857    0.00602275212987036
162.999999999997    27.9423031865558    0.168010279276165    0.0060127570069815
163.499999999996    28.0262858440049    0.167889519085385    0.00599043055579547
163.999999999996    28.110179652671    0.167677361141522    0.0059650049630896
164.499999999995    28.1939467900752    0.16736662567977    0.00593626096147299
164.999999999995    28.2775264244133    0.16694901598517    0.00590394695347311
165.499999999994    28.3609139364322    0.166636241545132    0.00587555964940439
165.999999999994    28.4442047781422    0.166567125772095    0.00585592485609205
166.499999999994    28.5275107275678    0.166679901868544    0.00584277764226625
166.999999999993    28.610917791625    0.16699832507912    0.00583687410153629
167.499999999993    28.6945590877358    0.167591375208862    0.00584052797941374
167.999999999992    28.7784841554088    0.168042517567317    0.0058391719542926
168.499999999992    28.8625298714689    0.168085296447668    0.00582365084405937
168.999999999991    28.9465412003469    0.167950202077061    0.00580208187619489
169.499999999991    29.0304694365679    0.167742797367398    0.00577816344768102
169.99999999999    29.1142566187902    0.167380602843113    0.00574909416492146
170.49999999999    29.1978450801996    0.166991704399321    0.00571931606392988
170.999999999989    29.2812818092074    0.166795888706148    0.00569633152650097
171.499999999989    29.364675326808    0.166801171368864    0.00568033426259561
171.999999999989    29.4481026551764    0.16693841747941    0.00566890232060724
172.499999999988    29.5316644240711    0.167367175038767    0.00566738036283341
172.999999999988    29.6154964895184    0.167937051147343    0.00567058030604957
173.499999999987    29.6995392667543    0.16816115842999    0.0056620797016279
173.999999999987    29.7836074580282    0.168089196204409    0.00564368156010933
174.499999999986    29.8676195304812    0.167949097629611    0.00562311628009764
174.999999999986    29.9515347778908    0.167681375380485    0.00559842347392034
175.499999999985    30.0352772295722    0.167284867220839    0.00556961289027601
175.999999999985    30.1188396241367    0.167000757846877    0.00554472748389169
176.499999999984    30.2023161542771    0.16693578346568    0.00552725104303099
176.999999999984    30.2857930221527    0.166984386061154    0.00551362105456548
177.499999999984    30.3693289963317    0.167210809518514    0.00550591056979599
177.999999999983    30.4530589077237    0.167740595437328    0.00550816901335272
178.499999999983    30.5370523206288    0.168174075992097    0.00550721380132979
178.999999999982    30.621168620774    0.168244005785022    0.00549436920153602
179.499999999982    30.7052748960571    0.168174694455609    0.00547706200400128
179.999999999981    30.7893312194129    0.168025759708114    0.00545727214763834
180.499999999981    30.8732687071859    0.167695574144616    0.00543174018064319
180.99999999998    30.9570198156239    0.167327948657072    0.00540516980166877
181.49999999998    31.0406297241097    0.167148249595013    0.00538482147690409
181.999999999979    31.1241943264988    0.167123196697052    0.00536955896573248
182.499999999979    31.2077648092468    0.167184750542152    0.00535715234859162
182.999999999979    31.2914290598143    0.167533749930271    0.00535398206358763
183.499999999978    31.3753324580114    0.168065975614454    0.0053566277214551
183.999999999978    31.4594422222594    0.16830780944893    0.00534999343789517
184.499999999977    31.5435962240523    0.16829012570944    0.00533515977424023
184.999999999977    31.6277244389165    0.168210373383723    0.00531844691225232
185.499999999976    31.7117811904004    0.167983016727054    0.00529718011481189
185.999999999976    31.795681094761    0.167609990508525    0.00527147036130458
186.499999999975    31.8794098563075    0.16733932746904    0.00524913504432174
186.999999999975    31.9630539255213    0.167260578893562    0.00523293485294941
187.499999999974    32.0466818037453    0.167259244696378    0.00521923753980766
187.999999999974    32.1303388256444    0.167418257679157    0.00521059732944785
188.499999999974    32.214155775682    0.167886476897069    0.00521157462781638
188.999999999973    32.2982169117623    0.16830883914908    0.00521108764638292
189.499999999973    32.3824079960507    0.168413695443428    0.00520077739320581
189.999999999972    32.4666117791877    0.168394791445547    0.00518670665700615
190.499999999972    32.5507886430403    0.168285490140398    0.00516993588038241
190.999999999971    32.6348641468909    0.167987281142573    0.00514747910046309
191.499999999971    32.718766664939    0.167639568800168    0.00512365183311781
191.99999999997    32.8025339001761    0.167461258718374    0.00510513179341535
192.49999999997    32.8862491174357    0.16740886965938    0.00509054313435286
192.999999999969    32.9699527665256    0.16743030154176    0.00507826937840661
193.499999999969    33.0537266670555    0.167724315768072    0.00507429366308768
193.999999999969    33.1377132068951    0.168215755967029    0.00507626325681483
194.499999999968    33.2218992180182    0.168471305187438    0.00507109193492665
194.999999999968    33.3061450544645    0.16849480052655    0.0050589703567019
195.499999999967    33.390384442929    0.168447781362381    0.00504479909928238
195.999999999967    33.4745661080517    0.168245608546027    0.00502607286986042
196.499999999966    33.5586039563945    0.167897720802934    0.00500311994566572
196.999999999966    33.6424801863366    0.167638236064847    0.00498293333714828
197.499999999965    33.7262714554287    0.167546613129716    0.00496783681976641
197.999999999965    33.8100365666759    0.16752266353459    0.00495482053692024
198.499999999964    33.8938195712795    0.167656055943428    0.0049465081853889
198.999999999964    33.9777447330036    0.168080301988653    0.00494677628869793
199.499999999964    34.0618952741032    0.168480144951378    0.00494629390395289
199.999999999963    34.1461752707647    0.168602343590323    0.00493766409424709
200.499999999963    34.2304795103722    0.168606035776862    0.0049256112735953
200.999999999962    34.3147652971654    0.168509718416871    0.00491070584215218
201.499999999962    34.3989574767984    0.168231464804025    0.00489059777225792
201.999999999961    34.4829877507131    0.167905060672897    0.00486921440470091
202.499999999961    34.5668902233049    0.167733452417782    0.00485243107882167
202.99999999996    34.6507400125753    0.167674478698526    0.00483898694912935
203.49999999996    34.7345757824899    0.167693812433664    0.00482786412834788
203.999999999959    34.8184784478839    0.167970471501825    0.00482417609813831
204.499999999959    34.9025785163095    0.168424143975903    0.00482555017811078
204.999999999959    34.9868638928094    0.168666251587174    0.00482084510643547
205.499999999958    35.0712090019353    0.168697612200115    0.00481014533005708
205.999999999958    35.1555508299304    0.168653807871036    0.00479735927583445
206.499999999957    35.2398369892064    0.168459818288857    0.00478038017997798
206.999999999957    35.3239865683922    0.16813165128657    0.00475970205007987
207.499999999956    35.4079848310543    0.167890872426994    0.0047416104934542
207.999999999956    35.491904847014    0.167807679192671    0.00472805502877338
208.499999999955    35.5758026483914    0.167794034413134    0.00471652139718401
208.999999999955    35.6597245390227    0.167937060278807    0.00470943234839159
209.499999999954    35.7437858508214    0.168337745138045    0.00470956674373025
209.999999999954    35.8280552083748    0.168699727331362    0.00470859292669416
210.499999999954    35.9124396496391    0.168803875462188    0.00470042907441083
210.999999999953    35.9968421229415    0.168796961250798    0.00468921581160642
211.499999999953    36.0812209522367    0.168693116410479    0.00467537161876506
211.999999999952    36.165506419994    0.168423793934591    0.00465702849501585
212.499999999952    36.2496382999661    0.168120720770585    0.00463785926301896
212.999999999951    36.3336547651212    0.167973114884295    0.00462307235454724
213.499999999951    36.417629943825    0.167937183044716    0.00461142538116188
213.99999999995    36.5016044942136    0.167986356474208    0.0046021636254603
214.49999999995    36.5856570334008    0.168269619783823    0.00459933300173349
214.999999999949    36.6698982026849    0.168683883217067    0.00460006412574977
215.499999999949    36.7543013580426    0.1688805346489    0.00459485089932053
215.999999999949    36.8387463551925    0.168884954502523    0.00458443815851293
216.499999999948    36.9231766882098    0.168822049660558    0.00457225149087635
216.999999999948    37.0075455683942    0.168625929018475    0.00455652830871573
217.499999999947    37.0917817791    0.168316248354528    0.0045378313006621
217.999999999947    37.1758805401196    0.168109162162571    0.00452199543683034
218.499999999946    37.2599186150052    0.168061516796272    0.004510517549241
218.999999999946    37.3439526541426    0.168085949462004    0.00450102191963222
219.499999999945    37.4280288672903    0.168257412067703    0.00449549220623662
219.999999999945    37.5122478698563    0.168638455969653    0.00449555719920389
220.499999999944    37.5966530661602    0.168939763107685    0.00449347878946554
220.999999999944    37.6811436022205    0.168992376717223    0.0044847995724648
221.499999999944    37.7656317215174    0.16895320269383    0.00447372902271794
221.999999999943    37.8500838552128    0.168833703684067    0.00446058995086783
222.499999999943    37.9344399703037    0.168569121453944    0.00444369606051665
222.999999999942    38.0186519743984    0.168300021405635    0.0044267750871064
223.499999999942    38.1027699534184    0.168201020494812    0.00441440401053366
223.999999999941    38.1868716103813    0.168214895992638    0.00440504521315403
224.499999999941    38.2709965316111    0.168307399809335    0.00439777939072782
224.99999999994    38.3552137076639    0.168597766186813    0.00439569356781149
225.49999999994    38.4396076117273    0.168957323713559    0.00439539668094877
225.999999999939    38.5241280099437    0.169078793895735    0.00438890644979928
226.499999999939    38.6086590747933    0.16903569710511    0.00437818098726638
226.999999999939    38.6931578984557    0.168949077324614    0.00436638120279547
227.499999999938    38.7775889898916    0.168750644804424    0.00435175701223749
227.999999999938    38.8618922959214    0.168466836343311    0.00433501372142375
228.499999999937    38.9460790535543    0.16831355048246    0.0043217072057758
228.999999999937    39.0302347167735    0.168326717045703    0.00431272623050262
229.499999999936    39.1144144937702    0.168400839175049    0.0043053396389679
229.999999999936    39.1986553503607    0.168594518436106    0.00430102810744897
230.499999999935    39.283037624153    0.168943021087716    0.00430066082730431
230.999999999935    39.3675748239291    0.169159794198027    0.00429693205524069
231.499999999934    39.4521563801028    0.169142609731483    0.00428728427672937
231.999999999934    39.5367091916792    0.169066298912348    0.0042761854076598
232.499999999934    39.6212140206688    0.168934963454998    0.00426375030726902
232.999999999933    39.7056218397361    0.168680598264897    0.00424827997772564
233.499999999933    39.7899011705225    0.168463090621815    0.00423381525628462
233.999999999932    39.8741183430713    0.168435712785532    0.00422418650956329
234.499999999932    39.9583538423494    0.168512130825317    0.00421719401880668
234.999999999931    40.0426376953679    0.168640592619201    0.00421152557187084
235.499999999931    40.1270220418794    0.168922971026958    0.00420970613893695
235.99999999993    40.2115614843256    0.169204046992134    0.00420784572263102
236.49999999993    40.296181211366    0.169235096877734    0.00419978002357204
236.999999999929    40.3807765136674    0.16914238709063    0.00418868584742003
237.499999999929    40.4653226416211    0.169035817040705    0.00417730061212563
237.999999999929    40.5497964744497    0.16883841316122    0.00416373022408642
238.499999999928    40.6341525523065    0.168598215265714    0.00414917513165028
238.999999999928    40.7184231999175    0.168520643604685    0.00413868294401504
239.499999999927    40.8027013665936    0.168605991163296    0.00413222618886059
239.999999999927    40.887033216205    0.16872484820936    0.00412661019734951
240.499999999926    40.9714406967729    0.168929893921092    0.00412311334549672
240.999999999926    41.0559803927126    0.169223240663408    0.00412176835249671
241.499999999925    41.1406315163352    0.169335645453691    0.00411601959455714
241.999999999925    41.2252817340693    0.169249493075736    0.00410547814245417
242.499999999924    41.3098784452386    0.169138969634896    0.00409439523912205
242.999999999924    41.3944154162463    0.168993964766236    0.00408253053139892
243.499999999924    41.4788562464435    0.168765000978954    0.00406869948332831
243.999999999923    41.5631957755934    0.168624844590329    0.00405707120070273
244.499999999923    41.6475163254535    0.168685021831486    0.00405030207595818
244.999999999922    41.7318929628317    0.16882200308441    0.00404539528640052
245.499999999922    41.8163407921934    0.168981531824037    0.00404104062246365
245.999999999921    41.900892720914    0.16923704736399    0.00403898428826359
246.499999999921    41.9855634809252    0.169407818222264    0.00403490638631607
246.99999999992    42.0702593933022    0.169346058637412    0.00402531529587794
247.49999999992    42.1548975507029    0.169207309973378    0.00401394190959328
247.999999999919    42.2394687406401    0.16907411477777    0.00400275192417603
248.499999999919    42.3239611399177    0.168885237963736    0.00399029848376957
248.999999999919    42.4083577844578    0.168721809692525    0.00397850373150643
249.499999999918    42.4927156778525    0.168745486473434    0.0039711626753332
249.999999999918    42.5771270325445    0.168907958987587    0.00396710559776567
250.499999999917    42.6616227599359    0.169074303543285    0.0039631474989757
250.999999999917    42.7462086025646    0.169280203678786    0.00396012206024348
251.499999999916    42.8309018512813    0.169471384592007    0.00395675498920034
251.999999999916    42.915644399145    0.169461716430362    0.0039487165765065
252.499999999915    43.0003397906531    0.169311155656122    0.00393743762213071
252.999999999915    43.0849558357813    0.169156250262229    0.00392610940363892
253.499999999914    43.1694950894335    0.168995663001318    0.00391470093989314
253.999999999914    43.2539511950933    0.168838566281048    0.00390342527367073
254.499999999914    43.3383570234374    0.168818982596692    0.00389537107983569
254.999999999913    43.4228022920013    0.168982855406898    0.00389156955533534
255.499999999913    43.5073456233821    0.169186259242037    0.00388868263089605
255.999999999912    43.5919848184964    0.169370454483131    0.00388535771400035
256.499999999912    43.6767137001991    0.169532896726702    0.00388153966643167
256.999999999911    43.7614922402128    0.169548032619304    0.00387436588516295
257.499999999911    43.8462333981786    0.169398720347193    0.00386347257719588
257.99999999991    43.9308842227411    0.169206795638591    0.00385165922863442
258.49999999991    44.0154461498231    0.169047065316511    0.0038406305082333
258.999999999909    44.0999376990889    0.16892820989412    0.00383057706445716
259.499999999909    44.1843907914242    0.168910127176908    0.00382284612623181
259.999999999909    44.2688783089897    0.169066961811417    0.00381909296710335
260.499999999908    44.3534717026341    0.169306749270766    0.0038172152657153
260.999999999908    44.4381767928081    0.169501551292928    0.00381432280813916
261.499999999907    44.5229607293628    0.169620237365851    0.00380972501799474
261.999999999907    44.6077788316141    0.169629172367559    0.00380268143383414
262.499999999906    44.6925656248253    0.16949650726992    0.00379249892907849
262.999999999906    44.7772615472311    0.169283371563506    0.00378056553067557
263.499999999905    44.8618556531086    0.169106696169973    0.0037694984683108
263.999999999905    44.9463838932372    0.169022306356161    0.00376053180958108
264.499999999904    45.0308942345944    0.169037539117325    0.00375381262110189
264.999999999904    45.1154440198642    0.169185957710242    0.00375006744111285
265.499999999904    45.2000977555478    0.169434810118191    0.00374854963886433
265.999999999903    45.2848712617844    0.1696406317117    0.00374607737606308
266.499999999903    45.369715219938    0.169712210255241    0.00374064966977487
266.999999999902    45.454564848941    0.169671417033031    0.00373276958204088
267.499999999902    45.5393717069152    0.169539633919055    0.0037229243084465
267.999999999901    45.6240906442981    0.16933056432088    0.0037114288072291
268.499999999901    45.7087089905072    0.169159137140907    0.00370080758955669
268.9999999999    45.7932715696421    0.169115815684085    0.00369302759744727
269.4999999999    45.8778455193241    0.16919402283739    0.00368792433302309
269.999999999899    45.962476396699    0.169341470380355    0.00368434174257236
270.499999999899    46.0471995581223    0.169559003336505    0.00368228697865723
270.999999999899    46.132031300917    0.169750728208679    0.00367967166027012
271.499999999898    46.2169240532912    0.169791033406628    0.00367378480685663
271.999999999898    46.301800106264    0.16970105074379    0.00366510697973559
272.499999999897    46.386618887492    0.169568245140693    0.00365554224919844
272.999999999897    46.4713607780144    0.169394132294976    0.00364512959076328
273.499999999896    46.5560166614225    0.169242443084604    0.00363524320208526
273.999999999896    46.6406251789979    0.169220988727843    0.00362818868911823
274.499999999895    46.7252645983153    0.169352716137946    0.00362443567936589
274.999999999895    46.8099809863342    0.169510487294851    0.00362124665985954
275.499999999894    46.8947767584366    0.169676719013974    0.00361824345359419
275.999999999894    46.9796555485969    0.169825859030842    0.00361488088934944
276.499999999894    47.0645796546345    0.169841024496405    0.00360868036520709
276.999999999893    47.1494704361886    0.169705937551788    0.00359931799831061
277.499999999893    47.2342824066811    0.16954773999921    0.0035895059977714
277.999999999892    47.3190230095347    0.169416942478472    0.00358031361814749
278.499999999892    47.4037040240717    0.169317084362473    0.00357181127188909
278.999999999891    47.4883580187818    0.1693254330981    0.00356561987321463
279.499999999891    47.5730579934158    0.169495169707911    0.00356283949060769
279.99999999989    47.657856036167    0.16968570634612    0.00356049811005656
280.49999999989    47.742731744249    0.169809380071683    0.00355675877495506
280.999999999889    47.8276590103676    0.169890400622358    0.0035521370716792
281.499999999889    47.91260639226    0.169876602212355    0.0035455512651843
281.999999999889    47.9975107129953    0.16971949884246    0.00353600627035244
282.499999999888    48.0823200539559    0.169530212666585    0.00352583262364099
282.999999999888    48.1670584512937    0.169438359852415    0.00351772280268578
283.499999999887    48.2517694832466    0.169415391777052    0.00351107106726675
283.999999999887    48.3364863424369    0.169470026674297    0.0035060476980825
284.499999999886    48.4212617546138    0.169651679981087    0.00350366086784019
284.999999999886    48.5061430651989    0.169860209936575    0.0035018288242019
285.499999999885    48.5910991170459    0.169941214000439    0.00349737332738834
285.999999999885    48.6760685862251    0.169926763999933    0.00349097141440097
286.499999999884    48.761016573032    0.169853110315549    0.00348337918798619
286.999999999884    48.8459057497538    0.169687854386982    0.00347394222263628
287.499999999884    48.930702595604    0.16951516870651    0.00346439269649357
287.999999999883    49.0154452382545    0.169481039953802    0.00345770683363148
288.499999999883    49.1002021163902    0.169556367454961    0.00345327229108006
288.999999999882    49.1850068196157    0.169667272731199    0.00344957302442689
289.499999999882    49.2698775940428    0.169826039042544    0.00344685327700262
289.999999999881    49.3548354924626    0.169993557304263    0.0034443141306838
290.499999999881    49.4398458801943    0.170018671620612    0.00343889970920644
290.99999999988    49.5248329997408    0.169918492658257    0.00343097558065761
291.49999999988    49.6097594455234    0.169786228740843    0.00342243604158746
291.999999999879    49.6946191682119    0.169652560079383    0.00341390200627404
292.499999999879    49.7794162476091    0.169548415077104    0.0034059944422359
292.999999999879    49.8641898872291    0.169574065846728    0.00340071835580263
293.499999999878    49.9490123324185    0.169726492258615    0.00339799496192354
293.999999999878    50.0339165476933    0.169883796551916    0.00339537274460575
294.499999999877    50.1188887199073    0.169999163378984    0.00339191805167579
294.999999999877    50.2039093882343    0.170071667884729    0.00338761801535295
295.499999999876    50.2889401312883    0.170026341249776    0.00338098875828149
295.999999999876    50.373915074112    0.169861350272916    0.00337201009734918
296.499999999875    50.4588024939007    0.169701122103966    0.00336316190073039
296.999999999875    50.5436325888822    0.169635069764527    0.0033562104873689
297.499999999874    50.6284504967742    0.169648299224508    0.00335084912850172
297.999999999874    50.7132956253194    0.169749928207575    0.00334724703087181
298.499999999874    50.7982144548742    0.169931008987205    0.00334521618152859
298.999999999873    50.8832217590854    0.170084080094978    0.00334263582798016
299.499999999873    50.9682794247123    0.170126789461503    0.00333789547894794
