#t    rel_diff_friedmann    LHS_friedmann    RHS_friedmann
0    6.04584130825562e-17    0.0286928383913755    0.0286928383913755
0.5    -0.000116022230752635    0.0333718632656253    0.0333796079202183
1    -0.000174695248610154    0.0370512361116807    0.0370641837233746
1.5    -0.000142202650733093    0.0388661929446698    0.0388772482680873
2    -0.000123032935361034    0.0383728838861984    0.0383823273051355
2.49999999999999    -0.000121450369070189    0.0359526459952775    0.0359613799802736
2.99999999999998    -0.000133387771733301    0.0326312616659312    0.0326399680498212
3.49999999999997    -0.000150679764370295    0.0293829204380869    0.0293917765955868
3.99999999999996    -0.00016709517641061    0.0266288853407662    0.0266377859446014
4.49999999999995    -0.000180695633581315    0.0243532057995629    0.0243620084260625
4.99999999999994    -0.00018561428950041    0.0226805331256356    0.0226889543508185
5.49999999999993    -0.000178132666931267    0.0225682191624315    0.0225762608690567
5.99999999999992    -0.000164962025844587    0.025252095284689    0.0252604279328494
6.49999999999991    -0.000137298955227961    0.0289693370858312    0.0289772930976143
6.9999999999999    -0.000126834811535625    0.0300398437881278    0.0300474649506073
7.49999999999988    -0.000136313823696129    0.0287145378146516    0.0287223672588034
7.99999999999987    -0.00014968670286725    0.0268365820084433    0.0268446173701843
8.49999999999986    -0.000160711788114563    0.0251127364412853    0.0251208095642872
8.99999999999985    -0.000169377858507346    0.0236037561520443    0.0236117534139429
9.49999999999984    -0.000173606136966073    0.0223892282225795    0.0223970033872385
9.99999999999983    -0.000168854110951394    0.0217908290352312    0.0217981892201559
10.4999999999998    -0.000161187568833157    0.0222714029577674    0.0222785838618344
10.9999999999998    -0.000146031269994509    0.0240811930533869    0.0240882272950153
11.4999999999998    -0.000128876456314226    0.0268340881696564    0.0268410056255371
11.9999999999998    -0.000106339506193635    0.0294394283614421    0.0294456901758695
12.4999999999998    -9.25629114835325e-05    0.0307809433776232    0.0307866422526022
12.9999999999998    -9.41832873557519e-05    0.0305938047900286    0.0305995681830596
13.4999999999998    -0.000101616878492776    0.0294555414428518    0.0294615284115804
13.9999999999997    -0.000109396175995952    0.0280532348005557    0.0280593733053076
14.4999999999997    -0.000115692511638739    0.0267202645171284    0.0267264479015269
14.9999999999997    -0.000119274547600796    0.0255120071675773    0.0255180937597794
15.4999999999997    -0.00011766646999178    0.024534132985559    0.0245399073546541
15.9999999999997    -0.000111128304962912    0.0242818075472114    0.0242872049392428
16.4999999999998    -0.000106760323701585    0.0254580269939648    0.0254634633887614
16.9999999999999    -9.75102375619189e-05    0.0276387386202362    0.0276441292658168
17.4999999999999    -8.59489115942968e-05    0.0289786601176438    0.028983641914417
18    -8.96292153648703e-05    0.0287622595463463    0.0287674158860155
18.5000000000001    -9.78597097964793e-05    0.0277846781234266    0.0277901166567157
19.0000000000002    -0.000104077555656198    0.0267074088734609    0.0267129687357847
19.5000000000002    -0.000107818696865242    0.0257004105418262    0.0257059531089656
20.0000000000003    -0.000108644447717346    0.0247930503699924    0.0247984382098806
20.5000000000004    -0.000100280152096399    0.0241459928928417    0.0241508361061995
21.0000000000005    -9.80764308977126e-05    0.024115823908764    0.0241205547606233
21.5000000000006    -9.84497659702286e-05    0.0250286377196663    0.0250335663319392
22.0000000000006    -7.19373222235114e-05    0.0267322230488728    0.0267360694146565
22.5000000000007    -7.82334919668378e-05    0.0284294650454873    0.028433913666169
23.0000000000008    -6.80958004809827e-05    0.0292709165615667    0.029274903286034
23.5000000000009    -6.6815914616713e-05    0.0290972093761256    0.0291010979492587
24.000000000001    -7.37785690129934e-05    0.0283409946378789    0.0283451768624951
24.500000000001    -7.97038412644165e-05    0.0274396256039384    0.0274440000397247
25.0000000000011    -8.27185030460303e-05    0.026571130693395    0.0265755269053534
25.5000000000012    -8.38422273889322e-05    0.0257652038664218    0.0257695246528487
26.0000000000013    -7.66231669951949e-05    0.0251407300213468    0.025144583041287
26.5000000000013    -3.46323988360215e-05    0.0250959975091357    0.0250977358385281
27.0000000000014    -0.000106866471055768    0.0260555295765012    0.0260610990966908
27.5000000000015    -1.11379848921427e-05    0.0275792996829873    0.0275799140454765
28.0000000000016    -6.95294922704984e-05    0.0284575419552818    0.0284614995073353
28.5000000000017    -5.01279435907783e-05    0.0283010092674979    0.0283038467525275
29.0000000000017    -6.04364401622533e-05    0.0276263333251276    0.0276296728014354
29.5000000000018    -6.67533599165083e-05    0.0268654763213043    0.0268690632823665
30.0000000000019    -6.91413619179544e-05    0.026137767617876    0.0261413822694992
30.500000000002    -6.05139043114661e-05    0.0254685824404525    0.0254716650337137
31.000000000002    4.53518256315907e-05    0.0249863084764051    0.0249840422297731
31.5000000000021    -0.000204468820811894    0.0249812395047007    0.0249914573631021
32.0000000000022    -0.000227901846236593    0.025710262710125    0.0257219842141552
32.5000000000021    0.000130871265365762    0.0270009369903011    0.0269938706215058
33.000000000002    -0.000239175337840559    0.0281726096955821    0.0281860893064561
33.5000000000019    0.000156811629605137    0.0286285782767613    0.0286196010964618
34.0000000000018    5.25090744582275e-05    0.0283731149485905    0.0283701354130322
34.5000000000017    3.8688146913899e-06    0.0277715631720904    0.0277713482868585
35.0000000000016    -8.06264092183853e-06    0.0271055292825793    0.0271059663704026
35.5000000000015    -8.69397904470775e-06    0.0264636766622292    0.0264641368155305
36.0000000000014    2.14613196067859e-05    0.0258706837237099    0.0258695733095172
36.5000000000013    -1.82771190281187e-05    0.0254689384070426    0.0254698694216964
37.0000000000012    0.000257278415563772    0.0256074407031991    0.0255942676088105
37.5000000000011    -0.000130568140629684    0.0265087179253912    0.0265156412173725
38.000000000001    -4.90040091592884e-05    0.0276473145298973    0.0276500243211969
38.5000000000009    1.27327993435885e-05    0.0281670447860537    0.0281663275045279
39.0000000000008    6.14201127072267e-05    0.027952694383229    0.0279492608788363
39.5000000000007    3.83283793982618e-05    0.027412707029933    0.0274106057412012
40.0000000000006    3.11444550474679e-05    0.0268261910750123    0.0268245201528482
40.5000000000005    4.32446129528079e-05    0.0262616714029978    0.0262594001495867
41.0000000000004    0.000116610581206689    0.0257464774735632    0.0257404735502797
41.5000000000003    -8.40297496810174e-05    0.0254078125366661    0.0254120829197602
42.0000000000002    0.000345183391866634    0.0254997423523556    0.0254821442518138
42.5000000000001    0.000709110948950119    0.0261932481334531    0.0261561266186457
43    0.00030186657325431    0.0272426363458259    0.0272261940266522
43.4999999999999    0.000451205039054866    0.0280491766375338    0.0280238761935413
43.9999999999998    0.000343547785980131    0.0282381131494024    0.028218717530219
44.4999999999997    0.000258127527568726    0.0279316280841851    0.0279172119611866
44.9999999999996    0.000208411665614807    0.0274282309455035    0.0274168006011282
45.4999999999995    0.000202465403337724    0.0269020871331022    0.0268911958543653
45.9999999999994    0.00025182757635101    0.0263965210683824    0.0263832296716732
46.4999999999993    0.000192535806279818    0.0259487523007427    0.0259387620963224
46.9999999999992    0.000390288159774215    0.0257248666998958    0.0257047943121416
47.4999999999991    0.000308192384881824    0.0260173156410145    0.0260012839047623
47.999999999999    0.0013707007933082    0.0268643167224021    0.0267907716502047
48.4999999999989    0.00061211275269338    0.0276999340836342    0.027666043862468
48.9999999999988    0.000645150574684229    0.0279575024512563    0.0279214521116073
49.4999999999987    0.000579095383869651    0.0276993546421691    0.0276672920726362
49.9999999999986    0.000450511715944857    0.0272464163471796    0.0272218777425446
50.4999999999985    0.0004491450274782    0.0267718263847368    0.0267477883159214
50.9999999999984    0.000444723039819638    0.0263168818426446    0.0262934848004651
51.4999999999983    0.000545456736513339    0.0259199868169498    0.0258917257692894
51.9999999999982    0.00139697906182802    0.025715255893392    0.0256435087745096
52.4999999999981    0.00157461160922626    0.0259180419126576    0.02583654853371
52.999999999998    0.00136186707050515    0.0265977791649942    0.0265254324124674
53.4999999999979    0.00191839335822458    0.0274397736422279    0.027334694666025
53.9999999999978    0.00199884758603138    0.027954822979136    0.0278432910535966
54.4999999999977    0.00147643857887425    0.0279643183133265    0.0278818648540153
54.9999999999976    0.00116453608590611    0.0276464362307309    0.0275821205833484
55.4999999999975    0.00104945089882732    0.0272223650378901    0.0271652878666643
55.9999999999974    0.00105372062582523    0.0267911226653516    0.0267347213794669
56.4999999999973    0.00121762419256599    0.0263844400831411    0.0263202655584898
56.9999999999972    0.00158023317861589    0.026062167003155    0.0259799283573816
57.4999999999971    0.0025878958533281    0.0260037309393171    0.0258694884499608
57.999999999997    0.00324324577363508    0.0264173488457698    0.0262465468885065
58.4999999999969    0.00347739968512165    0.0271724477648721    0.0269841237202425
58.9999999999968    0.0030296776389866    0.0277394141209641    0.0275718388546396
59.4999999999967    0.00235913443162584    0.0278097770364507    0.0276788718542882
59.9999999999966    0.00184976714471966    0.0275362407206547    0.0274345575441055
60.4999999999965    0.00167362092697967    0.0271515631391578    0.0270608321399171
60.9999999999964    0.0016849751652235    0.0267561273713067    0.0266661122243175
61.4999999999963    0.0018402384795282    0.0263843659138796    0.026287437234939
61.9999999999962    0.0025154564462788    0.0260892948691164    0.0259583712319088
62.4999999999961    0.00358830905610662    0.0260111614611712    0.0258251567311664
62.999999999996    0.00436896116715392    0.0263160530554191    0.0260871056898249
63.4999999999959    0.00452033553632834    0.0269662788733928    0.0267235826842532
63.9999999999958    0.00467924524370576    0.0276101062041743    0.027352920721851
64.4999999999961    0.00415913033417284    0.0278942474670371    0.0276631768980717
64.9999999999963    0.00323949708178859    0.0277905930524844    0.0276111193667761
65.4999999999966    0.00271328990998477    0.027482862083539    0.0273341276982683
65.9999999999969    0.00260452415122735    0.0271199207346546    0.0269790187402365
66.4999999999971    0.00266569283592572    0.0267578699942944    0.0266155927370629
66.9999999999974    0.00302176609048598    0.0264308531887496    0.0262715987067263
67.4999999999976    0.0039476482421681    0.0262215179958984    0.0260153053918752
67.9999999999979    0.00508967174824302    0.0263090680237644    0.0260426151409878
68.4999999999981    0.0057595187780372    0.0267984747649453    0.0264915498673933
68.9999999999984    0.00576418558741209    0.0274329387745415    0.0271184941908696
69.4999999999986    0.00513359787673072    0.0277774664030389    0.0274937263254038
69.9999999999989    0.00412774267190295    0.0277217017596569    0.0274937864328946
70.4999999999992    0.00352713762372064    0.0274467139260306    0.0272537777637555
70.9999999999994    0.00339257352046051    0.0271113430651346    0.0269280105848788
71.4999999999997    0.00346364234436116    0.0267745135640139    0.0265896790866764
71.9999999999999    0.00387661678171103    0.0264705514374516    0.0262661116044918
72.5000000000002    0.0048890354765466    0.0262670084989165    0.0260114174199412
73.0000000000004    0.00627783397384961    0.0263042779665002    0.0259760706179918
73.5000000000007    0.007249258026016    0.0266872007891771    0.0263030607106984
74.000000000001    0.00748558276876033    0.0272810382620008    0.0268756439349342
74.5000000000012    0.00705891369940943    0.0277412992094454    0.0273523975585785
75.0000000000015    0.00594903038283468    0.0278538570299585    0.0275244100366306
75.5000000000017    0.00491994857902112    0.0276853984599959    0.0274143107240912
76.000000000002    0.00447821598532835    0.0273959814579399    0.0271517051358728
76.5000000000022    0.00445741217680881    0.0270784194146832    0.0268380913032779
77.0000000000025    0.00463474328171351    0.0267720173576796    0.0265249993674773
77.5000000000027    0.00535280179670949    0.0265169107376118    0.0262345426630695
78.000000000003    0.00676729267148654    0.026417486027689    0.0260623396877242
78.5000000000033    0.00804023908315402    0.0266283992337192    0.0262036171904239
79.0000000000035    0.008491988205994    0.0271391121358311    0.0266820633483864
79.5000000000038    0.00810312215945652    0.0276299044273721    0.0271857266723236
80.000000000004    0.0069791930280719    0.0277988612549898    0.0274135233651854
80.5000000000043    0.00588133697924033    0.0276674799182563    0.0273439392245711
81.0000000000045    0.00536523208632746    0.0274032321549955    0.0271107519781707
81.5000000000048    0.00533242267999375    0.0271066136651844    0.0268190591842482
82.000000000005    0.00551040014501241    0.0268183415839655    0.0265244017235087
82.5000000000053    0.00623774164899024    0.0265751005167652    0.0262456185177142
83.0000000000056    0.00773226720785174    0.0264605897104442    0.0260545287818101
83.5000000000058    0.0093771988626558    0.0266015969744775    0.0261073348390241
84.0000000000061    0.00989170240199309    0.0270279727056687    0.0264985047203436
84.5000000000063    0.00996190792368995    0.027534897918783    0.026991708882438
85.0000000000066    0.00911578967858826    0.0278301851223322    0.0273273803562465
85.5000000000068    0.00767337780771795    0.0278227009419253    0.0273989642417993
86.0000000000071    0.00667786018587215    0.0276240910472545    0.0272575987957187
86.5000000000073    0.00639950444142067    0.0273572767274873    0.0270093572121256
87.0000000000076    0.00646598780659812    0.0270774846675829    0.0267295689152076
87.5000000000079    0.00685843700007075    0.0268197844420875    0.0264544067580119
88.0000000000081    0.00797798831429687    0.0266364969978613    0.0262148495725279
88.5000000000084    0.00980643685713112    0.0266445728101078    0.0261270710170696
89.0000000000086    0.01080195850948    0.026946320602815    0.0263703956460332
89.5000000000089    0.0112796436622582    0.0274259357830579    0.0268141272003862
90.0000000000091    0.0104204752621003    0.0277689171089406    0.0271961549354228
90.5000000000094    0.00878511996495564    0.0278091781226499    0.0273248193407861
91.0000000000096    0.00768344000512796    0.0276391695627139    0.0272176802483205
91.5000000000099    0.00732369297229641    0.027392115797568    0.0269938099751942
92.0000000000102    0.00738040454939171    0.0271286530257052    0.0267311459205331
92.5000000000104    0.00775264540495143    0.0268830234305387    0.0264694010024155
93.0000000000107    0.00886231995438326    0.0266998356855806    0.0262307479183107
93.5000000000109    0.0107593685058371    0.0266732580446851    0.0261053930879085
94.0000000000112    0.0123283667686481    0.0268983263285729    0.0262431783680353
94.5000000000114    0.0126593448071502    0.027328241756501    0.0266449761802877
95.0000000000117    0.012350876287156    0.0277283134764695    0.0270517319128611
95.500000000012    0.0109423884408414    0.027885543779374    0.0272818803947797
96.0000000000122    0.00930727053870294    0.0278019081839556    0.0272891607015717
96.5000000000125    0.00852166775569541    0.0275962380196235    0.027129880222406
97.0000000000127    0.00841912323495771    0.0273523587958306    0.0268956382236738
97.500000000013    0.0085849559641269    0.0271067814217337    0.0266453219810417
98.0000000000132    0.00929542237339459    0.0268955916934318    0.026400184938916
98.5000000000135    0.0108646763660898    0.0267873380426756    0.0262115225743006
99.0000000000137    0.0128322827548386    0.0268926689526886    0.0262112247730174
99.500000000014    0.0138099824351633    0.0272426932418863    0.0265005006778453
100.000000000014    0.0137237660712565    0.0276530641538249    0.0269043312222269
100.500000000015    0.0121822900519514    0.0278627174043682    0.0271920245689143
101.000000000015    0.0104178161776988    0.0278172341510174    0.027243620290855
101.500000000015    0.00950449396903261    0.0276334700481666    0.027113131305773
102.000000000015    0.00935017503548299    0.027406037060987    0.0268982821709853
102.500000000016    0.00949727001955459    0.027172927491894    0.02666164601095
103.000000000016    0.0101415857295451    0.0269669909992134    0.0264255064094292
103.500000000016    0.0117099651092046    0.0268456426352459    0.0262241966686462
104.000000000016    0.0138283558245877    0.0269011424167297    0.026167293205886
104.500000000017    0.0151954105493408    0.0271806684360809    0.026366989785449
105.000000000017    0.0153209573983426    0.0275779706230431    0.0267456802818075
105.500000000017    0.0144063300867443    0.0278677714063119    0.0270762299859682
106.000000000017    0.0124548506564745    0.0279204070792834    0.0272334737306704
106.500000000018    0.0109448261392235    0.0277947430199013    0.0271929126883707
107.000000000018    0.0104447812836291    0.0275956431914015    0.0270251410464964
107.500000000018    0.0104702439248371    0.0273742428262913    0.0268069524951367
108.000000000018    0.0108127574389086    0.0271609087668114    0.0265798232667432
108.500000000019    0.0119144200063638    0.0269974621278365    0.0263617184393634
109.000000000019    0.0139595120507512    0.0269651397582331    0.0262226639711202
109.500000000019    0.0159658886853945    0.0271455244636835    0.0262923414450004
110.000000000019    0.0163208803912595    0.0274998794630775    0.0266166500575808
110.50000000002    0.0157180210608631    0.0278224664680264    0.0269613729266263
111.00000000002    0.0138059048346026    0.0279258680633131    0.0271652848489775
111.50000000002    0.0120922518153834    0.027830297806877    0.0271652774619939
112.00000000002    0.0114076995445124    0.0276485585792504    0.0270248606397291
112.500000000021    0.0113923412853154    0.0274417148089575    0.0268235068835135
113.000000000021    0.011676662894565    0.0272372725683882    0.026608533245612
113.500000000021    0.0127005303605722    0.0270707362860723    0.0263917345520416
114.000000000021    0.0146966257302574    0.0270111762503632    0.0262287292847986
114.500000000022    0.0169137441570685    0.0271327664488368    0.0262301989053732
115.000000000022    0.0178775118121389    0.0274320521378843    0.0264684453572351
115.500000000022    0.0174656213281087    0.0277733997852628    0.0268198939891448
116.000000000022    0.0160881238729622    0.0279648188373133    0.027079262832929
116.500000000023    0.0139462453846386    0.0279469452800781    0.0271781570757701
117.000000000023    0.0126868358539984    0.027804996060205    0.0271083198352408
117.500000000023    0.0124109977399288    0.0276194916319557    0.0269423250484488
118.000000000023    0.0125301979894969    0.0274202576313639    0.026741598846221
118.500000000024    0.0131087013653942    0.0272376243323092    0.0265327643645805
119.000000000024    0.0146493591021041    0.0271239714290992    0.0263407475613155
119.500000000024    0.0169548916993393    0.0271582216414703    0.0262526461622898
120.000000000024    0.0185544307369291    0.0273798147767306    0.0263822895359887
120.500000000025    0.0186955720439175    0.027706818980333    0.0266898422807773
121.000000000025    0.0175271331458827    0.0279445490402366    0.0269818467873431
121.500000000025    0.0153444117043061    0.0279730661435415    0.0271275791568789
122.000000000026    0.0137679664833079    0.0278553670230815    0.0270987604380768
122.500000000026    0.0133420426020025    0.0276853695758208    0.0269563375909555
123.000000000026    0.0134160044366029    0.0274986844736457    0.0267706074129242
123.500000000026    0.0138875689713072    0.0273195137872463    0.0265711041142332
124.000000000027    0.0152476612486185    0.0271928908064948    0.0263760891467339
124.500000000027    0.0174558113935957    0.0271881065773149    0.0262552101207847
125.000000000027    0.0196164466057877    0.0273487274115986    0.0262964006218694
125.500000000027    0.0204309931444697    0.0276389859706106    0.0265322145442635
126.000000000028    0.01945536017059    0.0279203594798204    0.026854691141618
126.500000000028    0.0176093617252873    0.0280350029079564    0.0270647317494075
127.000000000028    0.0154348184725815    0.0279765370866729    0.027126038830027
127.500000000028    0.0144815865129465    0.0278360315904442    0.027041320468994
128.000000000029    0.0143597683543996    0.0276668023717266    0.0268834730529594
128.500000000028    0.014574232553471    0.0274869527863737    0.0266972594761333
129.000000000028    0.0154400921313213    0.027333749350316    0.0265025125072295
129.500000000027    0.0173832510504671    0.0272679290850028    0.026336116503222
130.000000000027    0.0198167152920372    0.0273481556307958    0.026285316385721
130.500000000026    0.0212025829973418    0.027577985803245    0.026432817268366
131.000000000026    0.0210092034181944    0.0278660636973785    0.0267192693321121
131.500000000025    0.0192231838808067    0.0280355176814915    0.0269779830411728
132.000000000025    0.016830706840692    0.0280175016678817    0.0270900034052734
132.500000000024    0.0155307053978568    0.027896541557931    0.0270432872619212
133.000000000024    0.015254466705699    0.0277431730901383    0.0269094760730995
133.500000000024    0.0153944092024463    0.0275738595356835    0.0267377641758193
134.000000000023    0.0160723918072636    0.0274166926312501    0.0265493295780232
134.500000000023    0.0177697505419621    0.0273280664449548    0.0263737977151907
135.000000000022    0.0202291259224926    0.0273633437865824    0.026278221801619
135.500000000022    0.0221003807943784    0.0275350877922708    0.026344332095765
136.000000000021    0.022618586605964    0.0278018317464852    0.026571973131751
136.500000000021    0.0215735310046107    0.0280315141629607    0.0268475783589346
137.00000000002    0.0190093043380075    0.0280926407866246    0.0270445216848698
137.50000000002    0.0170705831901623    0.0280162934341326    0.0270758386109339
138.000000000019    0.0163091927004063    0.0278875631725489    0.0269925134278597
138.500000000019    0.0162596505395366    0.0277340271595483    0.0268465657919167
139.000000000019    0.0165722976675063    0.0275700305276863    0.0266711298717165
139.500000000018    0.0177044438931083    0.0274452831963333    0.0264903822338865
140.000000000018    0.0198830905356163    0.0274185433186701    0.0263494690606127
140.500000000017    0.0223080834912157    0.0275191675139625    0.0263181599186518
141.000000000017    0.0233798713027734    0.0277365741980344    0.0264692490271683
141.500000000016    0.0229216436346899    0.0279885089412268    0.0267341750793729
142.000000000016    0.020768554015916    0.0281086382786454    0.0269648417341551
142.500000000015    0.0184121410689899    0.0280668027305971    0.0270519485072591
143.000000000015    0.0173100369433478    0.0279549521251159    0.027003617258728
143.500000000014    0.017111202943616    0.0278191336307235    0.0268831123974636
144.000000000014    0.0173061841986433    0.0276628108188271    0.0267216237761868
144.500000000014    0.0181621666906106    0.0275260717927621    0.0265440413842608
145.000000000013    0.0201007639389032    0.0274696424970366    0.0263870812073323
145.500000000013    0.0227032915511992    0.0275245064611355    0.0263024572115585
146.000000000012    0.0247157335546565    0.027685700993711    0.026350164929166
146.500000000012    0.0245001884781728    0.0279274015435099    0.0265916739190221
147.000000000011    0.0232752011275396    0.0281177071036418    0.0268385882754685
147.500000000011    0.0205563479524625    0.0281459852987885    0.0270121357697006
148.00000000001    0.0187596245345244    0.0280689951869706    0.0270352600484986
148.50000000001    0.0180988118634954    0.0279579899440192    0.0269639677642818
149.000000000009    0.0180833680153935    0.0278170325422867    0.0268288509210921
149.500000000009    0.0184844865011872    0.0276662920475913    0.026662060351047
150.000000000009    0.0198035271299557    0.0275677869274891    0.0264971112496596
150.500000000008    0.022107316527471    0.0275658138856972    0.0263733634197738
151.000000000008    0.0245953549439773    0.0276618251791901    0.0263337840058674
151.500000000007    0.0252843193716094    0.0278575422804483    0.0264835643845244
152.000000000007    0.0248970259854047    0.028082025757893    0.0267176761553661
152.500000000006    0.0224573227840603    0.028171316955468    0.0269338034788207
153.000000000006    0.0201157070921675    0.0281233019897963    0.0270141726991516
153.500000000005    0.0190807736187557    0.0280294261598698    0.0269798074268602
154.000000000005    0.0188857082051131    0.0279102277573555    0.0268755593679201
154.500000000004    0.0191044411402476    0.0277630673013354    0.026722157530522
155.000000000004    0.020071465988825    0.0276444585994768    0.0265565646056555
155.500000000004    0.0220706011624493    0.0276106643490039    0.0264182145123996
156.000000000003    0.0245692013929709    0.0276643417898896    0.0263375582326332
156.500000000003    0.0267279219439194    0.0278009894595175    0.0263535511258432
157.000000000002    0.0264132802749063    0.0280203325552199    0.0265782060523771
157.500000000002    0.0249743642142157    0.0281852655450349    0.0268117500469458
158.000000000001    0.0223046848519347    0.0281990785161762    0.0269685812510494
158.500000000001    0.0205067591700263    0.0281338249494716    0.0270031443977039
159    0.0198319821359319    0.0280434581852082    0.0269527738930879
159.5    0.0198020363341288    0.0279126646389723    0.0268286746494049
159.999999999999    0.0202401898712517    0.0277731647309915    0.026671200442461
160.499999999999    0.021648611961736    0.0276949817126575    0.0265212750088752
160.999999999999    0.0239184317184461    0.0277014607205403    0.0264072648623146
161.499999999998    0.0262420531483255    0.0277758947847516    0.0263553790205659
161.999999999998    0.0274681041469486    0.0279461934806519    0.0264519788185342
162.499999999997    0.0264809151786065    0.0281514181717991    0.0266989307348843
162.999999999997    0.0241874247982974    0.0282274539424548    0.026894203010156
163.499999999996    0.0219511036978315    0.0281868906187218    0.0269760041944062
163.999999999996    0.0208545736556924    0.0281156974393845    0.0269669718554238
164.499999999995    0.0205590839716335    0.0280115873914323    0.0268830048597517
164.999999999995    0.0207626506000064    0.0278719739384165    0.0267381235647265
165.499999999994    0.0217546284453862    0.0277676369962875    0.0265852109835379
165.999999999994    0.0237665941511808    0.0277446073879769    0.026456433252503
166.499999999994    0.0262271911005489    0.0277821896869073    0.0263621361072925
166.999999999993    0.0280345326270668    0.0278884405792314    0.0263674033523232
167.499999999993    0.0282981392752928    0.0280868690443974    0.0265410019428865
167.999999999992    0.0266955189268158    0.028238287710362    0.0267698177888787
168.499999999992    0.0241767315243919    0.0282526668819005    0.0269188011123959
168.999999999991    0.0223644219005391    0.0282072703777258    0.0269731912531464
169.499999999991    0.0215097795164369    0.0281376460686398    0.0269526656109206
169.99999999999    0.0214086736736816    0.0280162662081238    0.0268418271882407
170.49999999999    0.0218233609821806    0.0278862293381903    0.0266950816848538
170.999999999989    0.0231780175220197    0.0278208684892735    0.0265604180763847
171.499999999989    0.0252917713615677    0.027822630770025    0.0264499802996554
171.999999999989    0.0278357092359606    0.0278684352305298    0.0263589767578039
172.499999999988    0.0289562513629034    0.0280117712804572    0.0264351913447355
172.999999999988    0.0283966267901318    0.0282028531480654    0.0266453492154394
173.499999999987    0.0261489389328974    0.0282781752045163    0.0268369725710552
173.999999999987    0.0239084152688587    0.0282539778806442    0.0269345086271559
174.499999999986    0.0226149213882184    0.0282068993946007    0.0269593196867899
174.999999999986    0.0221345807930826    0.0281170436494911    0.026899280380315
175.499999999985    0.0222798708679287    0.0279842268010936    0.0267644337146117
175.999999999985    0.0232041560347659    0.0278892531214313    0.0266243118537361
176.499999999984    0.0250150490179751    0.0278675558013003    0.0265073645045021
176.999999999984    0.0274594559646639    0.0278837851882204    0.0263933641948486
177.499999999984    0.029724145335041    0.0279594548198369    0.0263452926147098
177.999999999983    0.0298270009126063    0.0281369073576695    0.0265070422236394
178.499999999983    0.0286691478158271    0.0282825198357955    0.026706044555093
178.999999999982    0.02615039859069    0.0283060454825904    0.0268633439586958
179.499999999982    0.0242899994078276    0.0282827278552375    0.0269413353916722
179.999999999981    0.0231507087355624    0.0282326559254888    0.0269550220665042
180.499999999981    0.0229114278689196    0.0281218055876923    0.0268620470148343
180.99999999998    0.0232506057120496    0.0279986424017838    0.0267262553808085
181.49999999998    0.0245238177514321    0.0279385373426769    0.0266010191978335
181.999999999979    0.0265182756065968    0.0279301628742414    0.0264871106180142
182.499999999979    0.028946448876286    0.0279507408138414    0.0263781134124722
182.999999999979    0.0305559880787965    0.0280675573656984    0.0264031510487432
183.499999999978    0.03021869877096    0.0282461721592383    0.0265891209546135
183.999999999978    0.0281930008560045    0.0283275187214974    0.0267740404175238
184.499999999977    0.0259421079837409    0.028321566411299    0.0268892806548355
184.999999999977    0.0243743573576341    0.0282947297138914    0.0269482183561432
185.499999999976    0.0236459701712014    0.0282182939087218    0.0269146226092857
185.999999999976    0.0237101442280304    0.0280931089182678    0.0267917802794504
186.499999999975    0.0245194219676159    0.0280024505177904    0.0266621071613817
186.999999999975    0.0262110447135414    0.0279761012518095    0.0265469939651569
187.499999999974    0.0285361005023827    0.027975654936403    0.0264233203115022
187.999999999974    0.030826536979468    0.0280288730043247    0.0263524840888969
188.499999999974    0.0315631855237564    0.02818586912491    0.0264610386369236
188.999999999973    0.0306183853170261    0.028327865335711    0.0266446943222407
189.499999999973    0.0282259274702527    0.0283631728129116    0.0268059725181998
189.999999999972    0.026212861133386    0.0283568057859893    0.0269081530933431
190.499999999972    0.0247795270004111    0.0283200061917941    0.0269504309034675
190.999999999971    0.0243492313195619    0.0282197266256739    0.0268781360228319
191.499999999971    0.0246231602612848    0.0281030250275064    0.0267523132421067
191.99999999997    0.0257727061183004    0.0280432731715422    0.0266340895702737
192.49999999997    0.0276655538608774    0.0280257296406313    0.026516780878166
192.999999999969    0.0302690993173103    0.0280329058743645    0.0263857035800781
193.499999999969    0.0319564324632974    0.0281314460998679    0.0263891619702183
193.999999999969    0.0318953850163904    0.0282965405555591    0.0265472759135099
194.499999999968    0.030206626548326    0.028382580671559    0.0267181727892373
194.999999999968    0.0279298702425625    0.0283904978044818    0.0268477020501103
195.499999999967    0.026114560354604    0.0283746550459084    0.0269303881572652
195.999999999967    0.0251092655880449    0.0283065847950231    0.0269198886068835
196.499999999966    0.0251103079765063    0.0281896446508199    0.0268086212557326
196.999999999966    0.0258531461655973    0.0281025781909334    0.0266861180195804
197.499999999965    0.0275109575416497    0.0280718675712387    0.0265686544887916
197.999999999965    0.0298528002257645    0.0280638427977235    0.0264368446627977
198.499999999964    0.0325600596579269    0.028108553094506    0.0263358403944654
198.999999999964    0.0332859127230567    0.0282509879165969    0.0264308529344915
199.499999999964    0.0324815814233732    0.0283855592428374    0.0265995557530258
199.999999999963    0.0301494440914568    0.0284267502641493    0.0267628155356369
200.499999999963    0.0279775876713006    0.0284279953003885    0.0268805943835306
200.999999999962    0.0262893306652456    0.0283955252009331    0.0269407710120013
201.499999999962    0.0257527005218079    0.0283018257501079    0.0268807260203345
201.999999999961    0.0260185439385284    0.0281921093995694    0.0267622763006143
202.499999999961    0.0272405177028913    0.0281345110599882    0.0266423607147008
202.99999999996    0.0292079476469749    0.0281147308068224    0.0265189918944056
203.49999999996    0.0316972463121472    0.0281212147285368    0.0263932561185212
203.999999999959    0.0338243974792829    0.0282140792965455    0.0263678774948368
204.499999999959    0.0335984225191315    0.0283666922740157    0.0265225019352385
204.999999999959    0.03188230562332    0.0284483044244679    0.0266903567764011
205.499999999958    0.0295511201816162    0.0284588843620204    0.0268251783798086
205.999999999958    0.0276039898454858    0.0284441069094003    0.0269159485019791
206.499999999957    0.0265061655686085    0.0283787103779146    0.0269131355550222
206.999999999957    0.0265056598013971    0.0282682521643488    0.0268084089225818
207.499999999956    0.0273455933787344    0.0281873450442972    0.0266867795462306
207.999999999956    0.0291747747042816    0.0281594171960304    0.026562905752706
208.499999999955    0.0315637729625094    0.028154837984636    0.0264318753579219
208.999999999955    0.0342032053555316    0.0282028562150876    0.0263374044784426
209.499999999954    0.034923887135525    0.0283375964381612    0.0264250712138424
209.999999999954    0.0339659800139627    0.0284595980016758    0.02658979153683
210.499999999954    0.0315527257124744    0.0284947483710539    0.0267515762438573
210.999999999953    0.0293143534931333    0.0284924141275033    0.0268695149679377
211.499999999953    0.0276068025950863    0.0284573675242793    0.0269283450895608
211.999999999952    0.0271208681619923    0.0283665743633215    0.026868549841842
212.499999999952    0.0274860776441215    0.0282645767524208    0.026752376503486
212.999999999951    0.0289410952338889    0.0282149673239326    0.0266277587652981
213.499999999951    0.0310529534463137    0.0282028974489943    0.0265040840978324
213.99999999995    0.0336725818596069    0.0282194159614797    0.0263808829275789
214.49999999995    0.0354130196687232    0.0283146649421924    0.0263778382508843
214.999999999949    0.0351682694772463    0.0284542524571891    0.0265208724499109
215.499999999949    0.0330672591450785    0.0285206349832984    0.0266948115054439
215.999999999949    0.0306967819719038    0.0285221278573194    0.0268232042640278
216.499999999948    0.028775561193437    0.028500884451592    0.0269065057055564
216.999999999948    0.0278089502624986    0.0284347039373439    0.026896014733829
217.499999999947    0.0279083620588213    0.0283303594601432    0.0267919851103391
217.999999999947    0.0290674911563804    0.0282606904030015    0.0266641627205667
218.499999999946    0.031169114653241    0.0282446734278636    0.0265371718126461
218.999999999946    0.0336302010565005    0.0282528864065432    0.026414414099315
219.499999999945    0.0358389254821118    0.0283105567157208    0.026351526392508
219.999999999945    0.036243530711985    0.0284389288318286    0.0264495756344694
220.499999999944    0.0348674679295687    0.0285406435588808    0.0266174214945724
220.999999999944    0.0323012145955348    0.0285584233885359    0.0267712090574075
221.499999999944    0.0302200655153274    0.0285451847005023    0.0268705185186418
221.999999999943    0.0287368439532679    0.0285048194996793    0.0269123062059383
222.499999999943    0.0284474342477503    0.0284155487077544    0.0268435686015104
222.999999999942    0.0290895692176628    0.0283248972051373    0.0267235612622253
223.499999999942    0.031043538262862    0.028291583295496    0.0265879290540264
223.999999999941    0.0333202643639623    0.0282962512338139    0.0264713793056511
224.499999999941    0.0356295345179134    0.0283273808305794    0.0263782448519979
224.99999999994    0.0367249088730045    0.0284252067631834    0.0264113395952593
225.49999999994    0.0358468056029594    0.0285465772364484    0.0265707954909438
225.999999999939    0.0334575193418143    0.0285876385452364    0.0267366258975695
226.499999999939    0.031248326294797    0.0285730668958103    0.0268414558088642
226.999999999939    0.029684221381795    0.0285437907288385    0.0268980430608138
227.499999999938    0.02904674996015    0.028476780121909    0.0268691604255185
227.999999999938    0.029359179032031    0.0283810749475241    0.0267621161283305
228.499999999937    0.0310805922936445    0.0283294512760115    0.0266215418621533
228.999999999937    0.0335344549642506    0.0283338836713842    0.026495219577746
229.499999999936    0.0357074884227626    0.0283588426348608    0.0264034197835511
229.999999999936    0.0372444979378063    0.0284241116467026    0.0263828537374742
230.499999999935    0.0368601531598589    0.0285417443742445    0.0265124387521159
230.999999999935    0.0348659795187218    0.028615035973119    0.0266868804864921
231.499999999934    0.0324996546049207    0.0286092224267768    0.0268081761150637
231.999999999934    0.0308110102981923    0.0285834134279194    0.0268746931354763
232.499999999934    0.0297725975452569    0.0285390218775415    0.0268887918855593
232.999999999933    0.0297410866571808    0.0284531442310036    0.0268095710275867
233.499999999933    0.0309347006124379    0.0283798129018539    0.0266766574739994
233.999999999932    0.0333610620863245    0.0283705893415702    0.0265387552863198
234.499999999932    0.0355928157109392    0.0283963382352886    0.026444401878951
234.999999999931    0.0371946278100476    0.0284396494789553    0.0263999123861179
235.499999999931    0.0375108867925465    0.0285349701405745    0.0264716240143843
235.99999999993    0.0358355149846924    0.0286300095185162    0.0266490557468591
236.49999999993    0.0332875002301047    0.0286405180152161    0.0267952014894485
236.999999999929    0.0315633941423986    0.0286091471107164    0.0268584029655461
237.499999999929    0.0304983988491607    0.0285731074426187    0.0268818209192857
237.999999999929    0.0302514504412242    0.0285064097587987    0.026832332538706
238.499999999928    0.0310295685144674    0.0284253581907839    0.026714395427999
238.999999999928    0.033493657194523    0.0283992073209372    0.0265584735960961
239.499999999927    0.035977067960759    0.0284279802561574    0.0264535053198036
239.999999999927    0.0375609558473267    0.0284680744032714    0.0264069172641297
240.499999999926    0.038006258278304    0.0285373090601913    0.0264475406603198
240.999999999926    0.036805619492833    0.0286365051806257    0.0266033674478302
241.499999999925    0.034376582754557    0.0286745608212181    0.0267686139360012
241.999999999925    0.0323199629597864    0.0286453909063938    0.0268517261391082
242.499999999924    0.0312657455500505    0.0286079910491541    0.0268733262981905
242.999999999924    0.0307965830392152    0.0285589601274118    0.0268524771965424
243.499999999924    0.0311908470210002    0.0284816255554263    0.0267586350378609
243.999999999923    0.0333368824832375    0.0284343382131127    0.0265996757568163
244.499999999923    0.0362125869761917    0.028454636590289    0.0264658246122205
244.999999999922    0.0378212390081673    0.0285008687254327    0.0264235588237098
245.499999999922    0.0382740841720455    0.0285547580975981    0.0264495197378997
245.999999999921    0.0373732055024707    0.0286411782004814    0.0265774799421463
246.499999999921    0.0350946503684406    0.0286990088748275    0.0267529420450466
246.99999999992    0.0327840201986239    0.0286780875760257    0.0268574106794767
247.49999999992    0.0317839346875674    0.0286311137484267    0.0268671602329305
247.999999999919    0.0313609654253784    0.0285860562878867    0.0268476032090025
248.499999999919    0.0316441605872505    0.0285222236020677    0.0267724694553364
248.999999999919    0.0334968791412291    0.0284670490659207    0.0266217463440374
249.499999999918    0.0369006071248874    0.0284750392051558    0.0264483334102991
249.999999999918    0.0389767381212587    0.0285298986093524    0.0263893263599032
250.499999999917    0.0392060671525933    0.0285861201186468    0.026429186319993
250.999999999917    0.0383377857248911    0.0286557873575313    0.0265397140515326
251.499999999916    0.03621882603858    0.0287205501955321    0.026712818652493
251.999999999916    0.0335025077515101    0.0287172733355244    0.0268554478144257
252.499999999915    0.032232092986614    0.0286662674296115    0.0268760231548051
252.999999999915    0.0318991514348474    0.0286138370027777    0.0268447549787941
253.499999999914    0.0321712398935459    0.0285595341132549    0.0267792178484843
253.999999999914    0.0337313029844545    0.0285064614638397    0.0266460939082179
254.499999999914    0.0371666817648979    0.0284998488849821    0.0264572749525967
254.999999999913    0.0397971181553402    0.0285552054214685    0.0263693657720487
255.499999999913    0.0401861393473393    0.0286239903163138    0.0264122945053121
255.999999999912    0.0390332130427327    0.0286863508518223    0.0265310387209642
256.499999999912    0.0367080448918746    0.0287414030725467    0.0267060359902887
256.999999999911    0.0340075175042709    0.0287465353650765    0.0268556433008205
257.499999999911    0.0325778629032222    0.0286959264552666    0.0268852117546586
257.99999999991    0.0323679879321984    0.0286309396902799    0.0268355994216637
258.49999999991    0.0328781201804187    0.0285769102921246    0.0267576151156417
258.999999999909    0.0345918423725772    0.0285367400980318    0.0266284737172829
259.499999999909    0.0380668504484871    0.0285306310629194    0.0264381429627476
259.999999999909    0.0410578441226261    0.028583637576143    0.0263290413638682
260.499999999908    0.0417544763151724    0.0286647753486342    0.0263669542965801
260.999999999908    0.0400088044807997    0.0287307758907092    0.026520248460094
261.499999999907    0.0373031774082411    0.0287710249240476    0.0267017154486052
261.999999999907    0.0345511915458843    0.0287740561181029    0.0268521059379421
262.499999999906    0.033048822687516    0.0287290659767021    0.0268908918525171
262.999999999906    0.0328740640391669    0.0286568598879082    0.0268326927799987
263.499999999905    0.0335737882818963    0.0285970746895235    0.02673922546387
263.999999999905    0.0356479200953982    0.028568540045956    0.0266018310649606
264.499999999904    0.0388127426664887    0.0285736896308412    0.0264385150856633
264.999999999904    0.0418244101463365    0.0286238882863318    0.0263256560083949
265.499999999904    0.042652832217127    0.0287081548797875    0.026359369022184
265.999999999903    0.0404794747655457    0.0287779439275445    0.0265387530866453
266.499999999903    0.0371700643165912    0.0288022343097192    0.0267378073876807
266.999999999902    0.0346734399125658    0.0287883897579969    0.0268589065723885
267.499999999902    0.0334903522930171    0.0287436874694072    0.0268808036651898
267.999999999901    0.0334544630289839    0.0286728400132275    0.0268164747828776
268.499999999901    0.0344843079947741    0.0286148136782561    0.0267070765758794
268.9999999999    0.037027096152431    0.0286001591144936    0.0265578193425894
269.4999999999    0.0399601256171244    0.0286266173638992    0.0264266806592569
269.999999999899    0.0423019558895424    0.0286765335905805    0.0263488521501702
270.499999999899    0.0426594210264679    0.0287502556124689    0.0263976767471986
270.999999999899    0.0403096338735901    0.0288153097273767    0.0265822542076663
271.499999999898    0.0368041285736547    0.0288289950252906    0.0267822708460192
271.999999999898    0.0347074387145364    0.0287984466235464    0.0268664602786868
272.499999999897    0.0339695215401921    0.0287533897600942    0.0268640905642067
272.999999999897    0.0341055866665431    0.0286943720559679    0.0268016477430639
273.499999999896    0.0353877853031467    0.0286430045412455    0.0266850666371473
273.999999999896    0.0382570262431267    0.0286357430260288    0.0265254401920528
274.499999999895    0.0408016742284061    0.0286803424632996    0.0264316796893582
274.999999999895    0.041869168456015    0.0287338053029379    0.026424378033113
275.499999999894    0.041643106905283    0.0287901889753471    0.0264882241096924
275.999999999894    0.039428819258133    0.0288408223955636    0.0266527753596882
276.499999999894    0.0362002148120374    0.0288459736019883    0.0268304742304817
276.999999999893    0.0345996241619734    0.0288001052403312    0.0268738087409527
277.499999999893    0.0344587553047397    0.0287464361388397    0.0268312966444675
277.999999999892    0.0350713364688227    0.0287021003987537    0.0267570730658923
278.499999999892    0.0368193559165238    0.0286682750570089    0.0266321490591416
278.999999999891    0.0399158727686032    0.028671102293859    0.0264700933444516
279.499999999891    0.0421708654491212    0.0287286125543137    0.0264036378409863
279.99999999989    0.0422104332223796    0.0287932389381818    0.0264609362654895
280.49999999989    0.0408574638103999    0.0288352255603293    0.0265714493455094
280.999999999889    0.0385804660212262    0.0288627482236254    0.026718401562867
281.499999999889    0.0358931182885122    0.0288580599792148    0.0268582286411665
281.999999999889    0.0347818135951626    0.0288047082873358    0.0268683000877516
282.499999999888    0.0350929194651788    0.0287404930067777    0.0267917060186539
282.999999999888    0.0365601880952684    0.0287093577894765    0.026684160347143
283.499999999887    0.0387705785488354    0.0287015749709719    0.0265590871303134
283.999999999887    0.0414202398795717    0.028720089940987    0.0264355308952437
284.499999999886    0.0429466144527409    0.0287816925204052    0.0264113386885942
284.999999999886    0.0419528928124716    0.0288524909196972    0.0265290740603043
285.499999999885    0.0394409299035548    0.0288800162159431    0.0266883482482555
285.999999999885    0.0371053256248107    0.0288751051234889    0.0268089308370687
286.499999999884    0.0355814852220355    0.0288500790838662    0.0268675626383215
286.999999999884    0.0351961070858139    0.0287939679264577    0.0268360092911262
287.499999999884    0.0361126570583623    0.0287353924215964    0.0267323064349726
287.999999999883    0.0388450208633082    0.0287238229038222    0.0265757113423003
288.499999999883    0.0412514277552924    0.0287493617445218    0.0264714254317302
288.999999999882    0.0425843127164184    0.028786983436043    0.0264353771633401
289.499999999882    0.0426345452544332    0.0288408835368797    0.0264822086590377
289.999999999881    0.0406834049062279    0.0288978095249578    0.0266384071355965
290.499999999881    0.0377004682442628    0.0289063486996374    0.0268059682631669
290.99999999988    0.0360996514015475    0.028872294147254    0.0268603645949781
291.49999999988    0.0356783576614861    0.028827363470038    0.026841200533035
291.999999999879    0.0360628152867666    0.0287819911414887    0.0267783295588007
292.499999999879    0.0379541768366648    0.0287466650551579    0.0266443448693227
292.999999999879    0.0414220059156852    0.0287553638077904    0.0264679052309829
293.499999999878    0.0435185285103715    0.0288070821744138    0.0264043613934087
293.999999999878    0.0431438935519027    0.0288605043308928    0.0264731931758296
294.499999999877    0.0413387555452084    0.0288997155495543    0.0266052109609806
294.999999999877    0.0388149375103602    0.0289243722170937    0.0267628751889058
295.499999999876    0.0365474103278578    0.0289089567187854    0.0268703668910079
295.999999999876    0.0359455988356862    0.0288528783165382    0.0268505840061288
296.499999999875    0.0364502320414578    0.0287984708433453    0.0267728821325174
296.999999999875    0.0382735462611389    0.028776056894016    0.0266545316972847
297.499999999874    0.0409819312336285    0.0287805454297682    0.0265144497401507
297.999999999874    0.0438666341703988    0.0288150381264768    0.0263932369217572
298.499999999874    0.0446073809995376    0.0288765478154095    0.0264103443522082
298.999999999873    0.0424629873351992    0.028928594301755    0.0265718784310062
299.499999999873    0.0393081330101371    0.0289431244924784    0.0267537830428273
