#t    rhoGW_over_rho    rhoGW
0    0    0
9.99999999999983    3.44834216133941e-13    4.28394227273021e-16
20.0000000000003    3.35703777598968e-13    7.10206293674622e-17
30.0000000000019    3.4282375982938e-13    2.12217760490855e-17
40.0000000000006    3.70116305280419e-13    8.91661263579573e-18
49.9999999999986    7.14209368186656e-11    8.00317496045735e-16
59.9999999999966    2.08800710236151e-09    1.22715862615347e-14
69.9999999999989    8.88000569941437e-09    2.98116441486371e-14
80.000000000004    2.41049719687919e-08    4.92509063514282e-14
90.0000000000091    4.21317628499708e-08    5.49884717849026e-14
100.000000000014    6.34862526909413e-08    5.5092485225104e-14
110.000000000019    1.1174313071005e-07    6.67858473930077e-14
120.000000000024    2.05346221269047e-07    8.72177181851393e-14
130.000000000027    3.66274482374616e-07    1.13937390250325e-13
140.000000000018    4.36801337094168e-07    1.02298920173231e-13
150.000000000009    4.41075100716896e-07    7.94888420793785e-14
159.999999999999    1.04621916736652e-06    1.47625167985655e-13
169.99999999999    1.93756065933597e-06    2.17152991214702e-13
179.999999999981    1.84436997813765e-06    1.65961735727311e-13
189.999999999972    8.26888189259921e-07    6.00764223260554e-14
199.999999999963    2.37009126780759e-06    1.39974802946286e-13
209.999999999954    3.76987060969357e-06    1.82502867572103e-13
219.999999999945    1.53173565222027e-06    6.13806419863204e-14
229.999999999936    1.38902168510498e-06    4.65658325970077e-14
239.999999999927    3.36681805036101e-06    9.54368749507206e-14
249.999999999918    4.14789160735393e-06    9.99243989291975e-14
259.999999999909    3.02891232944012e-06    6.2294389350503e-14
269.999999999899    1.50844902788988e-06    2.6717752062974e-14
279.99999999989    3.28952791502635e-06    5.06199874942084e-14
289.999999999881    5.41174277196184e-06    7.28866211916109e-14
