#t    <phi>    <pi>    <phi^2>    <pi^2>    rms(phi)    rms(pi)
0    1.10098275154005    -0.23954887523086    1.21216302033712    0.0573838651244781    3.38882314254276e-05    0.000448887634232649
0.5    0.975261291900983    -0.263157733234452    0.951134588674226    0.0692521436850712    3.45521688309474e-05    0.000388746673400101
1    0.838233150371503    -0.284278572986217    0.702634815436495    0.0808144285784698    3.24770666669061e-05    0.000348596313597548
1.5    0.6919895951605    -0.299339809665043    0.47884960070765    0.0896044270589398    2.99542445511191e-05    0.000324666960737093
2    0.540582615424479    -0.304312037329807    0.292229564869328    0.0926059072200341    2.77517146869986e-05    0.000301920877287642
2.49999999999999    0.389796240781724    -0.29670353694912    0.151941109997874    0.0880330683732451    2.5890346789947e-05    0.000282019728071084
2.99999999999998    0.245776399281509    -0.277862662156256    0.0604060390306288    0.0772077296017038    2.42248902207052e-05    0.000265671116357991
3.49999999999997    0.112883539148145    -0.253365251763179    0.0127426939397282    0.0641940135015713    2.30025509921003e-05    0.000250400783165215
3.99999999999996    -0.00778448043392902    -0.229888005227725    6.05986144269301e-05    0.0528485519232773    2.1881515176282e-05    0.000238695820444351
4.49999999999995    -0.117573976671678    -0.209441992045655    0.0138236404266416    0.0438660004627886    2.08865807067371e-05    0.000228977589306723
4.99999999999994    -0.216222328856643    -0.182350745520679    0.0467520958979389    0.0332518427362054    2.00436653767187e-05    0.00021987327747193
5.49999999999993    -0.294589666960685    -0.123228270309173    0.0867830722477585    0.0151852512978026    1.91768375430856e-05    0.000211410529765408
5.99999999999992    -0.330760703281646    -0.0144439590174561    0.109402643168575    0.000208669839006628    1.82539344694154e-05    0.000204662914759054
6.49999999999991    -0.307650580659942    0.101661056172931    0.0946488800912014    0.0103350088780352    1.76295678445817e-05    0.000196305474558585
6.9999999999999    -0.238518751600128    0.164221687344376    0.056891195155768    0.0269687979981827    1.70553324626792e-05    0.000188159370856958
7.49999999999988    -0.151995267957342    0.176134811011602    0.0231025617519235    0.0310235043470247    1.64468632054187e-05    0.000180822929509543
7.99999999999987    -0.0655986715597104    0.16811780930995    0.00430318596296065    0.02826362828236    1.58921959267826e-05    0.000174571427564182
8.49999999999986    0.0157610154954044    0.157455318164935    0.000248409847824456    0.0247922055473149    1.54394973702939e-05    0.000168311894550344
8.99999999999985    0.0919944812403546    0.147405862783301    0.00846298480271872    0.0217285151184074    1.49678579247008e-05    0.000163509993626889
9.49999999999984    0.162681064718168    0.134371662835757    0.0264651290285389    0.0180557689559143    1.45155794132548e-05    0.000158690478115654
9.99999999999983    0.22490633220864    0.112628205739017    0.0505828584663272    0.0126851366368298    1.40990832014443e-05    0.000154624834562795
10.4999999999998    0.273141482908988    0.0780381647106453    0.0746062698744846    0.00608997771307372    1.37391245141911e-05    0.000150205419024729
10.9999999999998    0.300869246546474    0.0312012522166034    0.0905223036958051    0.000973539524005235    1.33552413194552e-05    0.000146233105466218
11.4999999999998    0.303358985557015    -0.021407410782189    0.0920266742861545    0.000458297488657303    1.29604618804417e-05    0.000142310435041073
11.9999999999998    0.280198788506956    -0.0696321009574347    0.0785113612396153    0.00484864867502278    1.26035442667373e-05    0.00013853258247217
12.4999999999998    0.235999763858526    -0.104415834652952    0.0556958886918015    0.0109026846150998    1.22687218655875e-05    0.000134494711193997
12.9999999999998    0.17864956374737    -0.122227960329176    0.0319156667688135    0.0149396914178862    1.19032675344273e-05    0.000130887950652166
13.4999999999998    0.116129879424637    -0.126008115944717    0.013486149030216    0.0158780614877705    1.16204685513048e-05    0.00012729427799788
13.9999999999997    0.053899875614299    -0.122204072086393    0.002905196720154    0.0149338506044315    1.135416635046e-05    0.00012397554213342
14.4999999999997    -0.00578643078326107    -0.116538387208645    3.34829041305452e-05    0.0135812103471859    1.1086977669753e-05    0.000121053681318883
14.9999999999997    -0.0626693347867228    -0.110858939590828    0.00392744564034711    0.0122897184508561    1.08506572828269e-05    0.000118167903196204
15.4999999999997    -0.116000842084526    -0.101066420570694    0.0134561954772591    0.0102144346672642    1.06273152245851e-05    0.000115326891231829
15.9999999999997    -0.161301074285224    -0.0766341860244975    0.0260180366719404    0.0058728112581208    1.03137369369733e-05    0.000113095019840468
16.4999999999998    -0.188563873770216    -0.0285212460340645    0.0355563345920545    0.000813473838160987    1.00411390225191e-05    0.000111188242833855
16.9999999999999    -0.187583687354487    0.0322544107849367    0.0351876398581537    0.0010403588232362    9.83095516951921e-06    0.000108665324518966
17.4999999999999    -0.158958556902579    0.0778848574174831    0.0252678229059506    0.00606606229144897    9.66437392705635e-06    0.000106190900236728
18    -0.114252347115419    0.0969888378446989    0.0130535989113846    0.00940684547345696    9.48695680538082e-06    0.000103956681690042
18.5000000000001    -0.0647787312817966    0.0992123203051841    0.00419628411260007    0.00984309488694019    9.28013211034338e-06    0.000101914678779681
19.0000000000002    -0.0159042323338939    0.0959997572735076    0.000252944689596177    0.00921596330592928    9.13595638940459e-06    9.95457528635458e-05
19.5000000000002    0.0311776219551661    0.0923436486872729    0.000972044191158283    0.0085273589944139    8.96543520145251e-06    9.76807832332568e-05
20.0000000000003    0.0763020461380431    0.0877533232726925    0.00582200232298409    0.00770065493699776    8.83923257717827e-06    9.5872812042089e-05
20.5000000000004    0.118158899291513    0.0784982482921836    0.0139615255579039    0.00616198389725584    8.72479874217835e-06    9.44050556599512e-05
21.0000000000005    0.153261271507489    0.0600948021559911    0.0234890174189165    0.00361139386563424    8.65009805516292e-06    9.28410821426451e-05
21.5000000000006    0.176395737587261    0.0307433801907731    0.0311154563113989    0.000945163772388348    8.51147480287055e-06    9.13610088098425e-05
22.0000000000006    0.182788586547548    -0.00572619306788162    0.0334116674412174    3.27973630338206e-05    8.31666944076903e-06    8.98664740879926e-05
22.5000000000007    0.170923412362415    -0.0406867845814037    0.0292148129600586    0.00165542216983054    8.15146859638845e-06    8.79218800576321e-05
23.0000000000008    0.143757523032641    -0.0659141132643788    0.0206662254924084    0.00434467779304839    7.99550613358375e-06    8.64038137528525e-05
23.5000000000009    0.1071329318075    -0.0786021443999026    0.0114774651389934    0.0061783043181524    7.83089570185573e-06    8.49346175612801e-05
24.000000000001    0.0667753620246006    -0.0816360577172207    0.00445894903279676    0.00666445287601841    7.69936896205479e-06    8.34050898670006e-05
24.500000000001    0.0262569035798018    -0.0800548088636621    0.000689425042844426    0.00640877916948707    7.56607012602322e-06    8.2141886970559e-05
25.0000000000011    -0.0131438158155626    -0.0775481496769547    0.000172759949739279    0.00601372204210932    7.45290852844105e-06    8.07699817951974e-05
25.5000000000012    -0.0512428271195709    -0.0746107874778564    0.0026258273879245    0.0055667759274328    7.53115317199555e-06    7.9494446022749e-05
26.0000000000013    -0.0871070585269116    -0.0676474168651689    0.00758763971561262    0.00457617916920389    8.39057902323465e-06    7.84899608513938e-05
26.5000000000013    -0.117030699010094    -0.0495793273094016    0.0136961845939827    0.00245811569517968    9.1209415113388e-06    7.74514486904365e-05
27.0000000000014    -0.134033156278314    -0.0160907392807047    0.0179648870608389    0.000258917726050175    8.88323362926598e-06    7.63901208337198e-05
27.5000000000015    -0.131940475179936    0.0241157432740733    0.0174082890524305    0.000581574783778421    7.85640769777713e-06    7.55653188363082e-05
28.0000000000016    -0.111698702635353    0.0540938819266955    0.0124766002221086    0.00292615357065555    7.18940471651165e-06    7.42209962140296e-05
28.5000000000017    -0.080708192473364    0.0673585684526587    0.00651381238250423    0.00453718205520708    7.0842546868798e-06    7.2878087050772e-05
29.0000000000017    -0.046164858565954    0.0696771511792656    0.00213119421822324    0.00485491055478474    7.19782671186192e-06    7.18214905647778e-05
29.5000000000018    -0.0116344236258191    0.0682259099982307    0.000135359869115646    0.00465477980565287    7.48402489026963e-06    7.07853529597503e-05
30.0000000000019    0.0220099522803888    0.0663425937796819    0.000484438052463872    0.0044013449067846    7.28552525134635e-06    7.18148223558183e-05
30.500000000002    0.0545908358085937    0.0636648245806165    0.00298015953375327    0.00405321533231557    1.33967321419602e-05    7.37796374442072e-05
31.000000000002    0.0850643318121982    0.0572913527599388    0.00723594109111485    0.00328230435900794    2.33336471577331e-05    7.25116831605782e-05
31.5000000000021    0.110639575403564    0.0435309337044556    0.0122411165210124    0.00189494716178031    2.95893800960766e-05    7.05166548070049e-05
32.0000000000022    0.12708431692894    0.0208835749606701    0.0161504245568634    0.000436128525918494    3.07825964291795e-05    6.94462422645364e-05
32.5000000000021    0.130594341788915    -0.00718442905523771    0.0170548828732807    5.16208474552125e-05    2.76767173648792e-05    6.94737754023449e-05
33.000000000002    0.120246873001123    -0.0332132480270407    0.0144593109735518    0.00110312458422823    2.2516741332905e-05    6.88456425736872e-05
33.5000000000019    0.0988098861457196    -0.0508626194260427    0.00976339390765144    0.00258701064153082    1.75362870051503e-05    6.77248282354896e-05
34.0000000000018    0.0710057969937956    -0.0589317624972253    0.00504182342341562    0.00347295704762467    1.47204450352e-05    6.64574699080089e-05
34.5000000000017    0.0409667204617784    -0.060487896019741    0.00167827241744695    0.00365878980414656    1.52333010072812e-05    6.51095351045056e-05
35.0000000000016    0.0109417397957179    -0.059436399485685    0.000119721969080209    0.00353268968647492    1.73009541117331e-05    6.40519553383816e-05
35.5000000000015    -0.0184222627240883    -0.0580038338055266    0.000339380008875031    0.00336445024208432    1.56524662471684e-05    7.42020563221435e-05
36.0000000000014    -0.0469440765485796    -0.0557493020826496    0.00220374702115646    0.0031079933347716    2.64226712896155e-05    9.30164989813118e-05
36.5000000000013    -0.0734659105666929    -0.0491806294615505    0.00539724288213044    0.00241874217991589    5.35419193140689e-05    8.86886777721747e-05
37.0000000000012    -0.0945108419802351    -0.0330426088538403    0.00893230396628724    0.00109182032318543    6.86620292676536e-05    7.95192903966916e-05
37.5000000000011    -0.104627812399725    -0.00601004402822888    0.0109469832155482    3.61279633536324e-05    6.39374400917189e-05    8.56395491740999e-05
38.000000000001    -0.100092671713976    0.0234553137185792    0.0100185450199806    0.00055016031933317    4.57070992327267e-05    9.2615852846927e-05
38.5000000000009    -0.0827519453995692    0.0438165587012631    0.00684788543649934    0.00191989814694308    3.11301469388025e-05    8.56184666810102e-05
39.0000000000008    -0.0582968462472377    0.0523178721762406    0.00339852309994213    0.00273716625739497    2.85931470151021e-05    8.0674317576788e-05
39.5000000000007    -0.0316207537251535    0.0536745535016094    0.000999873295270058    0.00288096418201444    3.50588540809249e-05    8.05507126908463e-05
40.0000000000006    -0.00498191580372889    0.0527648044355856    2.48215543943147e-05    0.00278413070748416    4.54897666622198e-05    7.82327206081039e-05
40.5000000000005    0.0211075773094898    0.0515583272391248    0.000445531561764217    0.00265828124673514    4.1735933311133e-05    0.000141912080026748
41.0000000000004    0.0464327905481073    0.0494169118542132    0.00215601119702887    0.00244207363729267    8.46105458367443e-05    0.000206058451883153
41.5000000000003    0.0699429647196716    0.0437638896580179    0.00489204388701776    0.0019153152744595    0.000159916354823382    0.000192967511078128
42.0000000000002    0.0890976830508208    0.0315917509727865    0.00793844064668401    0.00099806409165078    0.000208618454319468    0.000159254903288745
42.5000000000001    0.100305913399703    0.0122114471286716    0.0100613217536532    0.000149145025731379    0.000213285499963805    0.000159952352391616
43    0.100719987511263    -0.010596878869787    0.0101445490885152    0.000112327829125012    0.000182220323431665    0.000184356567750589
43.4999999999999    0.090238850764792    -0.0303080776075532    0.00814306994999899    0.000918612231460418    0.000140579687657957    0.000180729618358358
43.9999999999998    0.0716939084436607    -0.0425005632359132    0.00514002776731585    0.00180632596077693    0.000106110262701097    0.000167587013449831
44.4999999999997    0.0489724231528357    -0.0473827894372719    0.00239830672943285    0.00224515549240485    9.21952951722079e-05    0.000163577345650995
44.9999999999996    0.025021927094615    -0.0479874431660431    0.000626108592280793    0.00230281881277066    0.000108428559729493    0.000155277675300736
45.4999999999995    0.00120080456052648    -0.0472309979972624    1.46000130453592e-06    0.00223078821077273    0.000134423628706939    0.000145048113852782
45.9999999999994    -0.0221517954121381    -0.0461200431466448    0.000490718219650612    0.00212725777966842    0.000127199329363942    0.00044654206973121
46.4999999999993    -0.044722664078177    -0.0437285817207716    0.00200017970225577    0.00191244546481008    0.000251037858306845    0.000506562434338465
46.9999999999992    -0.0651103228917171    -0.0366868032052595    0.00423950644311735    0.00134612129628125    0.000390251269948984    0.000446952860840536
47.4999999999991    -0.0799876494000654    -0.0212720441889381    0.00639821425850446    0.000452664191819425    0.000436121493019984    0.000405373708185483
47.999999999999    -0.0851003519082244    0.00154394641921914    0.00724220567767926    2.61882501671019e-06    0.000368487144448703    0.000484824165332739
48.4999999999989    -0.0785553342540729    0.0237074434682108    0.00617101123431967    0.000562294942801254    0.000265884468440521    0.000502062747911831
48.9999999999988    -0.0628251679234664    0.0375767598942924    0.00394705273970663    0.00141220151108711    0.000225865213959817    0.000434312023558253
49.4999999999987    -0.0424356984349419    0.0428453796779543    0.00180084183164419    0.00183590740858547    0.000230932853576029    0.00042526325659225
49.9999999999986    -0.0207373889908347    0.0435264631667908    0.000430113182744444    0.00189474022569626    0.000271809836564818    0.000432700688995972
50.4999999999985    0.000895409141621286    0.0429360879552984    9.05361515564969e-07    0.00184372463010777    0.000321875728606556    0.000465812411440451
50.9999999999984    0.0221041086119108    0.0418408897204434    0.000488687863481006    0.00175137166157225    0.00031023532013172    0.00084356918740524
51.4999999999983    0.0425487709684869    0.0395752438844824    0.00181059114521541    0.00156698815313801    0.000439584220210734    0.000887820151686408
51.9999999999982    0.0610872095260553    0.0337600501590578    0.00373199723976433    0.00114043759576015    0.000591668897397442    0.000834631067032153
52.4999999999981    0.0753232394053379    0.0221204271234879    0.00567402452099458    0.000489912580073334    0.000658882751892733    0.000774134321546325
52.999999999998    0.0822610856693417    0.00494549000577816    0.00676725726071063    2.51226776150589e-05    0.000609134805976996    0.000815356497372303
53.4999999999979    0.0800206230061262    -0.0136673857261761    0.00640356005961742    0.000187566928706178    0.00050985618447276    0.000877209278390303
53.9999999999978    0.0692683382312926    -0.0283422646102747    0.00479832289872479    0.000803922186748426    0.000469273267981914    0.0007988889219373
54.4999999999977    0.0527844151609195    -0.0365178046402419    0.00278638559353316    0.0013341112693697    0.00043716090041467    0.000749141927021972
54.9999999999976    0.0336454006225637    -0.0393707830424627    0.00113216963709817    0.00155069204439555    0.000395795458984764    0.000795918977582488
55.4999999999975    0.0138460807693411    -0.0395982155794941    0.000191908774910405    0.001568615468089    0.000441386723052024    0.000772522497345897
55.9999999999974    -0.0058402814676064    -0.0390071047237489    3.43554154483819e-05    0.00152235571283801    0.000496515687078614    0.000895261921727183
56.4999999999973    -0.0250675533797629    -0.0377852980175079    0.000628628104394372    0.00142924679689307    0.00049585476412936    0.0012320919694522
56.9999999999972    -0.0433305166524672    -0.0347373639651007    0.00187797471481324    0.0012082851915598    0.000664109511680371    0.00126520208501512
57.4999999999971    -0.0589912278651666    -0.0268253548032058    0.00348067005890082    0.000721020864452325    0.000839698672628121    0.00119214266530877
57.999999999997    -0.0689594639187233    -0.0119139560177534    0.0047561654442175    0.000143190212544033    0.000870505749438297    0.00111707857873539
58.4999999999969    -0.0701658322174777    0.00725363876818737    0.00492374553581211    5.42623309363034e-05    0.00070818432690359    0.00128337662319082
58.9999999999968    -0.0621849771391288    0.023657234788486    0.00386731001284311    0.000561293257054656    0.000581920139831729    0.00127612664618503
59.4999999999967    -0.0477422248006676    0.0328753673868692    0.00227968965137609    0.00108196131903309    0.000607965836710188    0.00108237618759107
59.9999999999966    -0.0303256236670717    0.0360581918765943    0.000919984003960245    0.00130142281715173    0.000583569330402694    0.0011088804004192
60.4999999999965    -0.0121395998775586    0.0364578439753878    0.00014771196880923    0.00133051341053512    0.000584879151627667    0.00115716170063008
60.9999999999964    0.00600910160045569    0.0359704486969356    3.65328847961824e-05    0.00129551795506239    0.000650832352901451    0.00128248805199545
61.4999999999963    0.0237292416880683    0.0347954714538019    0.000563562005970991    0.00121313398634004    0.000696487530566128    0.00155214453183129
61.9999999999962    0.040558666056475    0.0321036787565039    0.0016457191030272    0.00103309043238632    0.000844814030742444    0.00156340739588732
62.4999999999961    0.0552219151469983    0.025763620812056    0.00305040000761775    0.000666325946754891    0.000969585022301369    0.00160055909215661
62.999999999996    0.0654526892856452    0.0143030888982711    0.00428515589464743    0.000206702537957057    0.00104945696635041    0.00145745872161469
63.4999999999959    0.0688644659661373    -0.00100824542621895    0.00474326286960644    3.32613780491509e-06    0.000973753975684117    0.00151972989883849
63.9999999999958    0.0644991885914019    -0.0159965192835685    0.00416084048871519    0.000258515791527586    0.000833762415777243    0.00162085234923037
64.4999999999961    0.053613594552846    -0.0266284423304903    0.00287508842233444    0.000711311587714509    0.00081908574488739    0.0014958765879107
64.9999999999963    0.0387766480934283    -0.0319185732707387    0.0015042812037718    0.00102064586633245    0.00080793960802797    0.0013603480043479
65.4999999999966    0.0223081264047433    -0.0335414827223172    0.000498149829345896    0.00112727738027216    0.000705213198891322    0.00149877185076781
65.9999999999969    0.00547625746120271    -0.033672493580129    3.05522130233154e-05    0.00113583147374374    0.00075021146481315    0.00141232072841511
66.4999999999971    -0.0112289090498927    -0.0329930098162396    0.000126717601977505    0.00109120867474922    0.000793223503650837    0.00163400673644354
66.9999999999974    -0.027409133764542    -0.0315248913005699    0.000751995585441254    0.000996917818125556    0.000857304915825421    0.00176041092157739
67.4999999999976    -0.042361573051086    -0.0276674189735786    0.00179544383306409    0.000768916556648829    0.000970031804422486    0.0018521565779626
67.9999999999979    -0.0542436456704173    -0.0188725775239942    0.00294357301412728    0.000359247563536662    0.00109540791922629    0.00175310613982448
68.4999999999981    -0.0602854663314667    -0.00455960169016982    0.00363550188863942    2.37604839785137e-05    0.00107909120884791    0.00172351861188508
68.9999999999984    -0.0585186311442935    0.0113871932793581    0.0034252382860997    0.000133193298860744    0.000898941098085654    0.00187753244426974
69.4999999999986    -0.0495875339294224    0.0233485205113667    0.00245962508384651    0.000548472735315652    0.000837593364882205    0.00182190154672011
69.9999999999989    -0.0361922101639726    0.0293184798322899    0.0013106970190281    0.000862052521307664    0.000906058759098686    0.00157456712504539
70.4999999999992    -0.0209590641421676    0.0311601604244042    0.000440003301185313    0.000973712709804306    0.000849076833872691    0.00166045539828772
70.9999999999994    -0.00528979615168815    0.0313984230612461    2.86704150014555e-05    0.000988699037412456    0.000829741932796463    0.00168465624964465
71.4999999999997    0.010295682197846    0.0307750202910331    0.000106765070626356    0.000950512529581905    0.000874070195872072    0.00184679605490322
71.9999999999999    0.0253844636609921    0.0294126756908024    0.000645349331397237    0.000868876947083661    0.000989108710408777    0.00194202363305527
72.5000000000002    0.0393986469428511    0.0261704381177072    0.00155350781691349    0.000688697630687053    0.00112001606508955    0.00195084582023053
73.0000000000004    0.0509291322585835    0.0192112559451109    0.00259515603497586    0.0003731549275087    0.00117453069928584    0.00202053768095094
73.5000000000007    0.0578691178749084    0.00790781699086153    0.00335028182370824    6.60663497058481e-05    0.00120292148047445    0.00187956913809785
74.000000000001    0.0584505315333517    -0.00564177993756874    0.0034176729503173    3.56803970237943e-05    0.00109923327185381    0.00196232417297478
74.5000000000012    0.0525159222253827    -0.0175095329490309    0.00275890483439461    0.000310647331359395    0.000991336074277109    0.00201583413657903
75.0000000000015    0.0416852077840949    -0.025018840724877    0.00173869297718105    0.000629482232461153    0.00101805165776735    0.00188144658292157
75.5000000000017    0.028206183890521    -0.0283278443916454    0.000796639234376641    0.000805568329844443    0.00102490229327182    0.00176112519917445
76.000000000002    0.0137557702871136    -0.0292354268979147    0.000190102702171191    0.000858179094940437    0.000938874847544641    0.00186250074822004
76.5000000000022    -0.000896436006779762    -0.0292488740308302    1.6835040974891e-06    0.000858726742375584    0.000938033359341689    0.00179725076275088
77.0000000000025    -0.0153174600216516    -0.0283517143147197    0.000235512392839141    0.000808269694858704    0.000942237403336279    0.00210950000597849
77.5000000000027    -0.0290923724249617    -0.0264548181565199    0.000847627106231942    0.000703869307559249    0.00112293050509351    0.00200297375537306
78.000000000003    -0.0412924678040698    -0.0216737122112061    0.00170650591564577    0.000474240068225397    0.00119917400556622    0.00211902506148784
78.5000000000033    -0.0499653088333747    -0.0121810550990702    0.00249794998690714    0.000152895714001408    0.0011907561012322    0.00212546716625372
79.0000000000035    -0.0528067720168104    0.00117244882941896    0.00278986004882714    5.88752940975783e-06    0.00114231256306839    0.00212435711502373
79.5000000000038    -0.0488682743107784    0.0140869396651905    0.00238923860214759    0.000202668064929301    0.00106318767586676    0.00205577133908012
80.000000000004    -0.0394797420360193    0.0225881704675704    0.0015595943787908    0.000514878697462622    0.000971775467981144    0.00215713986347737
80.5000000000043    -0.0270824819955404    0.0263544269310769    0.000734582353144326    0.000698271198200993    0.00105901940754509    0.00192753192853457
81.0000000000045    -0.013573119051367    0.0274186604092324    0.000185432003391704    0.000755382229034241    0.00109655944167226    0.00189717959019024
81.5000000000048    0.00019226473991367    0.0275227868139253    1.13125411473638e-06    0.000761087169093793    0.00104608239853384    0.00189298047771546
82.000000000005    0.0137650230555263    0.0266822084319094    0.000190347673637549    0.000717548132737454    0.000933709761317414    0.00236809753464592
82.5000000000053    0.0267470652194929    0.0250152245431019    0.000716871820976836    0.000630503774027679    0.00121091829659542    0.00217768571788295
83.0000000000056    0.0384089075841526    0.02111799863787    0.00147717051414916    0.00045038057869084    0.0013879237519351    0.00210016956976339
83.5000000000058    0.0472488026038805    0.0135792050076861    0.00223410539667945    0.000189692046669419    0.00128687574341126    0.0023015729466286
84.0000000000061    0.0514051990272811    0.00263451498197745    0.00264393834120402    1.24579695683222e-05    0.00120160483089738    0.00234889343693122
84.5000000000063    0.0497515097427753    -0.00907318365763918    0.0024767587358862    8.65670106503466e-05    0.00124338819390171    0.00206018177962429
85.0000000000066    0.042772905819025    -0.0182105698481335    0.00183078230140427    0.000336761598892228    0.00112286651080776    0.00226643877007038
85.5000000000068    0.0322207386308687    -0.0233528921843238    0.00103939270350459    0.000550328733197123    0.00110304378237607    0.00222960979197509
86.0000000000071    0.0199446002418423    -0.025370623370011    0.000399256299071068    0.000647812930933578    0.00121211396500947    0.00203578013317515
86.5000000000073    0.00709155188083487    -0.0259131336331541    5.17501437606513e-05    0.000675161889234061    0.00120831936261848    0.00191608834461211
87.0000000000076    -0.00584380740782417    -0.0256247973692573    3.51414282586291e-05    0.000662039304829273    0.000995662211238588    0.00232573958425631
87.5000000000079    -0.0184153651163852    -0.0245480945484049    0.000340261623922026    0.000608722754477715    0.00106581027967016    0.00247261168004421
88.0000000000081    -0.0301628578413803    -0.022062238242866    0.000911817898686227    0.000491216770484582    0.00142123380444951    0.0021152811159756
88.5000000000084    -0.0399364615586876    -0.0163545036953938    0.0015969001166699    0.00027265780260298    0.00140682438184918    0.00227772067653822
89.0000000000086    -0.0458099658291873    -0.0065104279888391    0.0020999205464733    4.93790155116059e-05    0.00116943456507316    0.00264449294076318
89.5000000000089    -0.0460734860869716    0.00548895358751383    0.00212431965021955    3.50672322051937e-05    0.00124640684095785    0.00222230077156825
90.0000000000091    -0.0406460363700887    0.0156073547340385    0.00165350996596477    0.000248615566453805    0.00118730508555926    0.00224188417624341
90.5000000000094    -0.031193351234399    0.0214800048678816    0.000974123945483937    0.000467602112134683    0.00104822910251322    0.00249228870929179
91.0000000000096    -0.0197615194527791    0.0238134650645359    0.000392092135754108    0.000571872750579712    0.0012547847112325    0.00218897971663497
91.5000000000099    -0.00765459514379501    0.0244688570638057    6.04759469941804e-05    0.000602517057864962    0.001372268260498    0.00194732941640842
92.0000000000102    0.00458369907260835    0.024279103549681    2.22961802337046e-05    0.000595230536780235    0.00113396783264515    0.00239909724773785
92.5000000000104    0.0164996243619961    0.0232911612197395    0.000273337764306163    0.000550302629242705    0.00104888522689042    0.00279721974088658
93.0000000000107    0.0276965912782399    0.021202677493299    0.00076946190706473    0.00045457313217789    0.00153646953463253    0.00224044622632255
93.5000000000109    0.0372836494331726    0.0166178188328501    0.00139264216627872    0.000281379497706809    0.00160363687380116    0.00228639343626209
94.0000000000112    0.0437439822666401    0.00867740594770186    0.0019151356369569    8.3183324245992e-05    0.00126477366068817    0.00280819341655456
94.5000000000114    0.0455592492192445    -0.0016036961246035    0.00207731532319347    9.01142776963227e-06    0.00129233655532875    0.00253763403775327
95.0000000000117    0.042221983305954    -0.0114064623065085    0.00178466824618073    0.000134779867305465    0.00140441158229164    0.0021615931522066
95.500000000012    0.0346638298719843    -0.0182242106843862    0.00120295710097147    0.00033932513660527    0.00117303008384352    0.00268389298154248
96.0000000000122    0.024572137306777    -0.0216514267715878    0.000605417123679087    0.000475038770029525    0.00127561430533908    0.00250089759568347
96.5000000000125    0.0133774997352861    -0.0228890659378661    0.000181197396623742    0.000528357502385769    0.00149662869682583    0.00210906682629658
97.0000000000127    0.00182409509945061    -0.0232243825644213    5.19085776041894e-06    0.000544050020246495    0.00136511348560448    0.00216288574545627
97.500000000013    -0.00966608469654406    -0.0226025160862676    9.43785640599807e-05    0.000519466992662841    0.000972301753170009    0.00293142614316909
98.0000000000132    -0.0206751093462541    -0.021259794648286    0.000429375203776035    0.00045870344465523    0.00138385595221163    0.00259317877670232
98.5000000000135    -0.0306225166225309    -0.0180844091679025    0.000940726531543078    0.000331655488036058    0.0017285853308107    0.00214700560873527
99.0000000000137    -0.0381989185324364    -0.0115965568781416    0.00146116054377137    0.000142308161898486    0.00141533272542523    0.00279786176758466
99.500000000014    -0.0416593197491586    -0.00185047973384574    0.00173691022265238    1.25110353438289e-05    0.00118798177164106    0.00301442533469568
100.000000000014    -0.039941291712648    0.0085154775411023    0.00159751147934828    7.69216120977363e-05    0.00148482176487244    0.00209958432665103
100.500000000015    -0.0336067106507452    0.01619675734777    0.00113093018419761    0.00026958537341419    0.00123255159514812    0.00269266129166842
101.000000000015    -0.0243768619848784    0.020164824622048    0.000595557981000417    0.000414686586143516    0.0011517728815204    0.00284014684577488
101.500000000015    -0.0138608809722935    0.0216232887170237    0.000194579501459025    0.00047265043089462    0.00156699717004701    0.00225473190310007
102.000000000015    -0.00291642653117645    0.0220531230539536    1.10912718563188e-05    0.000490451670962059    0.00160801994532683    0.00202766726294938
102.500000000016    0.008020649586807    0.0215361919550622    6.54669618849807e-05    0.000473276795090464    0.00106589966255433    0.00307721158927694
103.000000000016    0.0185267666139209    0.0203561561074267    0.000344920552251822    0.000423636197247034    0.0012959440902783    0.00304353507900104
103.500000000016    0.0281442129641774    0.0177690753718075    0.000795706955284959    0.000320362852704741    0.00190006102848988    0.00215007282103766
104.000000000016    0.0358551131729423    0.0125695956420106    0.00128846138994349    0.000165223205955349    0.00169477116419415    0.00268858166171266
104.500000000017    0.0402271722108031    0.00451746745116632    0.00161961848522351    3.17665315176909e-05    0.00118029705832818    0.00337031442826093
105.000000000017    0.0401537572501782    -0.00480556203286622    0.00161473609962981    2.89752907274857e-05    0.00155302231908386    0.00242525550731473
105.500000000017    0.0356560598727177    -0.0127611875790283    0.00127374086480383    0.000168724748478832    0.00154475213448847    0.00242421947267282
106.000000000017    0.0279042375107606    -0.017719848070055    0.000779953291311143    0.000324090124422971    0.00114316239187736    0.00317759481324164
106.500000000018    0.0183905546762602    -0.0199825186438613    0.000340523975551575    0.000406560030575498    0.00152035333099164    0.0026942492875075
107.000000000018    0.00816152990184553    -0.0207916578746456    6.99667238546738e-05    0.000436230373107488    0.00183198076298719    0.00198427214140946
107.500000000018    -0.00228891207473961    -0.0208296702574129    7.21703912403292e-06    0.00044157863137075    0.00140638566479616    0.00277551226590655
108.000000000018    -0.0125137940454972    -0.0199894367587335    0.000157590449403128    0.000411566811098259    0.000997701353115103    0.0034625466302784
108.500000000019    -0.0221409812149333    -0.0182813013478125    0.000493428580250151    0.00034084795994232    0.00179039970121777    0.00257720409994793
109.000000000019    -0.0304343558665455    -0.0144175863630292    0.000930207303990642    0.000213128054995114    0.0019892930852712    0.00229374332908231
109.500000000019    -0.0360296296415812    -0.00744631049696043    0.0012998734074393    6.81357734734846e-05    0.0013187855511021    0.00356205466779238
110.000000000019    -0.0374982560615281    0.00174480653259369    0.00140813319013824    1.27405037696313e-05    0.00141914850607908    0.00311386479048942
110.50000000002    -0.0343801411005644    0.0103783376964028    0.00118502376268312    0.000112222617415232    0.00174059202238945    0.00212431731967176
111.00000000002    -0.027624682345792    0.0160746600162375    0.000764576245848955    0.00026918018809238    0.00120547548421452    0.0032841275028166
111.50000000002    -0.0188173493389882    0.0187470860173523    0.000355918639411035    0.000361438443992405    0.00135129688281865    0.003159938266865
112.00000000002    -0.00915921042570085    0.0197166176345693    8.76780440388732e-05    0.00039338130721273    0.00194599805154221    0.0021532060433042
112.500000000021    0.000782528987041307    0.0198941129959144    3.72024564523658e-06    0.000402113223900978    0.00176292201463272    0.00251743758746233
113.000000000021    0.0105636326452398    0.0191458509812677    0.000112638997812056    0.000380486041523765    0.0010240425520843    0.00373127749260962
113.500000000021    0.0198240740659594    0.0177187250004173    0.000395872609922303    0.000323860615433743    0.00169667243440223    0.00314760222921015
114.000000000021    0.0280065233461821    0.0146397103595661    0.000789334234539395    0.000219101510849939    0.00222909950409379    0.00218641062885091
114.500000000022    0.034034248481019    0.0090258480513645    0.00116114810672301    9.33126893560959e-05    0.00167870100234168    0.00344191172312358
115.000000000022    0.0366553992272894    0.00120676416085053    0.00134536742853798    1.54117595303253e-05    0.00132254906374448    0.00373570338629984
115.500000000022    0.0351793413419142    -0.00696627210107308    0.00124117045102202    5.36802785008354e-05    0.00189324952689849    0.00226965449235036
116.000000000022    0.0300090459753273    -0.0132727462993799    0.000903031539180804    0.000185634061410752    0.00157756103891375    0.00307705493663168
116.500000000023    0.0223714628551162    -0.0168474693199796    0.000502011485274451    0.000296983737377374    0.00123658198135309    0.00362581230756922
117.000000000023    0.0135027408402908    -0.018385624169794    0.000185976138271206    0.000345275136583118    0.00191105417797356    0.00269146065737649
117.500000000023    0.00414077871028498    -0.0189618795767794    2.14914306078442e-05    0.000364242436459329    0.0020845580539517    0.00216553904953103
118.000000000023    -0.00531047783977149    -0.0186574293238607    2.99611333950878e-05    0.00036107247692304    0.00132663427830872    0.00360177844240646
118.500000000024    -0.0144150948911482    -0.0176632177651103    0.00020962845637753    0.000326053767758247    0.00135406634133038    0.00375026744920131
119.000000000024    -0.0227915164505849    -0.0155557839821122    0.000524426347384385    0.00024791986279906    0.00223005050774701    0.00243668781359482
119.500000000024    -0.0295851377164914    -0.0111606256829462    0.000879485717489791    0.000133708138030603    0.0020506934890495    0.00302466070754461
120.000000000024    -0.0334984559551851    -0.00410815519886461    0.00112377301489242    3.46092336236508e-05    0.00127532878542741    0.00421097310436584
120.500000000025    -0.0334755695449719    0.00420419787504357    0.00112403913232028    2.57982213811411e-05    0.00185077712327246    0.00285007747414351
121.000000000025    -0.0295147085945059    0.0112331411408484    0.000874563162242682    0.000133771002845646    0.00185610851624569    0.0027545495013567
121.500000000025    -0.0227244165303307    0.0154481726176072    0.000517844582947399    0.000253835504092342    0.00120227962780277    0.00389736665826476
122.000000000026    -0.014461539629437    0.0173146498361306    0.00021236341837559    0.000310131542755847    0.00179646595342474    0.00321472297531694
122.500000000026    -0.00559741368499491    0.0180288309818152    3.65526514689321e-05    0.000329460414513496    0.00228508457348165    0.00210277624645075
123.000000000026    0.00343615075048694    0.0179137048628279    1.46465731625486e-05    0.000332704980127343    0.00168506414788179    0.00343571800572136
123.500000000026    0.0121942789143574    0.0170427886964953    0.000150131925106875    0.000307875269127256    0.00119644760258588    0.00417356233616651
124.000000000027    0.0203477505080869    0.0153586291516159    0.000418932261141269    0.000244324518177023    0.00221389033195384    0.00290465639278692
124.500000000027    0.0272553460233417    0.0119044339371425    0.000748504246348587    0.000148788524452328    0.00237704848425457    0.0026595069258301
125.000000000027    0.0318647551722989    0.00616915231402518    0.0010175430377589    5.66422201614853e-05    0.0014766230285187    0.00431089084619908
125.500000000027    0.0331560807927863    -0.00113408140345893    0.00110234370290106    1.44262853657774e-05    0.00173724188393305    0.003624933756099
126.000000000028    0.0307783553919351    -0.00815234459875421    0.000952003978936393    7.20391557846168e-05    0.00216721441120423    0.00236187072630573
126.500000000028    0.0253531525126346    -0.0131315365663472    0.000644897061382591    0.000187836059049052    0.00145420736268214    0.00392413129950294
127.000000000028    0.018044055447332    -0.015767579882194    0.000328061207151842    0.000263420638779475    0.00157266339864958    0.00384760489630971
127.500000000028    0.00983564925362746    -0.0169002160262443    0.000102336790680752    0.000291393726327357    0.00236575451819705    0.00240341935451004
128.000000000029    0.00125813309694973    -0.0172916979711779    6.13891391077273e-06    0.000307079594971295    0.00213448237779852    0.00284196696758759
128.500000000028    -0.0072836727242181    -0.016747377889979    5.4303641314996e-05    0.000299509376049899    0.00111881766230125    0.00436287862083515
129.000000000028    -0.0154023749401985    -0.0156000953059387    0.000240843021615838    0.00025663240331532    0.00189996521478221    0.00364272284986765
129.500000000027    -0.0226680134916225    -0.0131539368869333    0.000520497759740018    0.000178271492710599    0.00258048911713231    0.00229029192138762
130.000000000027    -0.028181833194486    -0.00849655035047705    0.000797661962831847    8.85601988570449e-05    0.00185640529788491    0.00404584119792821
130.500000000026    -0.0308032436530844    -0.00172369502964852    0.000950902685703354    2.30882447876747e-05    0.00143626813376481    0.00448521128069121
131.000000000026    -0.029807314616626    0.00561017789984446    0.000893689472208312    3.68069076124372e-05    0.00228330189720666    0.00230928810340633
131.500000000025    -0.0254710023893147    0.0113277976308444    0.000651917341808397    0.000141732684612798    0.00177352166378711    0.00366246985618115
132.000000000025    -0.0189087708527165    0.0145313910903808    0.000359189709576843    0.000230096418184579    0.00128378129613297    0.00435144701943866
132.500000000024    -0.0112392277438268    0.0159411787746713    0.000131637385872035    0.000262757009617067    0.00230589366503075    0.00293867808564283
133.000000000024    -0.00310225189503673    0.0165005919256283    1.58364595741491e-05    0.000277573704351338    0.00249248726253318    0.00230307847352792
133.500000000024    0.00510565694975007    0.0161634901926509    2.79887561603794e-05    0.000280264771086742    0.00138600983829418    0.00435962795188066
134.000000000023    0.0129683939449327    0.0152006773040505    0.00017064856361648    0.000249601556419224    0.00157140768278409    0.00430592219127903
134.500000000023    0.0201534760393759    0.013309289613536    0.000413329634229212    0.000183032168697596    0.00267713237616562    0.00242795771804591
135.000000000022    0.0259825924865028    0.00967012641073766    0.000680502229304097    0.000105557942709114    0.00232532083472883    0.00347082092731217
135.500000000022    0.029494802344989    0.0040944993823005    0.000871567054943289    4.14027022898553e-05    0.00127424078310177    0.00496364554518109
136.000000000021    0.0298934717561811    -0.00255021430448451    0.000898578927254119    1.59724185236005e-05    0.00222694266125546    0.00307714567818995
136.500000000021    0.0270534343086273    -0.00855261335790067    0.000737055019336196    8.16435442824677e-05    0.00227304013272604    0.00291484974445112
137.00000000002    0.02168365271049    -0.0125548625805536    0.000471739204891947    0.000179113488938111    0.0012483629371323    0.00463561371573681
137.50000000002    0.0148276234673696    -0.0146077926022946    0.000223912208667901    0.000227862883775157    0.00201340283545331    0.00380463915023565
138.000000000019    0.00726180625669176    -0.0155326323209408    6.01821154253229e-05    0.000245335283438356    0.00272915468883595    0.00201807250137897
138.500000000019    -0.000595833499140872    -0.0157490915527994    4.25128847407031e-06    0.000262311150685391    0.00197389739231092    0.00377852695463922
139.000000000019    -0.00832487840968928    -0.0150764748775714    7.04462612201136e-05    0.000250784306431424    0.00106895307848513    0.00484605114473459
139.500000000018    -0.0155816279770495    -0.0138016488928016    0.000248766251926004    0.000200996550237284    0.00244522422506253    0.00324207311409104
140.000000000018    -0.0218973691405734    -0.0111598117777952    0.000487092343422309    0.000131085016359228    0.0027563686516455    0.00255804953888926
140.500000000017    -0.0264049688733283    -0.00653325254585209    0.00069954186390689    6.75881584316742e-05    0.00152298480145095    0.00499046787423698
141.000000000017    -0.0281502377044174    -0.000264195062017464    0.000795863393019923    1.86052433637961e-05    0.00185135361417577    0.00430528098188744
141.500000000016    -0.0266394723326149    0.00616221813518302    0.000716254379874481    4.24569433315423e-05    0.00256766308427063    0.00211754834324127
142.000000000016    -0.022278920868101    0.0109006178211127    0.000498713663363238    0.000139373711457086    0.00153731854738428    0.0045332375379112
142.500000000015    -0.0161081706857106    0.0134690277560689    0.000261978419186959    0.000202160474715707    0.00158280016015021    0.00455475202639544
143.000000000015    -0.0090407035697338    0.0146459817562229    8.93780358287034e-05    0.000220317078458094    0.00276472689300516    0.00241087055946204
143.500000000014    -0.00157701978503663    0.015088974172978    8.74866725120598e-06    0.000236803148705214    0.00250233408017575    0.00302092818723269
144.000000000014    0.0058864100596082    0.0146252950078763    3.5716596130533e-05    0.000239736320585976    0.00103284691057112    0.00508301746195754
144.500000000014    0.0129680967962092    0.0136049159107044    0.000172575073574036    0.000202196847924695    0.00209846111667225    0.00413559076642723
145.000000000013    0.0193297597088336    0.0116138352230143    0.000382726542851794    0.000139304008016009    0.00301445392244564    0.00210305478499286
145.500000000013    0.0243103432621805    0.00801687793860083    0.000595441047640647    8.41796245464871e-05    0.00210908940436469    0.0044619830416601
146.000000000012    0.0270752730594188    0.00281780452578305    0.000735056672848321    3.55039437635028e-05    0.00140934793654159    0.00525013537139561
146.500000000012    0.0269947076890162    -0.00315139472713936    0.000735870659765093    1.5364100459535e-05    0.0026751479491165    0.00233083927658971
147.000000000011    0.024056352300262    -0.00834279237702501    0.000583516434314747    8.40658637588144e-05    0.00219279463708444    0.00380311439647401
147.500000000011    0.0189687172596967    -0.0116862681194045    0.000361151140156984    0.000163192677067585    0.0011571109189128    0.00515982698440324
148.00000000001    0.0126407347943944    -0.0134190400704359    0.000166135312260746    0.000192073936366735    0.00251935232123937    0.00346457788984053
148.50000000001    0.00569774137329855    -0.0142452100392022    4.11588503622481e-05    0.000207077854919017    0.00294865962858551    0.00203760787641556
149.000000000009    -0.00149002810981156    -0.0143465410824506    4.89053599483904e-06    0.000228197136859195    0.00163412123993614    0.00473010526613866
149.500000000009    -0.00849997014476368    -0.0136191630711778    7.41551556036431e-05    0.000210896533791855    0.00138045758419779    0.00504132234959449
150.000000000009    -0.0150144680833749    -0.012284123483151    0.000234078777552135    0.000157942648186246    0.00294015743208603    0.00265385727516441
150.500000000008    -0.0205642627509408    -0.00964498787120292    0.00043052882450188    0.000104026361414369    0.0027640408846738    0.00331671077706784
151.000000000008    -0.024374603238908    -0.00532036024759774    0.000595584100168362    6.10097202906742e-05    0.00120946976571417    0.00571869627856349
151.500000000007    -0.025657203757508    0.000335069058574895    0.000663891575665215    1.45318684749652e-05    0.00236632014126003    0.00379731447222256
152.000000000007    -0.0240337616900938    0.00600532050319776    0.00058504508441539    4.26682807298627e-05    0.00272458867339057    0.0025699039639129
152.500000000006    -0.0199279784160143    0.0100787530640478    0.000398672181433134    0.000129541063219965    0.00124412928749439    0.00528770270475859
153.000000000006    -0.0142689065089046    0.0123020220358735    0.000207647310358016    0.000172160952893285    0.00201137201883598    0.00456302604881535
153.500000000005    -0.00781258727400169    0.0133927872112267    7.08728380709409e-05    0.00018261403204317    0.00313629050903258    0.00180202185280109
154.000000000005    -0.000987390507091876    0.0137854709121757    6.55361783215139e-06    0.00020546845467523    0.00236192248362562    0.00392800794357499
154.500000000004    0.00581371018990713    0.013288599687498    3.44581925963007e-05    0.000207581587312217    0.00081176746921192    0.00556728889654976
155.000000000004    0.0122255162804737    0.0122616331462659    0.000156253448877072    0.000164766065675418    0.00260580132645323    0.0037971592357725
155.500000000004    0.0179208844934565    0.010313073147359    0.000331577214608508    0.000110958504091139    0.00322786517387227    0.00214453406323207
156.000000000003    0.0223047975503459    0.00698028256746381    0.0005007901211311    7.74149237632277e-05    0.00181276787515197    0.00535635874840255
156.500000000003    0.0246751881012567    0.00230873959536763    0.000611986264170917    3.30418356875202e-05    0.00176673606928544    0.00526417677973508
157.000000000002    0.0244968648344205    -0.00302886563430225    0.00060928131918865    1.22908040916978e-05    0.0030306653514996    0.00176543962259847
157.500000000002    0.0217725441848952    -0.00762920603147072    0.00047832039664246    7.93939096425622e-05    0.00206802233045208    0.00460316466921759
158.000000000001    0.0171491717044407    -0.0105889114438699    0.000295668319796821    0.000142796956495523    0.00125468308685175    0.00553822272298658
158.500000000001    0.0114098067123723    -0.0121965695650966    0.000138889149913701    0.000157729133130916    0.00295050177088638    0.00299546723812434
159    0.00508262896158035    -0.013006461771447    3.51048199303341e-05    0.00017551521834838    0.00304494708808524    0.00251935915190109
159.5    -0.00148465560767971    -0.0131074101867199    3.80978045918754e-06    0.000201318505362646    0.00126711411710735    0.00543270683542915
159.999999999999    -0.0078747584025111    -0.0123827168490366    6.51746289837447e-05    0.000178935824719643    0.00177842882506595    0.00506005416534533
160.499999999999    -0.0137764523348241    -0.011080773697506    0.000200642419926549    0.000127210557636755    0.0032942041516682    0.00210404655400346
160.999999999999    -0.0187631994315762    -0.00864077049305978    0.000359288028419452    9.14387490776739e-05    0.00268893575794402    0.00409583133978211
161.499999999998    -0.0221837386964554    -0.0048109128873572    0.000493379800180859    6.07555924630805e-05    0.00112318192126006    0.00613275710046802
161.999999999998    -0.0233725205449887    0.000195619164756525    0.000553983581855243    1.1008856547266e-05    0.00277648432902574    0.00331218805167309
162.499999999997    -0.0219729186824651    0.00527099015124982    0.000490700265172314    3.77715911276408e-05    0.00280911191412675    0.00316041990138467
162.999999999997    -0.0183436767645375    0.00895152987197196    0.000337604740848721    0.000114086066399176    0.00105558685426122    0.00582719309362319
163.499999999996    -0.0132891795486551    0.0110506155820372    0.000182253766682922    0.000142110812854466    0.00237728282005478    0.00447154426484878
163.999999999996    -0.00745512954603315    0.0121627735251899    6.68417498142791e-05    0.00015033862311336    0.0033560085318936    0.00155098784273131
164.499999999995    -0.00123568769253163    0.0126024879729966    6.3204942009469e-06    0.000180253318767381    0.00218942232734408    0.00462932129559579
164.999999999995    0.00499229261227391    0.0121634782924905    2.57875252727509e-05    0.000181573454465907    0.000929806294980953    0.00579855588004624
165.499999999994    0.0108513571203436    0.0111852874524063    0.000126552902797651    0.000137042294065422    0.00296663975642796    0.00345422041457464
165.999999999994    0.0160434909049689    0.0094096277825306    0.000268314351513706    9.50018437506553e-05    0.00330465597239491    0.00254180029602712
166.499999999994    0.0200696605190016    0.00649675265760476    0.000405294751042208    7.73109800879475e-05    0.00158223819137167    0.00592479408873026
166.999999999993    0.0223453577915094    0.00242580161837411    0.00050380582509789    3.23872617830113e-05    0.00211915319581172    0.00514808200122189
167.499999999993    0.0223731945046232    -0.00234046695089059    0.000511157988040027    8.38697367481658e-06    0.00325548087052047    0.00170563423001694
167.999999999992    0.0201030715626815    -0.0065365163924116    0.000408095126541226    6.93566585461165e-05    0.00199038696914219    0.00516048563585357
168.499999999992    0.016078228848346    -0.00932741165278046    0.000260689399353717    0.000119898173651205    0.00147646755939032    0.00573563993908093
168.999999999991    0.0109700614039389    -0.0109525048924693    0.000130754573801304    0.000126781010893227    0.00322681369079706    0.00261221122301836
169.499999999991    0.00524957904369892    -0.0118238411181876    3.67582976498037e-05    0.000149420868477302    0.00303318603349035    0.00310123357539516
169.99999999999    -0.000751715946075363    -0.0120447326503151    1.6190835298877e-06    0.000178925341390137    0.00102664826805665    0.005818054380338
170.49999999999    -0.00662895488837588    -0.0113840166583336    4.8407658632142e-05    0.000154066348666974    0.00211296372898815    0.00494676797411781
170.999999999989    -0.0120536380154592    -0.0101939039369433    0.000157347037707998    0.000107170757488164    0.00347229726553983    0.00180418402956451
171.499999999989    -0.0166664911622544    -0.0080783713533905    0.000284353158464129    8.69121872911425e-05    0.00256539096486757    0.00465318209055504
171.999999999989    -0.0199424202638435    -0.00482611862814179    0.000399222347926109    6.24645331144921e-05    0.00123378358975641    0.00625884271264224
172.499999999988    -0.0213005036807743    -0.0004540775745822    0.000462953517366582    9.25106374365932e-06    0.00304007570825165    0.00300747024921625
172.999999999988    -0.0203526685240076    0.00415406804987116    0.000422404785117915    3.00335132090017e-05    0.00285896293606358    0.00357452540151014
173.499999999987    -0.0173432171498646    0.00763490565586032    0.000301837017899719    9.60106660833725e-05    0.00102461543632842    0.00614156997106478
173.999999999987    -0.0129470288473105    0.00976109234009223    0.000174477008345789    0.00011407889917415    0.00261752791249671    0.00433589385275318
174.499999999986    -0.00773179344551529    0.0109772709811122    7.15791133817491e-05    0.000123310367943628    0.0034348920649179    0.00167627257653983
174.999999999986    -0.00207713486421974    0.0115438388218927    8.42720870833724e-06    0.000158488594387024    0.00202798408873938    0.00502278604373967
175.499999999985    0.00367181266706566    0.0112727271837063    1.47319526215536e-05    0.000161060101152047    0.00111791965701019    0.0058297275231159
175.999999999985    0.00910505470410426    0.0103854182474098    9.28304714857923e-05    0.000117650108172828    0.00315094435385033    0.00312940825064345
176.499999999984    0.0139472216260146    0.00884417326702903    0.00020523592328758    8.6550832976308e-05    0.00327275605604962    0.00288642204105308
176.999999999984    0.0177967064025418    0.00639128248925341    0.000318754967443001    7.84702277741069e-05    0.00142555556353662    0.00613365599921203
177.499999999984    0.0201656742541214    0.002908597439411    0.000412001059094251    3.35357597434898e-05    0.0023122804697781    0.00500757632781983
177.999999999983    0.0205687080296806    -0.00135259435657119    0.000434371514279047    4.82007963327727e-06    0.00336151219970998    0.00172932592065493
178.499999999983    0.0188721399652654    -0.0052732092606151    0.000359996880024887    5.7136396264426e-05    0.00195939101669899    0.00541568650848525
178.999999999982    0.0154967755255974    -0.00802700629606193    0.000242713383441471    9.78964622363688e-05    0.00160104083355707    0.00578477589534383
179.499999999982    0.0110161652609701    -0.00975351387363709    0.000132427496428472    0.000100810954193418    0.00332740129402317    0.00238325854874942
179.999999999981    0.005865834827538    -0.0107410531391977    4.3222219770107e-05    0.000127027820434481    0.00296887209999846    0.00341432246505978
180.499999999981    0.000365914945625409    -0.0111570811286156    9.36492206568199e-07    0.000159268579465047    0.000895878596203835    0.00589814548434825
180.99999999998    -0.00511470683101012    -0.0106470814444589    3.11787727106498e-05    0.000135827012069064    0.00224021131669943    0.00473990176945938
181.49999999998    -0.0102013419682643    -0.00959935668365231    0.000116018149306316    9.49449367272049e-05    0.00345698876955733    0.00167250948793263
181.999999999979    -0.0145890310700597    -0.007809909393118    0.000218684492970827    8.40491251039044e-05    0.00241757428172541    0.00480150397013183
182.499999999979    -0.0178551826496033    -0.00507893912366463    0.000320445743824462    6.33735114078103e-05    0.001279920456031    0.00613008065084947
182.999999999979    -0.0194825324351066    -0.00126548101325104    0.00038915823347584    9.9501836692354e-06    0.00309663743290366    0.0028894188817713
183.499999999978    -0.0190448870957101    0.00297064177313593    0.000370966255423944    2.18757658948986e-05    0.00287376598483582    0.00361262416403898
183.999999999978    -0.0166609822362565    0.00635863218609607    0.000278733280887079    7.82655325100475e-05    0.00107002421011101    0.00615088036235388
184.499999999977    -0.0128841543266213    0.00857887427728058    0.000172989362774662    9.12830063601128e-05    0.00264346932315609    0.00420546341022323
184.999999999977    -0.00822515827568876    0.00993251455973026    7.89860316560562e-05    0.000101957704572506    0.00336642287835694    0.00181737698160077
185.499999999976    -0.00305928448533926    0.0106434024284844    1.30283958634144e-05    0.000138553641314618    0.00191550888830539    0.00502708922339262
185.999999999976    0.00230622951984044    0.010623421338694    6.70117341719068e-06    0.0001446284976766    0.00117578859452165    0.00563661394253516
186.499999999975    0.0074411902290842    0.00984425343358705    6.48962150618805e-05    0.000105185205897508    0.00308624416345537    0.00287678296588701
186.999999999975    0.0120575476880411    0.00850760445560566    0.000155041465431663    8.12274747666535e-05    0.00310757287642246    0.00297458252425652
187.499999999974    0.0158235931407425    0.00641836958874243    0.00025221655694214    7.62821084194662e-05    0.00135294384894133    0.0059233976940412
187.999999999974    0.0183192732654265    0.0033940332666184    0.000340940956451434    3.45022402591309e-05    0.00231196528478821    0.00479403571578462
188.499999999974    0.0190723149492575    -0.000462456039494622    0.000374665413638325    3.27319271744064e-06    0.00330336436298737    0.00174909323049847
188.999999999973    0.0178803313071165    -0.00418494209336439    0.000323595922008487    4.52932659719318e-05    0.00197222573663252    0.00527062858178403
189.499999999973    0.0150537390969568    -0.00694650833180124    0.000229234264216659    7.94952412884165e-05    0.00161839532173489    0.00558938845354592
189.999999999972    0.0110888384553366    -0.008777375277451    0.000133231479998014    8.24386898706689e-05    0.00320455015711444    0.00232300949405312
190.499999999972    0.00639866046472921    -0.00987549947970306    4.88389436567386e-05    0.000109239725741925    0.00280999784943867    0.0034226065751573
190.999999999971    0.00129915639669306    -0.0104452065992064    2.47823198824768e-06    0.000140929565587523    0.000889058291215584    0.0056415622559198
191.499999999971    -0.00388477842507724    -0.0101243661844193    1.98526400857023e-05    0.000121911779878721    0.00218200290415863    0.00440556344211604
191.99999999997    -0.00873366844650169    -0.00918236994756025    8.67612472286095e-05    8.72507400721499e-05    0.00323794420816516    0.00171313228277686
192.49999999997    -0.0129620535128944    -0.00761276863931395    0.00017296596972937    7.92967879652125e-05    0.00222511538088081    0.00461979887110797
192.999999999969    -0.0162106615355321    -0.00522182132983067    0.00026453875038204    5.99124165237611e-05    0.00132408570812399    0.00571358018435784
193.499999999969    -0.0180078059842788    -0.00180106808778655    0.000333135153459835    1.10686299058488e-05    0.00297558012703559    0.00279728147475467
193.999999999969    -0.0179197088999759    0.00213935454225679    0.00032880938590007    1.65621077754984e-05    0.00277370128892717    0.00346197485808659
194.499999999968    -0.0159810201395581    0.00544276602436036    0.000256777832009701    6.34260657268389e-05    0.001176786857821    0.00581398002498352
194.999999999968    -0.0126511683246446    0.00771969542126432    0.000166420225527942    7.52383286030185e-05    0.00252352244877103    0.00395532946869528
195.499999999967    -0.00839963127487804    0.00916193488205455    8.0377275683395e-05    8.77077335413792e-05    0.00313424155570144    0.00194079436272143
195.999999999967    -0.00359611157057886    0.00996870201661898    1.60632844860101e-05    0.000122090902535545    0.00176953837425441    0.00476611819402352
196.499999999966    0.00147391826951893    0.0101241158978248    3.60426529411496e-06    0.000129691076665126    0.00119659108675157    0.00521472472452159
196.999999999966    0.00637743078470823    0.00941119040605821    4.89172890732438e-05    9.55338741204372e-05    0.0028715267123082    0.00263881967200397
197.499999999965    0.010799750552098    0.00817926658927446    0.000124607297971153    7.570288199082e-05    0.00282359451472962    0.0029668973781374
197.999999999965    0.0144466466754128    0.00628311678786344    0.000210415962958771    6.9622815652357e-05    0.00130780839367054    0.00549046984168255
198.499999999964    0.0169370454239364    0.00351698453188666    0.000292000212539751    3.17284934538525e-05    0.00226642997846112    0.00439992196025366
198.999999999964    0.0178221426640587    -6.19872050446479e-05    0.000327403847257874    3.22790985908977e-06    0.00312651213332244    0.00179556883619106
199.499999999964    0.0168831452123418    -0.00359640037907532    0.000288728546519396    3.72946925866141e-05    0.00192040471213176    0.00493564554035244
199.999999999963    0.0143694337313957    -0.00630175772889514    0.000209068832647743    6.64286277225155e-05    0.00160879050431397    0.00516879843375865
200.499999999963    0.0107249230988146    -0.0081465248107083    0.000123853608847728    7.12669452806738e-05    0.00297146990094809    0.0022138380223467
200.999999999962    0.0063414439243231    -0.00928315682868739    4.67515618056856e-05    9.70542287736253e-05    0.00255688301655576    0.00329806429100768
201.499999999962    0.00152361416479392    -0.00991582879162905    3.03455964007462e-06    0.00012567995222689    0.000844487724548995    0.00523032423488169
201.999999999961    -0.00341393750085023    -0.00965170820711383    1.59276216719074e-05    0.000109159348890451    0.0020670395284551    0.00400048466753504
202.499999999961    -0.00802986115069481    -0.0087280081870446    7.32493728379125e-05    7.91751027351815e-05    0.00296153722557639    0.00173117758247501
202.99999999996    -0.0120462655678586    -0.00723008143353165    0.00014914809816965    7.1491603537297e-05    0.00200887631233848    0.00438377987606562
203.49999999996    -0.0151342700272086    -0.00497252965550476    0.000231007867082841    5.19872863548903e-05    0.00140062051476368    0.00522122927862931
203.999999999959    -0.016855230006086    -0.00175874892326524    0.000292203183642887    9.70802018737881e-06    0.00284682368348025    0.00257192970593913
204.499999999959    -0.0168081122827068    0.00193612606094574    0.000289346577114301    1.4634043386828e-05    0.00261418029336598    0.00329931193780685
204.999999999959    -0.0150191733178896    0.00506430693339802    0.000226988633286984    5.46491172161764e-05    0.00118872458297797    0.00538534237542174
205.499999999958    -0.0119025061985424    0.00725714905126924    0.000147230456450408    6.58109533292547e-05    0.00235813541682128    0.00362556767650484
205.999999999958    -0.00789147042088586    0.00867044841182731    7.04849808869164e-05    7.89589271112108e-05    0.00286525312724721    0.00194480113354864
206.499999999957    -0.00333138204890084    0.00949173965913445    1.36567085113324e-05    0.000109813431397783    0.00159956311397632    0.00444075552592096
206.999999999957    0.00150145724919848    0.00963771581698125    3.60058635163031e-06    0.000115875820551825    0.00116026397016353    0.00479481536484297
207.499999999956    0.00615305121194462    0.00889149033610409    4.49375295776668e-05    8.48649035540727e-05    0.0026603553072576    0.00240962718216745
207.999999999956    0.0103116481641759    0.0076499329100921    0.000112918824089783    6.70427878510751e-05    0.00256685337096409    0.00291912903486038
208.499999999955    0.0136989579561602    0.00578089106134453    0.00018927327987154    5.95288799657407e-05    0.00126957898017213    0.00510981198309758
208.999999999955    0.0159565358398605    0.0031023297752615    0.000259600689337182    2.57841164397481e-05    0.00223375319326669    0.00401990875583937
209.499999999954    0.0166770900413996    -0.000289247621193926    0.000286907661803929    3.26081068246857e-06    0.00296349954529776    0.00178245518768417
209.999999999954    0.0156840278451165    -0.00358603412153728    0.00024937187028598    3.42741787479026e-05    0.00183933162849711    0.00462758447000948
210.499999999954    0.0132271965188294    -0.00609567251504753    0.000177412740273451    5.97630729216785e-05    0.00156652881419972    0.00475456091673801
210.999999999953    0.00972060298032136    -0.00781228083092844    0.000102046442049024    6.54949659198522e-05    0.00274887608814792    0.00211263677392975
211.499999999953    0.0055216603620072    -0.00889074304912843    3.59781466534534e-05    8.88166780487863e-05    0.00234294974339868    0.00312591843834107
211.999999999952    0.000906999851497159    -0.00948152086107953    1.48647787229723e-06    0.00011363884931771    0.000814757105941008    0.00487233121602209
212.499999999952    -0.00377179943525289    -0.00907096920174506    1.80505457632149e-05    9.60697426935399e-05    0.00195552417101935    0.00371312004041514
212.999999999951    -0.00807819070523384    -0.00807414554850949    7.28075470127437e-05    6.83034270631796e-05    0.00274779583350317    0.00176397299431252
213.499999999951    -0.0117527210847026    -0.00651910016813772    0.000141611592768665    6.03850804822088e-05    0.00186685293310741    0.00422923320236608
213.99999999995    -0.0144773280497877    -0.0042414644427947    0.000211879274449186    4.16170451266592e-05    0.00151203405650058    0.00486076377816979
214.49999999995    -0.0158506742963628    -0.00112716994052861    0.000259001379690877    7.0696411083018e-06    0.00278522962096506    0.00240813808438605
214.999999999949    -0.0155475073448648    0.00230774572842258    0.000248015613611468    1.55958329493556e-05    0.00250811263161065    0.00320470632075748
215.499999999949    -0.0136508225259243    0.00512849720448961    0.000187796862918014    5.18042986821818e-05    0.00120495115408512    0.00505003119849017
215.999999999949    -0.0105659466457801    0.00708111520544371    0.000116586435316246    6.15873529635352e-05    0.00222423173135649    0.00338306967276306
216.499999999948    -0.00668240626952364    0.00835361975159104    5.17269738162201e-05    7.37192647533681e-05    0.00265940223833311    0.00198401154210256
216.999999999948    -0.00229873340972451    0.00910417045521444    7.55382463334318e-06    0.000100466899334331    0.00150653554367612    0.00419296788167188
217.499999999947    0.00228959550697958    0.00902422266777863    6.58179770548148e-06    0.000102117993794445    0.0011573893553599    0.0045476806216791
217.999999999947    0.00660229565266222    0.00815926704924576    5.0059754448341e-05    7.18030426544727e-05    0.00254351067683596    0.00228678898754676
218.499999999946    0.0103689959878099    0.00681442816792063    0.000113383776332394    5.53175582361297e-05    0.00242233328367001    0.0029801219740775
218.999999999946    0.0133151978171504    0.00485939882412597    0.000179096680165242    4.7654164986133e-05    0.0013424556809797    0.00490310188087258
219.499999999945    0.0151078284883542    0.002188676674946    0.000233521674746372    1.91154321842612e-05    0.0022967788558862    0.00378485489772178
219.999999999945    0.0154113638759338    -0.00100993981914909    0.000245910705455402    4.34442915982758e-06    0.00289837349887211    0.00182330763216871
220.499999999944    0.0141404486664182    -0.00396415913573607    0.00020313724727761    3.59007289485814e-05    0.00178464528408343    0.00449290232423782
220.999999999944    0.0115818025963676    -0.00613716753409217    0.000136511795282139    5.78079081669767e-05    0.00154066346127651    0.00448810459163573
221.499999999944    0.00811811422597651    -0.00761924470421672    7.26952264030329e-05    6.25877226442777e-05    0.00260604063994226    0.00212951468216192
221.999999999943    0.00405040502344793    -0.00857192654213566    2.13542482563154e-05    8.26570288318424e-05    0.00222451509375487    0.00302970364690553
222.499999999943    -0.000367322650648771    -0.00895433214013654    8.01587348219782e-07    0.000102709874232665    0.000816493367113379    0.00474655771657553
222.999999999942    -0.00470016502487047    -0.00827894722694359    2.58801589013186e-05    8.1338806641162e-05    0.00194643459697543    0.00357740680586442
223.499999999942    -0.00857591315467746    -0.00714128396970328    8.06962337035872e-05    5.44955490506468e-05    0.00267393853089734    0.00187019044877944
223.999999999941    -0.0117464422428501    -0.00543879547325073    0.000141312987558545    4.76825704196053e-05    0.00182594693075444    0.00425465324318594
224.499999999941    -0.0139060386081292    -0.00308314978998294    0.000196162397718938    3.18211611698149e-05    0.00166867850353447    0.00472391241899583
224.99999999994    -0.0147185011552846    -8.34421979566397e-05    0.000224681574418832    5.15097164281947e-06    0.00283677601525355    0.00226804079381735
225.49999999994    -0.0139740034960084    0.00299661314367237    0.000201373405752597    1.97436310687979e-05    0.00246994575773296    0.00328084451566481
225.999999999939    -0.0118432277977992    0.00538198369164177    0.000141719721406036    5.31107378650592e-05    0.00120734284090015    0.00491375512291375
226.499999999939    -0.00872071109573563    0.00700295693919449    8.07841164331873e-05    5.99238515782021e-05    0.00217561816914201    0.00329885520840029
226.999999999939    -0.00492848806489461    0.00808563932410626    3.09890780275944e-05    6.94343690673533e-05    0.00258825876252467    0.00201415138155495
227.499999999938    -0.000719025079988223    0.00864768024064771    2.66187831852513e-06    9.24476404944084e-05    0.00146454131142589    0.00420300689387009
227.999999999938    0.00353667824763368    0.00819352900725315    1.39730700259329e-05    8.74079610974933e-05    0.00121036234188267    0.00450267070801258
228.499999999937    0.00739535805703984    0.00717469433144621    6.12803198549363e-05    5.63965756181352e-05    0.00256690456836872    0.00221818323599489
228.999999999937    0.010627152299937    0.00565853160075238    0.000118675051938639    4.20535394683397e-05    0.00239555545387346    0.0031677372983924
229.499999999936    0.0129600733930292    0.00357938803106934    0.000170102146390143    3.71091025832558e-05    0.0014624103519324    0.00492920722898655
229.999999999936    0.0141129650356763    0.000945851888331721    0.000205246968421558    1.41667043227993e-05    0.00246397774408325    0.00364308502894712
230.499999999935    0.0138548804107452    -0.00197202324774989    0.000200584826986893    7.59990288288354e-06    0.00293719522518358    0.00192640265604507
230.999999999935    0.0122129636282378    -0.00447517268514808    0.000152199842453449    4.07800749094529e-05    0.00174452339301861    0.00455553557197805
231.499999999934    0.00950643972042329    -0.00623892391583056    9.27676915316063e-05    5.8302808148516e-05    0.00154767418197908    0.00440211727706038
231.999999999934    0.00606315159721779    -0.00746040596217599    4.34382470931466e-05    6.03793489076576e-05    0.00258388076394829    0.002172945417443
232.499999999934    0.00212143449586854    -0.00821917109561174    9.31380922722269e-06    7.71588876824058e-05    0.00219392910253765    0.00309905052935029
232.999999999933    -0.00202669658399039    -0.0081628576052111    4.75653194436541e-06    9.00042444640787e-05    0.000805625782114195    0.00483445965761697
233.499999999933    -0.00589863741245497    -0.00726560636708215    3.90341010323049e-05    6.48193416730528e-05    0.00205916917923015    0.00346847312108197
233.999999999932    -0.00922054217740836    -0.00593134529967942    9.22995471459375e-05    3.94698758653824e-05    0.00269836044674743    0.00207099464059018
234.499999999932    -0.0117358217127009    -0.00403975909448915    0.000141086514108352    3.61534342995743e-05    0.00183221255209355    0.00445351330502857
234.999999999931    -0.0131751484805748    -0.00163511099932443    0.000177212961447664    2.45591937841123e-05    0.00190484224083543    0.00467820540421224
235.499999999931    -0.0133026718625646    0.00115914722684436    0.00018581927714619    5.57525074412184e-06    0.00297627257876727    0.00205709223191885
235.99999999993    -0.0120451893878846    0.00377664160051484    0.000151019814351288    2.68827813920807e-05    0.00243582161934729    0.00355243009971223
236.49999999993    -0.00965163754672043    0.00567117404474732    9.46010366478924e-05    5.60607359910074e-05    0.00120288374942418    0.00488861135141583
236.999999999929    -0.00647441143059034    0.00696289111949411    4.67910228095263e-05    5.91483340090822e-05    0.00220749166181151    0.00326595794019951
237.499999999929    -0.00275853108937233    0.00781887960955675    1.4254960609408e-05    6.55473499819218e-05    0.00257788029946589    0.00210058840165784
237.999999999929    0.00123337587363176    0.00798947672247002    3.39622382490464e-06    8.36327258834689e-05    0.00136930923433961    0.00444983006243818
238.499999999928    0.00504835792900877    0.00718380802175843    2.74147160044535e-05    7.09431235783201e-05    0.00138881180332966    0.00439727482480222
238.999999999928    0.00835584381292524    0.00596813186116748    7.67977713776674e-05    4.01008304871521e-05    0.00264152333922423    0.00211712837940209
239.499999999927    0.0109268992110483    0.00422803836440792    0.000124880344294539    3.0038943867338e-05    0.00234162719623159    0.00348749701884214
239.999999999927    0.0125077104574864    0.00202950051642681    0.000159050204858496    2.88513631250911e-05    0.00161473959825739    0.00497317713126271
240.499999999926    0.0128990468980234    -0.000506675088936389    0.000173599411598848    1.12438708197409e-05    0.00268588918636634    0.00331468719097176
240.999999999926    0.0119968942589814    -0.00305356403034071    0.0001524947605527    1.44584960735671e-05    0.00292733474196562    0.00226588675493204
241.499999999925    0.00994023852993497    -0.0050544940176156    0.000101500280300436    4.72030940711113e-05    0.00164071273184323    0.00465351311344444
241.999999999925    0.00704879788743981    -0.00642907019340242    5.23293523683167e-05    5.9438587618704e-05    0.00162597684803344    0.00425507274520761
242.499999999924    0.00357598734151526    -0.00739445798765271    1.94762618519386e-05    5.91397503434759e-05    0.00258622821600515    0.00211228345927219
242.999999999924    -0.000250717362247587    -0.00778338972072963    4.28221980455208e-06    7.23428326706606e-05    0.00205410822714376    0.00342953016110091
243.499999999924    -0.00403403771735772    -0.00718796243434235    1.70252676466223e-05    7.43608227902978e-05    0.000867068245040493    0.00476382397164095
243.999999999923    -0.00736518287312189    -0.00607238616553783    5.9125666093108e-05    4.66855057795667e-05    0.00220901501547183    0.00313235247635886
244.499999999923    -0.0100206311003165    -0.0044533933291196    0.000107322337457634    2.57178651509963e-05    0.00262855279745408    0.00242593343007374
244.999999999922    -0.0117341096400375    -0.00233402999713675    0.000140920654790628    2.67063890265952e-05    0.00179758887018345    0.00461071502036951
245.499999999922    -0.0123033114394177    9.63419321869337e-05    0.000156227910578897    1.86212018725934e-05    0.002203732788609    0.00431415346327595
245.999999999921    -0.0116214278019887    0.00260887175726554    0.000144152033487047    1.03570876840332e-05    0.00301570047090416    0.00188437677712696
246.499999999921    -0.00976674591608368    0.00469900248045314    0.000100389287264803    3.68333361630892e-05    0.00223605936313553    0.00384092591073877
246.99999999992    -0.00703559641445953    0.00613089027790579    5.09433574070973e-05    5.94203451744289e-05    0.00120155753084967    0.00467252924813845
247.49999999992    -0.00370467297464556    0.00713290869250047    1.86707851220684e-05    5.98918360951833e-05    0.00222400163511613    0.00300224077642592
247.999999999919    7.86101249362265e-06    0.00759036028451089    5.74317382419011e-06    6.33896812262357e-05    0.00239647908997193    0.00240335431793887
248.499999999919    0.00372768860616335    0.00711305837573174    1.52773011892933e-05    7.01876753554794e-05    0.00117543134413425    0.00442629369776927
248.999999999919    0.00702563000017797    0.00602281662282702    5.20070685227752e-05    5.1516941443998e-05    0.00162714216446338    0.00390417998711592
249.499999999918    0.00967446223540763    0.0044790957598686    0.000100228536491203    2.43117254795118e-05    0.00257552265508866    0.00206141375115209
249.999999999918    0.0114156680593235    0.00241451107431261    0.000134966035207562    1.9669177664058e-05    0.00215605147594016    0.00372012283884279
250.499999999917    0.0120421438762868    6.52746153567076e-05    0.000148368054580214    2.08963642059028e-05    0.0018316182579956    0.0045707880535519
250.999999999917    0.0114728578969332    -0.00232719560054529    0.000139107487597245    1.27565552379744e-05    0.00273514520163436    0.00270937555070852
251.499999999916    0.00976612568910327    -0.00441238936532929    0.000102217538977375    2.69493387691898e-05    0.00261540207272468    0.00273498790818511
251.999999999916    0.00716234903071906    -0.00590573392297239    5.32236050693139e-05    5.43417391795373e-05    0.00138721354933968    0.00441180756726656
252.499999999915    0.00393455858281774    -0.00695044339204429    1.81860182601002e-05    6.23348764753868e-05    0.00164476959434305    0.00374515862539554
252.999999999915    0.000290731895059116    -0.00749792771344682    5.56338217924456e-06    6.0583017473046e-05    0.00234069586756586    0.00208904223915462
253.499999999914    -0.00340649034354465    -0.00712327774687587    1.44071239648187e-05    6.34573047528482e-05    0.00167420055673022    0.00356598077584711
253.999999999914    -0.00671362447413977    -0.00604648005773358    4.6416523409722e-05    5.33691467121113e-05    0.00115921086518094    0.0040999055627589
254.499999999914    -0.00938225008018169    -0.0045352214508575    9.27854122002498e-05    2.73480765889912e-05    0.00218146639515271    0.00260381316162914
254.999999999913    -0.0111497273111113    -0.00244718833227278    0.000129634306231535    1.3648706757838e-05    0.00230605444848836    0.00276766616921659
255.499999999913    -0.0117728954046275    -2.21688735540883e-05    0.000141741776399336    1.73517377627945e-05    0.00177220489533125    0.004165482721587
255.999999999912    -0.0111757426949423    0.00238311828883908    0.000129978176909656    1.71506011183636e-05    0.00225409674284412    0.00338693790019308
256.499999999912    -0.00944391284636234    0.00446141972351151    9.5777525093396e-05    2.47932013019989e-05    0.00256710639508931    0.00221109370056119
256.999999999911    -0.00681355048550968    0.00596200811829899    4.94821759660464e-05    4.89131901815061e-05    0.00174862967704921    0.00365617961523268
257.499999999911    -0.00355924829216491    0.00699864400502888    1.41555447287189e-05    6.40305404239013e-05    0.00121954758965775    0.00387937140717084
257.99999999991    0.000104745165598689    0.00750949985788499    3.76947220681409e-06    6.29520291670946e-05    0.00193868529088602    0.00256114057629017
258.49999999991    0.00377516079908466    0.00701960793660756    1.77183444780974e-05    5.67299486437634e-05    0.00186185537009507    0.00273039430487239
258.999999999909    0.00701787911849454    0.00588724530906161    5.09385697136942e-05    4.77062893612589e-05    0.00129920837123708    0.00361201218605238
259.499999999909    0.00959315936744704    0.00432769219836668    9.51259225443774e-05    2.82641802972832e-05    0.00175989087591829    0.00308792171751153
259.999999999909    0.0112511716580531    0.00221624659878044    0.000131491805745162    1.04154086447614e-05    0.00221425880740842    0.00234598799190352
260.499999999908    0.011750078643228    -0.000242689309817793    0.000141856010110953    1.09375118773738e-05    0.00194721903978734    0.00329827436340186
260.999999999908    0.0110231207029801    -0.00262002532254134    0.000125017732618934    1.87033774357769e-05    0.00187311040423793    0.0034407622331424
261.499999999907    0.00919573515932556    -0.00460792495718672    8.93423113140622e-05    2.76870418797629e-05    0.00218649632828551    0.00254048606937702
261.999999999907    0.00650473726556248    -0.00606684164441278    4.60196422792158e-05    4.4427577942969e-05    0.00192562597230577    0.00276061775778318
262.499999999906    0.00320359752379063    -0.00707892885141645    1.18260152308232e-05    6.21403540594109e-05    0.00125019123992522    0.00346830223250437
262.999999999906    -0.000486359734674541    -0.00750476961538005    2.22801130158359e-06    6.55646144338554e-05    0.00141119293864124    0.00304023805875852
263.499999999905    -0.00410736096745033    -0.00684831139757192    1.99520177184544e-05    5.33487813234081e-05    0.00175544968641083    0.00253956931885991
263.999999999905    -0.0072476848849596    -0.00564403317588269    5.53995380937186e-05    3.96824197995758e-05    0.00169428507106886    0.00279773288737709
264.499999999904    -0.00967633439030592    -0.00398525124694833    9.62134773406775e-05    2.62520697362203e-05    0.00160686966106791    0.00322022394173403
264.999999999904    -0.0111435663097107    -0.00179998441028749    0.00012800608723618    1.05587212411478e-05    0.00195627634480928    0.00270532389259951
265.499999999904    -0.0114191579614429    0.000716343069314633    0.00013465610971287    7.00430426661413e-06    0.0020637202243731    0.00254777488677061
265.999999999903    -0.0104530856976447    0.00308320531152432    0.000112351916880982    1.87174873575616e-05    0.00175639297387478    0.00303501768768319
266.499999999903    -0.00842162424278555    0.0049492487451991    7.35738354665732e-05    3.40305974362478e-05    0.00162790680934132    0.0030879660448899
266.999999999902    -0.00559141144299271    0.00629231996839993    3.45320715778998e-05    4.55190957235984e-05    0.00180781350063274    0.00243429766850192
267.499999999902    -0.00220422690890911    0.00717417902498918    7.29950673934979e-06    5.92633237383846e-05    0.001562334942767    0.00279185942622293
267.999999999901    0.0014425136191533    0.00720060420809952    3.37603121483237e-06    6.33818545234483e-05    0.00113806224495395    0.00339604969954031
268.499999999901    0.00483514299295787    0.00629484839947577    2.59319703365416e-05    4.89633642614519e-05    0.0015979244582245    0.00305585469043756
268.9999999999    0.00767387945845592    0.00498798410792602    6.33156537372834e-05    2.99499851380245e-05    0.0021040978576035    0.0022516659781375
269.4999999999    0.00974620424876365    0.00322607609983663    9.8555538854081e-05    2.0299770620016e-05    0.00188866132365294    0.00314518737408106
269.999999999899    0.0108340880922683    0.00107194357559565    0.000120621738213418    1.27916782436269e-05    0.00180118667061149    0.00341212766677423
270.499999999899    0.0107852169161995    -0.00127204083329046    0.000121098476441195    7.5883865719601e-06    0.00218576588675906    0.00244341946673137
270.999999999899    0.0095935245466522    -0.00342907681683996    9.60200365803582e-05    1.83281060038842e-05    0.00199607699078464    0.00256311103702023
271.499999999898    0.00744064758274077    -0.00509366916977164    5.70972623813515e-05    3.82862271905635e-05    0.00131682418371073    0.0035129420119725
271.999999999898    0.00457575187106021    -0.00630239749177009    2.35008195881477e-05    4.83660882235514e-05    0.00160103541579712    0.0029403867227427
272.499999999897    0.00121860904958541    -0.00700126162610922    5.10314269435607e-06    5.39413834021864e-05    0.00190213950030607    0.00221894548039307
272.999999999897    -0.00225328525962721    -0.00670024783404219    6.69625444735637e-06    5.70399195164308e-05    0.00127238358449924    0.00348519705021736
273.499999999896    -0.00535836371913526    -0.00566334266428884    3.05320606172744e-05    4.53330563580615e-05    0.00134907333778758    0.00364137422203586
273.999999999896    -0.00785876915117859    -0.00426374980981216    6.68413312629959e-05    2.38096928448948e-05    0.00225412481719174    0.00237278958279523
274.499999999895    -0.00954195840498307    -0.00239784649801887    9.6157251319405e-05    1.3404694591875e-05    0.00226015068457347    0.00276677190310543
274.999999999895    -0.0102089205816909    -0.000245785856045326    0.000107405591557111    1.51325999214061e-05    0.00178424553070473    0.00388229175029056
275.499999999894    -0.00978279201388977    0.00193510541954347    0.000100387270955589    1.22027691723638e-05    0.0021643131401357    0.00290828750085292
275.999999999894    -0.0083139443006274    0.00387475366025242    7.42044283971909e-05    2.00025991085071e-05    0.00225449740812803    0.00223358079792684
276.499999999894    -0.00598798028359286    0.00534768559129374    3.79308309292499e-05    4.07218501712766e-05    0.00144045931999241    0.00348196912507074
276.999999999893    -0.00303349999508002    0.0064121967307332    1.07978239722615e-05    5.39865866189724e-05    0.00126321088980066    0.00358752278116069
277.499999999893    0.000310575284990495    0.00677894531526527    3.89996520950915e-06    5.04113191634812e-05    0.0019502584961646    0.00211121282113488
277.999999999892    0.00356719122583628    0.00611030874207709    1.51919794516306e-05    4.70925472032335e-05    0.0015707088240496    0.00312356755645364
278.499999999892    0.00633711532176385    0.00491867293821125    4.17161857659699e-05    3.82318067769411e-05    0.00124786023441563    0.0037467937364965
278.999999999891    0.0084276730597291    0.00337208253579732    7.55744342590595e-05    1.96609190362081e-05    0.00213278246836752    0.00287923226016569
279.499999999891    0.00963567315941154    0.00139894402789846    9.91068527785668e-05    6.6940917839225e-06    0.00250213020116116    0.0021764759109004
279.99999999989    0.00979695770099862    -0.000750405464832013    9.99333434643348e-05    1.39706071568012e-05    0.0019882060429389    0.0036616251576522
280.49999999989    0.00891172623193646    -0.00274860207349074    8.32998340563126e-05    1.86594311853528e-05    0.00197001767081621    0.0033323591983691
280.999999999889    0.0071006743727395    -0.0044332584723168    5.54299181665353e-05    2.46938761585036e-05    0.00223837923928358    0.00224501569618898
281.499999999889    0.00454602436614925    -0.00571849357011953    2.36144090939491e-05    4.1262591241624e-05    0.00171699492029721    0.00292599086296002
281.999999999889    0.00144441440981108    -0.00661104828233881    3.00707956251881e-06    5.79104893287451e-05    0.000959555404991772    0.00376888974863025
282.499999999888    -0.00188041857594511    -0.00645916706920938    6.23488039153594e-06    4.87094571919106e-05    0.00164283485803549    0.00264359943333928
282.999999999888    -0.00487907973162828    -0.00545527580096795    2.72285407570631e-05    3.60400304187334e-05    0.00185016802736326    0.00250599208979337
283.499999999887    -0.0072734766028701    -0.00406661821749117    5.53585274125193e-05    2.83479564464675e-05    0.00156686486973846    0.00343665138174306
283.999999999887    -0.00888531104343675    -0.00231544831477349    8.28612806160933e-05    1.65400758306954e-05    0.00197801119245426    0.00334346750130878
284.499999999886    -0.00952794196366337    -0.000210644628361912    9.73297044825897e-05    4.28167303099054e-06    0.0025589111785391    0.00205847076042698
284.999999999886    -0.00908696811502747    0.0019435484904138    8.75587816713386e-05    1.24696911356864e-05    0.00223288874505933    0.00294827244349918
285.499999999885    -0.00764269199847993    0.0037627358280267    6.1081571911755e-05    2.68872626099327e-05    0.00163426770393525    0.00356778386374748
285.999999999885    -0.00539124483319048    0.00518175855485231    3.24311789338359e-05    3.41694839173229e-05    0.00183457299730288    0.00270533957139169
286.499999999884    -0.0025239765088543    0.00621145524117547    9.65329582668666e-06    4.40816159102145e-05    0.00181186048288447    0.00234508841988702
286.999999999884    0.00070464996892884    0.00651256721791028    1.53820665455184e-06    5.56143105159489e-05    0.00102062484578831    0.00363328759502317
287.499999999884    0.00377103541286768    0.00564342507391082    1.61464613204944e-05    4.27862768120469e-05    0.0013877151131959    0.00330726930370079
287.999999999883    0.00628791823443458    0.00436517538233205    4.42072463625592e-05    2.37087588503294e-05    0.00216086340142646    0.00215731377685576
288.499999999883    0.0080753530909256    0.00272899136338406    6.95152045377635e-05    1.69020685489291e-05    0.00207457875113042    0.00307484547376031
288.999999999882    0.00897186550305594    0.000822827727025804    8.44880585850692e-05    1.40842109264334e-05    0.00199842137201941    0.00366157963972805
289.499999999882    0.00887694726160237    -0.00120663869346729    8.50945786677248e-05    7.78360789988082e-06    0.00250886149128542    0.00251547827724836
289.999999999881    0.00778660806700245    -0.00310580817261737    6.6332521438375e-05    1.52081377302583e-05    0.00238773035522594    0.00235840906654496
290.499999999881    0.00583748355235995    -0.00462086022744463    3.61746433176708e-05    3.46681073625183e-05    0.00144859555901498    0.00364907633805305
290.99999999988    0.0032243197282058    -0.00578019382751167    1.23015254153584e-05    4.39039502559405e-05    0.00138032159501374    0.00323933782930038
291.49999999988    0.000147305238873552    -0.00636806451034055    3.34269396876587e-06    4.54581765759561e-05    0.0018223597711117    0.00221493362611552
291.999999999879    -0.00295255510031433    -0.0058544910113272    1.05896796676024e-05    4.43915539952512e-05    0.00136824634010482    0.0031806428585335
292.499999999879    -0.00559348093581285    -0.0046535944191159    3.30424063107616e-05    3.35972126155742e-05    0.00132490653687715    0.0034556145036661
292.999999999879    -0.00754904485207966    -0.00310147911048684    6.15860949165796e-05    1.47516719178359e-05    0.00214429865873882    0.00226550198522306
293.499999999878    -0.00863172216002516    -0.00118243199207149    7.96071422408279e-05    8.11201248755013e-06    0.00225843193232792    0.00259111309511491
293.999999999878    -0.00871062541160705    0.000862440094376853    7.97516271798673e-05    1.23329243031652e-05    0.00196891648338186    0.00340427986316878
294.499999999877    -0.00779281189698194    0.00276974984847371    6.53099717287824e-05    1.58767931986601e-05    0.00214057339678861    0.00286448581346459
294.999999999877    -0.00599275806721225    0.00436709039934842    4.05742883571505e-05    2.38886501127633e-05    0.00215896713847456    0.00219480558516743
295.499999999876    -0.00349158067874067    0.00557646484146815    1.41807863660332e-05    4.17148201299597e-05    0.00141054979702175    0.00325850579281813
295.999999999876    -0.000484883942770424    0.00632358141512666    1.34829478845745e-06    5.11340361012854e-05    0.00105507457106162    0.00333861560943306
296.499999999875    0.00261461796473683    0.00588819402275247    9.42072433834965e-06    4.12783214756591e-05    0.00160763715956838    0.00257050435247273
296.999999999875    0.00529211029429569    0.00474603053483603    3.12029416925323e-05    2.88370972602736e-05    0.0017878787222689    0.00251242739649876
297.499999999874    0.00729928307704266    0.00322771996752549    5.62940273085007e-05    2.01196490406034e-05    0.00173622978597284    0.00311471874361725
297.999999999874    0.00846520357670231    0.00138473118488456    7.59702478221394e-05    9.1061774825886e-06    0.00207619272398443    0.00268117456130644
298.499999999874    0.00864844163708644    -0.000663323021875844    7.99602220074043e-05    5.70522307138133e-06    0.00227259306901038    0.00229460794909083
298.999999999873    0.00781922220672395    -0.0026106577579188    6.50396667311612e-05    1.42931141332457e-05    0.00197469765104337    0.00273451644797834
299.499999999873    0.00609456549926183    -0.00422611689549489    3.9730220313877e-05    2.72168295072384e-05    0.00160825734541595    0.00305888304661213
