1:binCentralValue 2:valuesAverage 3:multiplicity
0.5 0 18
1 0 62
1.5 0 98
2 0 210
2.5 0 350
3 0 450
3.5 0 602
4 0 762
4.5 0 1142
5 0 1250
5.5 0 1458
6 0 1814
6.5 0 2178
7 0 2498
7.5 0 2622
8 0 3338
8.5 0 3722
9 0 4170
9.5 0 4358
10 0 5034
10.5 0 5714
11 0 5982
11.5 0 6602
12 0 7130
12.5 0 8034
13 0 8606
13.5 0 9066
14 0 9962
14.5 0 10550
15 0 11226
15.5 0 12146
16 0 12303
16.5 0 12584
17 0 12120
17.5 0 11180
18 0 11096
18.5 0 10056
19 0 9716
19.5 0 8604
20 0 8060
20.5 0 7320
21 0 6356
21.5 0 5348
22 0 4308
22.5 0 3563
23 0 2448
23.5 0 1868
24 0 1358
24.5 0 1062
25 0 776
25.5 0 432
26 0 200
26.5 0 168
27 0 56
27.5 0 7

0.5 5.156454669453599e-16 18
1 6.249455749084919e-16 62
1.5 1.510496208264452e-14 98
2 8.380335399279782e-15 210
2.5 8.158806722740571e-15 350
3 1.588178350955514e-14 450
3.5 3.893989591318349e-14 602
4 2.209996727661456e-14 762
4.5 2.208976739360176e-14 1142
5 3.818978693121364e-14 1250
5.5 4.678152562298893e-14 1458
6 4.755625674576349e-14 1814
6.5 5.452926862692475e-14 2178
7 5.755435016836652e-14 2498
7.5 7.091662414275009e-14 2622
8 8.423971262785108e-14 3338
8.5 9.462460721766522e-14 3722
9 1.086532760966202e-13 4170
9.5 1.150856656643768e-13 4358
10 1.281871766279294e-13 5034
10.5 1.526459849000095e-13 5714
11 1.63720680300837e-13 5982
11.5 1.899978794973251e-13 6602
12 2.014695310789988e-13 7130
12.5 2.357210879068949e-13 8034
13 2.731328930689875e-13 8606
13.5 2.912760502384899e-13 9066
14 3.470922446133162e-13 9962
14.5 3.583079904865154e-13 10550
15 4.122003172514078e-13 11226
15.5 4.600235483996057e-13 12146
16 4.61970120332964e-13 12303
16.5 4.929135976006647e-13 12584
17 4.683224159957995e-13 12120
17.5 4.548915003652006e-13 11180
18 4.623603223245569e-13 11096
18.5 4.322841788382049e-13 10056
19 4.404039816640954e-13 9716
19.5 3.925467678444906e-13 8604
20 3.656435362573214e-13 8060
20.5 3.386522943465944e-13 7320
21 3.206025637888441e-13 6356
21.5 2.854528939909174e-13 5348
22 2.349684398819774e-13 4308
22.5 1.910684097476395e-13 3563
23 1.531106541422387e-13 2448
23.5 9.932994732909701e-14 1868
24 5.845979804352529e-14 1358
24.5 4.091489568183828e-14 1062
25 2.233018533144786e-14 776
25.5 1.26720296045291e-14 432
26 4.552561024448354e-15 200
26.5 4.862953686830909e-15 168
27 1.942548111723087e-15 56
27.5 3.43860011034584e-16 7

0.5 2.927576176800214e-16 18
1 2.117987634889796e-15 62
1.5 7.842989701762138e-15 98
2 1.082756582608482e-14 210
2.5 8.289097045413004e-15 350
3 1.969576351763118e-14 450
3.5 3.461324796697301e-14 602
4 2.361969889563245e-14 762
4.5 2.591178028129023e-14 1142
5 3.849256997231306e-14 1250
5.5 4.950455104578522e-14 1458
6 4.37651207245148e-14 1814
6.5 5.358531162949788e-14 2178
7 6.593635842621154e-14 2498
7.5 7.013457487000262e-14 2622
8 8.412055234816501e-14 3338
8.5 8.942569604648313e-14 3722
9 9.966731815799326e-14 4170
9.5 1.073138895645644e-13 4358
10 1.251609140599607e-13 5034
10.5 1.484931316232563e-13 5714
11 1.534283468657396e-13 5982
11.5 1.818664702635031e-13 6602
12 1.77797025800783e-13 7130
12.5 2.325499655649133e-13 8034
13 2.656691273137374e-13 8606
13.5 2.677582147690234e-13 9066
14 3.329560126405425e-13 9962
14.5 3.456404984439864e-13 10550
15 3.797774273531062e-13 11226
15.5 4.547373636562938e-13 12146
16 4.818687244248052e-13 12303
16.5 4.744968355040978e-13 12584
17 4.356620829328314e-13 12120
17.5 4.466435622735994e-13 11180
18 4.126996008067578e-13 11096
18.5 4.375562539972138e-13 10056
19 4.590572704730775e-13 9716
19.5 4.091028108789658e-13 8604
20 3.658662230043088e-13 8060
20.5 3.286402772608062e-13 7320
21 3.11152720440163e-13 6356
21.5 2.726413021249127e-13 5348
22 2.384665634638827e-13 4308
22.5 2.052063119911514e-13 3563
23 1.452243183526004e-13 2448
23.5 9.818796943497417e-14 1868
24 6.493999717508705e-14 1358
24.5 3.380773704408527e-14 1062
25 2.432973141757263e-14 776
25.5 1.056791216853824e-14 432
26 3.969773086546246e-15 200
26.5 3.31175160560748e-15 168
27 1.343992659232234e-15 56
27.5 2.043868646595042e-16 7

0.5 1.523144195462927e-16 18
1 3.577165434915097e-15 62
1.5 9.701107857882969e-15 98
2 1.153257263930255e-14 210
2.5 9.16322977792469e-15 350
3 1.915156143761295e-14 450
3.5 3.498528279118099e-14 602
4 1.700490596768313e-14 762
4.5 2.931147735508621e-14 1142
5 3.55303096457114e-14 1250
5.5 4.770970852803281e-14 1458
6 4.162120949284158e-14 1814
6.5 5.010804242545262e-14 2178
7 6.189136966988233e-14 2498
7.5 7.321808631479373e-14 2622
8 8.84259028572099e-14 3338
8.5 9.513018273636413e-14 3722
9 1.042017579336694e-13 4170
9.5 1.143143077856855e-13 4358
10 1.292918231146609e-13 5034
10.5 1.47199034657646e-13 5714
11 1.568787121546706e-13 5982
11.5 1.762007838031207e-13 6602
12 2.034692060568968e-13 7130
12.5 2.369821062900858e-13 8034
13 2.664418757341198e-13 8606
13.5 2.960159827638835e-13 9066
14 3.189656814620319e-13 9962
14.5 3.534749904530547e-13 10550
15 4.013592203884344e-13 11226
15.5 4.631463442589294e-13 12146
16 4.497893625098403e-13 12303
16.5 4.762177520861672e-13 12584
17 4.80001334950559e-13 12120
17.5 4.38764013764417e-13 11180
18 4.786102594485287e-13 11096
18.5 4.490100476408937e-13 10056
19 4.387167175696109e-13 9716
19.5 3.906845967078319e-13 8604
20 3.868131869001663e-13 8060
20.5 3.523933183833234e-13 7320
21 3.176178710976433e-13 6356
21.5 2.704419930451536e-13 5348
22 2.479943896258453e-13 4308
22.5 2.154127623198426e-13 3563
23 1.361651206838635e-13 2448
23.5 9.205865883681436e-14 1868
24 6.866860239554657e-14 1358
24.5 3.523992234080699e-14 1062
25 2.01594701842405e-14 776
25.5 1.153733189678834e-14 432
26 4.796875209295637e-15 200
26.5 4.558979833413901e-15 168
27 1.623627675448032e-15 56
27.5 2.407972037279207e-16 7

0.5 5.188577976554698e-16 18
1 7.668581177591608e-15 62
1.5 2.109481427286668e-14 98
2 2.040400362184431e-14 210
2.5 1.813411055807073e-14 350
3 1.818623923671055e-14 450
3.5 3.031020887484306e-14 602
4 2.554914694570387e-14 762
4.5 2.952028145890189e-14 1142
5 3.590189578596866e-14 1250
5.5 4.996569098356877e-14 1458
6 4.743440427505047e-14 1814
6.5 5.116297691587823e-14 2178
7 7.177692024066278e-14 2498
7.5 7.030052584018098e-14 2622
8 8.274713717236875e-14 3338
8.5 9.612519841019983e-14 3722
9 1.08403765448155e-13 4170
9.5 1.04550326834448e-13 4358
10 1.295500588458555e-13 5034
10.5 1.490378229185522e-13 5714
11 1.510728577797775e-13 5982
11.5 1.743665689530708e-13 6602
12 1.923011988593848e-13 7130
12.5 2.267881499605437e-13 8034
13 2.727888125869662e-13 8606
13.5 3.041852214318839e-13 9066
14 3.503943583790358e-13 9962
14.5 3.760048233248194e-13 10550
15 4.312089592069685e-13 11226
15.5 4.95298254367505e-13 12146
16 4.921611014616913e-13 12303
16.5 5.470390729412654e-13 12584
17 5.216519298444018e-13 12120
17.5 5.034799107882818e-13 11180
18 4.987053743159635e-13 11096
18.5 5.054910555775517e-13 10056
19 4.83804546284713e-13 9716
19.5 4.49718840837123e-13 8604
20 3.981634106572513e-13 8060
20.5 3.474783587912186e-13 7320
21 3.210232243873509e-13 6356
21.5 2.877908359942031e-13 5348
22 2.53583488938336e-13 4308
22.5 2.29920268768168e-13 3563
23 1.453658797994621e-13 2448
23.5 9.199684216732546e-14 1868
24 6.208484772308504e-14 1358
24.5 3.562268498902363e-14 1062
25 2.771053954923427e-14 776
25.5 1.346963273392247e-14 432
26 5.800280788005689e-15 200
26.5 4.990060527937382e-15 168
27 1.241059823657656e-15 56
27.5 1.172783151866793e-16 7

0.5 2.254872859292553e-12 18
1 2.373889052075025e-11 62
1.5 1.159579014622152e-11 98
2 3.133178994101742e-11 210
2.5 3.483850832406338e-11 350
3 2.05434315959293e-11 450
3.5 2.108664758167391e-11 602
4 1.276080192979457e-11 762
4.5 1.513401142959831e-11 1142
5 1.220612633882614e-11 1250
5.5 1.352887368875759e-11 1458
6 1.279882361129143e-11 1814
6.5 1.193767611452541e-11 2178
7 8.7224448082928e-12 2498
7.5 8.5359296499489e-12 2622
8 8.245860212059814e-12 3338
8.5 9.47085547519387e-12 3722
9 9.877639065693576e-12 4170
9.5 8.185286460221822e-12 4358
10 1.095975991482281e-11 5034
10.5 9.781360291729314e-12 5714
11 1.037500772463353e-11 5982
11.5 1.184151245180698e-11 6602
12 1.646144089433878e-11 7130
12.5 1.709346983160235e-11 8034
13 1.823807976016669e-11 8606
13.5 2.109990352986075e-11 9066
14 2.560384176167436e-11 9962
14.5 2.929927826949462e-11 10550
15 3.35201427818119e-11 11226
15.5 3.776867960799567e-11 12146
16 4.308929522172739e-11 12303
16.5 4.249077755448367e-11 12584
17 3.960050090794482e-11 12120
17.5 3.582176271032656e-11 11180
18 3.747933963648158e-11 11096
18.5 3.512434692338061e-11 10056
19 3.238316572845093e-11 9716
19.5 2.875037151551015e-11 8604
20 2.771185711348656e-11 8060
20.5 2.765367957459146e-11 7320
21 2.380208014035016e-11 6356
21.5 2.101403781377889e-11 5348
22 1.732880294037898e-11 4308
22.5 1.474422623273295e-11 3563
23 7.909037330617388e-12 2448
23.5 5.285248372071385e-12 1868
24 3.847645285612123e-12 1358
24.5 4.725258190045087e-12 1062
25 3.571139446200765e-12 776
25.5 1.613740529449012e-12 432
26 5.214036856763402e-13 200
26.5 2.096821859435044e-13 168
27 3.528332648800652e-14 56
27.5 4.952198454625728e-15 7

0.5 4.85233823472339e-11 18
1 6.026967014397962e-10 62
1.5 4.640268816035755e-10 98
2 7.862917209548096e-10 210
2.5 1.752460076403775e-09 350
3 5.998647164458564e-10 450
3.5 8.193612522121901e-10 602
4 4.844837120976855e-10 762
4.5 5.708868608881301e-10 1142
5 3.824681379052268e-10 1250
5.5 2.55091588654671e-10 1458
6 3.192348720904921e-10 1814
6.5 2.824026548788431e-10 2178
7 2.471507816329214e-10 2498
7.5 2.184582008295913e-10 2622
8 2.615601157833227e-10 3338
8.5 2.271033714059187e-10 3722
9 2.331414909468071e-10 4170
9.5 2.29775231941183e-10 4358
10 2.377405557208402e-10 5034
10.5 2.698000053003626e-10 5714
11 2.57071423015193e-10 5982
11.5 2.967554213909992e-10 6602
12 3.308894523502186e-10 7130
12.5 3.87281102031099e-10 8034
13 4.270187156062507e-10 8606
13.5 4.530027340898181e-10 9066
14 5.456086839877139e-10 9962
14.5 6.166894086277281e-10 10550
15 6.847419553163734e-10 11226
15.5 7.621759902556964e-10 12146
16 8.183197557756926e-10 12303
16.5 8.235265790170212e-10 12584
17 7.809316035792288e-10 12120
17.5 7.614596075880492e-10 11180
18 8.079953211051784e-10 11096
18.5 7.669051152498705e-10 10056
19 8.103978261603919e-10 9716
19.5 7.629904270197651e-10 8604
20 7.690466426506888e-10 8060
20.5 7.383981218425677e-10 7320
21 6.97576833199548e-10 6356
21.5 6.285814378415129e-10 5348
22 5.657781848728198e-10 4308
22.5 5.128965768772389e-10 3563
23 3.547183640458637e-10 2448
23.5 3.039904480139607e-10 1868
24 1.999546227004571e-10 1358
24.5 1.587271289395113e-10 1062
25 1.21439135118898e-10 776
25.5 7.163951156050194e-11 432
26 2.873902173016902e-11 200
26.5 2.792320160237126e-11 168
27 7.430640477231007e-12 56
27.5 4.407233264618706e-13 7

0.5 1.460228864041119e-10 18
1 3.41777229504356e-09 62
1.5 1.335609824285687e-09 98
2 2.676412608603186e-09 210
2.5 1.109992632909205e-08 350
3 1.440760087983421e-09 450
3.5 4.59939929401048e-09 602
4 2.751215424830678e-09 762
4.5 1.371614053574845e-09 1142
5 2.212282969551941e-09 1250
5.5 7.708604782860233e-10 1458
6 9.824248661867065e-10 1814
6.5 9.953108774724919e-10 2178
7 8.019719692310144e-10 2498
7.5 7.214072427352808e-10 2622
8 7.863384802576712e-10 3338
8.5 7.12347416074985e-10 3722
9 7.048198268464427e-10 4170
9.5 6.970984814851205e-10 4358
10 7.360624032094625e-10 5034
10.5 8.193247392102072e-10 5714
11 8.449055982087985e-10 5982
11.5 9.488867602758727e-10 6602
12 1.052384247666354e-09 7130
12.5 1.212387515257251e-09 8034
13 1.380276730321807e-09 8606
13.5 1.465948874759097e-09 9066
14 1.681421702357646e-09 9962
14.5 1.966193169509222e-09 10550
15 2.180778898032792e-09 11226
15.5 2.51344667599246e-09 12146
16 2.590075012561269e-09 12303
16.5 2.669394755967105e-09 12584
17 2.577336173679853e-09 12120
17.5 2.43273173025101e-09 11180
18 2.506438084531432e-09 11096
18.5 2.432688649277211e-09 10056
19 2.472507409252321e-09 9716
19.5 2.362329484702895e-09 8604
20 2.400187939928989e-09 8060
20.5 2.301246204802395e-09 7320
21 2.167988590037158e-09 6356
21.5 2.021201525508077e-09 5348
22 1.691951510765349e-09 4308
22.5 1.517134310495026e-09 3563
23 1.065145867029612e-09 2448
23.5 8.683636546895797e-10 1868
24 6.639106348159226e-10 1358
24.5 5.33478880301737e-10 1062
25 4.058979356317641e-10 776
25.5 2.270311527758182e-10 432
26 1.096539696717089e-10 200
26.5 8.889850539049005e-11 168
27 3.444162255109066e-11 56
27.5 3.352072249965231e-12 7

0.5 3.076728689957081e-10 18
1 1.215557891918641e-08 62
1.5 1.874371470835977e-09 98
2 5.429388446054344e-09 210
2.5 4.257497623174652e-08 350
3 2.922673184597478e-09 450
3.5 1.136746311937652e-08 602
4 6.179251134179852e-09 762
4.5 2.360725786460379e-09 1142
5 4.556186141586658e-09 1250
5.5 1.50470013685088e-09 1458
6 1.525511675457483e-09 1814
6.5 1.918071280154689e-09 2178
7 1.270239954784932e-09 2498
7.5 1.23707354558497e-09 2622
8 1.31683818751131e-09 3338
8.5 1.27397210207254e-09 3722
9 1.239969656814704e-09 4170
9.5 1.23958260846499e-09 4358
10 1.343510316092327e-09 5034
10.5 1.447894662172718e-09 5714
11 1.520476828198981e-09 5982
11.5 1.685212713657277e-09 6602
12 1.859664500109661e-09 7130
12.5 2.152301863074368e-09 8034
13 2.428845253835421e-09 8606
13.5 2.658992518755476e-09 9066
14 3.095492439738638e-09 9962
14.5 3.522632080321794e-09 10550
15 3.901339435915696e-09 11226
15.5 4.503983921678696e-09 12146
16 4.775104696907461e-09 12303
16.5 4.801373970654876e-09 12584
17 4.624148666827087e-09 12120
17.5 4.387339521813425e-09 11180
18 4.394924685677536e-09 11096
18.5 4.158920363283313e-09 10056
19 4.233127793771794e-09 9716
19.5 3.957471633020384e-09 8604
20 3.976175063208862e-09 8060
20.5 3.800146659648743e-09 7320
21 3.673108568312286e-09 6356
21.5 3.316244842884933e-09 5348
22 2.709368396259858e-09 4308
22.5 2.385797068411287e-09 3563
23 1.713041901115261e-09 2448
23.5 1.335348376133832e-09 1868
24 9.995545616405607e-10 1358
24.5 8.647352219825495e-10 1062
25 5.74595010375916e-10 776
25.5 3.460961057409636e-10 432
26 1.608187491274012e-10 200
26.5 1.364628333138911e-10 168
27 4.339090165356256e-11 56
27.5 4.04262533787989e-12 7

0.5 2.395181888381846e-10 18
1 2.008040360786166e-08 62
1.5 2.853125490278199e-09 98
2 9.218014304324288e-09 210
2.5 8.239211254900811e-08 350
3 5.573104717557858e-09 450
3.5 2.336629112695545e-08 602
4 1.062656790693761e-08 762
4.5 3.328886045954313e-09 1142
5 7.698368512287608e-09 1250
5.5 2.181691731623724e-09 1458
6 2.20343422205391e-09 1814
6.5 2.935836840229757e-09 2178
7 1.919125458072139e-09 2498
7.5 1.77600498012693e-09 2622
8 2.039570270711748e-09 3338
8.5 1.859537600435797e-09 3722
9 1.859596505112501e-09 4170
9.5 1.852785200080293e-09 4358
10 2.013587950366288e-09 5034
10.5 2.220889841333305e-09 5714
11 2.284721289245609e-09 5982
11.5 2.630509448322908e-09 6602
12 2.875654454441325e-09 7130
12.5 3.337536211130192e-09 8034
13 3.641480285365761e-09 8606
13.5 4.049923854669075e-09 9066
14 4.637622270252553e-09 9962
14.5 5.263932544232482e-09 10550
15 5.904143201721301e-09 11226
15.5 6.871978769419575e-09 12146
16 7.262356491661331e-09 12303
16.5 7.271304469097922e-09 12584
17 7.122922250499293e-09 12120
17.5 6.548870535319437e-09 11180
18 6.563635169572955e-09 11096
18.5 6.135176706316787e-09 10056
19 6.230686731939728e-09 9716
19.5 5.791954164945418e-09 8604
20 5.731122175131661e-09 8060
20.5 5.444350660502622e-09 7320
21 5.094442450902907e-09 6356
21.5 4.491881469544763e-09 5348
22 3.905876109033217e-09 4308
22.5 3.272323937584901e-09 3563
23 2.404817934709497e-09 2448
23.5 1.949767518903841e-09 1868
24 1.379692859533602e-09 1358
24.5 1.134379833139108e-09 1062
25 8.53393863105479e-10 776
25.5 4.693284822916972e-10 432
26 2.150269120749378e-10 200
26.5 1.768432611179322e-10 168
27 6.009461091142961e-11 56
27.5 1.08069761444019e-11 7

0.5 2.677548000320022e-10 18
1 3.931701783066048e-08 62
1.5 4.117308930686658e-09 98
2 8.930380656776054e-09 210
2.5 1.120255770765495e-07 350
3 8.072220584286232e-09 450
3.5 3.877809827128656e-08 602
4 1.281671495711284e-08 762
4.5 4.805748904118047e-09 1142
5 1.067140221490863e-08 1250
5.5 2.956771722623891e-09 1458
6 2.939268475503951e-09 1814
6.5 4.326823802002672e-09 2178
7 2.549749964251786e-09 2498
7.5 2.353275705379904e-09 2622
8 2.868565035753114e-09 3338
8.5 2.666055323457155e-09 3722
9 2.708734198694296e-09 4170
9.5 2.573589215095555e-09 4358
10 2.939036469513675e-09 5034
10.5 3.174818948281577e-09 5714
11 3.370568576776438e-09 5982
11.5 3.678923303368608e-09 6602
12 4.084541566535199e-09 7130
12.5 4.791718362900659e-09 8034
13 5.174304898421844e-09 8606
13.5 5.83718985579658e-09 9066
14 6.565552836002448e-09 9962
14.5 7.388121942784345e-09 10550
15 8.393813833302418e-09 11226
15.5 9.400030367743938e-09 12146
16 1.017843196366447e-08 12303
16.5 1.022481356951844e-08 12584
17 1.008338170260768e-08 12120
17.5 9.261052506992222e-09 11180
18 9.036592999346876e-09 11096
18.5 8.583427526323447e-09 10056
19 8.442447196388674e-09 9716
19.5 7.846129722990661e-09 8604
20 7.651630207448144e-09 8060
20.5 7.131039615388177e-09 7320
21 6.651278515238261e-09 6356
21.5 5.929604637048398e-09 5348
22 5.083059778059005e-09 4308
22.5 4.389325675363395e-09 3563
23 3.026409683614722e-09 2448
23.5 2.355116266197247e-09 1868
24 1.719391508020738e-09 1358
24.5 1.443884600106037e-09 1062
25 9.648199315435354e-10 776
25.5 5.85674000680594e-10 432
26 2.791916227524166e-10 200
26.5 2.139120416821231e-10 168
27 9.095994770501167e-11 56
27.5 1.337115843273156e-11 7

0.5 6.698404394182967e-10 18
1 8.642961547038905e-08 62
1.5 1.051066732297034e-08 98
2 1.284194848124747e-08 210
2.5 1.74678513020054e-07 350
3 1.512794058239119e-08 450
3.5 6.152889390658961e-08 602
4 2.122249842775864e-08 762
4.5 6.364477815083818e-09 1142
5 1.551600910041496e-08 1250
5.5 3.734231806016248e-09 1458
6 3.884670616237787e-09 1814
6.5 5.498174337665455e-09 2178
7 3.413568560333171e-09 2498
7.5 3.048388144654384e-09 2622
8 3.918168819958434e-09 3338
8.5 3.534284058057319e-09 3722
9 3.594364427520823e-09 4170
9.5 3.563230352980513e-09 4358
10 3.941261767246182e-09 5034
10.5 4.412108539608876e-09 5714
11 4.700703171669365e-09 5982
11.5 5.04595572405847e-09 6602
12 5.738783844135865e-09 7130
12.5 6.608320555582161e-09 8034
13 7.339130042876085e-09 8606
13.5 8.129373390068712e-09 9066
14 8.935959681034643e-09 9962
14.5 1.027454882172395e-08 10550
15 1.148583583915461e-08 11226
15.5 1.296713378320524e-08 12146
16 1.373245402809847e-08 12303
16.5 1.412393202051e-08 12584
17 1.366181522570046e-08 12120
17.5 1.256442206662301e-08 11180
18 1.21729194126601e-08 11096
18.5 1.13658827900174e-08 10056
19 1.11879640475885e-08 9716
19.5 1.010728865036842e-08 8604
20 9.925860177235616e-09 8060
20.5 9.409958769723831e-09 7320
21 8.555261671144165e-09 6356
21.5 7.495843864523568e-09 5348
22 6.34661917483275e-09 4308
22.5 5.425973658669304e-09 3563
23 3.723757436121814e-09 2448
23.5 2.984222206762127e-09 1868
24 2.132705944773021e-09 1358
24.5 1.698123030928621e-09 1062
25 1.205403147226831e-09 776
25.5 6.702455999165269e-10 432
26 3.29488770195554e-10 200
26.5 2.29956504294888e-10 168
27 1.13715924076969e-10 56
27.5 1.496953543181456e-11 7

0.5 1.492393144901899e-09 18
1 1.37495651051576e-07 62
1.5 1.173589426289242e-08 98
2 3.421627730956334e-08 210
2.5 4.294663372827113e-07 350
3 2.362331452251793e-08 450
3.5 9.242442114048838e-08 602
4 3.046774216415282e-08 762
4.5 7.624315191571996e-09 1142
5 1.978964396511252e-08 1250
5.5 4.837360287069121e-09 1458
6 4.852926045429969e-09 1814
6.5 7.074869515427423e-09 2178
7 4.47583139205865e-09 2498
7.5 4.031878102781266e-09 2622
8 5.27771213712632e-09 3338
8.5 4.631816802395143e-09 3722
9 4.806167485046633e-09 4170
9.5 4.829740340610134e-09 4358
10 5.332298514298649e-09 5034
10.5 5.703958893573821e-09 5714
11 6.056214525407439e-09 5982
11.5 6.798385251420786e-09 6602
12 7.494463670517388e-09 7130
12.5 8.605978183661266e-09 8034
13 9.761987714704649e-09 8606
13.5 1.055258066372451e-08 9066
14 1.213269091811294e-08 9962
14.5 1.338830323927165e-08 10550
15 1.539833638092845e-08 11226
15.5 1.713938188353242e-08 12146
16 1.801508398355587e-08 12303
16.5 1.875047229695897e-08 12584
17 1.799694250392166e-08 12120
17.5 1.625062483126631e-08 11180
18 1.587008338402375e-08 11096
18.5 1.434670119660794e-08 10056
19 1.419905727969039e-08 9716
19.5 1.286040459008282e-08 8604
20 1.251343128396887e-08 8060
20.5 1.165439120506704e-08 7320
21 1.059568225694671e-08 6356
21.5 9.400310895314562e-09 5348
22 7.81018647086741e-09 4308
22.5 6.748633369126973e-09 3563
23 4.611843446341833e-09 2448
23.5 3.449269134070792e-09 1868
24 2.433667742652391e-09 1358
24.5 2.008021853374279e-09 1062
25 1.412338132383202e-09 776
25.5 8.268107915407596e-10 432
26 3.963477916799369e-10 200
26.5 2.938431488702272e-10 168
27 1.394964231801109e-10 56
27.5 1.031004920218565e-11 7

0.5 2.428896986852425e-09 18
1 1.838982168356521e-07 62
1.5 1.337308747422708e-08 98
2 5.849734367317704e-08 210
2.5 1.019569635104132e-06 350
3 2.979156286880723e-08 450
3.5 1.43468984869965e-07 602
4 3.313040391720581e-08 762
4.5 8.997640288284358e-09 1142
5 2.474050484812403e-08 1250
5.5 5.505215379013258e-09 1458
6 5.704818855436811e-09 1814
6.5 8.613097507232813e-09 2178
7 5.245978748978421e-09 2498
7.5 4.960276382958274e-09 2622
8 6.136495181992199e-09 3338
8.5 5.54877516815645e-09 3722
9 5.69804423991142e-09 4170
9.5 5.970322513492122e-09 4358
10 6.586788253629816e-09 5034
10.5 7.027151274814741e-09 5714
11 7.613549286661464e-09 5982
11.5 8.470993751989312e-09 6602
12 9.300609856862441e-09 7130
12.5 1.095308139936105e-08 8034
13 1.220150552661954e-08 8606
13.5 1.342097665455295e-08 9066
14 1.527784939311824e-08 9962
14.5 1.70703612218684e-08 10550
15 1.882155386358342e-08 11226
15.5 2.078882734405461e-08 12146
16 2.219903945466333e-08 12303
16.5 2.298748743516749e-08 12584
17 2.216133192476354e-08 12120
17.5 2.014753099854372e-08 11180
18 1.951741066828476e-08 11096
18.5 1.769101028331556e-08 10056
19 1.752271057114437e-08 9716
19.5 1.564800788769185e-08 8604
20 1.496847129109191e-08 8060
20.5 1.40759183857052e-08 7320
21 1.285556001549204e-08 6356
21.5 1.07558222434057e-08 5348
22 9.30439489008369e-09 4308
22.5 7.742659172649449e-09 3563
23 5.346321829631386e-09 2448
23.5 3.991113135921047e-09 1868
24 2.852725351627321e-09 1358
24.5 2.445987714114517e-09 1062
25 1.59888274025508e-09 776
25.5 9.748096274576096e-10 432
26 4.501628111857996e-10 200
26.5 3.600231112764387e-10 168
27 1.422353263783905e-10 56
27.5 6.376285287878924e-12 7

0.5 4.241372277039603e-09 18
1 2.206352424360364e-07 62
1.5 2.638910017670445e-08 98
2 4.083713141740117e-08 210
2.5 1.253808452859033e-06 350
3 3.849105812117988e-08 450
3.5 1.34898990599053e-07 602
4 3.496023094218587e-08 762
4.5 1.022254857023379e-08 1142
5 2.743791654506729e-08 1250
5.5 6.205561296981703e-09 1458
6 6.418330554816076e-09 1814
6.5 9.983643233401615e-09 2178
7 5.80171855531139e-09 2498
7.5 5.518162057759837e-09 2622
8 7.282155354017019e-09 3338
8.5 6.573280953689693e-09 3722
9 6.809124526681759e-09 4170
9.5 7.049759367343474e-09 4358
10 7.895670857160322e-09 5034
10.5 8.294737776308136e-09 5714
11 8.939625816628353e-09 5982
11.5 9.843499450063462e-09 6602
12 1.103492296522015e-08 7130
12.5 1.296821762328676e-08 8034
13 1.467410401225486e-08 8606
13.5 1.593499927136245e-08 9066
14 1.811059666599744e-08 9962
14.5 2.02440143885735e-08 10550
15 2.232573105093167e-08 11226
15.5 2.511024449851507e-08 12146
16 2.623062231928679e-08 12303
16.5 2.749838807365704e-08 12584
17 2.663765698714761e-08 12120
17.5 2.409016880232874e-08 11180
18 2.276146274883208e-08 11096
18.5 2.078051078054782e-08 10056
19 2.027819416580509e-08 9716
19.5 1.839799693195596e-08 8604
20 1.709798336083688e-08 8060
20.5 1.638112080538041e-08 7320
21 1.484165295593054e-08 6356
21.5 1.252017537244895e-08 5348
22 1.06069565740659e-08 4308
22.5 8.505515786921697e-09 3563
23 5.744867770713079e-09 2448
23.5 4.558139532895513e-09 1868
24 3.246396095751561e-09 1358
24.5 2.456822780102031e-09 1062
25 1.83273411488674e-09 776
25.5 1.041649525746865e-09 432
26 5.172139450577856e-10 200
26.5 3.812695348994322e-10 168
27 1.42022306850087e-10 56
27.5 6.414519105062906e-12 7

0.5 1.815119554770026e-09 18
1 3.29433479939291e-07 62
1.5 1.263625832575047e-07 98
2 2.255639454431237e-07 210
2.5 5.505290340357134e-07 350
3 3.673025403220937e-08 450
3.5 2.061381285433083e-07 602
4 2.856534572786204e-08 762
4.5 1.281668092904876e-08 1142
5 3.200594626391508e-08 1250
5.5 6.713553246029065e-09 1458
6 7.389146687588359e-09 1814
6.5 1.102345822465582e-08 2178
7 6.610968711067362e-09 2498
7.5 6.52399609663952e-09 2622
8 8.376269910710037e-09 3338
8.5 7.714259228282521e-09 3722
9 7.95420103698181e-09 4170
9.5 8.216267955588309e-09 4358
10 9.099868783021377e-09 5034
10.5 9.886429022256872e-09 5714
11 1.099038097665844e-08 5982
11.5 1.183261331356789e-08 6602
12 1.343740555932891e-08 7130
12.5 1.558836871680459e-08 8034
13 1.779161336240461e-08 8606
13.5 1.978751178731904e-08 9066
14 2.206824198629222e-08 9962
14.5 2.481558798363722e-08 10550
15 2.772371824195304e-08 11226
15.5 3.081048257412644e-08 12146
16 3.253156098305935e-08 12303
16.5 3.32838629473784e-08 12584
17 3.249211274646015e-08 12120
17.5 2.965100075596979e-08 11180
18 2.768627754006115e-08 11096
18.5 2.495766262613239e-08 10056
19 2.451419131183162e-08 9716
19.5 2.241941961673536e-08 8604
20 2.057414997514081e-08 8060
20.5 1.944085833138587e-08 7320
21 1.707557948250834e-08 6356
21.5 1.476780564593257e-08 5348
22 1.246135075457004e-08 4308
22.5 1.015863307376841e-08 3563
23 6.823860814924541e-09 2448
23.5 5.218673074563472e-09 1868
24 3.762199611028888e-09 1358
24.5 2.861681698876068e-09 1062
25 2.050413426394995e-09 776
25.5 1.293190344640631e-09 432
26 6.212968547001933e-10 200
26.5 4.435660823960257e-10 168
27 1.576294685388567e-10 56
27.5 1.723790831655091e-11 7

0.5 1.378685455121296e-09 18
1 5.316680376630835e-07 62
1.5 1.333825216355322e-07 98
2 3.177182793757896e-07 210
2.5 2.857185771456842e-06 350
3 8.038947990666179e-08 450
3.5 2.290801098146929e-07 602
4 3.727081430037874e-08 762
4.5 1.404130824913885e-08 1142
5 3.360936827638881e-08 1250
5.5 8.374078300308374e-09 1458
6 8.722201046394959e-09 1814
6.5 1.311042109462609e-08 2178
7 7.94827341887659e-09 2498
7.5 8.115961022313808e-09 2622
8 1.008346774269701e-08 3338
8.5 9.208961185352495e-09 3722
9 9.565630985979816e-09 4170
9.5 1.011986998337657e-08 4358
10 1.115056163494012e-08 5034
10.5 1.224737802220442e-08 5714
11 1.355707909399907e-08 5982
11.5 1.478315922873228e-08 6602
12 1.665195945849678e-08 7130
12.5 1.961732929613671e-08 8034
13 2.242007593112742e-08 8606
13.5 2.489842684460999e-08 9066
14 2.857010987674503e-08 9962
14.5 3.24848108143395e-08 10550
15 3.608807307921797e-08 11226
15.5 4.068169902026782e-08 12146
16 4.205122641288389e-08 12303
16.5 4.396298175257349e-08 12584
17 4.099253361389379e-08 12120
17.5 3.738674646630967e-08 11180
18 3.52762245900229e-08 11096
18.5 3.224181284242513e-08 10056
19 3.13612792984608e-08 9716
19.5 2.80289643589402e-08 8604
20 2.667694464080114e-08 8060
20.5 2.484111692787666e-08 7320
21 2.238255754663607e-08 6356
21.5 1.910357988544024e-08 5348
22 1.563078620392307e-08 4308
22.5 1.248144818606434e-08 3563
23 8.541533047189818e-09 2448
23.5 6.710980492137207e-09 1868
24 4.562115674712339e-09 1358
24.5 3.784558938092587e-09 1062
25 2.860175038640943e-09 776
25.5 1.529369025501729e-09 432
26 7.062551779736137e-10 200
26.5 6.031055473953727e-10 168
27 2.050933788488072e-10 56
27.5 1.935132022813424e-11 7

0.5 7.117561601896041e-10 18
1 9.20552444314636e-07 62
1.5 6.921331751462932e-08 98
2 1.097621260028986e-07 210
2.5 6.684836004227406e-06 350
3 5.916545054688621e-08 450
3.5 2.452958266941738e-07 602
4 4.06434223727363e-08 762
4.5 1.77375790300466e-08 1142
5 4.122205218231687e-08 1250
5.5 8.716975593011646e-09 1458
6 1.012503107564029e-08 1814
6.5 1.44979309377502e-08 2178
7 9.027340237181482e-09 2498
7.5 9.631361037921081e-09 2622
8 1.160575116550226e-08 3338
8.5 1.058538832706942e-08 3722
9 1.154150785121037e-08 4170
9.5 1.200084940672869e-08 4358
10 1.306694963537518e-08 5034
10.5 1.454115009274969e-08 5714
11 1.624635369347491e-08 5982
11.5 1.745369267860536e-08 6602
12 2.001912216279202e-08 7130
12.5 2.357128906113503e-08 8034
13 2.662881194816322e-08 8606
13.5 2.996153633325142e-08 9066
14 3.486925107738348e-08 9962
14.5 3.911737665712089e-08 10550
15 4.294084654875774e-08 11226
15.5 4.798284840965792e-08 12146
16 5.06557391309935e-08 12303
16.5 5.270438983707237e-08 12584
17 4.952677328583856e-08 12120
17.5 4.441905465414879e-08 11180
18 4.25119202013585e-08 11096
18.5 3.797474450109973e-08 10056
19 3.654328877611816e-08 9716
19.5 3.280091411228117e-08 8604
20 3.094209949016808e-08 8060
20.5 2.97761599155481e-08 7320
21 2.66630817752139e-08 6356
21.5 2.222962626642523e-08 5348
22 1.847499205721285e-08 4308
22.5 1.481733264795015e-08 3563
23 9.902881878149076e-09 2448
23.5 7.618953010715657e-09 1868
24 5.267206632430605e-09 1358
24.5 4.46747599920572e-09 1062
25 3.298645082074921e-09 776
25.5 1.792530482166402e-09 432
26 8.388542247515994e-10 200
26.5 7.248816763573426e-10 168
27 2.506906425067802e-10 56
27.5 1.109634944123357e-11 7

0.5 7.215232293628182e-10 18
1 1.114676857316629e-06 62
1.5 3.055032217530056e-07 98
2 5.66195169680705e-07 210
2.5 4.727058943601671e-06 350
3 9.440412583234718e-08 450
3.5 2.616044616088609e-07 602
4 4.24819157562057e-08 762
4.5 1.578642424465239e-08 1142
5 3.955439543668211e-08 1250
5.5 9.213896870065683e-09 1458
6 1.055379638178718e-08 1814
6.5 1.564399857716765e-08 2178
7 9.330251721306391e-09 2498
7.5 1.004198606933317e-08 2622
8 1.225449903249641e-08 3338
8.5 1.082810897811737e-08 3722
9 1.19028116522696e-08 4170
9.5 1.237167440425197e-08 4358
10 1.334561923848262e-08 5034
10.5 1.523319250706325e-08 5714
11 1.664318851450263e-08 5982
11.5 1.823527817220366e-08 6602
12 2.03022397208732e-08 7130
12.5 2.45254135233883e-08 8034
13 2.740651013486728e-08 8606
13.5 3.163790473867911e-08 9066
14 3.599498625356914e-08 9962
14.5 3.970831749294538e-08 10550
15 4.341352730346468e-08 11226
15.5 4.831398928979823e-08 12146
16 5.002299292705421e-08 12303
16.5 5.303997627987132e-08 12584
17 5.028854364824789e-08 12120
17.5 4.316257649970754e-08 11180
18 4.162938806583626e-08 11096
18.5 3.717613546398028e-08 10056
19 3.60000123118254e-08 9716
19.5 3.256263291348767e-08 8604
20 3.042189317135501e-08 8060
20.5 2.903860501013464e-08 7320
21 2.505879972891436e-08 6356
21.5 2.069534135817562e-08 5348
22 1.771061202290959e-08 4308
22.5 1.414331628995504e-08 3563
23 9.608945409157139e-09 2448
23.5 7.164703859561941e-09 1868
24 4.931735755558181e-09 1358
24.5 4.041652865256201e-09 1062
25 3.086058491561283e-09 776
25.5 1.652199399970186e-09 432
26 7.466421493951936e-10 200
26.5 6.795681547257989e-10 168
27 2.452467530721752e-10 56
27.5 7.869574092303403e-12 7

0.5 3.197173208220341e-09 18
1 1.010960642333536e-06 62
1.5 6.135086413803796e-08 98
2 8.542283928823942e-08 210
2.5 8.311649890960559e-07 350
3 1.309668252378806e-07 450
3.5 2.957639594491096e-07 602
4 4.064206144117209e-08 762
4.5 1.670310833016112e-08 1142
5 4.37657166790019e-08 1250
5.5 9.449583261867496e-09 1458
6 1.144368681246092e-08 1814
6.5 1.667727992275056e-08 2178
7 9.991301509638616e-09 2498
7.5 1.098418142249999e-08 2622
8 1.351619377237082e-08 3338
8.5 1.20656643912838e-08 3722
9 1.354991266492443e-08 4170
9.5 1.371022007297278e-08 4358
10 1.472229679912159e-08 5034
10.5 1.672100124823281e-08 5714
11 1.769700524159684e-08 5982
11.5 1.956368089911099e-08 6602
12 2.191412197192113e-08 7130
12.5 2.579567995025826e-08 8034
13 2.899209746913926e-08 8606
13.5 3.263272591939495e-08 9066
14 3.749597234054016e-08 9962
14.5 4.07996293510889e-08 10550
15 4.498166663451134e-08 11226
15.5 4.838813053171613e-08 12146
16 5.137542691815745e-08 12303
16.5 5.393990714547871e-08 12584
17 5.124296654135071e-08 12120
17.5 4.445672691040114e-08 11180
18 4.336727748858081e-08 11096
18.5 3.820145205091473e-08 10056
19 3.625455544166193e-08 9716
19.5 3.311230476065301e-08 8604
20 3.08913374099401e-08 8060
20.5 2.905796602880635e-08 7320
21 2.446296554598484e-08 6356
21.5 2.087282962908475e-08 5348
22 1.71378533954138e-08 4308
22.5 1.352802502886997e-08 3563
23 9.074526826394407e-09 2448
23.5 7.324953116010207e-09 1868
24 4.597250355784864e-09 1358
24.5 3.825458701892555e-09 1062
25 2.975281199598732e-09 776
25.5 1.630833837756512e-09 432
26 7.156176697348886e-10 200
26.5 6.557035684682215e-10 168
27 2.671735257607794e-10 56
27.5 2.121043941353555e-11 7

0.5 1.925832810260059e-09 18
1 7.597054112768876e-07 62
1.5 4.733152916336395e-08 98
2 2.050091583902583e-07 210
2.5 9.021547568182408e-06 350
3 6.524019851943696e-08 450
3.5 3.706600754066737e-07 602
4 4.769434032910862e-08 762
4.5 1.881269303626212e-08 1142
5 5.192713325274122e-08 1250
5.5 1.067754127247242e-08 1458
6 1.340061540523799e-08 1814
6.5 1.892274677687368e-08 2178
7 1.098227587867612e-08 2498
7.5 1.282729969125914e-08 2622
8 1.530340603551486e-08 3338
8.5 1.383997084402494e-08 3722
9 1.524923157457729e-08 4170
9.5 1.583253324340841e-08 4358
10 1.689977565919832e-08 5034
10.5 1.948115216652053e-08 5714
11 2.059221013123484e-08 5982
11.5 2.243552105721072e-08 6602
12 2.537164443205084e-08 7130
12.5 2.942168848909436e-08 8034
13 3.320283965535496e-08 8606
13.5 3.829501753932434e-08 9066
14 4.284337163053418e-08 9962
14.5 4.67773823679042e-08 10550
15 5.118982336129902e-08 11226
15.5 5.595312220586854e-08 12146
16 5.953023192119205e-08 12303
16.5 6.132184193717548e-08 12584
17 5.892574246730287e-08 12120
17.5 5.152258426447265e-08 11180
18 4.883835921809986e-08 11096
18.5 4.370256626794376e-08 10056
19 4.140703961939427e-08 9716
19.5 3.799729298744745e-08 8604
20 3.50708246759741e-08 8060
20.5 3.274252675149818e-08 7320
21 2.867285891366038e-08 6356
21.5 2.377793203059024e-08 5348
22 2.011016596477473e-08 4308
22.5 1.56369993356968e-08 3563
23 1.059105534065457e-08 2448
23.5 8.192719308080819e-09 1868
24 5.807497232048532e-09 1358
24.5 4.459041136896001e-09 1062
25 3.457925855220267e-09 776
25.5 2.016730387484845e-09 432
26 8.617904369101048e-10 200
26.5 7.482677024240433e-10 168
27 2.727541871335549e-10 56
27.5 3.045142949150708e-11 7

0.5 1.553525137856216e-09 18
1 4.886556238853997e-07 62
1.5 7.327796508562521e-08 98
2 9.83927917976553e-08 210
2.5 1.672866338813733e-05 350
3 1.828728276616155e-07 450
3.5 2.958686325057218e-07 602
4 4.515370681278765e-08 762
4.5 1.988610606451438e-08 1142
5 5.007138713295165e-08 1250
5.5 1.130042675933565e-08 1458
6 1.453121536190752e-08 1814
6.5 2.039175881798668e-08 2178
7 1.212022158105786e-08 2498
7.5 1.415015163799913e-08 2622
8 1.668961482655591e-08 3338
8.5 1.541552494207193e-08 3722
9 1.698740375938567e-08 4170
9.5 1.774071750261183e-08 4358
10 1.833521821877346e-08 5034
10.5 2.114341398350174e-08 5714
11 2.234228829804875e-08 5982
11.5 2.495940045988904e-08 6602
12 2.766323174154083e-08 7130
12.5 3.294274884583896e-08 8034
13 3.662721248165119e-08 8606
13.5 4.09211783490892e-08 9066
14 4.767325400668142e-08 9962
14.5 5.137860352518855e-08 10550
15 5.606732742728175e-08 11226
15.5 6.117622589833604e-08 12146
16 6.466342841778784e-08 12303
16.5 6.780780099324605e-08 12584
17 6.369748183365553e-08 12120
17.5 5.67854792288179e-08 11180
18 5.393595885928194e-08 11096
18.5 4.783269049713623e-08 10056
19 4.55842900028558e-08 9716
19.5 4.054849068072442e-08 8604
20 3.828529219892249e-08 8060
20.5 3.58819217262659e-08 7320
21 3.144508516489704e-08 6356
21.5 2.584950338699086e-08 5348
22 2.076409489569405e-08 4308
22.5 1.714098031707037e-08 3563
23 1.146521771974224e-08 2448
23.5 8.93136067328843e-09 1868
24 6.238872693561452e-09 1358
24.5 4.670321007576564e-09 1062
25 3.44618493340187e-09 776
25.5 2.021928932444632e-09 432
26 8.543563277662952e-10 200
26.5 8.303686418705027e-10 168
27 2.415631232401896e-10 56
27.5 2.401193846219481e-11 7

0.5 1.274491362749022e-09 18
1 6.168632917869547e-07 62
1.5 2.339068171916691e-08 98
2 6.204416550385187e-08 210
2.5 5.344021138947379e-06 350
3 5.389061674907869e-08 450
3.5 4.208301842118567e-07 602
4 4.931529219782681e-08 762
4.5 1.753132516434758e-08 1142
5 6.377142728461905e-08 1250
5.5 1.192230365104005e-08 1458
6 1.499391545719246e-08 1814
6.5 2.199096455153976e-08 2178
7 1.271386981808234e-08 2498
7.5 1.519173201539203e-08 2622
8 1.87081050336167e-08 3338
8.5 1.64135955542691e-08 3722
9 1.835173041600029e-08 4170
9.5 1.894546146405636e-08 4358
10 1.942259404022382e-08 5034
10.5 2.308624124236346e-08 5714
11 2.450385868081233e-08 5982
11.5 2.68121542414315e-08 6602
12 2.984394709057603e-08 7130
12.5 3.548557731073013e-08 8034
13 3.834320228822741e-08 8606
13.5 4.472136676147495e-08 9066
14 5.077781712424583e-08 9962
14.5 5.575345101560752e-08 10550
15 5.930832188342102e-08 11226
15.5 6.561939535726398e-08 12146
16 6.86269674495025e-08 12303
16.5 7.174496765041622e-08 12584
17 6.791351369369874e-08 12120
17.5 5.916185874751386e-08 11180
18 5.577957018446731e-08 11096
18.5 5.042534361835723e-08 10056
19 4.798665874735072e-08 9716
19.5 4.240351116598814e-08 8604
20 4.029552923578072e-08 8060
20.5 3.696065884360522e-08 7320
21 3.274135035115994e-08 6356
21.5 2.611799354100606e-08 5348
22 2.176013035967594e-08 4308
22.5 1.737869125231649e-08 3563
23 1.159384926125725e-08 2448
23.5 8.878396978987663e-09 1868
24 5.943230954047615e-09 1358
24.5 4.783766299612942e-09 1062
25 3.524964103540051e-09 776
25.5 2.058988511294485e-09 432
26 9.048431936788534e-10 200
26.5 8.552842773620727e-10 168
27 2.124648190131444e-10 56
27.5 1.740755082184923e-11 7

0.5 1.638149708462671e-09 18
1 1.38561610016245e-06 62
1.5 8.528188430444928e-08 98
2 9.359405992111399e-08 210
2.5 2.477651796308641e-06 350
3 1.692750967028048e-07 450
3.5 3.620607395717087e-07 602
4 5.11327226684356e-08 762
4.5 2.254939743890211e-08 1142
5 5.782589358773829e-08 1250
5.5 1.265915397508879e-08 1458
6 1.65638193108665e-08 1814
6.5 2.40474438946587e-08 2178
7 1.451695417968448e-08 2498
7.5 1.752832497595285e-08 2622
8 2.026354356834015e-08 3338
8.5 1.806547891067813e-08 3722
9 2.121776556325508e-08 4170
9.5 2.163570682828142e-08 4358
10 2.200486989032704e-08 5034
10.5 2.567199206083027e-08 5714
11 2.731262349970676e-08 5982
11.5 2.98199067815772e-08 6602
12 3.348665514171528e-08 7130
12.5 4.00060101157013e-08 8034
13 4.512047080964595e-08 8606
13.5 5.102477413449686e-08 9066
14 5.803856240683427e-08 9962
14.5 6.426799782277679e-08 10550
15 6.875082016250133e-08 11226
15.5 7.557490103945178e-08 12146
16 7.877432822344171e-08 12303
16.5 8.147538110926642e-08 12584
17 7.765828629225514e-08 12120
17.5 6.811838608259795e-08 11180
18 6.42285457174773e-08 11096
18.5 5.628931323345042e-08 10056
19 5.385521723514437e-08 9716
19.5 4.877811346543761e-08 8604
20 4.568159554896784e-08 8060
20.5 4.292784391760481e-08 7320
21 3.685330615911509e-08 6356
21.5 3.038805988315158e-08 5348
22 2.508518339316901e-08 4308
22.5 1.997711776474758e-08 3563
23 1.311924786407784e-08 2448
23.5 1.059664205983863e-08 1868
24 7.122880379797475e-09 1358
24.5 5.785933466604587e-09 1062
25 4.169097448925144e-09 776
25.5 2.308085693960078e-09 432
26 1.100892513635808e-09 200
26.5 9.429451553340436e-10 168
27 2.382780309422118e-10 56
27.5 1.749109173018318e-11 7

0.5 3.774662772829421e-09 18
1 2.205885571724891e-06 62
1.5 4.89360935410459e-08 98
2 1.1298245078169e-07 210
2.5 1.030829905660803e-05 350
3 8.255439087872699e-08 450
3.5 4.520299118932795e-07 602
4 4.807913640202105e-08 762
4.5 2.308905581068265e-08 1142
5 7.203763862144102e-08 1250
5.5 1.370609233916867e-08 1458
6 1.890898659731905e-08 1814
6.5 2.765920164737495e-08 2178
7 1.559447044912256e-08 2498
7.5 1.942078052901191e-08 2622
8 2.266551103307804e-08 3338
8.5 2.015649533616232e-08 3722
9 2.455897700264261e-08 4170
9.5 2.465445197446212e-08 4358
10 2.481115791512541e-08 5034
10.5 2.934919800617615e-08 5714
11 3.149647503811892e-08 5982
11.5 3.361120392442381e-08 6602
12 3.84980311573946e-08 7130
12.5 4.493311348629551e-08 8034
13 5.077732358487643e-08 8606
13.5 5.78687001635175e-08 9066
14 6.713584296756222e-08 9962
14.5 7.172555795932046e-08 10550
15 7.784140002915663e-08 11226
15.5 8.576178460428243e-08 12146
16 8.967155574444638e-08 12303
16.5 9.375594342700153e-08 12584
17 8.800485091152063e-08 12120
17.5 7.596908867718006e-08 11180
18 7.250979689885281e-08 11096
18.5 6.551241701445584e-08 10056
19 6.137782141595851e-08 9716
19.5 5.453368377334344e-08 8604
20 5.265576256899229e-08 8060
20.5 4.926802388905647e-08 7320
21 4.355371388805879e-08 6356
21.5 3.504921326455137e-08 5348
22 2.959712014023628e-08 4308
22.5 2.376518567763969e-08 3563
23 1.582981816050677e-08 2448
23.5 1.191913567105158e-08 1868
24 8.417448696765726e-09 1358
24.5 6.754514470525355e-09 1062
25 4.968557921381344e-09 776
25.5 2.640437829201566e-09 432
26 1.33208606644723e-09 200
26.5 1.094603104891172e-09 168
27 2.968070571165677e-10 56
27.5 3.725849427360769e-11 7

0.5 4.389572226491545e-09 18
1 2.401193563568096e-06 62
1.5 1.6530202474906e-07 98
2 9.119020032593408e-08 210
2.5 1.347123766489053e-05 350
3 1.540637860094624e-07 450
3.5 4.647689481577406e-07 602
4 5.121297501205862e-08 762
4.5 2.381013259369062e-08 1142
5 6.610987851602908e-08 1250
5.5 1.59126515501017e-08 1458
6 2.014994440614512e-08 1814
6.5 2.752516697596869e-08 2178
7 1.671769614600915e-08 2498
7.5 2.127866901452921e-08 2622
8 2.387876298497351e-08 3338
8.5 2.150185302971318e-08 3722
9 2.541685373599159e-08 4170
9.5 2.593860965377378e-08 4358
10 2.651301963159919e-08 5034
10.5 3.104545596769085e-08 5714
11 3.292311157931097e-08 5982
11.5 3.599062224928933e-08 6602
12 4.155720882805608e-08 7130
12.5 4.828422413975565e-08 8034
13 5.300862967892137e-08 8606
13.5 6.008901809910034e-08 9066
14 7.036809609547132e-08 9962
14.5 7.584578431222515e-08 10550
15 8.330736603855404e-08 11226
15.5 8.952919460356808e-08 12146
16 9.378931492942427e-08 12303
16.5 9.843245499766861e-08 12584
17 9.191517914499065e-08 12120
17.5 8.121576428796857e-08 11180
18 7.73399431963497e-08 11096
18.5 6.963556465615589e-08 10056
19 6.471560104894804e-08 9716
19.5 5.743194185024081e-08 8604
20 5.443169405595624e-08 8060
20.5 5.104830359070065e-08 7320
21 4.483125843813014e-08 6356
21.5 3.658275179111484e-08 5348
22 3.085457234100694e-08 4308
22.5 2.423954596299034e-08 3563
23 1.617525099200207e-08 2448
23.5 1.273866503278653e-08 1868
24 8.387266038250138e-09 1358
24.5 6.842184058721713e-09 1062
25 5.010157775252582e-09 776
25.5 2.580188834626877e-09 432
26 1.383178771278221e-09 200
26.5 1.174734399518474e-09 168
27 3.800840760956613e-10 56
27.5 5.510773132061484e-11 7

0.5 2.024540910356138e-09 18
1 2.138432609060098e-06 62
1.5 6.307199800733396e-08 98
2 1.005259868495946e-07 210
2.5 8.747147061593103e-06 350
3 8.668713183727351e-08 450
3.5 4.444996529975865e-07 602
4 5.431411799270952e-08 762
4.5 2.644340090790934e-08 1142
5 7.315769798236393e-08 1250
5.5 1.597284579138659e-08 1458
6 2.150916328547339e-08 1814
6.5 3.045700569093568e-08 2178
7 1.797630422507786e-08 2498
7.5 2.375976601105617e-08 2622
8 2.643194586153659e-08 3338
8.5 2.285952428028692e-08 3722
9 2.899628715063024e-08 4170
9.5 2.931966019148061e-08 4358
10 2.930147732547078e-08 5034
10.5 3.381322144096361e-08 5714
11 3.60668339452977e-08 5982
11.5 3.906767896183017e-08 6602
12 4.40006134286895e-08 7130
12.5 5.214560771130925e-08 8034
13 5.768129341783693e-08 8606
13.5 6.43700575945176e-08 9066
14 7.348847222516246e-08 9962
14.5 8.129912917199958e-08 10550
15 8.73260003756634e-08 11226
15.5 9.470725637181618e-08 12146
16 9.647644438859338e-08 12303
16.5 1.015781028629735e-07 12584
17 9.86937273669498e-08 12120
17.5 8.577981258924596e-08 11180
18 8.085210138811575e-08 11096
18.5 7.190359962768626e-08 10056
19 6.813478204303213e-08 9716
19.5 6.096696926799467e-08 8604
20 5.71669873858794e-08 8060
20.5 5.360593769545585e-08 7320
21 4.607007978931179e-08 6356
21.5 3.778759482685453e-08 5348
22 3.174096187822227e-08 4308
22.5 2.487383584818003e-08 3563
23 1.670294720925015e-08 2448
23.5 1.305895919717593e-08 1868
24 8.89511043219176e-09 1358
24.5 6.875465622767986e-09 1062
25 5.137400592801115e-09 776
25.5 2.893693802066299e-09 432
26 1.330366346846815e-09 200
26.5 1.208115845974785e-09 168
27 3.697498196616112e-10 56
27.5 3.668719707896619e-11 7

0.5 2.150851432600067e-09 18
1 1.970326933784058e-06 62
1.5 3.829208227597774e-08 98
2 1.239552043239467e-07 210
2.5 1.451267285123185e-06 350
3 9.351872646190275e-08 450
3.5 5.262270655392415e-07 602
4 7.205270251829865e-08 762
4.5 2.66577402692195e-08 1142
5 8.254701040589303e-08 1250
5.5 1.791893854598347e-08 1458
6 2.3845080201979e-08 1814
6.5 3.31316923888748e-08 2178
7 1.975285345676947e-08 2498
7.5 2.662834533160942e-08 2622
8 3.020034377053355e-08 3338
8.5 2.625158300801063e-08 3722
9 3.203984698819019e-08 4170
9.5 3.291585353689588e-08 4358
10 3.271654558127004e-08 5034
10.5 3.922345623448872e-08 5714
11 4.069073622264453e-08 5982
11.5 4.369672461435553e-08 6602
12 5.057508560806847e-08 7130
12.5 5.973940967232285e-08 8034
13 6.633805744145101e-08 8606
13.5 7.446866565397428e-08 9066
14 8.376566095401277e-08 9962
14.5 9.375383668042907e-08 10550
15 9.9577028579014e-08 11226
15.5 1.097633898707603e-07 12146
16 1.122321267935616e-07 12303
16.5 1.161093210952376e-07 12584
17 1.115140475401833e-07 12120
17.5 9.748343025281818e-08 11180
18 9.119978453438384e-08 11096
18.5 8.170314678021081e-08 10056
19 7.749570484258277e-08 9716
19.5 6.775489624014065e-08 8604
20 6.42604944234728e-08 8060
20.5 6.113427526978779e-08 7320
21 5.339620661127276e-08 6356
21.5 4.247720486959077e-08 5348
22 3.54443466305888e-08 4308
22.5 2.745123902115636e-08 3563
23 1.898746978433434e-08 2448
23.5 1.406427862310616e-08 1868
24 1.032810734372189e-08 1358
24.5 7.445130141127954e-09 1062
25 6.069366224702724e-09 776
25.5 3.082555889630906e-09 432
26 1.428736085661587e-09 200
26.5 1.389916283240974e-09 168
27 4.113459658345353e-10 56
27.5 4.815830122623833e-11 7

0.5 2.581979164899625e-09 18
1 1.955964880527842e-06 62
1.5 8.228407516994016e-08 98
2 1.274585086112892e-07 210
2.5 1.032592393062275e-05 350
3 9.769080298164139e-08 450
3.5 4.519258320739674e-07 602
4 8.505017923269141e-08 762
4.5 3.037376144695137e-08 1142
5 8.117657254935666e-08 1250
5.5 1.931648900537791e-08 1458
6 2.524375896014409e-08 1814
6.5 3.665321093197062e-08 2178
7 2.144426489764352e-08 2498
7.5 2.667610745136029e-08 2622
8 3.212295707162525e-08 3338
8.5 2.766457512357684e-08 3722
9 3.356581071955302e-08 4170
9.5 3.503510772328621e-08 4358
10 3.433007489721723e-08 5034
10.5 4.134400532635637e-08 5714
11 4.413500059183357e-08 5982
11.5 4.767705139020787e-08 6602
12 5.455120811403603e-08 7130
12.5 6.40367826736646e-08 8034
13 7.021656632139497e-08 8606
13.5 8.063066275325218e-08 9066
14 9.043690678277226e-08 9962
14.5 9.959181087067632e-08 10550
15 1.057123241102218e-07 11226
15.5 1.152326661976515e-07 12146
16 1.205253430893426e-07 12303
16.5 1.233959660343705e-07 12584
17 1.195032254735742e-07 12120
17.5 1.018325188834829e-07 11180
18 9.982908126354121e-08 11096
18.5 8.750372918104667e-08 10056
19 8.479031392127092e-08 9716
19.5 7.332230690090993e-08 8604
20 7.01979847890123e-08 8060
20.5 6.587960151758697e-08 7320
21 5.69122225918433e-08 6356
21.5 4.767221108003204e-08 5348
22 3.933407964449387e-08 4308
22.5 3.038154560795802e-08 3563
23 2.036964991227668e-08 2448
23.5 1.522831813272516e-08 1868
24 1.094198550436332e-08 1358
24.5 7.986933101389673e-09 1062
25 6.341341664707217e-09 776
25.5 3.552835757435327e-09 432
26 1.610966454103295e-09 200
26.5 1.467308475254681e-09 168
27 4.436923236117815e-10 56
27.5 4.157431938486149e-11 7

0.5 4.042187164613323e-09 18
1 1.785228332429319e-06 62
1.5 6.830838872841176e-08 98
2 1.784688448082293e-07 210
2.5 2.12231305097593e-05 350
3 8.103417576884582e-08 450
3.5 5.854536097487789e-07 602
4 7.661353729493187e-08 762
4.5 3.072820614027387e-08 1142
5 8.248438583912324e-08 1250
5.5 2.148359986400824e-08 1458
6 2.648234276965704e-08 1814
6.5 3.757055512867881e-08 2178
7 2.381199732708249e-08 2498
7.5 2.940805891255335e-08 2622
8 3.364351284511698e-08 3338
8.5 3.031768842117586e-08 3722
9 3.559839215918581e-08 4170
9.5 3.635312304951748e-08 4358
10 3.629191193450421e-08 5034
10.5 4.276210533091657e-08 5714
11 4.507982098990524e-08 5982
11.5 4.992586905595981e-08 6602
12 5.583365348182051e-08 7130
12.5 6.589496187786495e-08 8034
13 7.291931126283157e-08 8606
13.5 8.208299489839495e-08 9066
14 9.236928408973524e-08 9962
14.5 1.022032414975729e-07 10550
15 1.100958841325271e-07 11226
15.5 1.197916831369777e-07 12146
16 1.219496563150954e-07 12303
16.5 1.289686028625647e-07 12584
17 1.238177927697362e-07 12120
17.5 1.041761247096519e-07 11180
18 1.02024310146623e-07 11096
18.5 9.053958787167406e-08 10056
19 8.643196300245863e-08 9716
19.5 7.697314402929249e-08 8604
20 7.259218283440108e-08 8060
20.5 6.761976237459728e-08 7320
21 5.899842957451755e-08 6356
21.5 4.933208442522937e-08 5348
22 4.006422491687983e-08 4308
22.5 3.124906057826804e-08 3563
23 2.127043403188935e-08 2448
23.5 1.566022582486768e-08 1868
24 1.137123910024302e-08 1358
24.5 8.641074886208962e-09 1062
25 6.521126905629955e-09 776
25.5 3.581520303303994e-09 432
26 1.640843135680097e-09 200
26.5 1.667342261017084e-09 168
27 4.555705937386104e-10 56
27.5 3.438050953730527e-11 7

