#t    rhoGW_over_rho    rhoGW
0    0    0
9.99999999999979    9.60688240075506e-14    7.82531382326824e-17
19.9999999999987    1.23046313655105e-13    1.3061158022957e-17
29.9999999999976    1.14477641675279e-13    3.42147360518682e-18
40    1.3635677530613e-13    1.16558181958116e-18
50.0000000000034    1.40926121876434e-13    4.81890942193812e-19
60.0000000000067    1.57582453337462e-13    2.20889461454777e-19
70.0000000000047    1.64534385926115e-13    1.13574426117823e-19
79.9999999999992    1.80821382707625e-13    6.25867777938728e-20
89.9999999999936    1.87755909844611e-13    3.65438351358985e-20
99.9999999999881    2.06127535015249e-13    2.28648891712221e-20
109.999999999983    2.11788724017531e-13    1.4469433708653e-20
119.999999999977    2.25585058137268e-13    9.595449185102e-21
129.999999999975    2.32295949123296e-13    6.49946557498808e-21
139.999999999987    2.43506266880394e-13    4.52503369984219e-21
149.999999999999    2.54112733623168e-13    3.26335207496441e-21
160.000000000012    2.66807630037529e-13    2.39038906665354e-21
170.000000000024    2.67224916673552e-13    1.71896431128356e-21
180.000000000036    2.8197725025082e-13    1.3150428437204e-21
190.000000000048    2.91787454205211e-13    1.00723789191064e-21
200.000000000061    3.01128913004952e-13    7.77105480753354e-22
210.000000000073    3.08378755703246e-13    6.04012413781509e-22
220.000000000085    3.12913134024196e-13    4.69779645591957e-22
230.000000000097    3.24970186610726e-13    3.78334349392959e-22
240.000000000109    3.32164365928115e-13    3.02676824828574e-22
250.000000000122    3.49480762355359e-13    2.5168929957013e-22
260.00000000012    3.59075355980601e-13    2.06119402410774e-22
270.000000000096    3.62343273269134e-13    1.6721808842295e-22
280.000000000073    3.77027818226732e-13    1.40964884385649e-22
290.00000000005    3.79464034840299e-13    1.15815832140907e-22
