#t    a    aDot    H
0    1    0.084247479544508    0.084247479544508
0.504    1.04382227406564    0.0896647370112277    0.0859003867219539
1.008    1.0903864590673    0.0951070250817426    0.0872232264908132
1.512    1.13967037115963    0.100430391307506    0.0881223148806768
2.016    1.1915707525762    0.105457990431118    0.0885033391455064
2.52    1.24588881905773    0.109990048099103    0.0882823943971891
3.024    1.30232329673789    0.113823846224752    0.087400606677207
3.528    1.36047608314285    0.11678346329357    0.0858401442999186
4.032    1.41987445584657    0.118754440465999    0.0836372821392819
4.536    1.48000998053177    0.119713363816849    0.0808868625155051
5.04    1.54038841644436    0.119739954216697    0.0777336111713235
5.544    1.60057935375401    0.119003231854735    0.0743500980289569
6.048    1.66025250229022    0.117723756265681    0.0709071397894527
6.552    1.71919154463608    0.116125255702542    0.0675464325454923
7.05600000000001    1.77728472336764    0.11439348042446    0.0643641837013626
7.56000000000001    1.83449936591955    0.112654877692011    0.0614090578524362
8.064    1.89085130243164    0.110977104213457    0.0586916084150776
8.56799999999994    1.94637871817482    0.109384496255813    0.0561989787672904
9.07199999999989    2.00112539315661    0.107878113731274    0.0539087226118822
9.57599999999983    2.05513323407233    0.106451387228113    0.0517978034042957
10.0799999999998    2.10844058827527    0.105097334719249    0.0498460024454469
10.5839999999997    2.16108281293376    0.103812073520996    0.0480370640586731
11.0879999999997    2.21309727673975    0.102613603112643    0.0463665127561902
11.5919999999996    2.26454945758926    0.101615067787569    0.0448720903166955
12.0959999999996    2.31562053571884    0.101201604656448    0.0437038811391574
12.5999999999995    2.36680402209589    0.10225078099969    0.0432020480128911
13.1039999999994    2.41912503506913    0.105849218213542    0.0437551663014878
13.6079999999994    2.47389698647778    0.111709592462735    0.0451553128821998
14.1119999999993    2.53166462684721    0.117208564641736    0.0462970345277136
14.6159999999993    2.59158919002162    0.120106091944774    0.0463445720514725
15.1199999999992    2.65232281431601    0.120598136372773    0.0454688757046618
15.6239999999992    2.71294867977349    0.11986113815151    0.0441811299436439
16.1279999999991    2.77307584343834    0.118708711033384    0.0428075962344388
16.6319999999991    2.83259583910006    0.11748196678179    0.0414750191891528
17.135999999999    2.89150255600313    0.116281966653269    0.0402150661813709
17.6399999999989    2.94981573124663    0.115127161812729    0.0390285944281934
18.1439999999989    3.00755821027658    0.114016838701188    0.0379101020594053
18.6479999999988    3.06475169900999    0.112948177433726    0.0368539407189861
19.1519999999988    3.12141662415772    0.111919268650205    0.0358552805107859
19.6559999999987    3.17757352302071    0.110933799883942    0.0349114816951536
20.1599999999987    3.23324861758923    0.11001344279961    0.0340256676214519
20.6639999999986    3.2884877725873    0.109218459156835    0.0332123658987804
21.1679999999986    3.34338216681191    0.108672446005377    0.0325037463811687
21.6719999999985    3.39810544738443    0.108580726683331    0.031953312916439
22.1759999999984    3.45295474561113    0.109223467468313    0.0316318850130143
22.6799999999984    3.50837686060467    0.11090008239567    0.0316100826114093
23.1839999999983    3.56495123467432    0.113814034946598    0.0319258322076308
23.6879999999983    3.62330479357679    0.11792705052571    0.0325468204426979
24.1919999999982    3.68396174256977    0.122863426558142    0.0333508964380388
24.6959999999982    3.74717801678968    0.127956888692658    0.0341475339893999
25.1999999999981    3.81284190688242    0.132459376954922    0.0347403276059846
25.7039999999981    3.88050136161937    0.135809324175535    0.034997880819931
26.207999999998    3.94950745366803    0.13780030817891    0.0348905046503788
26.7119999999979    4.01919724500776    0.138566325327406    0.0344761197026393
27.2159999999979    4.08903128941454    0.138433778022274    0.0338549079779955
27.7199999999978    4.15864735975902    0.137755771850363    0.03312513900153
28.2239999999978    4.22784462582423    0.136809258732747    0.0323591027676605
28.7279999999977    4.29653545583363    0.135766711427184    0.0315991134770798
29.2319999999977    4.36469608008492    0.134714117857472    0.030864489848936
29.7359999999976    4.43233116418986    0.133683825779926    0.0301610644213586
30.2399999999976    4.49945438989576    0.132683171659815    0.0294887246679901
30.7439999999975    4.56608072010328    0.13171178987675    0.0288456989594723
31.2479999999974    4.63222455415065    0.130768295282521    0.0282301286895403
31.7519999999974    4.69789982477218    0.129852884382012    0.0276406243694881
32.2559999999974    4.76312291897661    0.12897866137157    0.027078591832621
32.7599999999976    4.82792754283474    0.128211546475579    0.0265562283895211
33.2639999999978    4.89241159977784    0.127759859327118    0.0261138820235239
33.767999999998    4.95683974589685    0.128093497875087    0.0258417670212395
34.2719999999981    5.02177912377483    0.129901393830338    0.0258676040161425
34.7759999999983    5.08808839521336    0.13349465288078    0.0262367008022827
35.2799999999985    5.15648698072611    0.137917435339728    0.0267463945618858
35.7839999999986    5.22694469798621    0.141399023994293    0.0270519456708181
36.2879999999988    5.2987022341678    0.143053244179759    0.0269977888656025
36.791999999999    5.37089597359706    0.143248988953693    0.0266713393180384
37.2959999999991    5.44297325390868    0.142696464739338    0.0262166389733526
37.7999999999993    5.51468964600316    0.141870608024301    0.025725945997183
38.3039999999995    5.58596905718695    0.140982047796256    0.0252386016379498
38.8079999999996    5.65680071074188    0.140098820434048    0.0247664408908749
39.3119999999998    5.72719206510395    0.139235471926024    0.024311297812831
39.816    5.79715357074117    0.13839296229583    0.0238725713588671
40.3200000000001    5.86669553763357    0.137570506850082    0.0234494028141732
40.8240000000003    5.93582796657173    0.136767989342902    0.0230410972341392
41.3280000000005    6.00456180109608    0.135990640199566    0.0226478875069189
41.8320000000006    6.07291454168457    0.135262372368692    0.0222730571030185
42.3360000000008    6.14092529124196    0.134649810581352    0.02192663225742
42.840000000001    6.20868392408921    0.134292836847899    0.0216298395102469
43.3440000000012    6.2763742234913    0.134425323632317    0.021417671866854
43.8480000000013    6.34431813429344    0.135351691432519    0.0213343165597091
44.3520000000015    6.41298809901276    0.137338338552465    0.0214156546733039
44.8560000000017    6.48294197639168    0.140423254327342    0.0216604212776712
45.3600000000018    6.55466234398168    0.144255316657654    0.0220080469576142
45.864000000002    6.62836080637051    0.148142228070016    0.0223497531889991
46.3680000000022    6.7038740348941    0.151351515708055    0.022576724282148
46.8720000000023    6.78073414801122    0.153450619493205    0.0226303842834204
47.3760000000025    6.8583613665416    0.154422793855647    0.0225159896952932
47.8800000000027    6.93624704842695    0.154531962010489    0.0222789011019345
48.3840000000028    7.01404117184031    0.154112070370719    0.0219719369469119
48.888000000003    7.09154864692134    0.153430272450561    0.0216356511235624
49.3920000000032    7.16868275339438    0.152649563286816    0.0212939487682777
49.8960000000033    7.24541627728824    0.151848595370448    0.0209578842069348
50.4000000000035    7.32174768967222    0.151056187084351    0.0206311653292049
50.9040000000037    7.39768352312609    0.150279140938471    0.0203143511706982
51.4080000000038    7.4732317066135    0.149517818127156    0.0200071165992136
51.912000000004    7.54840004077527    0.148771736904008    0.0197090424593777
52.4160000000042    7.62319626242308    0.148041654898846    0.0194198928904121
52.9200000000044    7.69763031252962    0.147338230613803    0.0191407257339933
53.4240000000045    7.77172544693643    0.146710967971261    0.0188775284166907
53.9280000000047    7.84555199298012    0.146310513985475    0.0186488489422271
54.4320000000049    7.91929945507102    0.146470985541622    0.0184954472769471
54.936000000005    7.9933745491833    0.147697894053431    0.0184775395103338
55.4400000000052    8.06841756587701    0.150315639580272    0.0186301264594916
55.9440000000054    8.14504939735653    0.153833972419254    0.018886806563651
56.4480000000055    8.22341835325894    0.156985795652794    0.0190900899004586
56.9520000000057    8.30306457541914    0.158826922977256    0.0191287110360982
57.4560000000059    8.3832956135146    0.159372452537467    0.0190107160578407
57.960000000006    8.46358012155427    0.159128606534343    0.0188015714684485
58.4640000000062    8.54364050225942    0.158539250030746    0.0185564046133283
58.9680000000064    8.62337016051653    0.157840756996233    0.0183038364419206
59.4720000000065    8.70274139175276    0.157124778467879    0.0180546303049727
59.9760000000067    8.78175339635722    0.156416884234229    0.0178115778449338
60.4800000000069    8.86041168575469    0.155721251115337    0.0175749453454513
60.984000000007    8.93872246917016    0.155037832495742    0.0173445179700423
61.4880000000072    9.01669182686223    0.154366399844443    0.0171200705101798
61.9920000000074    9.09432606617215    0.153708749634375    0.0169016096977345
62.4960000000075    9.17163439416153    0.153076688709027    0.016690230130245
63.0000000000077    9.24863806903784    0.152510211588293    0.0164900183626884
63.5040000000079    9.32539142506267    0.152105869123507    0.0163109366878383
64.008000000008    9.40201801694726    0.152045420246058    0.0161715729508276
64.5120000000078    9.47875560627803    0.152595326228674    0.0160986665937041
65.0160000000075    9.55598338617921    0.154028383008621    0.0161185277102294
65.5200000000072    9.63418337534187    0.156443688122997    0.0162383963464309
66.0240000000069    9.71380133148039    0.159576265394001    0.0164277876341621
66.5280000000066    9.79505270015058    0.162804464682121    0.0166210912453404
67.0320000000064    9.87780789325166    0.165446337363763    0.0167492969241479
67.5360000000061    9.96165665693153    0.167114741984897    0.0167757982171183
68.0400000000058    10.0460970021233    0.167823635873971    0.0167053569001474
68.5440000000055    10.1307050727732    0.167831852131338    0.0165666506847973
69.0480000000052    10.2152039556043    0.167434860559271    0.0163907506190724
69.552000000005    10.2994484935837    0.166850441299344    0.0161999393854232
70.0560000000047    10.3833786716564    0.166201043051636    0.0160064511087626
70.5600000000044    10.4669774817746    0.165540575558021    0.0158155089037179
71.0640000000041    10.5502447282101    0.164886571162073    0.0156286963392599
71.5680000000038    10.6331848201786    0.164242456832693    0.0154462148086629
72.0720000000036    10.7158027959519    0.163608291015104    0.0152679453075518
72.5760000000033    10.7981036179414    0.162983932589184    0.0150937551959014
73.080000000003    10.8800925281527    0.162371406788998    0.0149237156181213
73.5840000000027    10.9617782677692    0.16178563010749    0.0147590679318142
74.0880000000025    11.0431861120887    0.161284482235906    0.0146048867237102
74.5920000000022    11.1243926786276    0.161025019270025    0.0144749492329041
75.0960000000019    11.2055918553651    0.161321113013166    0.0143964830323467
75.6000000000016    11.2871684901364    0.162587332022233    0.0144046163716183
76.1040000000013    11.3696757784315    0.164993321842637    0.0145116998107926
76.6080000000011    11.4535869080674    0.168004156602387    0.0146682570229639
77.1120000000008    11.5389471770549    0.170573274578491    0.0147823949586731
77.6160000000005    11.6253323709956    0.172025730825276    0.0147974892532508
78.1200000000002    11.7121718010824    0.172433338647497    0.0147225759300731
78.6239999999999    11.7990399818146    0.172211024076781    0.0145953420229275
79.1279999999997    11.8857147769738    0.171710416406836    0.0144467892448076
79.6319999999994    11.9721095408458    0.171119454079158    0.0142931747738644
80.1359999999991    12.0582007011956    0.170512050384489    0.0141407540486187
80.6399999999988    12.1439865399027    0.16990922609911    0.013991223190245
81.1439999999985    12.2294705845607    0.16931456239202    0.0138447990222712
81.6479999999983    12.3146570030463    0.168728139259505    0.0137014079415908
82.151999999998    12.3995499148306    0.168149886876606    0.0135609669731228
82.6559999999977    12.4841537120658    0.167581563571571    0.0134235421508472
83.1599999999974    12.5684754956335    0.167034103350145    0.0132899255290091
83.6639999999971    12.6525335388669    0.166544676890094    0.0131629508334035
84.1679999999969    12.7363770127795    0.16620381567632    0.0130495364191522
84.6719999999966    12.8201202161412    0.166182811614624    0.012962656263191
85.1759999999963    12.903984786199    0.16673066350476    0.0129208664042351
85.679999999996    12.9883220235434    0.168089649520955    0.0129415985541678
86.1839999999957    13.0735661636527    0.170310780523231    0.0130271096953432
86.6879999999955    13.1600896802249    0.173082478520628    0.0131520743951093
87.1919999999952    13.2480226365853    0.175791808353427    0.0132692865324645
87.6959999999949    13.3371773201969    0.177855867785807    0.0133353455169613
88.1999999999946    13.427149333262    0.179027462540999    0.0133332443169831
88.7039999999944    13.5175037652368    0.179410936461476    0.0132724902154545
89.2079999999941    13.6079077654443    0.179270639565946    0.0131740046049682
89.7119999999938    13.6981627069614    0.178854093704623    0.0130567943694908
90.2159999999935    13.7881738159677    0.178322415357518    0.0129329973452328
90.7199999999932    13.8779062505761    0.1777566536169    0.0128086074662395
91.223999999993    13.9673521959817    0.177188230470109    0.0126858854837988
91.7279999999927    14.0565130037154    0.176625655745157    0.0125653962471683
92.2319999999924    14.1453920394139    0.176070098216912    0.0124471699141544
92.7359999999921    14.2339928270288    0.175521476949531    0.0123311483350079
93.2399999999918    14.3223188853549    0.174980087841338    0.0122173014888156
93.7439999999916    14.4103746646802    0.174450628951289    0.0121059051558783
94.2479999999913    14.4981708704249    0.173957106717366    0.011998555422755
94.751999999991    14.5857419044864    0.17357717180026    0.0119004691661841
95.2559999999907    14.6731857677945    0.173494628789917    0.0118239236887952
95.7599999999904    14.7607273783221    0.174026175610489    0.0117898102952614
96.2639999999902    14.8487637469711    0.175495911571478    0.0118188904182192
96.7679999999899    14.9377829546003    0.177868252261733    0.0119072725050511
97.2719999999896    15.0280971549562    0.1804832335933    0.0120097196426347
97.7759999999893    15.1196016074044    0.182472609396601    0.0120686122647068
98.279999999989    15.2118578164588    0.183460451229874    0.0120603580077757
98.7839999999888    15.304392528787    0.183636026468039    0.0119989098634674
99.2879999999885    15.3968876264045    0.183359015645442    0.0119088363891801
99.7919999999882    15.489187465013    0.182893040004299    0.0118077878789586
100.295999999988    15.5812345939485    0.182369489365848    0.0117044312673835
100.799999999988    15.6730146238302    0.18183717623189    0.0116019272996411
101.303999999987    15.7645272049451    0.18130895122208    0.0115010712890397
101.807999999987    15.855775056751    0.180786703716508    0.0114019468029431
102.311999999987    15.9467612050748    0.18027042817732    0.0113045166889407
102.815999999987    16.037488661788    0.179760247026197    0.011208752867555
103.319999999986    16.1279609549061    0.179258855585951    0.0111147872993468
103.823999999986    16.2181852277909    0.178780073142486    0.0110234326856827
104.327999999986    16.3081820095481    0.178367128128851    0.0109372784792579
104.831999999985    16.3980066342484    0.178119758995494    0.0108622811887073
105.335999999985    16.4877841846137    0.178216912081076    0.0108090274645508
105.839999999985    16.5777476364768    0.178898477100326    0.0107914827166682
106.343999999985    16.6682455079357    0.180355641961323    0.0108203135042291
106.847999999984    16.7596702622335    0.182538754381708    0.0108915480749668
107.351999999984    16.8522998058048    0.185043315556178    0.0109803004746236
107.855999999984    16.94614663537    0.187272428806993    0.0110510331839167
108.359999999983    17.0409483504655    0.188788080114618    0.0110784961160604
108.863999999983    17.1363099034093    0.189508470240819    0.0110588843986252
109.367999999983    17.2318697056672    0.189616313829803    0.0110038154343427
109.871999999983    17.3273824928187    0.189360689142972    0.0109284070586802
110.375999999982    17.4227169543884    0.188933481884778    0.0108440883462318
110.879999999982    17.5178172995845    0.18844384308163    0.0107572672930034
111.383999999982    17.6126661394148    0.187940016441472    0.0106707306522371
111.887999999982    17.7072611846215    0.187437887981933    0.0105853686816751
112.391999999981    17.8016043832139    0.186940761359668    0.0105013434371086
112.895999999981    17.8956983509558    0.186448864780359    0.0104186414591862
113.399999999981    17.9895457099796    0.185962179456761    0.0103372359955482
113.90399999998    18.0831492944352    0.185482079369205    0.010257177903535
114.40799999998    18.1765142830062    0.185018570920499    0.0101789907591621
114.91199999998    18.2696570021351    0.18461078913729    0.0101047758650157
115.41599999998    18.3626286284441    0.184365697979185    0.0100402672030081
115.919999999979    18.4555609163361    0.184501228821645    0.0099970534441103
116.423999999979    18.5487219696951    0.185325047216155    0.00999125694583911
116.927999999979    18.6425190300905    0.187028056946816    0.0100323382609903
117.431999999978    18.7373521234224    0.189342636921365    0.0101050903923976
117.935999999978    18.8333552218812    0.191535071423557    0.0101699919725947
118.439999999978    18.9302884795066    0.19296857130535    0.0101936413443595
118.943999999978    19.0277204365248    0.193538996858594    0.0101714231877763
119.447999999977    19.1252753055248    0.193511178787368    0.0101180859201262
119.951999999977    19.2227299321089    0.193182684929658    0.0100497008287555
120.455999999977    19.3199847808559    0.19273953058388    0.00997617403792497
120.959999999976    19.4170065201446    0.192265662423954    0.00990192088695467
121.463999999976    19.5137882606115    0.191789307729601    0.00982839954847347
121.967999999976    19.6103308242541    0.191316866355849    0.00975592243039717
122.471999999976    19.7066364362068    0.190849024985098    0.00968450529865428
122.975999999975    19.8027074067738    0.190385748366326    0.00961412722288681
123.479999999975    19.8985461053573    0.18992755458601    0.00954479556347467
123.983999999975    19.9941559596994    0.189479218481514    0.00947673004369038
124.487999999975    20.0895459609564    0.189060638258483    0.00941089652428773
124.991999999974    20.1847430606568    0.188727391759392    0.00935000218691168
125.495999999974    20.2798168337064    0.188597288880212    0.00929975307108056
125.999999999974    20.3749153897754    0.18886314654781    0.00926939537832805
126.503999999973    20.4702953736764    0.189747612928368    0.00926941255436755
127.007999999973    20.5663050299167    0.191360165142421    0.00930454765034649
127.511999999973    20.6632798716555    0.193517553301411    0.0093652873359599
128.015999999973    20.7613805665873    0.195732032282047    0.00942769830042283
128.519999999973    20.8604972061519    0.197477177135396    0.0094665613759752
129.023999999974    20.9603134619777    0.19849513843011    0.00947004627531849
129.527999999974    21.0604679189075    0.198849056612042    0.00944181569838346
130.031999999975    21.1606787619609    0.198758352692305    0.00939281555795833
130.535999999976    21.2607775365619    0.198433866322206    0.00933333063576634
131.039999999976    21.3606841732785    0.198012194178579    0.00926993688836454
131.543999999977    21.4603691072022    0.197561040885289    0.00920585475013972
132.047999999978    21.5598251752502    0.197106161285615    0.00914228940556926
132.551999999978    21.6590526683978    0.196654396954563    0.00907954747446072
133.055999999979    21.7580534937082    0.196206701896715    0.00901765876958854
133.559999999979    21.8568297051562    0.195763066670935    0.00895660849774351
134.06399999998    21.9553833866211    0.195323816504554    0.00889639743770443
134.567999999981    22.053717440252    0.194892930629006    0.00883719178669131
135.071999999981    22.1518399204058    0.194489936782971    0.00877985474262168
135.575999999982    22.2497778857769    0.194176579155696    0.00872712438535501
136.079999999982    22.3476084876967    0.194096737751264    0.00868534715283392
136.583999999983    22.4455078032145    0.194496956264082    0.00866529543324601
137.087999999984    22.5437869951844    0.195636355815747    0.00867806087138497
137.591999999984    22.6428368197439    0.19751689457466    0.00872315143844657
138.095999999985    22.7429300502594    0.199662649410906    0.00877910845127135
138.599999999986    22.8440230784218    0.201382981444731    0.0088155654874537
139.103999999986    22.9457888591793    0.202315359052418    0.00881710192201492
139.607999999987    23.0478398753077    0.20255619850804    0.00878851118386363
140.111999999987    23.1498966161001    0.202384307516043    0.00874234174226465
140.615999999988    23.2518127748905    0.202027130230999    0.00868866149004811
141.119999999989    23.3535298322048    0.201607199030902    0.00863283625556612
141.623999999989    23.4550307463621    0.201173763880068    0.00857699851496763
142.12799999999    23.5563131954036    0.200741235582877    0.00852175949256974
142.63199999999    23.6573785081542    0.2003122037285    0.00846721895494282
143.135999999991    23.7582285091785    0.199886817220564    0.00841337211414319
143.639999999992    23.8588650345781    0.19946511926714    0.00836020988333097
144.143999999992    23.9592901764976    0.19904855262096    0.00830778170616307
144.647999999993    24.0595081792106    0.198645771608438    0.00825643525747896
145.151999999994    24.1595321929994    0.198286590418879    0.00820738534317874
145.655999999994    24.2594003924092    0.198044837269644    0.00816363282134592
146.159999999995    24.359204403837    0.198061566086597    0.00813087171498095
146.663999999995    24.4591239497166    0.198539447486856    0.008117193726767
147.167999999996    24.5594411693209    0.199659879431859    0.00812965889799113
147.671999999997    24.6604894981481    0.201414018344376    0.00816747852306423
148.175999999997    24.7625199886192    0.203479183721164    0.00821722441070952
148.679999999998    24.8655614751975    0.205340551228431    0.00825802994367332
149.183999999998    24.9694014806508    0.206607712956604    0.00827443593778998
149.687999999999    25.0737080300694    0.207204180330109    0.00826380286799311
150.192    25.1781768929413    0.207287673493218    0.00823283093031772
150.696    25.282604024044    0.20707145496036    0.00819027402254267
151.200000000001    25.3868820308983    0.206716425035867    0.00814264724530853
151.704000000002    25.4909661331112    0.206311781536807    0.00809352538697312
152.208000000002    25.5948425361828    0.205895764840465    0.00804442397132919
152.712000000003    25.6985092362084    0.205480485744618    0.0079958134480074
153.216000000003    25.8019673992241    0.205068330432732    0.00794777883638821
153.720000000004    25.9052186655733    0.204659462102103    0.00790031787587591
154.224000000005    26.0082646914111    0.204253921397766    0.00785342366440998
154.728000000005    26.1111073812632    0.203853144097708    0.0078071428040616
155.232000000006    26.2137509073119    0.203466533215597    0.00776182446896004
155.736000000006    26.3162095889756    0.203129094019728    0.00771878234716685
156.240000000007    26.4185282846372    0.202933284802803    0.00768147576641549
156.744000000008    26.5208203724713    0.203062099301918    0.00765670505097562
157.248000000008    26.6233120440191    0.203766706902306    0.00765369487332744
157.752000000009    26.7263413082187    0.205196720861818    0.00767769589168261
158.25600000001    26.8302376793528    0.207131838652076    0.00772008959173231
158.76000000001    26.935114974275    0.208979071219816    0.00775861069905978
159.264000000011    27.0407828418366    0.210213299888119    0.00777393543366222
159.768000000011    27.1468878175524    0.210730970346942    0.00776261985400364
160.272000000012    27.2531136935736    0.210737348982398    0.00773259713924323
160.776000000013    27.3592670475089    0.210478264990599    0.00769312513471604
161.280000000013    27.4652585569363    0.210113675612978    0.00765016193739472
161.784000000014    27.5710567660497    0.209718541308662    0.00760647453915892
162.288000000014    27.6766542412757    0.209319198580027    0.00756302393906622
162.792000000015    27.7820509067665    0.208922021624399    0.00752003595146804
163.296000000016    27.8872481395423    0.208527811725042    0.00747753276628836
163.800000000016    27.9922474392269    0.208136572632799    0.00743550774494536
164.304000000017    28.097050348249    0.207748648538208    0.00739396648271854
164.808000000018    28.2016591527893    0.207367487192268    0.00735302437593491
165.312000000018    28.3060803166777    0.207008351260318    0.00731321147062352
165.816000000019    28.4103344365618    0.206715698491452    0.0072760740973688
166.320000000019    28.5144768679291    0.206586978593785    0.00724498575059386
166.82400000002    28.6186290196504    0.206786643765955    0.0072255957343019
167.328000000021    28.7230063785503    0.207510841115547    0.00722455158003625
167.832000000021    28.8279068943278    0.208862564683842    0.00724515190955255
168.336000000022    28.9336209942172    0.210687034131411    0.00728173753895235
168.840000000022    29.0402872101726    0.212556632073814    0.00731937086350019
169.344000000023    29.1478070251527    0.214012593051669    0.00734232228403976
169.848000000024    29.2559047668622    0.21484091405516    0.00734350606372317
170.352000000024    29.3642718872475    0.215109006810117    0.0073255351822136
170.856000000025    29.4726733902361    0.215011422404637    0.00729528059968484
171.360000000026    29.5809723998422    0.214726790069467    0.00725894967775339
171.864000000026    29.6891056560384    0.214366707214417    0.00722038277939226
172.368000000027    29.7970505080648    0.213984489637531    0.00718139835953276
172.872000000027    29.9048016374725    0.213599537995578    0.00714265022002104
173.376000000028    30.0123592142581    0.213216687029608    0.00710429611705815
173.880000000029    30.119724514506    0.212836544535423    0.00706635096987419
174.384000000029    30.2268989057152    0.2124591140618    0.00702880949595622
174.88800000003    30.3338838146657    0.212084835326145    0.00699168087482443
175.39200000003    30.4406815888257    0.211717964997668    0.00695509935872743
175.896000000031    30.5472997944038    0.21137776115817    0.00691968725814824
176.400000000032    30.6537641689236    0.211122143688712    0.00688731545415701
176.904000000032    30.7601463625418    0.211080733957786    0.00686214985683
177.408000000033    30.8666051673539    0.211466350593772    0.00685097533231253
177.912000000034    30.9734126019503    0.212488121514856    0.00686033935768112
178.416000000034    31.080898719975    0.214122968533233    0.00688921419108194
178.920000000035    31.1892824692196    0.215953406272927    0.00692396198873922
179.424000000035    31.2985145215885    0.217406863902051    0.00694623585896042
179.928000000036    31.408314236222    0.218193477973526    0.00694699742025288
180.432000000037    31.5183550877189    0.218398377507496    0.00692924414677322
180.936000000037    31.62840151697    0.218254175887141    0.00690057560354539
181.440000000038    31.7383291772634    0.217951320992354    0.00686713278997966
181.944000000038    31.8480875683588    0.217593549330461    0.00683223282601877
182.448000000039    31.9576615120607    0.217223158882342    0.00679721696158409
182.95200000004    32.0670485603564    0.216852757078571    0.00676247945520811
183.45600000004    32.1762494900781    0.216484681239839    0.00672808934138189
183.960000000041    32.2852655368269    0.216119091823943    0.00669404721412067
184.464000000042    32.3940979565003    0.215756037458898    0.00666035022023522
184.968000000042    32.5027482212885    0.215396722399195    0.00662703107234837
185.472000000043    32.6112196162442    0.215048482667787    0.00659430972525383
185.976000000043    32.7195230512949    0.214737003176603    0.00656296251140202
186.480000000044    32.8276911643782    0.214526735073115    0.00653493217049334
186.984000000045    32.9358035352527    0.214542084448835    0.0065139471766402
187.488000000045    33.0440177002597    0.214962704946996    0.00650534408064146
187.992000000046    33.1525817226142    0.215947640148426    0.0065137503303739
188.496000000047    33.2617867475514    0.217480661552311    0.00653845396830105
189.000000000047    33.3718451192035    0.219262851568585    0.0065702945337719
189.504000000048    33.4827677952143    0.220836372829276    0.00659552323093316
190.008000000048    33.5943564903936    0.221874634906328    0.00660452105905864
190.512000000049    33.7063192586699    0.222335105111302    0.00659624396852864
191.01600000005    33.8183985645795    0.22236934569789    0.00657539549879199
191.52000000005    33.9304274876208    0.222162929138912    0.00654760183083357
192.024000000051    34.0423210958381    0.221848935541312    0.00651685691221669
192.528000000051    34.1540452521947    0.221498059305188    0.00648526573264274
193.032000000052    34.2655899132376    0.221139240485345    0.00645368257325446
193.536000000053    34.3769537532041    0.220781089916899    0.00642235759171421
194.040000000053    34.4881376267503    0.220425140078477    0.00639133207087142
194.544000000054    34.5991426784809    0.220071477045216    0.00636060491701405
195.048000000055    34.7099700706383    0.2197202012102    0.00633017547301388
195.552000000055    34.8206212971168    0.21937306892854    0.00630009060024166
196.056000000056    34.9311003910784    0.219040218092052    0.00627063607042842
196.560000000056    35.0414218591279    0.218756897503864    0.00624280882160837
197.064000000057    35.1516300725872    0.218611714464065    0.00621910602759068
197.568000000058    35.261833378713    0.218771823602705    0.00620421012297036
198.072000000058    35.3722399637752    0.219451980906173    0.00620407362188298
198.576000000059    35.4831476452949    0.220755094494362    0.00622140675627559
199.080000000059    35.5948295341112    0.222453976529273    0.00624961488623204
199.58400000006    35.7073599257213    0.224029727243919    0.00627404903946827
200.088000000061    35.8205571861736    0.225058017500963    0.00628292899887758
200.592000000061    35.9341144678233    0.22547593686394    0.00627470414126496
201.096000000062    36.0477650674131    0.22546613332411    0.00625464943256439
201.600000000063    36.1613477694027    0.225235764763128    0.00622863301997021
202.104000000063    36.274788419622    0.224917823022958    0.00620038965964842
202.608000000064    36.388060867428    0.224574362020553    0.00617164961987784
203.112000000064    36.5011588250567    0.224227117851356    0.00614301367597766
203.616000000065    36.6140820653553    0.223881319676567    0.00611462331015001
204.120000000066    36.7268315495943    0.223537621110214    0.00608649348932697
204.624000000066    36.8394083416525    0.223196035920864    0.00605862162201198
205.128000000067    36.9518135541266    0.222856908498764    0.00603101409819373
205.632000000067    37.0640490060065    0.222523472904791    0.00600375509078163
206.136000000068    37.1761203986285    0.222209857968143    0.00597722020440681
206.640000000069    37.2880464752855    0.221957020488971    0.00595249795765203
207.144000000069    37.3998779387255    0.221854408874548    0.00593195542611197
207.64800000007    37.5117258995481    0.222051770209006    0.00591952955733453
208.152000000071    37.6237862803281    0.222723460140835    0.00591975136370811
208.656000000071    37.7363257113239    0.223949449641305    0.00593458545366812
209.160000000072    37.849594781185    0.225567998501969    0.00595958820182927
209.664000000072    37.9636974268877    0.227181679875194    0.00598418213380591
210.168000000073    38.0785250743445    0.228394641117124    0.00599799074862291
210.672000000074    38.1938239421884    0.229049031157447    0.0059970175152963
211.176000000074    38.3093263401163    0.22922903923919    0.0059836353478017
211.680000000075    38.4248371196954    0.229111910608422    0.0059625993961855
212.184000000075    38.5402469760335    0.228848651816313    0.00593791347415661
212.688000000076    38.6555073587416    0.228528954763227    0.00591193779045167
213.192000000077    38.7706016892155    0.228193668659993    0.00588573967691266
213.696000000077    38.8855263673279    0.2278568085137    0.00585968173251086
214.200000000078    39.0002816359855    0.227521565070499    0.00583384415512952
214.704000000079    39.1148684341313    0.227188277675812    0.00580823320570265
215.208000000079    39.2292877494882    0.226856962330022    0.00578284683063057
215.71200000008    39.3435406702871    0.226528252726617    0.00575769869379588
216.21600000008    39.4576294290761    0.226207168750809    0.00573291330533198
216.720000000081    39.5715620487339    0.225914416164866    0.00570900931043974
217.224000000082    39.6853653886515    0.225708651687809    0.00568745303154882
217.728000000082    39.7991114762759    0.225714551340869    0.00567134649414011
218.232000000083    39.9129535536449    0.226124469475174    0.00566544064876712
218.736000000083    40.0271421569156    0.227105246433651    0.00567378119435423
219.240000000084    40.1419630868201    0.228593634136036    0.00569463017146491
219.744000000085    40.2575835172086    0.230191483713057    0.00571796574959992
220.248000000085    40.373931273594    0.231414229264118    0.00573177349750608
220.752000000086    40.4907484659458    0.23204942545108    0.00573092457518393
221.256000000087    40.6077541387367    0.232193824513958    0.00571796765023413
221.760000000087    40.7247518362675    0.232050392103976    0.00569801856710943
222.264000000088    40.8416397316938    0.231778066812299    0.00567504312596037
222.768000000088    40.9583770091046    0.231461675364335    0.00565114372849498
223.272000000089    41.0749515451893    0.231135269893043    0.00562715867452103
223.77600000009    41.1913613883014    0.230808792393934    0.00560333003364839
224.28000000009    41.3076071003531    0.230484019928379    0.00557969914278596
224.784000000091    41.4236895863167    0.230161068682771    0.00555626673966771
225.288000000091    41.5396097710385    0.229840008949396    0.00553303245303092
225.792000000092    41.6553688163997    0.229522106142491    0.00551002458180442
226.296000000093    41.7709697182014    0.229214666916771    0.00548741550562787
226.800000000093    41.8864229466688    0.228942652020404    0.00546579621544436
227.304000000094    42.0017598898806    0.228767710007766    0.00544662201316194
227.808000000095    42.1170564499175    0.228806903568466    0.00543264232723735
228.312000000095    42.2324609278816    0.229224606725256    0.00542768765279135
228.816000000096    42.3482020185524    0.230155242994751    0.00543482915505885
229.320000000096    42.4645383388408    0.231558029920565    0.00545297415158209
229.824000000097    42.5816425722472    0.233135292232723    0.0054750187674693
230.328000000098    42.6994977696564    0.234474679543996    0.00549127488123808
230.832000000098    42.8179076190297    0.235315044566663    0.0054957156398292
231.336000000099    42.9366101023404    0.235653112303681    0.0054883958407987
231.840000000099    43.0553867487848    0.235638679511425    0.00547291982037707
232.3440000001    43.1741022255791    0.235433687077122    0.0054531229357593
232.848000000101    43.2926905330262    0.235147207608864    0.00543156834822913
233.352000000101    43.4111263588081    0.234834304648439    0.00540954184665589
233.856000000102    43.5294027349614    0.23451629359198    0.00538753759200157
234.360000000103    43.6475189322849    0.234199034155836    0.00536568950274526
234.864000000103    43.7654756431067    0.233883435541504    0.00534401676446402
235.368000000104    43.8832737205451    0.233569536633707    0.00532251850946925
235.872000000104    44.0009140447592    0.233257524897534    0.00530119725831733
236.376000000105    44.1183979608245    0.232949687218339    0.00528010304057707
236.880000000106    44.235729846613    0.232657656453978    0.00525949627734676
237.384000000106    44.3529255535774    0.232419008992    0.00524021822892479
237.888000000107    44.4700317468823    0.232323048187673    0.00522426090248881
238.392000000107    44.5871575762526    0.232528551380721    0.00521514633407731
238.896000000108    44.7045030456943    0.233221285621731    0.00521695287348002
239.400000000109    44.8223376952655    0.234456691683294    0.00523080017105086
239.904000000109    44.9408860450771    0.235984913784188    0.00525100714630966
240.40800000011    45.0601801625432    0.237337957043032    0.00526713289176597
240.912000000111    45.1800349073969    0.238180506136432    0.00527180881167131
241.416000000111    45.3001765415436    0.238496105267308    0.00526479416804458
241.920000000112    45.4203794433541    0.238456787283051    0.00524999549113063
242.424000000112    45.5405114604682    0.238239128301303    0.00523136698866696
242.928000000113    45.660513191476    0.237952201241493    0.00521133435893827
243.432000000114    45.780364153648    0.237645613766334    0.00519099439595429
243.936000000114    45.9000595724263    0.237336267123675    0.00517071806299465
244.440000000115    46.0195993161393    0.237028053532007    0.00515058925010848
244.944000000115    46.1389841169726    0.236721421140403    0.00513061623854269
245.448000000116    46.2582147759868    0.236416386202365    0.00511079788416504
245.952000000117    46.3772921592582    0.236113367247767    0.00509114172593262
246.456000000117    46.4962179182492    0.235815852674556    0.00507172116857275
246.960000000118    46.6149977556952    0.235538343965386    0.00505284469174107
247.464000000119    46.7336505234717    0.235321677812467    0.00503537975691153
247.968000000119    46.8522265184494    0.235252954238502    0.00502116914648367
248.47200000012    46.9708339749592    0.235473661995643    0.00501318886782331
248.97600000012    47.0896591986223    0.236138923845629    0.00501466623170077
249.480000000121    47.2089465605963    0.237299080560313    0.00502657012809471
249.984000000122    47.3289104316721    0.238771742538902    0.00504494484155963
250.488000000122    47.4496172442993    0.240179177310009    0.00506177270247348
250.992000000123    47.5709422079115    0.241185730826119    0.00507002215285128
251.496000000124    47.6926468510707    0.241689782485947    0.00506765294953474
252.000000000124    47.8144978250985    0.241792581360508    0.00505688844092779
252.504000000125    47.9363338240318    0.241656027539516    0.00504118709675639
253.008000000125    48.0580685489703    0.241407030735593    0.0050232362228541
253.512000000126    48.1796654161099    0.241116817815068    0.00500453491597817
254.016000000127    48.3011126492818    0.240816103505738    0.0049857258000312
254.520000000127    48.4224079735956    0.24051471192573    0.00496701262888209
255.024000000128    48.5435517079388    0.240214640441289    0.0049484356209973
255.528000000128    48.6645445817604    0.239916059565398    0.00492999701584218
256.032000000129    48.7853873504921    0.23961901074323    0.00491169638608625
256.536000000128    48.9060809338975    0.239324424734524    0.00489355147998876
257.040000000127    49.0266277329653    0.239038474980754    0.00487568666322986
257.544000000125    49.1470368537736    0.238784370981241    0.00485857106078831
258.048000000124    49.2673377304354    0.238623840796199    0.00484344906359303
258.552000000123    49.3876058283099    0.238680666597606    0.00483280496380714
259.056000000122    49.507994224109    0.239131554894574    0.00483016043453692
259.560000000121    49.6287393171853    0.240103310583006    0.00483798931599827
260.06400000012    49.750089647038    0.241488411059293    0.00485402966653087
260.568000000118    49.8721637496377    0.242897212255131    0.00487039650965405
261.072000000117    49.9948635320102    0.243920662320673    0.00487891445417184
261.576000000116    50.1179458893659    0.244418044037428    0.00487685677655214
262.080000000115    50.2411670534817    0.244501264367091    0.00486655224602604
262.584000000114    50.3643641924541    0.244350420108425    0.00485165302940597
263.088000000112    50.4874555590442    0.244097769919836    0.00483482019873963
263.592000000111    50.610409309732    0.243811391542289    0.00481741592031357
264.09600000011    50.7332163192015    0.243517737829331    0.00479996648146995
264.600000000109    50.8558752373715    0.243224195929996    0.00478261744183418
265.104000000108    50.9783865364324    0.242931986729241    0.00476539183043045
265.608000000107    51.1007509153268    0.24264117925561    0.00474828989612428
266.112000000105    51.2229690934685    0.242351881784607    0.00473131265277455
266.616000000104    51.3450420858428    0.24206559276958    0.0047144881557381
267.120000000103    51.466972956125    0.241790264148749    0.00469796940175348
267.624000000102    51.5887726720891    0.241551861846515    0.00468225641617563
268.128000000101    51.7104735613493    0.241412519494863    0.0046685420354631
268.6320000001    51.8321520504453    0.241486463664049    0.00465900901488758
269.136000000098    51.9539535422914    0.24192615723033    0.0046565495161672
269.640000000097    52.0760942735228    0.242839719832375    0.00466317075464399
270.144000000096    52.1988048281713    0.244154408523    0.00467739461328111
270.648000000095    52.3222187378207    0.245566646346132    0.00469335307771697
271.152000000094    52.4462892086567    0.24670693960838    0.0047039922810718
271.656000000092    52.5708190419288    0.247377687187435    0.00470560839065745
272.160000000091    52.695571943747    0.247611727859598    0.00469890958056069
272.66400000009    52.8203630920041    0.247555998347063    0.00468675305991106
273.168000000089    52.9450836472755    0.247351017666838    0.00467184109698855
273.672000000088    53.0696829901933    0.247085347053838    0.00465586627113443
274.176000000087    53.1941427339298    0.246801278560588    0.00463963259630024
274.680000000085    53.3184582282513    0.246514173266371    0.0046234302614503
275.184000000084    53.4426291706564    0.246227871897584    0.00460733080910584
275.688000000083    53.5666561438121    0.245942876794029    0.00459134272137014
276.192000000082    53.6905398125713    0.245659207873445    0.00457546541217538
276.696000000081    53.8142808910351    0.245377189459688    0.00455970395584279
277.20000000008    53.9378807542187    0.245099864767745    0.00454411373492042
277.704000000078    54.0613445021429    0.244840968424289    0.0045289470818578
278.208000000077    54.1846901770988    0.2446417178718    0.00451496016812508
278.712000000076    54.3079684875488    0.244594395443122    0.00450383990149071
279.216000000075    54.4312924617763    0.244852205574762    0.00449837206688977
279.720000000074    54.5548582201061    0.245573654693282    0.00450140762354279
280.224000000073    54.6789116270747    0.246766160857817    0.0045130042554766
280.728000000071    54.8036324350558    0.248154678177373    0.00452806989521078
281.23200000007    54.9290122885558    0.249316243156689    0.00453888087131384
281.736000000069    55.0548604845542    0.249995879162324    0.00454085028936656
282.240000000068    55.1809307328547    0.250219158927343    0.00453452226347394
282.744000000067    55.3070324262505    0.250149931415562    0.00452293172209386
283.248000000065    55.4330584407515    0.249938940142307    0.00450884268652522
283.752000000064    55.558962226884    0.249674759720725    0.00449387011048078
284.256000000063    55.6847283207802    0.249396184421582    0.0044787178090355
284.760000000062    55.8103533371408    0.249115863698119    0.00446361380644291
285.264000000061    55.9358372844212    0.248836512807839    0.004448606204687
285.76800000006    56.0611807513619    0.248558405135974    0.00443369907313155
286.272000000058    56.1863843679354    0.248281563681426    0.00441889198734624
286.776000000057    56.3114488579776    0.248006546764925    0.00440419402793949
287.280000000056    56.4363758941956    0.247737410744813    0.00438967610551854
287.784000000055    56.5611716587366    0.247489932419985    0.0043756153764498
288.288000000054    56.6858562812609    0.247306727529166    0.00436275896234313
288.792000000053    56.8104820605203    0.24727550359873    0.00435263871437152
289.296000000051    56.935158317081    0.247532371808245    0.00434761892519377
289.80000000005    57.0600665963853    0.248213408463152    0.00435003713225382
290.304000000049    57.1854328900713    0.249335391907255    0.00436012073890492
290.808000000048    57.3114368854954    0.250690886981254    0.00437418603693566
291.312000000047    57.4381077059319    0.251921032120542    0.00438595633077455
291.816000000046    57.565304370864    0.252749449798155    0.00439065601338297
292.320000000044    57.6928023164562    0.253126109317011    0.00438748161215267
292.824000000043    57.8203986457432    0.253165085240001    0.00437847353476591
293.328000000042    57.9479608931172    0.253012917407226    0.00436620915572679
293.832000000041    58.0754216134693    0.252775331168984    0.00435253544694644
294.33600000004    58.2027536574034    0.252508248810551    0.0043384244377316
294.840000000038    58.3299488733916    0.252234382429055    0.00432426887560871
295.344000000037    58.4570059271652    0.251960430583613    0.00431018363987961
295.848000000036    58.5839251765941    0.251687581246853    0.0042961884252066
296.352000000035    58.7107072072404    0.251415911853098    0.00428228382542959
296.856000000034    58.8373526246828    0.251145513655453    0.00426847066450258
297.360000000033    58.9638622968554    0.250877749068829    0.00425477130052603
297.864000000031    59.0902390348987    0.250620332609796    0.00424131526125287
298.36800000003    59.2164935669119    0.250399803351749    0.00422854830248956
298.872000000029    59.3426590022461    0.250282368283094    0.00421757926744773
299.376000000028    59.4688161528488    0.25039259244228    0.00421048557278679
299.880000000027    59.5951205243974    0.250892355262034    0.0042099479463142
