#t    <phi>    <pi>    <phi^2>    <pi^2>    rms(phi)    rms(pi)
0    -1.16467030247466e-21    4.10281583826302e-22    3.49140647178608e-09    7.91859286150896e-07    5.90881246257324e-05    0.000889864757224881
0.504    -9.1192899921968e-13    -5.25863901464602e-11    3.74085031687269e-09    6.35453599717388e-07    6.11624910944011e-05    0.000797153435492431
1.008    4.6322808304294e-12    4.5880895493722e-11    3.34918657632543e-09    6.38363283002546e-07    5.7872157177052e-05    0.000798976397024683
1.512    1.70005067247282e-11    -2.33406206147825e-11    3.12169526927538e-09    5.97111270399216e-07    5.58721332085602e-05    0.000772729752500326
2.016    2.46814733898822e-12    -4.67514365635177e-11    2.85615284719147e-09    5.7229056086284e-07    5.34429868850111e-05    0.000756498883583339
2.52    -5.18242560407317e-12    -2.10342322068975e-11    2.63454439440769e-09    5.44771687891352e-07    5.13278130686246e-05    0.000738086504341701
3.024    -5.91348784300007e-13    1.43147942729493e-11    2.43771872059384e-09    5.14680226322619e-07    4.93732591651983e-05    0.000717412173246746
3.528    -1.05464089454821e-11    -2.56388324543324e-11    2.2631648903899e-09    4.86834742937483e-07    4.75727326353005e-05    0.000697735439072348
4.032    -9.70614416530409e-12    -1.46636789354858e-11    2.08547218378094e-09    4.65285717856296e-07    4.56669703810187e-05    0.000682118551174424
4.536    -4.02185490040895e-12    -3.07383181227692e-11    1.96371624248322e-09    4.38051095734711e-07    4.43138380473098e-05    0.000661854285877723
5.04    2.02864756224479e-12    3.67314761288854e-11    1.83567768893848e-09    4.17261809733514e-07    4.28448093581764e-05    0.000645958055707577
5.544    1.25190156599091e-11    -2.05423231436023e-11    1.73174610597923e-09    3.95121164703089e-07    4.16142536395773e-05    0.000628586640570008
6.048    9.19414294884375e-13    -1.03188304775297e-11    1.63368603468984e-09    3.7681452776292e-07    4.04188821553719e-05    0.000613852203517199
6.552    2.6898737534025e-12    -2.46626465307394e-12    1.54545472255502e-09    3.60415429403864e-07    3.93122719078281e-05    0.000600346091353866
7.05600000000001    1.00876919137417e-11    3.11404877273021e-11    1.47035167107028e-09    3.44824970030514e-07    3.83451648982004e-05    0.000587217991916557
7.56000000000001    2.51884865670376e-11    3.9005864261898e-11    1.40249005720507e-09    3.29274365137358e-07    3.74498338741901e-05    0.000573824332995174
8.064    4.52951095381381e-11    4.2418919725264e-11    1.33007888057394e-09    3.19588102919808e-07    3.64702465109833e-05    0.000565321238695139
8.56799999999994    6.84511437106663e-11    5.39033327961882e-11    1.27314891538307e-09    3.06956231092827e-07    3.56812123585842e-05    0.000554036308460758
9.07199999999989    9.90878759062467e-11    6.85120394329195e-11    1.20997709775291e-09    2.97913862724598e-07    3.47847250634973e-05    0.000545814861216322
9.57599999999983    1.34126039861622e-10    6.32433107438107e-11    1.14602777243288e-09    2.91048052793498e-07    3.38530319530598e-05    0.000539488695705011
10.0799999999998    1.48904346233074e-10    -3.04208630108962e-11    1.08892872587179e-09    2.83227822963409e-07    3.29989200709602e-05    0.000532191528458889
10.5839999999997    7.34520172707588e-11    -2.80227497040313e-10    1.0236257433225e-09    2.77911676627063e-07    3.19941517049148e-05    0.000527173288992324
11.0879999999997    -1.06103490789984e-10    -3.3265810700383e-10    9.62399637501789e-10    2.74259492033344e-07    3.10225665845128e-05    0.000523697901497832
11.5919999999996    -1.14237223394626e-10    3.70676646150124e-10    9.05151800192579e-10    2.70586934116649e-07    3.00857408115461e-05    0.000520179713288121
12.0959999999996    9.09592752792269e-11    9.62044882459524e-11    8.48290868949836e-10    2.68365782801731e-07    2.91254333691632e-05    0.000518040329319757
12.5999999999995    -8.37848870805144e-11    -3.11847903501892e-10    8.02781834417457e-10    2.64224272632556e-07    2.83334049208781e-05    0.000514027501825008
13.1039999999994    6.77933264022813e-11    3.75983009902656e-10    7.58849127968547e-10    2.60913674426072e-07    2.75472163378435e-05    0.000510797097119718
13.6079999999994    -7.20211810562627e-11    -2.52809329154692e-10    7.18317459091976e-10    2.5782010446117e-07    2.68014450932555e-05    0.000507759888590174
14.1119999999993    9.76625765626615e-11    1.71544227608218e-10    6.86969458503153e-10    2.51455589203501e-07    2.6210102222113e-05    0.000501453476609218
14.6159999999993    -7.29388590048614e-11    -1.16112571486679e-10    6.66272625960414e-10    2.42859863871724e-07    2.5812257281282e-05    0.000492808141036357
15.1199999999992    9.52719084734025e-11    1.84942746678442e-10    6.46064416603794e-10    2.3390838222378e-07    2.54177972411993e-05    0.00048364075740548
15.6239999999992    -3.62349742459301e-11    -3.76563058721837e-10    6.28974951067275e-10    2.25798926862054e-07    2.50793730197938e-05    0.000475183045638112
16.1279999999991    -3.75581359302805e-11    3.33472336856591e-10    6.09071253400047e-10    2.19743361036118e-07    2.46793689829914e-05    0.000468767918095946
16.6319999999991    1.22706824127675e-10    1.74025948509873e-10    5.92581917965959e-10    2.13253912108239e-07    2.43430055241932e-05    0.000461794231350077
17.135999999999    1.2399740375052e-10    -1.29116324300181e-10    5.74484453823158e-10    2.0743017813736e-07    2.39684053246724e-05    0.000455445033058154
17.6399999999989    3.71767788087956e-11    -1.87283061629997e-10    5.58669253628077e-10    2.01857432376588e-07    2.36361852596119e-05    0.000449285468690623
18.1439999999989    -5.57950129981919e-11    -1.82443977240083e-10    5.35433640657496e-10    1.98253158177564e-07    2.31394390738925e-05    0.000445256283703589
18.6479999999988    -1.38617616419941e-10    -1.2330468141618e-10    5.15785827186136e-10    1.94645256168374e-07    2.27109186772997e-05    0.000441186192177813
19.1519999999988    -1.33505308615502e-10    2.01456149643924e-10    4.90055669468844e-10    1.92581574248255e-07    2.21372010301894e-05    0.0004388411720067
19.6559999999987    5.46175633603491e-11    4.07889263544753e-10    4.66684429513737e-10    1.9072821292897e-07    2.16028801207328e-05    0.000436724413021305
20.1599999999987    6.73904304566605e-11    -4.56158016105834e-10    4.43134785913927e-10    1.89494621795171e-07    2.10507668722397e-05    0.000435309799792014
20.6639999999986    -6.12783107745592e-11    3.79276546835646e-10    4.20538184755833e-10    1.88588325965558e-07    2.05070276917958e-05    0.000434267574158392
21.1679999999986    5.38000977210603e-11    -5.30877081544441e-10    3.96843712532085e-10    1.89315379854263e-07    1.9920936537452e-05    0.000435103872487916
21.6719999999985    1.96785022418096e-11    6.02148208544121e-10    3.75451649108468e-10    1.89451883807781e-07    1.93765747516965e-05    0.000435260707860724
22.1759999999984    -7.25260327767662e-11    8.04624586571638e-11    3.56847269615682e-10    1.89107080804988e-07    1.88904015206248e-05    0.000434864439572818
22.6799999999984    -3.47118601073414e-11    -6.02646996030498e-10    3.38029477065486e-10    1.89912579583247e-07    1.83855779638357e-05    0.000435789604720998
23.1839999999983    6.86792824045457e-12    -7.03145399786455e-10    3.2183337005648e-10    1.89770658321147e-07    1.79397148822503e-05    0.000435626741971441
23.6879999999983    3.34786346997549e-11    -6.54229285057001e-10    3.07102033589223e-10    1.89141440316845e-07    1.75243269082753e-05    0.000434903943781172
24.1919999999982    2.0599415571596e-11    -6.86757738800027e-10    2.94729759173057e-10    1.87082640859971e-07    1.71676952201695e-05    0.000432530508588122
24.6959999999982    1.87113971805556e-11    -6.73123357858045e-10    2.85191251311823e-10    1.83876554940305e-07    1.68876064411589e-05    0.00042880829625819
25.1999999999981    1.98001370111546e-11    -6.65144693257655e-10    2.77232292712525e-10    1.79985532609956e-07    1.66502940728425e-05    0.000424247018386121
25.7039999999981    2.24992207326191e-11    -6.5690999028773e-10    2.72322586646476e-10    1.73866833253387e-07    1.65021994487392e-05    0.000416973420319515
26.207999999998    3.98626896729544e-11    -4.58680811395976e-10    2.67142019467122e-10    1.68499210909542e-07    1.63444797857115e-05    0.000410486553871539
26.7119999999979    5.82931860217002e-11    1.00726406321275e-10    2.63651275924785e-10    1.62435001476286e-07    1.62373420214451e-05    0.000403032258605035
27.2159999999979    9.1955157787462e-14    5.93785338529264e-10    2.62013896125803e-10    1.56304535155204e-07    1.61868433033066e-05    0.000395353683623728
27.7199999999978    -4.88462766715132e-11    -2.82938891355081e-10    2.58914725433859e-10    1.50979348246903e-07    1.60908273693888e-05    0.000388560610776264
28.2239999999978    7.87828009546199e-11    1.27298057490192e-11    2.54902208859091e-10    1.46959704563692e-07    1.59656571694648e-05    0.000383353237319957
28.7279999999977    -7.11875034992516e-11    -1.10810917849963e-10    2.52607047812195e-10    1.41831192850387e-07    1.58936165741824e-05    0.000376604823190535
29.2319999999977    4.93975800245249e-11    3.48004875796282e-10    2.48764989271565e-10    1.38202845861695e-07    1.57722854802062e-05    0.000371756433517396
29.7359999999976    1.2091437914732e-10    -4.83178099402627e-11    2.45454691048449e-10    1.34632209065902e-07    1.56669936820638e-05    0.000366922619997595
30.2399999999976    5.96729798294954e-11    -1.49377008666277e-10    2.4013891865742e-10    1.31930544915416e-07    1.54964163164862e-05    0.000363222445500541
30.7439999999975    -1.50299504338753e-11    -1.48686968063377e-10    2.31889056656718e-10    1.31072093251915e-07    1.52279038825602e-05    0.000362038800754689
31.2479999999974    -8.25320375835512e-11    -8.9688509246719e-11    2.24325319309327e-10    1.29216294318387e-07    1.49774937590545e-05    0.000359466680400811
31.7519999999974    -5.55227584195272e-11    2.42740864786285e-10    2.14122310853227e-10    1.28934889434213e-07    1.46329187399556e-05    0.00035907504707812
32.2559999999974    5.40471055595522e-11    -4.94096109818756e-11    2.06866827904567e-10    1.27247614471125e-07    1.43828657749993e-05    0.000356717835930757
32.7599999999976    -5.16016216925252e-11    7.44156684576243e-11    1.95675790585646e-10    1.28150263111433e-07    1.39884163000314e-05    0.000357980813887319
33.2639999999978    3.33299496306236e-11    -3.62223663481068e-10    1.85580018394292e-10    1.29210846353614e-07    1.36227757227806e-05    0.000359459102476878
33.767999999998    3.8666910087126e-11    2.33233961373102e-10    1.76793305132721e-10    1.29902221547935e-07    1.3296364357644e-05    0.00036041950772382
34.2719999999981    1.06752293623375e-11    4.67503468539034e-10    1.68828034346727e-10    1.29956016270757e-07    1.29933842530194e-05    0.000360494127927958
34.7759999999983    -3.51404313744925e-12    4.7068026456302e-10    1.61938648545151e-10    1.30084925123491e-07    1.27255117203647e-05    0.000360672878275134
35.2799999999985    1.1908836285579e-13    4.98132971189817e-10    1.58465002112426e-10    1.2769743057415e-07    1.25882882915997e-05    0.000357347772588416
35.7839999999986    -4.86253615529684e-12    4.44139521302168e-10    1.54961074380685e-10    1.25766356049995e-07    1.24483362093358e-05    0.000354635525645412
36.2879999999988    -2.60157311719272e-11    3.06059865026619e-10    1.54090780134262e-10    1.21632634313975e-07    1.24133307429386e-05    0.000348758705000867
36.791999999999    -4.60329664828759e-11    -1.14271583708325e-10    1.54939282133299e-10    1.16833992416192e-07    1.24474608708435e-05    0.000341809877587204
37.2959999999991    2.50519274511006e-11    -2.95812336023513e-10    1.54011483172473e-10    1.13704626937497e-07    1.24101363075449e-05    0.000337201166868398
37.7999999999993    -8.0654723660168e-12    3.36026373929106e-10    1.52552436929968e-10    1.11033330176153e-07    1.23512119619859e-05    0.000333216641505252
38.3039999999995    3.88815229285233e-11    -2.13393813669642e-10    1.51740744255816e-10    1.07942776779469e-07    1.23183093098974e-05    0.000328546460610099
38.8079999999996    -6.11818940527461e-11    -7.79940943331648e-11    1.49905910522027e-10    1.06335022431903e-07    1.22436069243619e-05    0.000326090512637054
39.3119999999998    -4.74921249977432e-11    8.6510229462718e-11    1.47873063540577e-10    1.04114505944269e-07    1.21603068850388e-05    0.000322667795021848
39.816    3.67154724945399e-13    9.60455315927367e-11    1.4481617832864e-10    1.02504817403133e-07    1.20339593787182e-05    0.000320163735302929
40.3200000000001    3.79821464827058e-11    2.83796130683293e-11    1.38838650521264e-10    1.02929392895942e-07    1.17829813935108e-05    0.000320826110059548
40.8240000000003    -3.20534960144639e-13    -1.68123510960861e-10    1.34564535791223e-10    1.0163981029851e-07    1.16001955065948e-05    0.000318809990901292
41.3280000000005    -2.18594443803707e-11    1.73225301268675e-10    1.29509296953828e-10    1.01364444763231e-07    1.13802151540887e-05    0.000318377833341458
41.8320000000006    -3.87138156909571e-13    -2.23244390020317e-10    1.23928291153164e-10    1.01767004394568e-07    1.11323084377484e-05    0.000319009411137851
42.3360000000008    2.48284644588596e-11    4.33534866832997e-11    1.17402590653792e-10    1.03022728599203e-07    1.08352476046086e-05    0.000320971538612384
42.840000000001    1.33305395310948e-11    2.25701715129184e-10    1.11499284345118e-10    1.04464034053914e-07    1.05593221536678e-05    0.000323208963449133
43.3440000000012    1.71290989318563e-11    1.91929981716202e-10    1.06945515522889e-10    1.04952260978932e-07    1.03414464908249e-05    0.00032396336363684
43.8480000000013    1.91186369633389e-11    -1.12701306800219e-10    1.01782771087996e-10    1.06251313801857e-07    1.00887447726479e-05    0.000325962135533936
44.3520000000015    -1.33025621512327e-11    -2.19221987071827e-10    9.73580490658203e-11    1.07332233058534e-07    9.86701824593648e-06    0.000327615984131553
44.8560000000017    3.99346769321956e-13    3.14425509797564e-10    9.4037805580592e-11    1.07460146616761e-07    9.69730919279115e-06    0.000327811144741392
45.3600000000018    2.71005104208824e-12    -3.38423955614858e-10    9.14051824748392e-11    1.06828132561406e-07    9.56060575878076e-06    0.000326845732053046
45.864000000002    -6.15621366518852e-12    2.77202393013535e-10    8.9557925986126e-11    1.05433598424788e-07    9.46350495250508e-06    0.000324705402518515
46.3680000000022    1.28696024228249e-11    -2.23593332456139e-10    8.84459577377551e-11    1.0324059396433e-07    9.40457110864655e-06    0.000321310743617888
46.8720000000023    -2.08587170424326e-11    5.35852624957602e-11    8.8361089425489e-11    1.00060287544659e-07    9.40005794796255e-06    0.000316323074632023
47.3760000000025    4.89409825154495e-12    2.90538252332045e-10    8.85656100086397e-11    9.70377899516342e-08    9.41093034766572e-06    0.000311508892251168
47.8800000000027    1.51580930397032e-11    9.98604141097783e-11    8.88482186884244e-11    9.39870241353201e-08    9.42593330594879e-06    0.000306573032302762
48.3840000000028    2.17081337109498e-11    9.7446387178763e-11    8.99009639222085e-11    9.01296966800443e-08    9.48161188415437e-06    0.000300216083313394
48.888000000003    8.75008386306616e-12    2.16998821010554e-10    9.0320997702971e-11    8.73998385549654e-08    9.50373598659467e-06    0.000295634636933696
49.3920000000032    -2.53757607054162e-11    -6.38901903444278e-11    9.03342844058448e-11    8.51829945954136e-08    9.50443498611048e-06    0.000291861259154773
49.8960000000033    2.87416756933789e-11    1.95640220597848e-11    9.05094198711683e-11    8.28618354688224e-08    9.51364387973095e-06    0.000287857317900417
50.4000000000035    -2.307029793236e-11    -1.32575826725755e-10    8.96996400497321e-11    8.16238009612748e-08    9.47098939125157e-06    0.000285698794119361
50.9040000000037    -6.33446062597382e-11    -4.23912007830822e-11    8.90450634446882e-11    8.01406985156009e-08    9.43636918738747e-06    0.000283091325398005
51.4080000000038    -8.27781884386854e-11    -2.92095571724397e-11    8.71070381351171e-11    7.97179221469809e-08    9.33311513527316e-06    0.000282343624236461
51.912000000004    -5.34860480849337e-11    1.96971279894516e-10    8.4760530530346e-11    7.88821363169166e-08    9.20654824173996e-06    0.000280859638105723
52.4160000000042    6.16682332973558e-11    2.9960568354318e-11    8.16617108207875e-11    7.89268810060599e-08    9.03668693808657e-06    0.000280939283486769
52.9200000000044    -4.44578313462382e-11    6.28626309588386e-11    7.87732720696145e-11    7.89209116930449e-08    8.8754308102558e-06    0.000280928659436948
53.4240000000045    2.38951293914469e-12    -4.67130558314721e-10    7.4421701932297e-11    8.04342332719192e-08    8.62680137317947e-06    0.000283609296871067
53.9280000000047    2.06912787902221e-11    -3.99776245078963e-10    7.10796693696704e-11    8.14263135499411e-08    8.43087595503826e-06    0.000285352963099704
54.4320000000049    1.83863907371551e-12    -5.48825727034386e-10    6.78975237218481e-11    8.24478460291848e-08    8.23999537146986e-06    0.000287137329563545
54.936000000005    -3.44375925039629e-11    1.50401585436864e-11    6.52915667239097e-11    8.30597689141733e-08    8.08031971661541e-06    0.000288200917615078
55.4400000000052    2.64422988488955e-11    3.63830101695128e-10    6.27154742660001e-11    8.38233637053584e-08    7.91931021398334e-06    0.000289522648000508
55.9440000000054    -1.63349371797692e-11    -4.69016299113824e-10    6.14966738650931e-11    8.30731922626821e-08    7.84198150117853e-06    0.000288224204851817
56.4480000000055    4.04137561316163e-12    5.5150353355962e-10    6.03357037892322e-11    8.25584060835415e-08    7.76760605265328e-06    0.000287329786279177
56.9520000000057    2.27795073405379e-11    -3.97229077252247e-10    6.10007118194659e-11    7.93229022457293e-08    7.81029524531224e-06    0.000281643218000312
57.4560000000059    -2.41040861916648e-11    -3.85404819769653e-10    6.14393411606346e-11    7.70514361155472e-08    7.83832515018697e-06    0.00027758140448416
57.960000000006    -3.49125730319105e-11    -1.65851071357541e-10    6.18572228484017e-11    7.47753955313937e-08    7.86493629009052e-06    0.000273450901500372
58.4640000000062    -1.79248251847857e-11    -3.74529512564777e-10    6.25581231023609e-11    7.22835576388075e-08    7.90936932391197e-06    0.000268856016556571
58.9680000000064    4.6887445319772e-11    -5.43213104796702e-11    6.25388289757081e-11    7.0952681499308e-08    7.90814952903077e-06    0.000266369445506246
59.4720000000065    -5.08680708838521e-11    6.57802306151338e-11    6.32367571830768e-11    6.84132361828646e-08    7.95215424778023e-06    0.0002615592402934
59.9760000000067    5.71897753050136e-11    2.02033039311505e-10    6.28945863386276e-11    6.79362729887598e-08    7.93061071641755e-06    0.000260645876600262
60.4800000000069    1.25414714883018e-10    1.06111358633793e-10    6.21053097140647e-11    6.68677256790737e-08    7.88069220933897e-06    0.000258587945734256
60.984000000007    1.6345733900208e-10    -3.09786786992524e-11    6.10963147714245e-11    6.60649448173441e-08    7.81641316363882e-06    0.000257031019173451
61.4880000000072    -1.15077409782237e-11    -6.11684348173407e-10    5.90886642292794e-11    6.61359043880204e-08    7.68691513086667e-06    0.000257169019105425
61.9920000000074    -6.40608439137376e-12    7.56272667706931e-10    5.67597221750959e-11    6.6510713538116e-08    7.53390484244756e-06    0.000257896710986286
62.4960000000075    -8.30348277608391e-11    -2.97615447990157e-10    5.4858069353496e-11    6.68330505943801e-08    7.4066233431032e-06    0.00025852089005396
63.0000000000077    -4.24622088913724e-11    -7.83227701062744e-10    5.20633012353186e-11    6.81165821704243e-08    7.21549036680914e-06    0.000260991536586555
63.5040000000079    -6.71811018264782e-11    -2.31144626125752e-10    4.96305902233495e-11    6.9172953649678e-08    7.04489816951503e-06    0.000263007516336748
64.008000000008    1.11661272479023e-11    1.08406632827812e-09    4.72543404426894e-11    7.04584286954796e-08    6.87417925592319e-06    0.0002654400661059
64.5120000000078    -1.62872663237211e-11    -1.154803409665e-09    4.48982691016722e-11    7.21910909158997e-08    6.70061706870396e-06    0.000268683998248065
65.0160000000075    5.52694275074823e-11    1.22722852414999e-10    4.3211424850852e-11    7.28652296147614e-08    6.5735397502257e-06    0.00026993560271803
65.5200000000072    1.87239837312962e-11    1.19888667200704e-09    4.20756341521089e-11    7.29480777795389e-08    6.48657337519266e-06    0.000270089018247876
66.0240000000069    -1.2862118770275e-11    1.26341042785561e-09    4.07376806768077e-11    7.35121722049777e-08    6.38260767058749e-06    0.000271131282229442
66.5280000000066    -3.45214943345695e-11    9.70117002917382e-10    3.9897192153178e-11    7.32215902338329e-08    6.3164224171588e-06    0.0002705948821262
67.0320000000064    -5.46160847116625e-11    2.09015360625032e-10    4.02590220814434e-11    7.07234829317733e-08    6.34499976977623e-06    0.00026593887066717
67.5360000000061    -2.28733290331496e-11    -1.06659899935649e-09    4.03433711874748e-11    6.89752698049625e-08    6.3516431879437e-06    0.000262631433388741
68.0400000000058    5.68256240926709e-11    2.9545499065086e-10    4.04812983022966e-11    6.74060039233067e-08    6.36249151662047e-06    0.000259626662581522
68.5440000000055    -5.64782029025503e-11    -5.06892547826444e-10    4.1466224932983e-11    6.43374142365123e-08    6.43942737592351e-06    0.000253648209605854
69.0480000000052    -2.68549820159248e-11    8.5041436198224e-10    4.19408681000334e-11    6.24027295762174e-08    6.47617696633687e-06    0.000249805383399746
69.552000000005    -1.18326036211212e-11    8.43828971330574e-10    4.26518505950372e-11    6.04869125328221e-08    6.53083842970389e-06    0.000245940872024375
70.0560000000047    -8.06466119104006e-11    2.43695408160114e-10    4.32258173309773e-11    5.8396609096582e-08    6.57463438713313e-06    0.000241653903540834
70.5600000000044    4.93965052481119e-11    -5.13991189484785e-10    4.35720923704864e-11    5.72463798079395e-08    6.60091602492005e-06    0.000239262157073941
71.0640000000041    -1.22090612872519e-10    7.97100136807914e-11    4.35184817496482e-11    5.63452425455631e-08    6.59685392704296e-06    0.000237371528506594
71.5680000000038    1.83754316727071e-12    2.94103973305855e-10    4.33119734202085e-11    5.56482130143837e-08    6.58118328419784e-06    0.000235898734660229
72.0720000000036    1.40911266642115e-10    1.97403305565102e-10    4.28480557547156e-11    5.49475877169387e-08    6.54584262985749e-06    0.000234409017993975
72.5760000000033    2.92690551079602e-11    -7.05332820195746e-10    4.09518385190267e-11    5.54487757181459e-08    6.39936235246685e-06    0.000235475637206163
73.080000000003    8.91580914685393e-12    8.76561611500253e-10    3.97866636862099e-11    5.55497207433552e-08    6.30766705574497e-06    0.000235689882563055
73.5840000000027    -8.43746383995881e-11    3.04765084941731e-10    3.79947631493193e-11    5.63069151728263e-08    6.16398922307625e-06    0.000237290781895828
74.0880000000025    -7.05563485306128e-11    4.80688446797382e-10    3.6367488917278e-11    5.70761717979068e-08    6.03054631955512e-06    0.000238906198742677
74.5920000000022    3.32949405833097e-11    1.06508920885817e-09    3.46281240312573e-11    5.84002825957829e-08    5.88456659662789e-06    0.000241661504163672
75.0960000000019    -2.80497284290872e-11    -1.19778273062913e-09    3.33008535491661e-11    5.9141034802293e-08    5.77068917447295e-06    0.000243189298286044
75.6000000000016    6.31197091597324e-11    -1.06372437873325e-10    3.17073124973352e-11    6.03581155410141e-08    5.630924657048e-06    0.000245678887047713
76.1040000000013    3.42829990115057e-11    1.15653973922058e-09    3.07884098573043e-11    6.09286559977605e-08    5.54873047247106e-06    0.000246837306735475
76.6080000000011    2.62686400451793e-12    1.41850157872443e-09    3.03537926267427e-11    6.02992817270839e-08    5.5094276133493e-06    0.000245559120631004
77.1120000000008    -3.94620391822184e-11    1.02930850086707e-09    3.02019179802495e-11    5.92476230319067e-08    5.49562716882179e-06    0.000243408346263737
77.6160000000005    -5.03756199325553e-11    -7.53875683115083e-10    3.06354783908642e-11    5.73907932964664e-08    5.53493255499346e-06    0.00023956375622347
78.1200000000002    6.54613694426441e-11    5.00274527239257e-11    3.09262385000861e-11    5.58665769993179e-08    5.56113643923622e-06    0.000236361115666929
78.6239999999999    -4.84281780531487e-11    -8.3239563589615e-10    3.15930075006613e-11    5.38328284757525e-08    5.62076573949813e-06    0.000232019026105748
79.1279999999997    -8.02138187809702e-11    5.3391015151073e-11    3.21238018437234e-11    5.20287961601981e-08    5.66778632600852e-06    0.000228098216039046
79.6319999999994    -7.80633603875086e-11    -4.63414522786211e-10    3.25823499403036e-11    5.08416848941711e-08    5.70809512308701e-06    0.000225481007834266
80.1359999999991    9.94146140873925e-11    -2.61908294847672e-10    3.28034800830093e-11    4.96670479020471e-08    5.72743224081491e-06    0.000222861050661569
80.6399999999988    -1.41497739189183e-10    -1.59271802599351e-10    3.28443818305074e-11    4.89549320975326e-08    5.73100181560657e-06    0.000221257614778582
81.1439999999985    -9.92704620870385e-11    1.71582115914408e-10    3.30604536714443e-11    4.81702392649519e-08    5.7498220547761e-06    0.000219477195318608
81.6479999999983    -8.87846797791903e-12    1.97145208840918e-10    3.2537131894109e-11    4.78721698421121e-08    5.70413287836373e-06    0.00021879709742607
82.151999999998    3.11595365478156e-11    -1.81121201104821e-10    3.13241745377611e-11    4.82310962365676e-08    5.59680038386132e-06    0.00021961579232044
82.6559999999977    -6.08846621433093e-12    3.18085125051091e-10    3.0130034377238e-11    4.85803284210914e-08    5.48908320006182e-06    0.000220409456287588
83.1599999999974    -2.10084917983736e-11    2.53860313140277e-10    2.8833665914623e-11    4.93728687448601e-08    5.36969886624768e-06    0.000222200064682249
83.6639999999971    2.85493863213395e-12    4.21555102225947e-10    2.76403953800021e-11    4.99182985773355e-08    5.25741337351306e-06    0.000223424033123471
84.1679999999969    1.04262770209408e-11    -4.25334573556342e-10    2.62321542044593e-11    5.12647295897248e-08    5.12173351555415e-06    0.000226417158337313
84.6719999999966    1.34068309713208e-11    4.00944596110461e-10    2.49518079454659e-11    5.2509337145452e-08    4.99517846981328e-06    0.000229149159163396
85.1759999999963    1.55182102740433e-12    5.02896968905114e-10    2.3908150972382e-11    5.35481497659288e-08    4.88959619727229e-06    0.000231404731510995
85.679999999996    1.4887238497224e-11    3.27544928299553e-10    2.29471663634729e-11    5.45659934137034e-08    4.79032006897778e-06    0.000233593650199649
86.1839999999957    1.04276502529035e-11    -4.79976651018016e-10    2.23935636559461e-11    5.46895200059604e-08    4.73218381467134e-06    0.00023385790558741
86.6879999999955    -1.76656197333132e-11    1.61990520301176e-10    2.18622076901335e-11    5.49840727487404e-08    4.6757039779932e-06    0.000234486828518606
87.1919999999952    1.70114428521344e-11    2.50836051952323e-10    2.17857348726664e-11    5.39337274205303e-08    4.66751913465569e-06    0.000232236361107531
87.6959999999949    3.96135638799293e-13    -5.25006638336108e-10    2.18441956807955e-11    5.29912588804511e-08    4.67377745306678e-06    0.000230198303382487
88.1999999999946    -1.51469618173141e-11    -3.51394733994998e-10    2.21851260033773e-11    5.11387660358381e-08    4.71010891627231e-06    0.000226138820275765
88.7039999999944    -1.16791898249926e-11    -3.98272208773195e-10    2.25851590187402e-11    4.95164111390358e-08    4.75238456131275e-06    0.0002225228328484
89.2079999999941    2.20281032187426e-11    -1.00912482685431e-10    2.31838577425919e-11    4.76328889060772e-08    4.81496186299607e-06    0.000218249602304488
89.7119999999938    -2.51428001420197e-11    -8.21778440034592e-12    2.35823207765546e-11    4.62561879231523e-08    4.85616317435096e-06    0.000215072517823994
90.2159999999935    -9.57281455086515e-12    3.19888880463296e-10    2.40632656339499e-11    4.4693352060603e-08    4.90543225759548e-06    0.000211408022696634
90.7199999999932    -2.67320501688762e-11    1.71043440399808e-10    2.46181964549004e-11    4.3265507484102e-08    4.96167274759086e-06    0.000208003623728224
91.223999999993    2.04128414241715e-12    -2.42753035654715e-10    2.46075931614578e-11    4.26928808247323e-08    4.96060411255057e-06    0.000206622556427592
91.7279999999927    -5.006935606267e-11    4.7686224219428e-11    2.49933031176661e-11    4.18572152065117e-08    4.99933026666164e-06    0.000204590359515079
92.2319999999924    -1.43633452765391e-11    7.69058970263744e-11    2.44648899335511e-11    4.16567436376383e-08    4.94619954443256e-06    0.000204099837426766
92.7359999999921    2.30088068800209e-11    3.82394835838119e-11    2.4066603501507e-11    4.1641411810639e-08    4.905772467306e-06    0.00020406227434447
93.2399999999918    -1.55515788637562e-11    -5.15759810819988e-11    2.34012639724035e-11    4.14814450099038e-08    4.83748529425792e-06    0.000203669941350954
93.7439999999916    3.46458069657504e-12    -1.72665566311366e-10    2.22352409957309e-11    4.25962724085269e-08    4.715425855182e-06    0.000206388644088034
94.2479999999913    -4.98282094179131e-12    -2.03358464067587e-10    2.13667805498414e-11    4.31084998323967e-08    4.62242150282907e-06    0.000207625865036983
94.751999999991    -4.04785734641347e-12    2.16152716748932e-10    2.04836508743443e-11    4.37785136640389e-08    4.5258867500555e-06    0.00020923315622528
95.2559999999907    -7.46567012138516e-12    -1.56321649215435e-10    1.94586822177189e-11    4.50841851747175e-08    4.41119963475505e-06    0.000212330367999241
95.7599999999904    -6.00890373739859e-12    -2.33066104270597e-10    1.86171275252521e-11    4.60457059798345e-08    4.31475694856801e-06    0.0002145826320553
96.2639999999902    -9.64336896784848e-12    -2.24685606554244e-12    1.79190105927909e-11    4.67398199735371e-08    4.23308523333725e-06    0.000216193940649448
96.7679999999899    4.50156999813998e-12    2.18332694179654e-10    1.74573790778427e-11    4.71591113123319e-08    4.1782028526416e-06    0.000217161486715035
97.2719999999896    2.48230390192064e-12    -2.59514803388874e-10    1.72571889240755e-11    4.68804183657925e-08    4.15417728606632e-06    0.000216518863764165
97.7759999999893    -1.05386071748873e-11    -3.96110507092792e-11    1.7371332591561e-11    4.57483845444441e-08    4.16789306382132e-06    0.000213888720002815
98.279999999989    -6.45902978293997e-12    1.7169558102433e-10    1.76707021029168e-11    4.43418416403349e-08    4.20365342325876e-06    0.0002105750261553
98.7839999999888    -1.11188956761378e-11    -1.10715267253525e-11    1.81351883223054e-11    4.26573888827441e-08    4.25854298113589e-06    0.000206536652637598
99.2879999999885    7.87139234383414e-12    -1.50195950249686e-10    1.86407130260908e-11    4.10296133181843e-08    4.31748920392731e-06    0.000202557678990854
99.7919999999882    -1.03285729644895e-11    -5.65023918770718e-11    1.89313626718534e-11    3.98520071176442e-08    4.35101857864876e-06    0.000199629674942482
100.295999999988    -1.6554022953235e-11    -2.08268005347045e-11    1.91788752712286e-11    3.89632238151664e-08    4.37936927775616e-06    0.000197391042894975
100.799999999988    4.20362228212477e-12    -1.31923669172773e-10    1.97511276931722e-11    3.78056041621477e-08    4.44422408223916e-06    0.000194436632767929
101.303999999987    -1.85865451679001e-11    5.44041393689265e-11    1.98365375603577e-11    3.74602003678418e-08    4.45382280294268e-06    0.000193546377821541
101.807999999987    1.34192296301219e-11    6.31569122698255e-11    1.96415548522135e-11    3.68793500106768e-08    4.43187938148518e-06    0.000192039969825744
102.311999999987    3.23181763241242e-11    -4.08147689964987e-11    1.9112384264138e-11    3.72620352508685e-08    4.37177129583576e-06    0.000193033767126031
102.815999999987    -2.15735035578807e-11    4.3810341414231e-11    1.86684801937318e-11    3.71096800165512e-08    4.32070366876351e-06    0.000192638729274643
103.319999999986    -1.18684044997697e-11    -1.68806947995404e-10    1.79180188208635e-11    3.76041234085324e-08    4.23296808642855e-06    0.000193917826433012
103.823999999986    -1.63572232035607e-11    1.7439206862721e-11    1.71267133477925e-11    3.83410433689274e-08    4.13844334835273e-06    0.000195808690739015
104.327999999986    1.48921316612602e-11    6.98945279059118e-11    1.63367849962703e-11    3.92546452520436e-08    4.04187889428277e-06    0.000198127850773279
104.831999999985    -2.6317597057975e-13    2.91239479716136e-10    1.56615252606834e-11    3.99767077532608e-08    3.95746449897953e-06    0.000199941760903459
105.335999999985    5.95551297509401e-12    2.81854813995911e-10    1.49188027813884e-11    4.11370303406269e-08    3.86248660597716e-06    0.00020282265736487
105.839999999985    2.54823394264424e-12    -3.36006546266059e-10    1.42244445018128e-11    4.22681906446873e-08    3.77153079025033e-06    0.000205592292279099
106.343999999985    4.97803293128503e-12    3.07863600990216e-10    1.36763453487208e-11    4.31449568505339e-08    3.69815431650655e-06    0.000207713641464491
106.847999999984    -8.99866432115895e-12    2.15159383181532e-10    1.33613821709674e-11    4.3418828676005e-08    3.65532244417457e-06    0.00020837185192813
107.351999999984    -8.81440756016016e-12    -1.51150064425446e-10    1.30706320677868e-11    4.3576544415326e-08    3.61533291243132e-06    0.000208749956683356
107.855999999984    -3.03073234348072e-15    -3.63293735279886e-10    1.31121383752428e-11    4.28011911041559e-08    3.62106867861448e-06    0.000206884487345049
108.359999999983    9.04833533579502e-12    1.36108392717658e-10    1.34086325386245e-11    4.13144838761772e-08    3.66177996861399e-06    0.000203259646452902
108.863999999983    -8.19774137595239e-12    -2.44529132374414e-10    1.3679039161419e-11    3.9891208401949e-08    3.69851850899138e-06    0.000199727835821373
109.367999999983    -9.93639301504802e-12    1.32966316213573e-10    1.40461724531773e-11    3.84281302042173e-08    3.74782236146252e-06    0.00019603094195611
109.871999999983    -1.35481147974547e-11    -4.00374033575735e-11    1.43539883951748e-11    3.72631666817908e-08    3.7886657803231e-06    0.000193036697759232
110.375999999982    1.29196972404592e-11    -1.04260617928272e-10    1.47293371373319e-11    3.5925440484559e-08    3.83788185555066e-06    0.000189540076196429
110.879999999982    -6.57540981604477e-12    -1.98878218723304e-10    1.51336463031079e-11    3.47372108243715e-08    3.89019874853004e-06    0.000186379212425452
111.383999999982    1.91075414059429e-12    -1.85372583805386e-10    1.54170323692694e-11    3.37348840591679e-08    3.92645289915284e-06    0.000183670585721104
111.887999999982    1.21424952933244e-11    1.29211332724496e-10    1.56060549837323e-11    3.32138622566394e-08    3.95044997229238e-06    0.00018224670712148
112.391999999981    3.30801738500731e-11    -1.02185499894062e-11    1.55324993785166e-11    3.29287996582443e-08    3.94112920080303e-06    0.000181462942933934
112.895999999981    2.40872224924392e-11    -4.68075348344833e-11    1.54357674878898e-11    3.28563649019176e-08    3.92883793090394e-06    0.000181263247521155
113.399999999981    -1.73308779126339e-11    -3.6405000599416e-12    1.502905389683e-11    3.27776481046967e-08    3.87673237360147e-06    0.000181045983398408
113.90399999998    -2.41730773414115e-12    -1.71906083866571e-10    1.43448564529659e-11    3.32953971493612e-08    3.78746042262623e-06    0.000182470263739963
114.40799999998    -9.3129220201128e-12    -1.10761063602374e-10    1.37125167279083e-11    3.40571569609042e-08    3.70304155091751e-06    0.000184545812634402
114.91199999998    6.18138660064302e-12    1.56511704952957e-10    1.31603678701215e-11    3.46869397413976e-08    3.6277221324246e-06    0.000186244301231939
115.41599999998    -3.31373768921448e-12    2.06240228172166e-10    1.25135901861849e-11    3.57090635905658e-08    3.5374553263856e-06    0.000188968419558728
115.919999999979    4.36242790627853e-12    2.17856961466056e-10    1.19994104243484e-11    3.65279969057022e-08    3.46401651617445e-06    0.000191122988951237
116.423999999979    -1.89125811161698e-12    -2.51978191296086e-10    1.1425316970197e-11    3.75769966562242e-08    3.38013564375653e-06    0.000193847869877801
116.927999999979    7.78328238195165e-12    4.13357913759122e-11    1.11373210449142e-11    3.79605400381626e-08    3.33726250763311e-06    0.00019483464794066
117.431999999978    2.43217252599402e-12    2.73158938714109e-10    1.09547067922317e-11    3.78935128527134e-08    3.30978953896253e-06    0.000194662561507442
117.935999999978    -6.93543117033162e-12    1.36460393504385e-10    1.10048015290508e-11    3.72016022073163e-08    3.317348569114e-06    0.000192877168704069
118.439999999978    2.77494211330157e-13    -2.40463852736966e-10    1.10954639371693e-11    3.64703067247772e-08    3.33098543034479e-06    0.000190972005081162
118.943999999978    -3.70331718636562e-12    2.06246199357848e-10    1.12731424982864e-11    3.54702825740634e-08    3.35755007382953e-06    0.000188335558442958
119.447999999977    3.02425136198552e-12    2.31989837135643e-10    1.16518889944143e-11    3.40105281558245e-08    3.41348634015212e-06    0.000184419435406821
119.951999999977    -9.39675883337882e-12    1.36301690937324e-10    1.20689589223325e-11    3.25094113782667e-08    3.4740407197159e-06    0.000180303664350584
120.455999999977    1.26330573151828e-11    -3.93288754306697e-11    1.22636108403392e-11    3.18575299905215e-08    3.50194386593783e-06    0.000178486778195249
120.959999999976    1.02411939954365e-11    -1.05900243213489e-10    1.25264754039657e-11    3.08771891835406e-08    3.53927611297293e-06    0.000175719063233132
121.463999999976    1.29721512927692e-11    9.91105137308675e-11    1.28339372009359e-11    3.02143285926677e-08    3.58244849240957e-06    0.000173822692973783
121.967999999976    1.29124810580984e-12    -7.1243067869146e-11    1.29008635744795e-11    2.99380162205142e-08    3.5917772167101e-06    0.000173026056478523
122.471999999976    -3.18834459400519e-11    -5.62227975086599e-11    1.2886184059437e-11    2.97915728694937e-08    3.58973314585087e-06    0.000172602354762299
122.975999999975    -3.74230627466967e-12    1.93210531498368e-10    1.25425657214715e-11    2.95411941139909e-08    3.54154849203812e-06    0.000171875519239808
123.479999999975    -2.24980412196574e-11    -1.89711769653021e-11    1.19180127102881e-11    3.02533514844366e-08    3.45224748675149e-06    0.000173934905882736
123.983999999975    -1.58171633625339e-11    1.34080447211749e-10    1.14230318192544e-11    3.08342291220058e-08    3.37979760030156e-06    0.000175596779930578
124.487999999975    1.51195820498198e-11    -1.2541213735949e-10    1.09711995813326e-11    3.13287307628238e-08    3.31228011815184e-06    0.000176999239441327
124.991999999974    1.21557120690006e-11    2.27235129714068e-10    1.04675059996318e-11    3.21474205728811e-08    3.23535253094373e-06    0.000179297017746614
125.495999999974    9.74309181524777e-12    -2.68766857406598e-10    9.98628319173992e-12    3.30704448805403e-08    3.1601080980949e-06    0.000181852811032626
125.999999999974    -5.52535371561616e-12    3.98858346433528e-10    9.54104542245346e-12    3.40051125580667e-08    3.08885827166332e-06    0.000184404751993835
126.503999999973    -1.11291649021529e-11    1.73204745336593e-10    9.1216368080744e-12    3.49546686853806e-08    3.02020476258656e-06    0.000186961677050006
127.007999999973    -4.57151300821892e-12    4.11760646627513e-10    8.86369998320873e-12    3.53742957919702e-08    2.97719666518486e-06    0.000188080556655388
127.511999999973    1.17173993536119e-11    1.14751823949124e-10    8.71367487146706e-12    3.54280522347565e-08    2.95189343834254e-06    0.00018822341043224
128.015999999973    -8.75063280720751e-14    -4.52065474384568e-10    8.65728295480573e-12    3.52056004496181e-08    2.94232611292591e-06    0.000187631555047155
128.519999999973    -1.09264542877055e-11    -1.08871392380072e-10    8.72447960833661e-12    3.44405580538538e-08    2.95372300803871e-06    0.00018558167488694
129.023999999974    -1.13255286109202e-11    -9.98001027800598e-11    8.92478303326636e-12    3.3319927899495e-08    2.98743753627387e-06    0.000182537469850672
129.527999999974    5.18082814516654e-12    -3.49479588095812e-10    9.1122218356136e-12    3.23330089171964e-08    3.0186456956037e-06    0.000179813817369729
130.031999999975    -1.33138723904555e-11    8.71958566613944e-11    9.43228795379281e-12    3.0959424278531e-08    3.07120301406722e-06    0.000175952903580826
130.535999999976    -1.49462535962362e-11    1.04831854726834e-10    9.71793632316281e-12    2.97821622832984e-08    3.11736047369235e-06    0.000172575091723248
131.039999999976    5.14770475723959e-12    -2.78343580344979e-10    1.0061815472124e-11    2.86349787945255e-08    3.17203648656466e-06    0.00016921873062533
131.543999999977    -1.7154619077407e-11    -8.70113283594221e-11    1.02582121400709e-11    2.78783288281085e-08    3.20284438269745e-06    0.000166968047326729
132.047999999978    -5.92032054104984e-12    -1.92737142101159e-10    1.04365942608729e-11    2.73139607474278e-08    3.23057181638759e-06    0.000165269358162337
132.551999999978    1.45525890995976e-11    1.48289019656748e-10    1.05239919075622e-11    2.69556602682174e-08    3.2440702685593e-06    0.000164181790306341
133.055999999979    7.81290765834521e-11    1.11208220662769e-10    1.07379149273555e-11    2.6734502456614e-08    3.27687578666805e-06    0.000163506888101394
133.559999999979    1.59201379210255e-11    -4.85708251524834e-10    1.02457279865705e-11    2.67706605238524e-08    3.20089487273748e-06    0.000163617421210629
134.06399999998    4.87192007872153e-11    2.58914062287939e-10    1.00115358699995e-11    2.70828853345435e-08    3.16410111526575e-06    0.000164568786027231
134.567999999981    4.38899111110721e-11    -2.19152460496164e-10    9.55326602347407e-12    2.7522836076331e-08    3.09083581277747e-06    0.000165900078590346
135.071999999981    -3.74495731771532e-11    3.45266875670634e-10    9.08216515845675e-12    2.82844268342087e-08    3.01366307955191e-06    0.000168179745611918
135.575999999982    -3.59147101129385e-11    -8.96656543794577e-11    8.68921418755935e-12    2.902175850955e-08    2.9477473070583e-06    0.000170357736864347
136.079999999982    1.04653422227189e-11    1.00509446477431e-09    8.30407308692432e-12    2.97795738681589e-08    2.88167886601106e-06    0.000172567592169412
136.583999999983    -3.17861014023602e-11    -1.04047076146168e-10    7.93913243567304e-12    3.05901802041038e-08    2.81764661280699e-06    0.000174900486574775
137.087999999984    -2.99119181576031e-11    -1.63964254010996e-10    7.59752538774293e-12    3.14784532209958e-08    2.75636089561005e-06    0.000177421681935915
137.591999999984    -1.21078479465208e-11    1.08335771448723e-09    7.37323494077279e-12    3.19392401664132e-08    2.715370129582e-06    0.000178715528606888
138.095999999985    2.79894966893042e-11    2.86972254779608e-10    7.33895855547424e-12    3.17421905840926e-08    2.7090512277716e-06    0.000178163381714679
138.599999999986    1.61471011690921e-11    -9.74010583351276e-10    7.41995587798431e-12    3.09711196335754e-08    2.72395959546458e-06    0.000175986134773813
139.103999999986    1.97032493931626e-11    -8.30921888808659e-10    7.58357646733833e-12    2.99679229791439e-08    2.75382941863691e-06    0.000173112457606186
139.607999999987    1.08437473733209e-11    9.54078648435387e-10    7.84992668793208e-12    2.87911209185422e-08    2.8017720620733e-06    0.000169679465220845
140.111999999987    2.87929851826715e-11    -5.46847377859054e-10    8.0231350968731e-12    2.78952910177432e-08    2.83251391806714e-06    0.000167018834319499
140.615999999988    3.87996539729971e-11    -1.64104606642648e-11    8.30523012089256e-12    2.67856804278928e-08    2.88187961569999e-06    0.000163663314239608
141.119999999989    -4.57147891061133e-11    -1.10439250123453e-11    8.53822911702435e-12    2.59395802896996e-08    2.92202483133435e-06    0.000161057692426346
141.623999999989    -4.74354700655161e-11    2.78855725850804e-10    8.67006593121229e-12    2.53534346464321e-08    2.94449756817053e-06    0.000159227618980987
142.12799999999    -3.85582596370878e-12    -4.33494593989716e-10    8.99446550382346e-12    2.48759585753224e-08    2.99907744211592e-06    0.000157721141814072
142.63199999999    -1.23083172143026e-10    -1.07638459883767e-10    9.01281583386663e-12    2.44531260556022e-08    3.00213520993262e-06    0.000156374953415151
143.135999999991    -1.2267891274936e-10    3.6180053566831e-10    9.03908999524774e-12    2.46335446080301e-08    3.00650793782382e-06    0.000156950771288003
143.639999999992    4.8618580057741e-11    -8.05888498521193e-10    8.46327523316804e-12    2.47933427777023e-08    2.90917088374064e-06    0.000157459019357587
144.143999999992    2.96150522006876e-11    -1.03994890565672e-09    8.15516039515595e-12    2.51787592466197e-08    2.85572414534018e-06    0.00015867816247215
144.647999999993    -4.30281568598045e-11    9.55271437461099e-10    7.80726890775233e-12    2.57096116800834e-08    2.79414904861944e-06    0.000160342170620118
145.151999999994    -5.62789554128344e-11    4.76747116187265e-11    7.53975783032427e-12    2.63000423656147e-08    2.74586194612128e-06    0.000162172878020995
145.655999999994    1.74145111228024e-11    1.49518717818163e-09    7.15852588601956e-12    2.72042569735952e-08    2.67554216668628e-06    0.000164937130359903
146.159999999995    -4.79850546979566e-11    2.7609347862927e-10    6.73812166647991e-12    2.82997647111989e-08    2.59578921797925e-06    0.000168225339087555
146.663999999995    -3.21030492003344e-11    1.29216526580428e-09    6.44846495612256e-12    2.90244649176896e-08    2.53938279018583e-06    0.000170365679982853
147.167999999996    4.0163004022993e-11    -6.20775808738555e-10    6.20358599086086e-12    2.97853435495202e-08    2.49069989947561e-06    0.000172584308525239
147.671999999997    -1.00230124267671e-11    1.83211091098323e-09    6.08467193154716e-12    2.99600359518085e-08    2.46671277846585e-06    0.000173089676030813
148.175999999997    -4.07478003519132e-11    -3.91518947306209e-10    6.02011894919623e-12    2.99498368860726e-08    2.45359306885552e-06    0.000173060211735451
148.679999999998    1.71274326848213e-11    -1.72728092267033e-09    6.05850654581651e-12    2.93678028074961e-08    2.4614033691216e-06    0.000171370367346612
149.183999999998    -7.02523474664005e-12    1.76933215929472e-09    6.16518249317459e-12    2.8570221732172e-08    2.48297855269135e-06    0.000169027281020081
149.687999999999    4.44576192442888e-11    3.02446589947491e-10    6.32491437305024e-12    2.7603544532384e-08    2.51493824398806e-06    0.000166143144704476
150.192    3.17933156276389e-11    1.22985754594254e-09    6.57440663116612e-12    2.64876753587983e-08    2.56406057458776e-06    0.000162750346719403
150.696    -3.04088714431781e-11    -1.23827161777458e-09    6.8159594175293e-12    2.5388226355987e-08    2.61073924714909e-06    0.000159336833012501
151.200000000001    -4.66901237849738e-11    -7.74737425816583e-10    7.01847216554619e-12    2.45346051156198e-08    2.64923992182026e-06    0.000156635261403745
151.704000000002    6.28989438835812e-11    -1.6877433982637e-10    7.1322865725465e-12    2.37973480986914e-08    2.67063411357494e-06    0.000154263891104377
152.208000000002    1.93501097456691e-11    -9.03703359436235e-10    7.43040107311185e-12    2.32152273804082e-08    2.72587620275342e-06    0.000152365440240205
152.712000000003    1.00026209923033e-10    2.92923547495733e-10    7.45823209484989e-12    2.27184178433532e-08    2.73097639770919e-06    0.000150726301099932
153.216000000003    -4.10967810615456e-11    -4.49005980172904e-10    8.12288283830446e-12    2.25926362645823e-08    2.85006716352712e-06    0.000150308470368043
153.720000000004    -2.02649402774742e-10    1.95463727739389e-10    7.36818249549866e-12    2.23738527239237e-08    2.71443962070109e-06    0.000149578918046246
154.224000000005    1.0609160426906e-10    -1.07574143118787e-09    7.18860984249755e-12    2.28037076006082e-08    2.68115830029525e-06    0.000151008965294949
154.728000000005    4.53930440176116e-11    -1.70840941867557e-09    6.96721630581898e-12    2.30314778238231e-08    2.63954850377076e-06    0.000151761252699444
155.232000000006    -2.58138705384057e-11    2.07759698202629e-09    6.64579464615225e-12    2.36188960596122e-08    2.57794387942909e-06    0.000153684404073074
155.736000000006    -3.16953253718119e-11    2.22795636506997e-09    6.34674906207905e-12    2.4113080155744e-08    2.51927550321009e-06    0.000155283869576914
156.240000000007    5.58510855571406e-11    -1.83318935157321e-09    5.98566759198745e-12    2.51381986168174e-08    2.4465624024063e-06    0.000158550303101119
156.744000000008    7.41170430110733e-11    8.20190352443029e-11    5.70805155412332e-12    2.5769802528142e-08    2.38915289352314e-06    0.00016052975589633
157.248000000008    -1.35158593421874e-12    -2.92545149558888e-09    5.46160909452119e-12    2.65878542014996e-08    2.33700857818694e-06    0.00016305782469094
157.752000000009    2.700279170833e-11    2.76667939130131e-09    5.35000143076433e-12    2.67525764643186e-08    2.31300701037311e-06    0.000163562148606162
158.25600000001    -6.55843971706662e-11    6.31715669730847e-10    5.25426029714313e-12    2.69498937467468e-08    2.29221733106654e-06    0.000164164227974147
158.76000000001    2.00589001114809e-12    -2.98651195308716e-09    5.21558266466611e-12    2.68275750441381e-08    2.28376501958106e-06    0.000163791254452791
159.264000000011    1.29654193856175e-11    2.8419308691782e-09    5.36482445841143e-12    2.58255920843193e-08    2.316209070495e-06    0.00016070342894986
159.768000000011    7.39337910526495e-11    -4.42239978410873e-11    5.4950963128476e-12    2.5056971046108e-08    2.34416217599837e-06    0.000158293938753529
160.272000000012    3.89628716434435e-11    2.17342703088723e-09    5.64112258935003e-12    2.41735616961911e-08    2.37510475302289e-06    0.000155478492697438
160.776000000013    1.05074915359449e-11    -2.27399794415975e-09    5.86277189260225e-12    2.31950898171844e-08    2.42131614881077e-06    0.000152299342782605
161.280000000013    4.70126323740172e-11    -1.76327186452967e-09    6.10434654269347e-12    2.22405022317909e-08    2.47069758175364e-06    0.000149132498901754
161.784000000014    -6.99493119826512e-11    1.33666608091051e-09    6.3022992258331e-12    2.15920168168005e-08    2.51043805359547e-06    0.000146942222710199
162.288000000014    -7.97922292312473e-11    1.06819574445792e-09    6.47663495439193e-12    2.10265377619044e-08    2.54492336780995e-06    0.000145005302526367
162.792000000015    7.48296493223721e-11    -7.49931885288533e-10    6.45164009307822e-12    2.09331611940869e-08    2.54000789122371e-06    0.000144682967876404
163.296000000016    -3.05497831859396e-10    -6.7388746398842e-10    6.93136287901897e-12    2.0755709051357e-08    2.63274814323171e-06    0.000144068417950996
163.800000000016    7.5061430036237e-11    2.2326481467788e-09    6.42813572257374e-12    2.08238259233213e-08    2.53537683923702e-06    0.000144304628887422
164.304000000017    -7.96684905340271e-11    2.9369519807987e-09    6.0884590642992e-12    2.10455699899198e-08    2.46748030548415e-06    0.000145070913629487
164.808000000018    1.67079097633856e-10    -1.58812293073348e-09    5.81830657318123e-12    2.15398088210177e-08    2.41211661104222e-06    0.00014676446715229
165.312000000018    1.44232933246689e-10    1.75970593588158e-09    5.5959769299949e-12    2.21721043220279e-08    2.36558172743868e-06    0.00014890300305545
165.816000000019    -2.19956932629336e-11    -4.53962220455638e-09    5.34391492180505e-12    2.27651205711265e-08    2.31169092253295e-06    0.000150881147101016
166.320000000019    1.10076622744452e-10    -2.83986547426802e-09    5.00280907663777e-12    2.37595386995729e-08    2.23669601522444e-06    0.000154141294569327
166.82400000002    -8.573940502289e-11    -3.82899771231821e-09    4.815640943739e-12    2.44388812864221e-08    2.19445686592099e-06    0.000156329399895736
167.328000000021    1.1224870768914e-10    -1.75322410119881e-09    4.56556195829092e-12    2.52664255137082e-08    2.13671756338809e-06    0.000158954161665036
167.832000000021    1.09026124518115e-10    -1.70582694848492e-09    4.46652500649703e-12    2.55395883419452e-08    2.11341548082963e-06    0.000159811102051877
168.336000000022    1.15418727935531e-11    -5.74206879758341e-09    4.39800796415475e-12    2.57253322601475e-08    2.09714280963923e-06    0.000160391185004589
168.840000000022    -1.07034335217193e-10    -1.84230907182403e-09    4.38216865924865e-12    2.54703523577955e-08    2.09336299952787e-06    0.000159594336849405
169.344000000023    -1.13104572233956e-10    1.02216214312602e-09    4.43741938116778e-12    2.48693874249646e-08    2.10651830478046e-06    0.000157700308889741
169.848000000024    -6.1568007882398e-11    -4.56405483993039e-09    4.57025931140162e-12    2.41019959219462e-08    2.137816481275e-06    0.000155248175194157
170.352000000024    1.24391620430505e-11    4.97758837833755e-09    4.70938412851814e-12    2.32562223165793e-08    2.17011154744714e-06    0.000152499909153425
170.856000000025    6.90749156966467e-12    4.63827288207942e-09    4.89849759894923e-12    2.22845466164269e-08    2.21325497828459e-06    0.000149280094436309
171.360000000026    -2.67988129016166e-11    -4.15742066926848e-09    5.12088679174211e-12    2.12935381663573e-08    2.26293764629606e-06    0.000145923055577496
171.864000000026    -6.15174121969676e-11    -3.46298615861941e-09    5.26715216480655e-12    2.06734560388415e-08    2.29502770375919e-06    0.000143782669424549
172.368000000027    1.15199294717587e-10    2.60441485555935e-09    5.43065664386866e-12    1.99543028905457e-08    2.33037692886747e-06    0.000141259700140425
172.872000000027    1.96079217007976e-10    1.68472803032719e-09    5.49090289031003e-12    1.95544879067945e-08    2.34326755874419e-06    0.000139837362331947
173.376000000028    -3.65872428222445e-10    -9.90704038462096e-10    5.51545460571944e-12    1.92567751158806e-08    2.34850047303738e-06    0.000138768782926489
173.880000000029    -6.1934691794657e-10    -1.43218026264364e-10    6.69568937391715e-12    1.90768369144839e-08    2.58760294294286e-06    0.000138118923086098
174.384000000029    3.57213310728001e-10    1.68549847242612e-09    5.87666339814396e-12    1.93067477989259e-08    2.42418301094258e-06    0.000138948723621647
174.88800000003    2.50813797377768e-10    2.96400595766848e-09    5.48008991081792e-12    1.95995570317423e-08    2.34095917262783e-06    0.000139998417930193
175.39200000003    -1.94642870288393e-10    -3.93305993597779e-09    5.18337433705976e-12    1.99459723744562e-08    2.27670250563703e-06    0.00014123021050394
175.896000000031    -1.73354081010818e-10    -4.46576549535866e-09    4.90943500833627e-12    2.05188152273531e-08    2.21572448158263e-06    0.000143243901117674
176.400000000032    1.67137694285869e-10    4.49465485950779e-09    4.693770319424e-12    2.09608442886174e-08    2.16651108732196e-06    0.000144778604318509
176.904000000032    1.61178561103922e-10    4.41747430967258e-09    4.38889309558156e-12    2.19648768954846e-08    2.09496851279513e-06    0.000148205522420626
177.408000000033    -1.33631152105068e-10    -5.7184287401463e-09    4.20788514117391e-12    2.25866056097407e-08    2.05131302421562e-06    0.0001502884079929
177.912000000034    9.98665760842346e-12    -8.61297118560599e-09    4.03060414412701e-12    2.31733718354944e-08    2.00763645713742e-06    0.000152228025544941
178.416000000034    -1.10565925767309e-10    -6.7127913666705e-09    3.95753928309348e-12    2.33635163478007e-08    1.98935649667641e-06    0.000152851288194569
178.920000000035    -1.60167751124416e-10    3.20689482827662e-09    3.85464291262332e-12    2.34754333753742e-08    1.96332444770843e-06    0.000153216948687441
179.424000000035    -1.10190157366033e-10    6.63530443391181e-09    3.90265562983556e-12    2.30872806350132e-08    1.97551401354019e-06    0.000151944991990476
179.928000000036    -1.71637393726694e-10    -2.9883001132702e-09    4.03398978241345e-12    2.21998257423852e-08    2.00847946291568e-06    0.000148996059456132
180.432000000037    9.92758233749197e-11    6.55163396075143e-09    4.24632596822579e-12    2.11712706472777e-08    2.06066153416084e-06    0.000145503507189187
180.936000000037    1.33119134997167e-11    6.94326611617882e-09    4.39666968413468e-12    2.04769849319325e-08    2.09682371313315e-06    0.000143097815789493
181.440000000038    9.75316856142868e-11    -5.65907390864362e-09    4.52884862603979e-12    1.97243556139801e-08    2.12810916461712e-06    0.000140443424844152
181.944000000038    2.30640918828044e-10    -2.74772674187106e-09    4.65430963318541e-12    1.88667263061565e-08    2.15738489379855e-06    0.000137356202257512
182.448000000039    -3.17299561115781e-10    -9.89972972836519e-10    4.70645914079415e-12    1.84736307072873e-08    2.16943749394057e-06    0.000135917735069075
182.95200000004    -2.1549063692024e-10    -3.04316995047826e-09    5.10344944257584e-12    1.80569847647304e-08    2.25908153817865e-06    0.000134376280479367
183.45600000004    -2.3421434858149e-10    1.28601143272961e-09    6.20173126167231e-12    1.7843256718122e-08    2.49032753002812e-06    0.000133578653670668
183.960000000041    3.18720742145105e-10    1.01437264740815e-10    4.77483819338431e-12    1.78832864912586e-08    2.18514029110293e-06    0.00013372840570069
184.464000000042    -6.48108784459316e-11    2.72820470541228e-09    4.93745869503851e-12    1.79109987795188e-08    2.2220393090218e-06    0.000133831979631461
184.968000000042    1.80400247948281e-10    5.59427567477067e-10    4.51304082024332e-12    1.83501442020156e-08    2.12439186302788e-06    0.000135462704098592
185.472000000043    2.57459773684061e-11    3.97644457495276e-09    4.3262474407889e-12    1.88178966280153e-08    2.07996332663007e-06    0.000137178338713527
185.976000000043    1.00548225251588e-10    -3.14356903559807e-09    4.15674776434245e-12    1.94524065383426e-08    2.03881037721327e-06    0.00013947188436549
186.480000000044    1.27016001785738e-10    -7.33158687242248e-11    3.90931312983339e-12    2.01986623935691e-08    1.97719829903334e-06    0.000142121998274594
186.984000000045    -9.81416710135242e-11    -2.9570033718498e-09    3.66864897080327e-12    2.10142138749034e-08    1.9153717553445e-06    0.000144962801663597
187.488000000045    -2.62418213419206e-11    -5.40151698112787e-09    3.49523276304189e-12    2.1796485557967e-08    1.86955416138534e-06    0.000147636328621348
187.992000000046    -9.51409643198873e-11    2.66036991834574e-09    3.45766500488872e-12    2.19872157576499e-08    1.85947976483664e-06    0.000148280867783313
188.496000000047    6.37745355094846e-11    -4.63463136676635e-09    3.3446215337478e-12    2.24041200141328e-08    1.82883064543456e-06    0.000149680058767536
189.000000000047    5.12433862991289e-11    5.08259913205926e-09    3.28202986122766e-12    2.24285086859025e-08    1.81163734190974e-06    0.000149761505935503
189.504000000048    -1.00618587631573e-10    -1.8562512839021e-09    3.33857525655394e-12    2.19808095144238e-08    1.82717685143771e-06    0.000148259264503026
190.008000000048    4.80273251782982e-11    4.99762527127068e-09    3.36522527272866e-12    2.14716711292285e-08    1.83445503363316e-06    0.000146532150411615
190.512000000049    4.82183068824065e-11    4.78387319446753e-09    3.46166501090686e-12    2.0746538368573e-08    1.86055502702335e-06    0.000144036586830178
191.01600000005    -7.25707680104671e-11    -3.96239022161053e-09    3.6028154014715e-12    1.98446833694177e-08    1.89810837314548e-06    0.00014087115870084
191.52000000005    -9.18807077314257e-11    -3.26600324828241e-09    3.79373016836861e-12    1.88032094146135e-08    1.94775002501002e-06    0.000137124795000564
192.024000000051    9.03177365000136e-11    3.19612159302242e-09    3.921683465906e-12    1.81544844474779e-08    1.98032407897008e-06    0.000134738578132852
192.528000000051    4.08401990504596e-11    3.40988615689121e-09    4.00400541008424e-12    1.76705624925415e-08    2.001001101553e-06    0.000132930667947296
193.032000000052    9.6867765247838e-11    -2.4782273307043e-09    4.15319847668975e-12    1.71219785650684e-08    2.03793976047046e-06    0.000130850978440846
193.536000000053    2.90960158729527e-10    1.34733252624339e-10    4.58671519422924e-12    1.68314803304704e-08    2.14166176357786e-06    0.000129736195144039
194.040000000053    -2.99935906805778e-10    -1.3797945151276e-09    5.32089055278345e-12    1.65462823281307e-08    2.30670554315498e-06    0.000128632353341711
194.544000000054    -3.76641388517178e-10    3.24980316347313e-09    4.14704668737567e-12    1.67116411710665e-08    2.03642985283484e-06    0.000129273512988954
195.048000000055    -3.89355814067452e-10    -3.85569916923051e-10    4.18000969454452e-12    1.69354199946567e-08    2.04450716382862e-06    0.000130136159442747
195.552000000055    2.52800824325392e-10    4.0488547797453e-09    4.11351960425245e-12    1.72114344483598e-08    2.02818133813133e-06    0.000131192356606498
196.056000000056    1.94093220441984e-10    5.4999983395847e-09    3.88180208336882e-12    1.77384270674544e-08    1.97022893230625e-06    0.000133185686307517
196.560000000056    -2.16939308507305e-10    -4.08498694087451e-09    3.59663169440145e-12    1.83855576166349e-08    1.89647874950889e-06    0.000135593353819233
197.064000000057    -2.22718638860023e-10    1.69023926880567e-09    3.3294396895787e-12    1.9204659084232e-08    1.8246752149287e-06    0.000138580875597519
197.568000000058    1.00474598643602e-10    -8.77325594448477e-09    3.28037026940356e-12    1.96117525156795e-08    1.81117924549406e-06    0.000140041966705375
198.072000000058    -4.54184731878114e-11    -1.02038429057028e-08    3.16929943032687e-12    2.01740230703677e-08    1.7802526304612e-06    0.000142035287750084
198.576000000059    9.57171990546671e-12    1.07693462633855e-08    3.08255799262373e-12    2.04890790701114e-08    1.7557215019849e-06    0.000143140067605589
199.080000000059    -1.60628914989558e-10    -5.88569193694147e-09    2.97759587394335e-12    2.06791315595167e-08    1.72557116577141e-06    0.000143802404447476
199.58400000006    1.92133481253247e-10    -1.61129770716665e-09    2.96635936242428e-12    2.04597429119372e-08    1.7223122032631e-06    0.000143037557687975
200.088000000061    -1.64441172523486e-10    -5.97508303910461e-09    3.04445849716222e-12    1.99012406517064e-08    1.74483766297078e-06    0.000141071756974969
200.592000000061    -1.56337390337359e-10    -6.55036478563175e-09    3.17775870652027e-12    1.89994989192478e-08    1.78262690490155e-06    0.00013783866974235
201.096000000062    1.54092361767638e-10    6.56786250177624e-09    3.27863634012133e-12    1.83840607288e-08    1.81070050432888e-06    0.000135587833840884
201.600000000063    9.42135610408678e-11    7.55838865064568e-09    3.46981996162433e-12    1.75589908723937e-08    1.86274527317831e-06    0.000132510342295477
202.104000000063    1.0740944690441e-10    -6.655632262338e-09    3.71815415745679e-12    1.67842144509936e-08    1.92825157744523e-06    0.000129553905408892
202.608000000064    3.26278592344602e-10    5.62971899692116e-10    3.64742029746498e-12    1.62635120503711e-08    1.90982203123937e-06    0.000127528475447855
203.112000000064    9.82347113198201e-11    -4.62089001047153e-09    4.14444869332248e-12    1.58788986494167e-08    2.03579190578812e-06    0.000126011501967337
203.616000000065    4.2526186895893e-10    2.85019063385874e-09    3.75356204348511e-12    1.55750205377533e-08    1.93741112380348e-06    0.000124799921993684
204.120000000066    1.33550672665926e-09    9.43191361734806e-10    6.44431697577784e-12    1.5469756014568e-08    2.53856557768351e-06    0.000124377473899732
204.624000000066    -8.94873512350528e-10    -1.73579939456967e-09    4.52632326113853e-12    1.56776793654453e-08    2.12751556054002e-06    0.000125210540141125
205.128000000067    -6.19677965424756e-10    6.17159907914426e-09    3.51067764303103e-12    1.622460987981e-08    1.87368013786512e-06    0.000127375860514155
205.632000000067    -1.41339727252701e-10    -1.42447096516169e-08    3.77573866798177e-12    1.64121960876335e-08    1.94312599900389e-06    0.00012811009282926
206.136000000068    -4.36815077747318e-10    9.20328192797827e-09    3.21901223865413e-12    1.71029294237753e-08    1.79416054126901e-06    0.000130778168434471
206.640000000069    -4.70224594991037e-10    -1.13879034670623e-09    3.11532476125366e-12    1.77117148314091e-08    1.7650281981154e-06    0.000133085366701648
207.144000000069    4.26027926344393e-10    3.38573183081042e-09    2.98282874967245e-12    1.82987065612331e-08    1.72708672861923e-06    0.000135272711770593
207.64800000007    4.05048801778227e-10    -1.36829596645144e-09    2.77448267850223e-12    1.92512291981852e-08    1.66567779430408e-06    0.000138748798900434
208.152000000071    -3.76816782301458e-10    5.33158997083433e-09    2.65085249104703e-12    1.99005878164347e-08    1.6281438354937e-06    0.000141069443140635
208.656000000071    -3.54518067381498e-10    -7.52358772517862e-09    2.64282512972585e-12    1.99966627992582e-08    1.62567678338678e-06    0.000141409556758565
209.160000000072    -3.37938530754698e-10    9.32190017199585e-09    2.53596721202248e-12    2.04508499632188e-08    1.5924720084887e-06    0.00014300646795275
209.664000000072    -1.1414820080324e-10    2.14677715603729e-08    2.69749527726581e-12    1.96079334348477e-08    1.64240532885034e-06    0.000140028329183714
210.168000000073    -2.37658787835054e-10    1.71994750546253e-08    2.6801371861112e-12    1.93905177259851e-08    1.63711243646535e-06    0.000139249838169253
210.672000000074    5.91025308887922e-11    -2.07645057445307e-08    2.85830022250883e-12    1.84611959636468e-08    1.69065082705322e-06    0.000135871982146733
211.176000000074    -2.06095521975596e-10    -1.72082595282474e-08    2.94980319836423e-12    1.77181667229299e-08    1.71749909923961e-06    0.000133109603060056
211.680000000075    3.45629902651883e-10    1.18434522514524e-08    2.96904128514156e-12    1.7204128177454e-08    1.72309058545438e-06    0.000131164507536096
212.184000000075    3.19702558510632e-10    1.27613230136968e-08    3.13626144207691e-12    1.64454599830996e-08    1.77094927648061e-06    0.000128239852698949
212.688000000076    5.78485865550867e-11    -1.44335110877782e-08    3.53005212345974e-12    1.55966947427385e-08    1.878843293123e-06    0.000124886726814391
213.192000000077    6.69006137789188e-10    1.25337131565407e-10    3.23225150651938e-12    1.54091247584552e-08    1.79784622783768e-06    0.000124133495715055
213.696000000077    4.47033522607111e-10    -7.69821239880726e-09    4.26799193879763e-12    1.47937286633194e-08    2.06591184201037e-06    0.000121629472596312
214.200000000078    -1.34815432021007e-10    5.28214404101688e-09    4.77828159711846e-12    1.46014364238426e-08    2.18592808183235e-06    0.000120836403438457
214.704000000079    2.20016122422276e-09    9.50999149546025e-10    4.50017303096224e-12    1.46064528911028e-08    2.121359986012e-06    0.000120857159035774
215.208000000079    -9.76181550622952e-10    1.43790666290224e-08    3.38980264603538e-12    1.49100928344902e-08    1.84114141040414e-06    0.000122106890173047
215.71200000008    1.06028665633863e-09    9.17513632138644e-09    3.51487091664231e-12    1.49340295834007e-08    1.8747986004994e-06    0.000122204866921157
216.21600000008    5.7334459542384e-10    2.20092963274873e-08    3.15640383464529e-12    1.55130871681513e-08    1.77662700247443e-06    0.000124551542277654
216.720000000081    -6.69230423520452e-10    -1.95783642875281e-08    3.03701234639728e-12    1.59040425452528e-08    1.74270246988059e-06    0.000126111229325308
217.224000000082    -7.54350380304236e-10    1.04462877895141e-08    2.75765358083714e-12    1.6628138653045e-08    1.6606182619111e-06    0.000128950139759211
217.728000000082    -2.84867694428642e-10    -3.324597666532e-08    2.64421386053433e-12    1.73019420389158e-08    1.62610386488217e-06    0.000131536842495253
218.232000000083    -4.71785053959303e-10    2.80093133754901e-08    2.43328475124442e-12    1.80589178432583e-08    1.55989888411502e-06    0.000134383470184159
218.736000000083    -5.45294195790541e-10    -2.26855018655183e-08    2.48154662209902e-12    1.81085576746563e-08    1.57529245689595e-06    0.000134568039147579
219.240000000084    -6.34117349559283e-10    -9.69975823269648e-09    2.40749271508424e-12    1.83331949185612e-08    1.55160958780855e-06    0.000135400128598447
219.744000000085    -5.66596519769731e-10    2.00292981988592e-08    2.30285510751635e-12    1.86055659087061e-08    1.5175159921677e-06    0.000136402219584336
220.248000000085    -6.55036550282354e-10    8.77975485724971e-09    2.36767104971976e-12    1.80534177501687e-08    1.53872369860442e-06    0.000134363007085599
220.752000000086    5.11359171948271e-10    -2.52170425255634e-08    2.40505708781548e-12    1.75020060325914e-08    1.55082456336211e-06    0.000132295145023135
221.256000000087    2.31219588679177e-10    -3.27642286073452e-08    2.54519129705028e-12    1.66668982746153e-08    1.59536555171151e-06    0.000129100337726594
221.760000000087    -2.47558828334428e-10    3.0123560386035e-08    2.6806208522862e-12    1.58345385636698e-08    1.63726014762494e-06    0.000125835359324162
222.264000000088    -7.66889101109218e-10    1.46167199508995e-08    2.67292883108809e-12    1.54655183601942e-08    1.6349092460957e-06    0.000124360436419891
222.768000000088    5.81625513193113e-10    2.05775158319854e-08    3.10458384971632e-12    1.46836791754545e-08    1.7619828351684e-06    0.000121176230144449
223.272000000089    -1.22637533846701e-09    -4.07581312350976e-09    2.99417096981806e-12    1.42349967880858e-08    1.7303668587388e-06    0.000119310505704542
223.77600000009    -1.68672183353218e-09    -4.42924201469369e-09    3.03309953682938e-12    1.39066796090082e-08    1.74157879287698e-06    0.000117926585592012
224.28000000009    2.37225253004902e-09    9.76283901252667e-09    3.59346200194079e-12    1.37757809470741e-08    1.8956414150252e-06    0.000117370272436256
224.784000000091    2.54634577041386e-09    -2.70255448598479e-08    3.37971746645824e-12    1.38159670091751e-08    1.83839902702908e-06    0.000117541338595385
225.288000000091    2.55497111714618e-09    -2.14411621768624e-08    3.08603653253755e-12    1.40235066738885e-08    1.75670999446697e-06    0.000118420885886591
225.792000000092    -1.39565128170532e-09    4.41718785301365e-08    2.8044154512366e-12    1.43290888896105e-08    1.67463832017367e-06    0.000119704164248599
226.296000000093    1.36278392254137e-09    4.58862347184944e-08    2.64890458116974e-12    1.47099814562568e-08    1.62754499906753e-06    0.000121284703696345
226.800000000093    -1.02169547687732e-10    7.0146205765258e-08    2.45032004982223e-12    1.54237089423101e-08    1.56534981374248e-06    0.000124192205962451
227.304000000094    -9.24975322444113e-11    -7.63570120731898e-08    2.34614381264307e-12    1.59243304040211e-08    1.53171270285497e-06    0.000126191618476141
227.808000000095    -1.24845617875811e-09    -4.69095972345699e-08    2.29808919583043e-12    1.63235988956427e-08    1.51594447035094e-06    0.000127763831717479
228.312000000095    1.05196412618294e-09    -5.91437255381338e-08    2.15272354009069e-12    1.71204460531667e-08    1.46721587827496e-06    0.000130845109022792
228.816000000096    -5.46377348746105e-10    -8.18067944692401e-08    2.07738365751178e-12    1.7542511073144e-08    1.44131306765171e-06    0.000132448119581942
229.320000000096    6.31766360682188e-10    8.01211209416004e-08    2.04342056049763e-12    1.76885020341949e-08    1.42948248025951e-06    0.000132998103801524
229.824000000097    -1.29341137937511e-09    -2.82868148482826e-08    2.06648933859224e-12    1.75025910319476e-08    1.4375283182182e-06    0.000132297355346975
230.328000000098    1.32735242492805e-09    2.51550070469856e-08    2.10251899447496e-12    1.70893584514571e-08    1.45000594226731e-06    0.000130726270575897
230.832000000098    9.43712053499349e-10    -6.38539166825332e-08    2.08898317793354e-12    1.68191146137183e-08    1.44533120333753e-06    0.000129688513509854
231.336000000099    7.97534390683583e-10    6.84142902023851e-08    2.19954871193625e-12    1.60816382107361e-08    1.48308734600331e-06    0.000126813380722308
231.840000000099    1.57757044805725e-09    1.56498274445132e-08    2.31913901371302e-12    1.53152959692021e-08    1.52287114523341e-06    0.000123754982624075
232.3440000001    -1.72344859493662e-09    -1.36525532712767e-08    2.41594249103145e-12    1.47245862907025e-08    1.55432928324612e-06    0.000121344905555653
232.848000000101    -8.41841635323186e-10    -5.5359570294053e-08    2.52597141112225e-12    1.40911007783325e-08    1.58933026851719e-06    0.000118705929563988
233.352000000101    -2.26564214877271e-09    3.63878020911064e-09    2.6054845358219e-12    1.36130799727173e-08    1.61414974605442e-06    0.000116675104283119
233.856000000102    2.70834589700559e-09    -1.03039914706486e-08    2.6408541724519e-12    1.32495811235835e-08    1.62506825620169e-06    0.000115106824373759
234.360000000103    3.61756463800491e-09    1.79105255811079e-08    3.01409755077719e-12    1.30444778618023e-08    1.73611188118833e-06    0.00011421242288392
234.864000000103    2.23369610493885e-09    -8.25143694531641e-09    4.13492008403956e-12    1.29855191044546e-08    2.0334490636948e-06    0.000113954021589273
235.368000000104    -1.1811912949775e-09    8.76574137040692e-09    3.3119589154409e-12    1.30523422032234e-08    1.81987843556322e-06    0.000114246847336744
235.872000000104    -1.0523388037781e-10    1.91186304587365e-08    2.66207702779778e-12    1.33379602258452e-08    1.63158726911055e-06    0.0001154900855499
236.376000000105    -8.26097798228876e-10    7.18409490793545e-09    2.69671597405397e-12    1.34812111239491e-08    1.64216786340995e-06    0.000116108617562771
236.880000000106    7.30787907999103e-10    -6.83788881011704e-09    2.5043975664835e-12    1.39907068593734e-08    1.58252868297309e-06    0.000118282318258549
237.384000000106    1.63887933827445e-10    -2.82879219084008e-08    2.20450333260345e-12    1.48433046508379e-08    1.48475698541687e-06    0.000121833098337978
237.888000000107    5.94549075938831e-10    -9.80953024203855e-09    2.22821314238208e-12    1.49450596517759e-08    1.4927199298239e-06    0.000122249987957255
238.392000000107    -5.81807923824606e-10    4.28766509979514e-09    2.08868592615045e-12    1.57063674176898e-08    1.44522855896567e-06    0.000125325046975079
238.896000000108    -5.43341584557124e-10    8.44899262155632e-09    2.01615115238052e-12    1.60348912117866e-08    1.41991227093805e-06    0.000126628950640843
239.400000000109    5.23311119619199e-10    9.96177591882788e-09    1.94862499690561e-12    1.63565944619618e-08    1.39593148938302e-06    0.000127892901924715
239.904000000109    -5.16202868429988e-10    1.0817615869326e-08    1.92777678435244e-12    1.64303071904965e-08    1.38844391960462e-06    0.000128180759373143
240.40800000011    5.08260380866208e-10    -1.33790111612932e-08    1.95746342094957e-12    1.60281208654458e-08    1.39909369329611e-06    0.000126602214382087
240.912000000111    -2.03314361967818e-11    -3.38197869806185e-08    1.88874176237674e-12    1.60431335602613e-08    1.37431501554897e-06    0.000126661487503042
241.416000000111    5.74403268411137e-10    9.40267300184674e-09    2.10266546599926e-12    1.49223233469498e-08    1.45005694235093e-06    0.000122156961563963
241.920000000112    6.17418939770196e-10    -8.46429912786882e-09    2.16790881948639e-12    1.44284775057628e-08    1.47238189281186e-06    0.000120118597369926
242.424000000112    -7.03345657129703e-10    -2.98851046160855e-09    2.30605623338028e-12    1.3808452272605e-08    1.51857029428511e-06    0.000117509370961102
242.928000000113    4.77450159098112e-11    -2.37314226698645e-08    2.23502249135281e-12    1.334031183958e-08    1.49499916022492e-06    0.000115500265265495
243.432000000114    -3.54838494094796e-10    -1.87658412956254e-08    2.48426775308288e-12    1.27846046264364e-08    1.57615596537035e-06    0.000113069024380153
243.936000000114    -4.06555355638051e-10    1.44197631766454e-08    2.38418165433674e-12    1.25724752942417e-08    1.54407949570269e-06    0.000112127048861156
244.440000000115    -1.60011487241178e-09    -7.89403548358682e-09    3.61528439986745e-12    1.21927793219672e-08    1.90138944971824e-06    0.000110420918578191
244.944000000115    -3.84820062631888e-09    1.23400432218329e-09    2.90477753954291e-12    1.22318692192405e-08    1.70433644885476e-06    0.000110597781251333
245.448000000116    1.10035586473591e-09    -2.86991048041274e-08    2.46600205430781e-12    1.24349503447434e-08    1.57035054797481e-06    0.000111512104818736
245.952000000117    -1.68048248650437e-09    1.82905275312321e-08    2.42863291965873e-12    1.26751068014967e-08    1.55840626783818e-06    0.000112583775327324
246.456000000117    -7.57066265405369e-10    4.20590533562544e-08    2.16415956120834e-12    1.30771498863866e-08    1.47110808170542e-06    0.00011435535893618
246.960000000118    -1.37383137387257e-09    -8.25446165634312e-09    2.16679909508683e-12    1.33953236965852e-08    1.47200448629554e-06    0.000115738168416686
247.464000000119    1.25431783415152e-09    5.62021342104687e-09    2.04018908691639e-12    1.38846923902076e-08    1.42835132709119e-06    0.000117833324482596
247.968000000119    4.55731014044519e-10    -5.87464792016878e-08    1.83129439624603e-12    1.47435937019085e-08    1.35325318715873e-06    0.00012142318662743
248.47200000012    1.05979633918605e-09    -1.75858474300386e-08    1.81086977890467e-12    1.50282942007677e-08    1.34568519934507e-06    0.000122589942048708
248.97600000012    -1.02941914477779e-09    -1.36772175104027e-08    1.75978073725076e-12    1.54124006542084e-08    1.32656687639447e-06    0.000124146689312048
249.480000000121    -4.52217065405195e-10    -6.44643493733298e-08    1.69394342468889e-12    1.57338685723052e-08    1.3015157395086e-06    0.000125434701803978
249.984000000122    -8.11297583084426e-10    -4.32601028483263e-08    1.6974914537278e-12    1.56768922497562e-08    1.30287788972107e-06    0.000125207389471707
250.488000000122    -9.65849759204339e-10    -2.33256202070306e-08    1.71447011567591e-12    1.54143161895122e-08    1.30937740274153e-06    0.000124154402440782
250.992000000123    1.29666878978936e-10    -6.87154529860105e-08    1.67873012531347e-12    1.53953234100408e-08    1.29565817579328e-06    0.000124077873483661
251.496000000124    -1.03552576629293e-09    2.15014140527344e-08    1.74366124686562e-12    1.48153388915397e-08    1.32047725256894e-06    0.000121718274836727
252.000000000124    -2.58433187219089e-10    -6.04608218458913e-08    1.83529410528664e-12    1.41484652412533e-08    1.35473024565739e-06    0.000118947305920489
252.504000000125    -7.69891976626713e-10    -4.53049108994788e-08    1.96632326809164e-12    1.34083530726612e-08    1.40225628019916e-06    0.000115794434322752
253.008000000125    -2.14633232029692e-10    5.07871225537468e-08    1.99593050122536e-12    1.28725365799803e-08    1.41277402834209e-06    0.000113457190167254
253.512000000126    -1.17894855769338e-09    -3.04283622679669e-08    2.19923755305807e-12    1.22948962012681e-08    1.48298218571174e-06    0.000110882348799901
254.016000000127    -8.70194740082295e-10    -3.36192675124633e-08    2.33705094249794e-12    1.19632518730052e-08    1.52874137291402e-06    0.000109376646240183
254.520000000127    -2.41850915344099e-09    6.97028546874861e-09    2.14291586596828e-12    1.17406631015981e-08    1.46386816919481e-06    0.000108354340259231
255.024000000128    4.11225798907796e-09    7.00713648220066e-11    2.54870916575302e-12    1.16510049350687e-08    1.59646241893984e-06    0.000107939820896015
255.528000000128    1.51626980644403e-09    -2.04820399447947e-08    2.26306383706973e-12    1.16709435894631e-08    1.50434754561425e-06    0.000108032139523149
256.032000000129    1.50785476848664e-09    -2.19010648269758e-08    2.16025982853142e-12    1.18945209366745e-08    1.46978146501628e-06    0.00010906200281041
256.536000000128    3.45720574496932e-10    3.90594014457177e-08    2.19907729149414e-12    1.21079745312167e-08    1.4829285795248e-06    0.000110036234966396
257.040000000127    5.15915268169027e-10    -4.32996374989419e-08    1.92585918356849e-12    1.26899113021524e-08    1.38775319037642e-06    0.000112649498122689
257.544000000125    -5.64643002790051e-10    -4.60912006727491e-08    2.01380304693196e-12    1.28375298297167e-08    1.41908517295835e-06    0.00011330281419858
258.048000000124    3.76184007119143e-10    -5.35966450727414e-08    1.75682088292011e-12    1.36875531583681e-08    1.32545114636704e-06    0.000116993804475997
258.552000000123    1.17833538729833e-10    6.04139068857045e-08    1.75190960521297e-12    1.3972547148012e-08    1.32359721642508e-06    0.000118205513823053
259.056000000122    9.74681759500916e-10    7.78889342578483e-09    1.62986747696519e-12    1.46332276850616e-08    1.27666226033382e-06    0.00012096787848183
259.560000000121    -2.88964223229839e-10    6.2852482156575e-08    1.58261287699892e-12    1.48943769292769e-08    1.25801939313295e-06    0.000122042504804033
260.06400000012    -1.76102449259787e-10    6.5432628600883e-08    1.5755238077196e-12    1.49523208500319e-08    1.25519870008996e-06    0.000122279665392914
260.568000000118    1.0514818344547e-10    6.55676036057944e-08    1.62334742681497e-12    1.45878636483704e-08    1.27410651664562e-06    0.000120780210917433
261.072000000117    -8.75324986446272e-10    2.71506055004726e-08    1.53449171474957e-12    1.47417513377163e-08    1.23874571585767e-06    0.000121415611024946
261.576000000116    8.29321162209291e-10    3.49684434753595e-08    1.69066509434689e-12    1.3818284918694e-08    1.30025551587882e-06    0.000117551196063256
262.080000000115    -7.79167640760038e-10    3.91982239240801e-08    1.67265061420909e-12    1.34910356675617e-08    1.29330971043555e-06    0.000116150911021227
262.584000000114    -7.11196866841142e-10    4.14145396520835e-08    1.78698823343977e-12    1.28157306019712e-08    1.33678260298329e-06    0.00011320657616414
263.088000000112    1.21924637753889e-09    1.67413207489408e-08    1.84144044734775e-12    1.23282434439496e-08    1.3569963009478e-06    0.000111032622069722
263.592000000111    -1.49799543888644e-09    -5.8786106296838e-10    1.85254021477703e-12    1.1866987774083e-08    1.36107970772718e-06    0.000108935704770004
264.09600000011    -7.11374862641775e-10    -3.07388990380788e-08    2.31480066127838e-12    1.13388636843139e-08    1.52144673098475e-06    0.000106484096180763
264.600000000109    -1.97413387543511e-09    -1.71305849675095e-08    2.0991594723504e-12    1.11863388045263e-08    1.4488462910695e-06    0.000105765488279823
265.104000000108    9.26095467899675e-10    1.20868427561316e-08    2.98638748420043e-12    1.09999604894737e-08    1.72811649681022e-06    0.000104880695761336
265.608000000107    2.84869086048324e-11    -2.9144149556753e-08    2.1429624493366e-12    1.10847521404923e-08    1.46388607771407e-06    0.000105284145487869
266.112000000105    -1.88659810721471e-09    -1.59643593117133e-08    1.94652559070393e-12    1.1240841780002e-08    1.39517813610001e-06    0.000106022834923148
266.616000000104    -1.1427579635932e-09    -3.58810514169372e-08    1.8132308825042e-12    1.15693689125547e-08    1.34656213247233e-06    0.000107560994905704
267.120000000103    1.37043917321449e-09    -2.17419273938846e-08    1.82242175234181e-12    1.19232843032494e-08    1.34997032346577e-06    0.000109193790256305
267.624000000102    -1.32015531312827e-09    8.17126452324598e-09    1.71937190150064e-12    1.23188246556277e-08    1.31124755812569e-06    0.000110990200418137
268.128000000101    -1.21430323232585e-10    6.71262560933462e-08    1.54561547388324e-12    1.30115432689569e-08    1.24322783878817e-06    0.000114068132109817
268.6320000001    -5.04765604440854e-10    6.4556201526815e-08    1.4882522620692e-12    1.34991323046599e-08    1.2199393457385e-06    0.000116185748425341
269.136000000098    -2.22420621778919e-10    -7.37410705070257e-08    1.41367660906078e-12    1.39836737037397e-08    1.18898131170757e-06    0.000118252561350671
269.640000000097    -9.35694310757051e-10    -3.51783086395289e-08    1.41706171066873e-12    1.40691249083186e-08    1.19040364378848e-06    0.000118613336816756
270.144000000096    8.61183091410536e-10    4.34672116195447e-08    1.39812043758088e-12    1.41190951766589e-08    1.18242111616148e-06    0.000118823790914364
270.648000000095    -1.01926298805533e-09    -1.34832937429508e-08    1.40033603542681e-12    1.40653710645738e-08    1.18335751002382e-06    0.000118597516343196
271.152000000094    6.26640178834726e-10    6.15800894165295e-08    1.39191751973897e-12    1.39396989172079e-08    1.17979537508038e-06    0.000118066486036896
271.656000000092    3.88682007733851e-10    6.87338341712489e-08    1.41615295464522e-12    1.35728867088402e-08    1.19002218616777e-06    0.000116502712348255
272.160000000091    5.34808959948982e-10    -6.1414091638032e-08    1.45370112045369e-12    1.3085486427245e-08    1.20569516646334e-06    0.000114391794528954
272.66400000009    7.04126240352509e-10    5.31538894601254e-08    1.56188881521241e-12    1.2368885770422e-08    1.24975530381697e-06    0.000111215479790747
273.168000000089    2.1759400490732e-10    5.80059981423e-08    1.59916855468697e-12    1.19017796172224e-08    1.2645823450214e-06    0.000109095262282679
273.672000000088    1.4181237322336e-09    1.93405869574733e-08    1.76816512044516e-12    1.13226272720843e-08    1.32972294459043e-06    0.000106407832879098
274.176000000087    -9.04124147053399e-10    -3.85327770774369e-08    1.84406763579547e-12    1.09416610571867e-08    1.35796421836328e-06    0.000104602387986182
274.680000000085    2.17987581581502e-09    1.07336274797949e-08    1.98399108590459e-12    1.06401271747144e-08    1.40854049783669e-06    0.000103150991558509
275.184000000084    1.40973069656158e-09    2.20906864621852e-08    2.42521235198692e-12    1.04550634198409e-08    1.55730869279224e-06    0.000102250002111699
275.688000000083    8.33094445331494e-09    4.33758433588486e-09    1.98401032721352e-12    1.0441665246317e-08    1.40852437770102e-06    0.000102184466664471
276.192000000082    -3.03526851770661e-09    6.23357808891962e-08    1.85033027779914e-12    1.05304922231496e-08    1.36026507157398e-06    0.000102618167677074
276.696000000081    2.5354266620546e-09    -7.57775879974129e-08    1.73175442965469e-12    1.07356203742792e-08    1.31595896640675e-06    0.000103612811138567
277.20000000008    -2.98739443305211e-09    -5.48650700574013e-08    1.69199935298229e-12    1.10029523791301e-08    1.30076532412914e-06    0.000104894944439445
277.704000000078    -3.0053382814564e-09    -1.35820322104428e-08    1.59217188719807e-12    1.14731101589014e-08    1.26180935768439e-06    0.000107112604180973
278.208000000077    -1.40972627550348e-09    -1.20377165023885e-07    1.48544161044725e-12    1.1920602202706e-08    1.21878612689802e-06    0.000109181443991386
278.712000000076    2.46916157449312e-09    3.37377757791652e-08    1.42356752409071e-12    1.23756691207308e-08    1.19313093469737e-06    0.000111245979623954
279.216000000075    -9.66698045903239e-10    -1.46485809078185e-07    1.3332708945878e-12    1.29650914229726e-08    1.15467309663068e-06    0.000113864261139659
279.720000000074    -4.88807082117981e-10    -1.62637095721819e-07    1.28686473986771e-12    1.32599993100508e-08    1.13440050288042e-06    0.000115151955516291
280.224000000073    -1.0040376337013e-09    1.51692638521099e-07    1.24416331399739e-12    1.35226624943956e-08    1.11542023735712e-06    0.000116286884401204
280.728000000071    3.88768757554235e-10    -1.66771154433101e-07    1.25535109195648e-12    1.33530588532008e-08    1.12042444672335e-06    0.000115555315933897
281.23200000007    -1.6644761326801e-09    1.13040644960418e-07    1.26011618810948e-12    1.3187746733693e-08    1.12254773512251e-06    0.000114837859417117
281.736000000069    -1.92133719436469e-09    9.26371176528772e-08    1.29345809723579e-12    1.27794994364079e-08    1.13730136977812e-06    0.000113046410180829
282.240000000068    2.4524983417973e-09    2.92640136975621e-08    1.37465488636313e-12    1.21595272595759e-08    1.17245420874976e-06    0.000110270242600592
282.744000000067    -1.97605512372641e-09    9.39108645750896e-08    1.38697886896031e-12    1.17970318205685e-08    1.17769901255221e-06    0.000108614101300512
283.248000000065    -2.95815659117269e-09    -4.4272012069616e-09    1.48783050006889e-12    1.11680955597419e-08    1.21976298901814e-06    0.000105679210538979
283.752000000064    -2.94842451957108e-09    5.17755547442242e-08    1.51928746126299e-12    1.07208582759581e-08    1.23259026771099e-06    0.000103541564577951
284.256000000063    2.61131199242665e-09    7.12368870214775e-08    1.68564220019906e-12    1.03933353684085e-08    1.29832021521994e-06    0.000101947684101771
284.760000000062    -3.08890894083465e-09    -5.91956367472856e-08    1.8186245378101e-12    1.00580607212533e-08    1.34856034216184e-06    0.000100289865974234
285.264000000061    8.65673527512551e-09    1.43837020606745e-09    1.73480962098654e-12    9.94827776226898e-09    1.3170932700158e-06    9.97410535346408e-05
285.76800000006    4.02471303172169e-09    -3.11284460786734e-08    1.9024069054958e-12    9.96777587287142e-09    1.37927180322836e-06    9.98387445027794e-05
286.272000000058    3.35508546126848e-09    -2.08160222687873e-08    1.74944398379105e-12    1.00882341163277e-08    1.3226612291863e-06    0.000100440199536943
286.776000000057    6.06477667276881e-10    7.19359683928078e-08    1.63013260915991e-12    1.0370268604855e-08    1.27676632213759e-06    0.000101834490375665
287.280000000056    -1.15882384636847e-09    -7.51874867160895e-08    1.57915554496417e-12    1.06783927406597e-08    1.25664402361666e-06    0.000103336281564132
287.784000000055    -7.16240281446887e-10    9.14955904858454e-08    1.39971892260764e-12    1.12359906318357e-08    1.18309695697669e-06    0.000105999916322574
288.288000000054    1.36880874337957e-09    7.45031339873268e-08    1.4133198747418e-12    1.13822043614133e-08    1.18883051824237e-06    0.000106687388245735
288.792000000053    1.10862506962463e-09    8.92598615907305e-08    1.32751726826369e-12    1.19143215212731e-08    1.15217882258534e-06    0.000109152707497113
289.296000000051    -1.44464918475419e-09    6.24667916204304e-08    1.20015685275961e-12    1.25912884216262e-08    1.09551575330907e-06    0.000112210893051994
289.80000000005    1.57306494450357e-09    3.06933371297642e-08    1.19555814713368e-12    1.27275189649331e-08    1.09341468464639e-06    0.000112816302114775
290.304000000049    4.54662220840628e-10    1.21906481213532e-07    1.19386661599129e-12    1.27996256966918e-08    1.09264194010369e-06    0.000113135365096426
290.808000000048    8.45162182550885e-10    1.07616518894346e-07    1.19265164047736e-12    1.27266094133347e-08    1.09208558555557e-06    0.000112812223770386
291.312000000047    4.74726311072391e-10    1.19905093985329e-07    1.20884309906635e-12    1.24843649892245e-08    1.09947390769462e-06    0.000111733390765666
291.816000000046    -1.29599390755038e-09    -7.49479485172547e-08    1.20088445077661e-12    1.24485494430235e-08    1.09584796900683e-06    0.000111573042558803
292.320000000044    -1.48935109290043e-09    -5.82279562526677e-08    1.23432281062064e-12    1.20027526217732e-08    1.11099981658593e-06    0.000109557059248952
292.824000000043    -2.58488108335218e-10    1.07074861729898e-07    1.31579312514757e-12    1.14231872529141e-08    1.14708023186326e-06    0.00010687925798717
293.328000000042    -6.78243431790129e-11    -9.94198411563002e-08    1.38757564427377e-12    1.09658596578289e-08    1.17795400575474e-06    0.000104717953444116
293.832000000041    2.16508014711766e-09    1.82409037025242e-08    1.35839182021213e-12    1.06173741075388e-08    1.16549866265049e-06    0.000103040641374208
294.33600000004    1.55826637090893e-09    6.1638274308435e-08    1.50659310688539e-12    1.00991624145891e-08    1.22743255565889e-06    0.000100494570078747
294.840000000038    2.66200602508007e-09    3.3690770512517e-08    1.48853335377857e-12    9.80940008359424e-09    1.22005174787895e-06    9.90424098481364e-05
295.344000000037    2.58868902213424e-09    -3.35569394920612e-08    1.94378407211391e-12    9.57979056907224e-09    1.3941941653884e-06    9.78763988048398e-05
295.848000000036    -7.44755950981088e-09    -3.27808307134072e-09    3.02799658308072e-12    9.52157440654744e-09    1.74009801934778e-06    9.75785549995572e-05
296.352000000035    3.0123391769247e-09    4.2755002685166e-08    2.12366300874587e-12    9.50914338333064e-09    1.45727620393615e-06    9.75148273614858e-05
296.856000000034    2.77880378769279e-09    -5.34131420667492e-08    1.43646103468378e-12    9.84568121322522e-09    1.19852130266145e-06    9.92253917113028e-05
297.360000000033    5.49999326848539e-10    -9.36483109285541e-08    1.53407633257692e-12    9.96983025322741e-09    1.23857822929263e-06    9.98489934011419e-05
297.864000000031    1.27368732109576e-09    -9.60602100793584e-08    1.3829194047079e-12    1.04582763220194e-08    1.17597524737067e-06    0.000102265669187931
298.36800000003    2.32278747005195e-09    2.50233844257126e-08    1.25934445061397e-12    1.09699108729889e-08    1.12220276923216e-06    0.000104737339315161
298.872000000029    -1.7504489328529e-09    7.88264766911621e-08    1.20036852614337e-12    1.14350518880967e-08    1.09561191216229e-06    0.000106934772990282
299.376000000028    1.9723767212143e-09    -3.68197124253415e-08    1.12946409406734e-12    1.19192390628184e-08    1.0627606521684e-06    0.000109175261424588
299.880000000027    6.05732465865154e-10    -1.39271015609012e-07    1.17044375916249e-12    1.1839003928051e-08    1.08187032136512e-06    0.000108807097799892
