#t    rel_diff_friedmann    LHS_friedmann    RHS_friedmann
0    0    0.00709763780960229    0.00709763780960229
0.504    -6.20209359915829e-08    0.00803976506329263    0.0080397660605602
1.008    -1.12059709850842e-07    0.00904534621989922    0.00904534824713719
1.512    -1.56898357585205e-07    0.0100862634981789    0.0100862666632157
2.016    -1.88434871730381e-07    0.0111213877457698    0.0111213919370851
2.52    -1.99208629792578e-07    0.012097810680843    0.0120978155008205
3.024    -1.82570101995981e-07    0.0129558679693959    0.012955872700105
3.528    -1.33928105549589e-07    0.0136383772988407    0.0136383809519652
4.032    -5.6128666786139e-08    0.0141026171303924    0.0141026187135147
4.536    3.89687713035648e-08    0.0143312894763452    0.0143312883593998
5.04    1.3281669727682e-07    0.0143376566358166    0.0143376528272567
5.544    2.04573265656703e-07    0.0141617691918719    0.0141617633976343
6.048    2.41366957665243e-07    0.0138588827893016    0.0138588760991504
6.552    2.43161437275917e-07    0.0134850750119807    0.0134850684538819
7.05600000000001    2.20895014150449e-07    0.0130858683636213    0.0130858625824165
7.56000000000001    1.91384119685325e-07    0.012691121467802    0.0126911166100447
8.064    1.70252550608225e-07    0.0123159176596046    0.0123159134659725
8.56799999999994    1.62435106473085e-07    0.0119649680211379    0.0119649641340769
9.07199999999989    1.66220515113878e-07    0.0116376874222176    0.0116376835533734
9.57599999999983    1.73317544397267e-07    0.0113318978427897    0.0113318939147569
10.0799999999998    1.87313175328436e-07    0.0110454497650898    0.011045445627174
10.5839999999997    2.5212277096649e-07    0.0107769466087287    0.0107769411745028
11.0879999999997    5.06437302775655e-07    0.0105295515437591    0.0105295408786491
11.5919999999996    1.21483898734917e-06    0.0103256220014722    0.0103255969135664
12.0959999999996    2.48169203993321e-06    0.01024176478504    0.0102417139513539
12.5999999999995    2.98293620368271e-06    0.0104552222150466    0.0104551598407109
13.1039999999994    2.54779019180244e-07    0.0112040569964181    0.0112040512873022
13.6079999999994    -2.00238218879727e-06    0.0124790330481904    0.0124790830238775
14.1119999999993    3.48567136191327e-07    0.013737847625376    0.013737838048255
14.6159999999993    2.2141959725441e-06    0.0144254733222466    0.0144254094407382
15.1199999999992    1.99612547986121e-06    0.014543910496586    0.0145438524337613
15.6239999999992    1.34966085158789e-06    0.0143666924389753    0.0143666536587029
16.1279999999991    9.6680234877889e-07    0.0140917580752075    0.0140917308273443
16.6319999999991    8.25659814643296e-07    0.0138020125189175    0.0138019897274021
17.135999999999    8.01754805001169e-07    0.0135214957687519    0.0135214740869209
17.6399999999989    8.15524373263477e-07    0.0132542633870544    0.0132542417687223
18.1439999999989    8.3704471558918e-07    0.0129998395074126    0.0129998177445369
18.6479999999988    8.61275993322223e-07    0.0127572907856004    0.0127572688105228
19.1519999999988    9.01039855236138e-07    0.0125259226951969    0.0125259001225061
19.6559999999987    9.76120317960234e-07    0.0123063079566906    0.0123062839318395
20.1599999999987    1.10773278814239e-06    0.012102957596623    0.0121029307829668
20.6639999999986    1.30484118045203e-06    0.0119286718205932    0.0119286406905894
21.1679999999986    1.55700363722742e-06    0.0118097005207915    0.0118096637453554
21.6719999999985    1.79153071641788e-06    0.0117897742070802    0.0117897319636706
22.1759999999984    1.88384598055028e-06    0.0119297658458017    0.0119297208982035
22.6799999999984    1.70714107216032e-06    0.0122988282753665    0.0122987862837684
23.1839999999983    1.24200433912071e-06    0.0129536345508255    0.0129536023739249
23.6879999999983    6.70167836227514e-07    0.0139067892456935    0.0139067706059402
24.1919999999982    2.75469622249836e-07    0.0150954215856078    0.01509541326895
24.6959999999982    2.43836750762514e-07    0.0163729653639052    0.0163729573792458
25.1999999999981    5.26877924486331e-07    0.0175454865432861    0.0175454680546368
25.7039999999981    9.17625625636054e-07    0.0184441725330155    0.0184441386833558
26.207999999998    1.21685312005741e-06    0.0189889249342026    0.0189888787207938
26.7119999999979    1.33596987924857e-06    0.0192006265147405    0.0192005752118916
27.2159999999979    1.30449249377193e-06    0.0191639108975201    0.0191638608992295
27.7199999999978    1.19818113524743e-06    0.0189766526780893    0.0189766072032093
28.2239999999978    1.08941221876834e-06    0.0187167732750037    0.0187167324944852
28.7279999999977    1.01221796791664e-06    0.0184325999317522    0.0184325626161722
29.2319999999977    9.7993046608502e-07    0.0181478935501168    0.0181478579828041
29.7359999999976    9.80433982537362e-07    0.0178713652751575    0.0178713302318042
30.2399999999976    9.98002881310897e-07    0.017604824041708    0.0176047889024128
30.7439999999975    1.02219232116533e-06    0.0173479955925371    0.0173479601265976
31.2479999999974    1.05211643918234e-06    0.0171003470510967    0.0171003110680221
31.7519999999974    1.1226679900055e-06    0.0168617715823281    0.0168617337220282
32.2559999999974    1.32162297072784e-06    0.0166354950892021    0.0166354511175553
32.7599999999976    1.80532404625289e-06    0.0164382006496596    0.0164381412972089
33.2639999999978    2.64505528487886e-06    0.0163225816552851    0.0163224953072517
33.767999999998    3.28765832221196e-06    0.0164079441978748    0.0164078363108009
34.2719999999981    2.21414590419881e-06    0.0168743721190647    0.0168742973945863
34.7759999999983    -2.84607158803222e-07    0.0178208223477599    0.01782083249163
35.2799999999985    -3.75782823558554e-07    0.0190212189706879    0.0190212332663881
35.7839999999986    1.75088007053495e-06    0.0199936839865388    0.0199936139735757
36.2879999999988    2.72163106753462e-06    0.0204642306703537    0.0204641192784849
36.791999999999    2.38495585245616e-06    0.0205202728362553    0.0205201749565992
37.2959999999991    1.84075798361641e-06    0.0203622810491051    0.0203622060851803
37.7999999999993    1.51443458709206e-06    0.0201272694211849    0.0201272084584113
38.3039999999995    1.38903403318009e-06    0.0198759378008257    0.0198758825841943
38.8079999999996    1.37352013504505e-06    0.0196276794870116    0.0196276255690597
39.3119999999998    1.38940127996988e-06    0.0193865166424627    0.0193864627712355
39.816    1.41897883867903e-06    0.019152612013015    0.0191525576587898
40.3200000000001    1.45077067335883e-06    0.0189256443549884    0.0189255894415284
40.8240000000003    1.50064011290552e-06    0.0187054829089002    0.0187054267685884
41.3280000000005    1.5961414314716e-06    0.0184934542218878    0.0184933951856451
41.8320000000006    1.772922341127e-06    0.0182959093788067    0.0182958445044687
42.3360000000008    2.04726314646746e-06    0.018130571489594    0.0181304972536443
42.840000000001    2.37836058283349e-06    0.0180345660286565    0.0180344802434586
43.3440000000012    2.62445640535022e-06    0.0180701676336532    0.0180700727851677
43.8480000000013    2.54603838036868e-06    0.0183200803736438    0.0183199870866258
44.3520000000015    1.98576056399254e-06    0.0188618192363515    0.0188617443263867
44.8560000000017    1.17284685076684e-06    0.0197186903558814    0.0197186441019279
45.3600000000018    6.73458778310708e-07    0.0208095963840001    0.0208095683552083
45.864000000002    8.25583186506448e-07    0.0219461197375486    0.0219460835008836
46.3680000000022    1.41816960834481e-06    0.0229072813071257    0.0229072163343975
46.8720000000023    1.95135531446205e-06    0.0235470926228485    0.0235470007255392
47.3760000000025    2.1665088536899e-06    0.0238463992621838    0.0238462959355374
47.8800000000027    2.09583729476712e-06    0.0238801272828112    0.0238800271852982
48.3840000000028    1.91084036767839e-06    0.0237505302339495    0.0237504394671791
48.888000000003    1.74254976905833e-06    0.0235408485042533    0.0235407664621961
49.3920000000032    1.63984863650551e-06    0.0233018891716555    0.0233018127486385
49.8960000000033    1.59613828342882e-06    0.0230579959159779    0.0230579223085954
50.4000000000035    1.60050137623134e-06    0.0228179716564626    0.0228178986161894
50.9040000000037    1.62248913759219e-06    0.0225838202012049    0.0225837469173179
51.4080000000038    1.6539902415268e-06    0.0223555779375053    0.0223555039858121
51.912000000004    1.68638418456366e-06    0.0221330297014354    0.0221329550519788
52.4160000000042    1.76176190171293e-06    0.021916331585189    0.021916254362609
52.9200000000044    1.95310562786946e-06    0.0217085542004062    0.021708469402373
53.4240000000045    2.37549590120893e-06    0.0215241081230643    0.021524005862446
53.9280000000047    3.08399579138424e-06    0.021406766502694    0.0214066344663456
54.4320000000049    3.68050692741122e-06    0.0214537496055341    0.0214535916847672
54.936000000005    3.03665959545692e-06    0.0218146679078186    0.0218145354207797
55.4400000000052    9.23068232073497e-07    0.0225947915024263    0.0225947497893963
55.9440000000054    1.07193325351957e-07    0.0236648910702879    0.0236648859968518
56.4480000000055    1.74593841826072e-06    0.0246445400367409    0.0246444539811926
56.9520000000057    3.11019516106819e-06    0.0252259914624232    0.025225834547398
57.4560000000059    3.11688646095402e-06    0.0253995786278073    0.0253994202930953
57.960000000006    2.60127984695693e-06    0.0253219134175617    0.0253217816791383
58.4640000000062    2.19938669899222e-06    0.0251346938003112    0.025134583238732
58.9680000000064    1.99974187072373e-06    0.024913704569144    0.0249136049273869
59.4720000000065    1.9447009993487e-06    0.0246881960085802    0.024688099986448
59.9760000000067    1.96016265392978e-06    0.0244662416735441    0.0244661457581057
60.4800000000069    1.98724435286008e-06    0.0242491080489258    0.0242490116713113
60.984000000007    2.01646608905685e-06    0.0240367295049779    0.0240366325666735
61.4880000000072    2.06651155797269e-06    0.0238289854009345    0.0238288869153906
61.9920000000074    2.14617612898257e-06    0.0236263797141629    0.0236262783016362
62.4960000000075    2.29618952915118e-06    0.0234324726261202    0.0234323650155707
63.0000000000077    2.56507959297674e-06    0.0232593646387059    0.0232592453147688
63.5040000000079    2.92553137873466e-06    0.0231361954218176    0.0231360600508822
64.008000000008    3.26578961415335e-06    0.0231178098178004    0.0231176588224871
64.5120000000078    3.32147772960269e-06    0.0232853335868354    0.0232851789039153
65.0160000000075    2.79501089230702e-06    0.0237247427722505    0.0237246101507922
65.5200000000072    1.85923923391422e-06    0.0244746275535255    0.0244745365453191
66.0240000000069    1.23793998462739e-06    0.0254645844770967    0.0254645214299202
66.5280000000066    1.43952675785858e-06    0.026505293720432    0.0265052174103828
67.0320000000064    2.16203476917551e-06    0.0273724905470842    0.0273723721867876
67.5360000000061    2.76273529964349e-06    0.0279273369886786    0.0279271826774254
68.0400000000058    2.93661349293288e-06    0.0281647727579591    0.0281646073403414
68.5440000000055    2.77942206340653e-06    0.0281675305898354    0.0281673740113586
69.0480000000052    2.5378608961852e-06    0.0280344325305026    0.0280342902358836
69.552000000005    2.35995805843582e-06    0.0278390697617859    0.027838938364022
70.0560000000047    2.25296770028102e-06    0.0276227867114517    0.0276226622452396
70.5600000000044    2.22606701508161e-06    0.0274036821560807    0.0274035601514864
71.0640000000041    2.24300891764287e-06    0.0271875813495855    0.0271874593858842
71.5680000000038    2.27208780133873e-06    0.0269755846264391    0.026975462044924
72.0720000000036    2.29952064211841e-06    0.0267676728888828    0.0267675497835332
72.5760000000033    2.35482993602062e-06    0.0265637622822358    0.0265636371762451
73.080000000003    2.4605416773001e-06    0.0263644737426382    0.0263643440011845
73.5840000000027    2.69750190951107e-06    0.0261745901092774    0.0261744488976448
74.0880000000025    3.17438201414261e-06    0.0260126842101041    0.0260125190622346
74.5920000000022    3.86533701831251e-06    0.0259290568309118    0.0259288563826002
75.0960000000019    4.2511238475863e-06    0.0260245015038068    0.0260242802379895
75.6000000000016    3.3249779946169e-06    0.026434640534108    0.0264344647454963
76.1040000000013    1.37760096354554e-06    0.027222796252668    0.0272227212484707
76.6080000000011    1.01296283833828e-06    0.0282253966356793    0.0282253394531814
77.1120000000008    2.63380330505127e-06    0.0290952420004294    0.0290950887385439
77.6160000000005    3.78026827034507e-06    0.0295928520659702    0.0295926283289766
78.1200000000002    3.71496525927471e-06    0.0297332562771222    0.0297330353619147
78.6239999999999    3.21541894159301e-06    0.0296566368135736    0.0296564460971633
79.1279999999997    2.825481825653e-06    0.029484467102609    0.0294843004874279
79.6319999999994    2.64576417269952e-06    0.0292818675643492    0.0292817126189269
80.1359999999991    2.59565908278396e-06    0.0290743593263225    0.0290742083924645
80.6399999999988    2.60604813126361e-06    0.0288691451135983    0.0288689946452271
81.1439999999985    2.63898486099468e-06    0.0286674210380012    0.0286672697326203
81.6479999999983    2.66788233849745e-06    0.0284691849779751    0.0284690330735087
82.151999999998    2.73027973511145e-06    0.0282743844566155    0.0282742300630792
82.6559999999977    2.82598885377128e-06    0.0280835804490926    0.0280834217217705
83.1599999999974    3.00306364826683e-06    0.027900391681987    0.0279002241091862
83.6639999999971    3.29023692762818e-06    0.0277371294004259    0.0277369468775716
84.1679999999969    3.68605413943871e-06    0.0276237083453681    0.0276235047011497
84.6719999999966    4.04782295057861e-06    0.0276167268761416    0.0276165033018049
85.1759999999963    4.0506651272563e-06    0.0277991141527374    0.0277988889438451
85.679999999996    3.41538102106225e-06    0.0282541302760775    0.0282539372794961
86.1839999999957    2.39557007913499e-06    0.0290057619624323    0.0290056229920943
86.6879999999955    1.89512981630533e-06    0.0299575443708437    0.0299574308241877
87.1919999999952    2.32819054880478e-06    0.0309027598841678    0.0309026159894759
87.6959999999949    3.18438079120534e-06    0.0316327097058423    0.0316325082452975
88.1999999999946    3.67565721558038e-06    0.0320508323438686    0.0320505967289883
88.7039999999944    3.68851262990054e-06    0.0321882841219836    0.0321880466690744
89.2079999999941    3.4426842859084e-06    0.0321379622103832    0.03213774092943
89.7119999999938    3.19298746281796e-06    0.0319887868349019    0.0319885825559635
90.2159999999935    3.02116508811037e-06    0.031798883818939    0.0317986916801643
90.7199999999932    2.94005569302699e-06    0.0315974279050786    0.0315972421092293
91.223999999993    2.93522827297183e-06    0.0313956690171285    0.0313954847107588
91.7279999999927    2.9582953311713e-06    0.0311966222674068    0.0311964376903088
92.2319999999924    3.00393925728782e-06    0.0310006794861132    0.0310004932383564
92.7359999999921    3.04524005632329e-06    0.0308077888705446    0.0308076012368905
93.2399999999918    3.10889314032612e-06    0.0306180311409625    0.0306178407651804
93.7439999999916    3.27681238231859e-06    0.0304330219415004    0.0304328224955477
94.2479999999913    3.59739250313355e-06    0.0302610749774769    0.0302608572563316
94.751999999991    4.16525751554322e-06    0.030129034570177    0.0301287835808471
95.2559999999907    4.81775592407919e-06    0.0301003862189512    0.0301000961877204
95.7599999999904    4.82841280165258e-06    0.0302851097976127    0.0302848173410011
96.2639999999902    3.43879723503789e-06    0.0307988149783041    0.0307986031572729
96.7679999999899    1.83288504222646e-06    0.0316371151626434    0.0316369991884657
97.2719999999896    2.26788719746942e-06    0.0325741976082936    0.0325740498594173
97.7759999999893    3.89433167664135e-06    0.0332962531800044    0.0332959938477074
98.279999999989    4.60340644570273e-06    0.0336577371654691    0.0336574272864072
98.7839999999888    4.33253841759923e-06    0.0337221902169704    0.0337218980128671
99.2879999999885    3.8377574738453e-06    0.0336205286184654    0.0336202705645858
99.7919999999882    3.50398233690181e-06    0.033449864082014    0.0334496296673696
100.295999999988    3.37342602814367e-06    0.0332586306515603    0.0332584062612566
100.799999999988    3.33227911634598e-06    0.0330647586599873    0.0330645382987121
101.303999999987    3.36256440465979e-06    0.0328729357932504    0.0328727147192663
101.807999999987    3.38990613396318e-06    0.0326838322406804    0.0326836106511848
102.311999999987    3.4577480626848e-06    0.0324974272752344    0.0324972025401791
102.815999999987    3.51117367396095e-06    0.0323137464109195    0.0323135194933648
103.319999999986    3.6351306946607e-06    0.0321337373059847    0.0321335036861643
103.823999999986    3.85217469509336e-06    0.0319623145528327    0.0319620683049427
104.327999999986    4.20397339675651e-06    0.0318148323969341    0.0318145649006406
104.831999999985    4.63270332309111e-06    0.0317266485446128    0.0317263545856743
105.335999999985    4.96743628169604e-06    0.031761267751714    0.0317609522091339
105.839999999985    4.80687383416696e-06    0.0320046651088159    0.0320043574255203
106.343999999985    3.95753538203591e-06    0.032528157587281    0.0325279001256308
106.847999999984    2.96732356287641e-06    0.0333203968512254    0.0333201991070147
107.351999999984    2.8096949311341e-06    0.0342410286320232    0.0342408362188746
107.855999999984    3.57134912239287e-06    0.0350709625912702    0.0350707120908619
108.359999999983    4.36424116876472e-06    0.0356409391933635    0.0356406281034129
108.863999999983    4.63961352262351e-06    0.0359134602930155    0.0359131270454096
109.367999999983    4.46485259768574e-06    0.0359543464704022    0.0359540254101212
109.871999999983    4.16771897884801e-06    0.0358574705927011    0.0358571717062254
110.375999999982    3.92576251610311e-06    0.0356958605771059    0.0356955803112632
110.879999999982    3.79073408753848e-06    0.0355110819953739    0.0355108127702564
111.383999999982    3.74355281000842e-06    0.0353214497800207    0.0353211853255855
111.887999999982    3.75749813649852e-06    0.0351329618511278    0.0351326978280425
112.391999999981    3.80452164384381e-06    0.0349468482577322    0.0349465823466627
112.895999999981    3.84808722942665e-06    0.0347631791778846    0.0347629116354225
113.399999999981    3.8941180735454e-06    0.0345819321883088    0.0345816628571033
113.90399999998    4.02676611276552e-06    0.0344036017671242    0.0344033246977244
114.40799999998    4.2637396705253e-06    0.0342318715854636    0.0342315796751305
114.91199999998    4.69105843411972e-06    0.0340811434658929    0.0340808237141219
115.41599999998    5.34398025557953e-06    0.0339907105913522    0.033990347301921
115.919999999979    5.82892637083173e-06    0.0340407034366971    0.0340403065975024
116.423999999979    5.28649440917493e-06    0.03434537312567    0.0343450099943437
116.927999999979    3.58533187194103e-06    0.0349794940853014    0.0349792432600107
117.431999999978    2.70480443190418e-06    0.0358506341563359    0.0358504402189522
117.935999999978    3.86029325866362e-06    0.0366856835852269    0.0366854003513262
118.439999999978    5.23651708400463e-06    0.0372368695116278    0.0372364795306633
118.943999999978    5.46094964637001e-06    0.0374573433050308    0.0374569342019336
119.447999999977    5.02436524654489e-06    0.0374465763156767    0.037446200027014
119.951999999977    4.55551008025425e-06    0.0373195497566315    0.0373192097390103
120.455999999977    4.32387292484417e-06    0.0371485266496944    0.0371482054000663
120.959999999976    4.20902471514825e-06    0.036966084947322    0.0369657737663015
121.463999999976    4.21292274372055e-06    0.0367831385593998    0.0367828286316634
121.967999999976    4.24793870358751e-06    0.0366021433522219    0.0366018323862201
122.471999999976    4.28550628923821e-06    0.0364233503377627    0.0364230381541067
122.975999999975    4.34392441828371e-06    0.0362467331810061    0.0362464182762353
123.479999999975    4.45322595445246e-06    0.0360724759910218    0.0360721547146799
123.983999999975    4.61010637594675e-06    0.0359023742363654    0.0359020432103627
124.487999999975    4.89942581768939e-06    0.035743924938705    0.0357435746910036
124.991999999974    5.30788375049948e-06    0.0356180284003029    0.0356176502896015
125.495999999974    5.78933159873747e-06    0.0355689373729663    0.0355685255346044
125.999999999974    5.98782445561542e-06    0.0356692881239394    0.0356688609636257
126.503999999973    5.55294596104385e-06    0.0360041566120139    0.0360037567559622
127.007999999973    4.4940344039078e-06    0.0366187128033345    0.0366183836733033
127.511999999973    3.74538323333702e-06    0.0374490434357643    0.0374487629147762
128.015999999973    4.10020749668154e-06    0.0383110284612601    0.0383107142962161
128.519999999973    5.0203597740092e-06    0.0389972354893646    0.0389968439310257
129.023999999974    5.61905852713194e-06    0.0394003199803884    0.0393998771974685
129.527999999974    5.62516914808957e-06    0.039540947315499    0.0395405024689675
130.031999999975    5.29938879245778e-06    0.0395048827649586    0.0395044640637115
130.535999999976    4.97125667487301e-06    0.0393759993035793    0.0393756078091268
131.039999999976    4.77470523056642e-06    0.0392088290434152    0.0392084546240007
131.543999999977    4.67874422051849e-06    0.0390303648756789    0.0390299996511995
132.047999999978    4.67692963250839e-06    0.0388508388167509    0.0388504754131719
132.551999999978    4.72848737989109e-06    0.0386729518415628    0.0386725861141627
133.055999999979    4.74870733701041e-06    0.0384970698691862    0.0384967042482862
133.559999999979    4.8065760918672e-06    0.0383231782724088    0.0383228098676347
134.06399999998    4.91205793325413e-06    0.0381513932939048    0.0381510184920377
134.567999999981    5.09672521439085e-06    0.0379832544091624    0.0379828672307147
135.071999999981    5.45230736465324e-06    0.0378263355098442    0.0378259230304778
135.575999999982    6.02640400803333e-06    0.0377045438926084    0.0377040894497181
136.079999999982    6.64778745168654e-06    0.0376735436056828    0.0376730427175918
136.583999999983    6.74811159628892e-06    0.0378290659959922    0.0378285554499195
137.087999999984    5.59382837463975e-06    0.0382735837168658    0.0382731555275438
137.591999999984    4.05611260336022e-06    0.0390129236424175    0.0390126071620786
138.095999999985    4.20773559590529e-06    0.0398651735697822    0.0398648380869741
138.599999999986    5.68117224516078e-06    0.0405551052155687    0.0405546444171103
139.103999999986    6.514564347624e-06    0.0409315045085089    0.0409309712101431
139.607999999987    6.31891964774821e-06    0.0410290135540285    0.0410284950392252
140.111999999987    5.84722380421899e-06    0.0409594079287484    0.0409589289338991
140.615999999988    5.44284318198536e-06    0.0408149613493731    0.0408145170529232
141.119999999989    5.24799027133115e-06    0.0406454627010859    0.0406450360893391
141.623999999989    5.21003589613756e-06    0.0404708832736734    0.0404704615663613
142.12799999999    5.21384805347707e-06    0.0402970436633401    0.0402966234602056
142.63199999999    5.24794936546956e-06    0.0401249789625682    0.0401245578170626
143.135999999991    5.3278814500063e-06    0.0399547396985673    0.0399543139526026
143.639999999992    5.39218228995098e-06    0.0397863338042542    0.0397859047362388
144.143999999992    5.53461300679493e-06    0.0396203263004989    0.0396198877365797
144.647999999993    5.76572420525914e-06    0.0394601425779117    0.0394596875479369
145.151999999994    6.11957233690823e-06    0.0393175719399441    0.0393170907294377
145.655999999994    6.64265355648174e-06    0.0392217575691599    0.0392212364995264
146.159999999995    7.10996074949419e-06    0.0392283839606756    0.0392278261401013
146.663999999995    7.06336439233901e-06    0.0394179122083862    0.0394173553661643
147.167999999996    6.28808993498588e-06    0.0398640674547445    0.0398635661202143
147.671999999997    5.2088643926602e-06    0.0405676067856286    0.040567184165505
148.175999999997    4.98335744128561e-06    0.0414037782078313    0.0414033655502353
148.679999999998    5.74210053728646e-06    0.0421647419787958    0.0421642577532012
149.183999999998    6.58372728119316e-06    0.0426867470531583    0.0426861849810566
149.687999999999    6.82861494827628e-06    0.0429335723462723    0.0429329859966085
150.192    6.58001209729336e-06    0.0429681795822308    0.0429676141236687
150.696    6.20898857864213e-06    0.0428785874594004    0.0428780549973869
151.200000000001    5.91857289323424e-06    0.0427316803796092    0.0427311745614725
151.704000000002    5.79500612627765e-06    0.0425645512008913    0.0425640578800802
152.208000000002    5.77193740845784e-06    0.0423930659792402    0.0423925766018181
152.712000000003    5.7647745147394e-06    0.0422222300218441    0.0422217432213792
153.216000000003    5.81619971950874e-06    0.0420530201464681    0.0420525309717852
153.720000000004    5.87389079990139e-06    0.0418854954279221    0.0418850033691599
154.224000000005    5.9822530920698e-06    0.0417196644063649    0.0417191652541681
154.728000000005    6.11689092444392e-06    0.0415561043585211    0.0415555959733156
155.232000000006    6.39410474061009e-06    0.0413986301387737    0.0413981007278044
155.736000000006    6.87192135960925e-06    0.0412614288372756    0.0412608617505842
156.240000000007    7.56575573708917e-06    0.0411819180808554    0.041181294940904
156.744000000008    8.02396646164147e-06    0.041234216172902    0.0412335544542763
157.248000000008    7.54522180914721e-06    0.0415208708418102    0.0415202442781773
157.752000000009    5.9340447827759e-06    0.0421056942524428    0.0421051945412575
158.25600000001    5.15377142333048e-06    0.0429035985833895    0.042903156354988
158.76000000001    6.20307976233317e-06    0.0436722522078967    0.0436717104063299
159.264000000011    7.42641707263674e-06    0.0441896314498522    0.0441889751134596
159.768000000011    7.72886182379188e-06    0.0444075418633637    0.0444068554291591
160.272000000012    7.27081135583281e-06    0.0444102302561289    0.0444095844640114
160.776000000013    6.7784404235463e-06    0.0443011000334527    0.0443004994527891
161.280000000013    6.45681887087941e-06    0.0441477566795958    0.04414718657514
161.784000000014    6.34747367578977e-06    0.043981866568633    0.0439813082246965
162.288000000014    6.32970287296492e-06    0.0438145268941846    0.043813972231822
162.792000000015    6.34219983836847e-06    0.0436484111196259    0.0436478574692453
163.296000000016    6.42492481929889e-06    0.0434838482628346    0.0434832895055127
163.800000000016    6.50983533431409e-06    0.0433208328673283    0.0433202688480229
164.304000000017    6.58676682774676e-06    0.0431595009694519    0.0431589324100583
164.808000000018    6.77496542999387e-06    0.0430012747444353    0.0430006920840831
165.312000000018    7.13727888749454e-06    0.0428524574915153    0.0428518457960009
165.816000000019    7.60340102323692e-06    0.0427313800028089    0.0427307302001127
166.320000000019    8.18533141403043e-06    0.0426781797245088    0.0426774810601372
166.82400000002    8.4715517547162e-06    0.0427607160399878    0.0427599915468874
167.328000000021    8.12759529068873e-06    0.0430607491804816    0.0430600492254861
167.832000000021    7.0271402098189e-06    0.0436235709263123    0.0436229578327219
168.336000000022    6.29975613326201e-06    0.0443890263510905    0.0443884670745318
168.840000000022    6.65694579163876e-06    0.0451803218385629    0.0451797203166605
169.344000000023    7.59667467443201e-06    0.0458013899846993    0.0458006941134669
169.848000000024    8.15416607298551e-06    0.0461566183520565    0.0461558656207316
170.352000000024    8.07003718790148e-06    0.046271884810835    0.0462711379851996
170.856000000025    7.66469377396406e-06    0.0462299117644651    0.0462292030936631
171.360000000026    7.30663257201399e-06    0.0461075943735368    0.0461069205959581
171.864000000026    7.09684351881311e-06    0.0459530851619517    0.0459524329228713
172.368000000027    6.97201248221422e-06    0.0457893618054347    0.0457887233218821
172.872000000027    6.98313086320313e-06    0.0456247626319246    0.0456241254289981
173.376000000028    6.98634008753766e-06    0.045461355627882    0.0454607204153373
173.880000000029    7.05469138386315e-06    0.0452993946897792    0.0452987555477893
174.384000000029    7.11662559992352e-06    0.0451388751479248    0.0451382326795481
174.88800000003    7.27132571912794e-06    0.044979977375318    0.0449793232519416
175.39200000003    7.50562338847236e-06    0.0448244967027537    0.0448238238362223
175.896000000031    7.93922913633268e-06    0.0446805579122405    0.0446798484594986
176.400000000032    8.51738670428008e-06    0.0445725595557172    0.0445718002787319
176.904000000032    9.242331842822e-06    0.0445550762481578    0.0445542526701696
177.408000000033    9.29741306131598e-06    0.044718017433448    0.0447171859174203
177.912000000034    8.14494570156577e-06    0.0451512017849123    0.0451504662827291
178.416000000034    6.73204045515187e-06    0.0458486456534837    0.0458480283477647
178.920000000035    6.98854744588557e-06    0.04663587368088    0.0466352218514035
179.424000000035    8.42386335145134e-06    0.0472657444717251    0.0472649481580879
179.928000000036    9.11619486427667e-06    0.0476083938301837    0.0476075258233059
180.432000000037    8.85615649808213e-06    0.0476978512979066    0.0476970064661171
180.936000000037    8.33963680052049e-06    0.047634885292175    0.0476340907835162
181.440000000038    7.91442204866087e-06    0.0475027783223121    0.0475020264141907
181.944000000038    7.6359891282772e-06    0.0473469527102278    0.0473462296341169
182.448000000039    7.59626990252493e-06    0.0471859007548231    0.0471851838865932
182.95200000004    7.60893206529361e-06    0.0470251182525777    0.0470244026361625
183.45600000004    7.6844603134548e-06    0.0468656172115145    0.0468648969430983
183.960000000041    7.72000994744939e-06    0.0467074618508057    0.0467067406922329
184.464000000042    7.81973413824758e-06    0.0465506676999653    0.0465499396779675
184.968000000042    7.98784701943537e-06    0.0463957480203157    0.0463950068219613
185.472000000043    8.31130368746682e-06    0.0462458498977177    0.0462450811775012
185.976000000043    8.75356205549531e-06    0.0461119805332683    0.0461111732521687
186.480000000044    9.33478618812394e-06    0.0460217200611306    0.0460208608633174
186.984000000045    9.86013068299412e-06    0.0460283059996512    0.0460273983183765
187.488000000045    9.94416624102628e-06    0.0462089645181294    0.0462080455080182
187.992000000046    9.12327859048014e-06    0.0466333832856742    0.0466325323947424
188.496000000047    8.08584557155229e-06    0.0472978381492308    0.0472970732693852
189.000000000047    7.89490201885284e-06    0.0480761980779873    0.0480754389702339
189.504000000048    8.75629514418469e-06    0.0487687035643911    0.0487678495055451
190.008000000048    9.53048537449854e-06    0.0492283536148164    0.0492274152835509
190.512000000049    9.67451080420275e-06    0.0494328989648537    0.0494319424958769
191.01600000005    9.28693991983216e-06    0.0494481259061076    0.0494472074710882
191.52000000005    8.80059128453274e-06    0.0493563670835811    0.0493554983607983
192.024000000051    8.53093352029987e-06    0.0492169502008134    0.0492161104749165
192.528000000051    8.4178008189771e-06    0.0490613902759646    0.049060564304895
193.032000000052    8.29852633569612e-06    0.0489025636824354    0.0489017520507455
193.536000000053    8.33875993854681e-06    0.0487442896648938    0.0487434767378128
194.040000000053    8.35096357338546e-06    0.0485872423786161    0.0485864308848104
194.544000000054    8.43532665726051e-06    0.0484314550088632    0.0484306379454684
195.048000000055    8.58100460325166e-06    0.048276966819851    0.0482761382972115
195.552000000055    8.82204237066722e-06    0.0481245433711258    0.0481236942650953
196.056000000056    9.16951261520046e-06    0.0479786171418139    0.0479777372688116
196.560000000056    9.72330435870942e-06    0.0478545802055159    0.0478536496052679
197.064000000057    1.04506481837638e-05    0.0477910817009177    0.0477900828157944
197.568000000058    1.09392786572363e-05    0.0478611108024532    0.0478600636818521
198.072000000058    1.04114693343016e-05    0.0481591719236433    0.0481581691186007
198.576000000059    8.91263856756138e-06    0.0487328117452148    0.048731943077082
199.080000000059    8.26326248471595e-06    0.0494857716736865    0.0494849538526032
199.58400000006    9.34564673961223e-06    0.0501893186889849    0.0501883805944669
200.088000000061    1.05150839887499e-05    0.0506511112414637    0.0506500460512866
200.592000000061    1.05597696816265e-05    0.0508393981046714    0.0508383244113398
201.096000000062    1.00777421315414e-05    0.0508349772761252    0.0508339526828663
201.600000000063    9.54608457446024e-06    0.050731149728431    0.0507301811699852
202.104000000063    9.2246544327289e-06    0.0505880271133869    0.0505870938078592
202.608000000064    9.05564288634259e-06    0.0504336440769386    0.0504327306670697
203.112000000064    9.06101884838544e-06    0.0502778003799258    0.0502768892519878
203.616000000065    9.04290616099597e-06    0.0501228453001212    0.0501219387959455
204.120000000066    9.11007470565774e-06    0.0499690680516136    0.0499681576160219
204.624000000066    9.22808317381209e-06    0.0498164704507877    0.0498155510382067
205.128000000067    9.40838764820912e-06    0.0496652016656264    0.049664267135479
205.632000000067    9.69334348107595e-06    0.0495166959936094    0.04951573603823
206.136000000068    9.99653419498705e-06    0.0493772209782221    0.0493762337859347
206.640000000069    1.06034046531036e-05    0.0492649189443415    0.0492638742036777
207.144000000069    1.12646570596891e-05    0.0492193787370751    0.0492182698707218
207.64800000007    1.1706266565677e-05    0.0493069886529532    0.0493058342649613
208.152000000071    1.13654398053059e-05    0.049605739697106    0.0496046121278243
208.656000000071    1.02441483891457e-05    0.0501533559946433    0.0501523284483276
209.160000000072    9.68314711761186e-06    0.0508809219481842    0.0508799365828202
209.664000000072    1.00141172559252e-05    0.0516115156709154    0.0516104819937274
210.168000000073    1.10461671164039e-05    0.0521641120910197    0.0521629596767502
210.672000000074    1.13588788194018e-05    0.0524634586741652    0.0524622668355641
211.176000000074    1.1080952850206e-05    0.0525459524305223    0.0525447879249834
211.680000000075    1.06167164786504e-05    0.0524922675826417    0.0524911530034304
212.184000000075    1.02102911693929e-05    0.0523717054381439    0.0523706359883402
212.688000000076    9.95681760643724e-06    0.0522254831651731    0.0522244431763075
213.192000000077    9.8560181351088e-06    0.0520723504165065    0.052071323974563
213.696000000077    9.84372630843623e-06    0.0519187251860492    0.0519177030486688
214.200000000078    9.82961846267552e-06    0.0517660625721295    0.051765044900844
214.704000000079    9.95869093271207e-06    0.0516145135133018    0.051613485497564
215.208000000079    1.00849843782423e-05    0.0514640813576051    0.0514630433391604
215.71200000008    1.02129775671771e-05    0.0513150492833741    0.0513140011351844
216.21600000008    1.05636984732051e-05    0.0511696831942569    0.0511686021234685
216.720000000081    1.10537612355548e-05    0.0510373234311121    0.0510361951348094
217.224000000082    1.17812632613787e-05    0.0509443954467285    0.0509431950822014
217.728000000082    1.25935617350713e-05    0.0509470586870098    0.0509457754933122
218.232000000083    1.25909939987962e-05    0.0511322756954288    0.051130988099288
218.736000000083    1.13958111042828e-05    0.0515767929576892    0.0515756174523052
219.240000000084    1.01735355456472e-05    0.0522550495675199    0.0522539863411283
219.744000000085    1.06678162439032e-05    0.0529881191740186    0.0529869886510419
220.248000000085    1.19046652737791e-05    0.0535525455059057    0.053551270470827
220.752000000086    1.24557426874233e-05    0.0538469358521761    0.0538455944617292
221.256000000087    1.20201700587733e-05    0.0539139721424185    0.0539126760477704
221.760000000087    1.13509435464508e-05    0.0538473844756091    0.0538461620522421
222.264000000088    1.09995425243527e-05    0.0537210722552464    0.0537198904538083
222.768000000088    1.07667940507811e-05    0.0535745071624647    0.0535733535235157
223.272000000089    1.06498299473648e-05    0.0534235129885298    0.0534223750979911
223.77600000009    1.0640691255985e-05    0.0532726986463461    0.0532715649417322
224.28000000009    1.07269929213791e-05    0.0531228834423456    0.0531217437569817
224.784000000091    1.0828369511619e-05    0.0529741175371953    0.0529729703029795
225.288000000091    1.0942722177337e-05    0.0528264297138586    0.0528252735966217
225.792000000092    1.11484949726264e-05    0.052680397208085    0.0526792226068932
226.296000000093    1.14866597294404e-05    0.052539363529766    0.0525381565400478
226.800000000093    1.20984215161349e-05    0.0524147379141357    0.0524134696582937
227.304000000094    1.28269950091664e-05    0.0523346651421974    0.0523333225664415
227.808000000095    1.33614311032148e-05    0.0523525991205895    0.0523512001279896
228.312000000095    1.35210766824607e-05    0.0525439203283483    0.0525424994468083
228.816000000096    1.26951785723186e-05    0.0529714358779728    0.0529700909313718
229.320000000096    1.16972666119426e-05    0.0536191212206934    0.0536178668410534
229.824000000097    1.16819978935517e-05    0.0543520644844373    0.0543507946178662
230.328000000098    1.25302275380213e-05    0.0549783753472594    0.0549769975814176
230.832000000098    1.31385016448676e-05    0.0553731701994108    0.0553717151775521
231.336000000099    1.30929966205405e-05    0.0555323893384112    0.0555309351866785
231.840000000099    1.25717538299275e-05    0.055525587281888    0.0555241911914101
232.3440000001    1.20720832900386e-05    0.0554290210107282    0.0554276827393673
232.848000000101    1.17328714372578e-05    0.0552942092462461    0.055292911741773
233.352000000101    1.15405142215304e-05    0.0551471506397159    0.0551458778014526
233.856000000102    1.14632560142688e-05    0.0549978919601199    0.0549966310647423
234.360000000103    1.15196217525518e-05    0.0548491875995265    0.0548479239302944
234.864000000103    1.16282108732963e-05    0.054701461420697    0.0547001892752328
235.368000000104    1.16656335941098e-05    0.0545547284432845    0.054553455627187
235.872000000104    1.19106343866812e-05    0.0544090729213236    0.054407776843611
236.376000000105    1.21077309128768e-05    0.0542655567751218    0.0542642427255135
236.880000000106    1.26350711517444e-05    0.0541295851066572    0.0541282172616215
237.384000000106    1.33958845334828e-05    0.0540185957408236    0.0540171485064681
237.888000000107    1.40802236685359e-05    0.053973998719212    0.0539724788086641
238.392000000107    1.46393372468303e-05    0.0540695272072165    0.0540679441463043
238.896000000108    1.40227724910803e-05    0.0543921680670532    0.0543906426304478
239.400000000109    1.26084999370153e-05    0.0549699402750753    0.0549685541155757
239.904000000109    1.23210906533282e-05    0.0556888795337306    0.0556875072551724
240.40800000011    1.33233338913884e-05    0.0563293058533601    0.0563278048850585
240.912000000111    1.44040528436029e-05    0.0567299535034072    0.056728319244451
241.416000000111    1.41021171307249e-05    0.0568803922276751    0.0568787879823911
241.920000000112    1.35497070665591e-05    0.0568616394013544    0.0568600985051187
242.424000000112    1.30016019842607e-05    0.0567578822537645    0.0567564063861641
242.928000000113    1.25617249318998e-05    0.0566212500756721    0.0566198275724037
243.432000000114    1.23796665501741e-05    0.0564754377423775    0.0564740394655126
243.936000000114    1.24022809225071e-05    0.0563285036922003    0.0563271065056752
244.440000000115    1.24003822131219e-05    0.0561822981611719    0.0561809048145083
244.944000000115    1.24835131730614e-05    0.056037031226732    0.0560356321661622
245.448000000116    1.26806124159895e-05    0.0558927076649859    0.055891290175435
245.952000000117    1.29015113820083e-05    0.055749522193079    0.0557480837054474
246.456000000117    1.3211061512177e-05    0.055609116372628    0.0556076470811248
246.960000000118    1.36480289412908e-05    0.0554783114779566    0.0554767971594227
247.464000000119    1.43260558230808e-05    0.0553762920484747    0.0553747054235025
247.968000000119    1.51820224976271e-05    0.0553439524779428    0.055342272037192
248.47200000012    1.55752953936787e-05    0.0554478454936382    0.055446118287395
248.97600000012    1.51958161843434e-05    0.0557615913549717    0.0557598966949387
249.480000000121    1.41934298463318e-05    0.0563108536347698    0.0563092551691562
249.984000000122    1.35785381597023e-05    0.0570119450350636    0.0570103967783442
250.488000000122    1.41260431916956e-05    0.0576860372133128    0.057684407485428
250.992000000123    1.51191657963073e-05    0.0581705567541292    0.0581687978001391
251.496000000124    1.53181271532423e-05    0.0584139509581045    0.0584121614008605
252.000000000124    1.48272850688691e-05    0.0584636524009778    0.058461918712203
252.504000000125    1.42602156358382e-05    0.0583976356461794    0.058395970144176
253.008000000125    1.37435463772742e-05    0.0582773544885756    0.0582757526355425
253.512000000126    1.34896297828656e-05    0.0581373198332647    0.0581357513525807
254.016000000127    1.33714756731155e-05    0.0579923957076862    0.0579908448406067
254.520000000127    1.33087113930708e-05    0.057847326652717    0.0578457869264582
255.024000000128    1.34017977673516e-05    0.0577030734823376    0.0577015268532225
255.528000000128    1.34538225025827e-05    0.0575597156373875    0.0575581668618295
256.032000000129    1.36798882949199e-05    0.0574172703095642    0.0574156994073659
256.536000000128    1.39138856086209e-05    0.057276180274511    0.0572745864282467
257.040000000127    1.43608437742105e-05    0.0571393925211247    0.0571377514049138
257.544000000125    1.49554930971218e-05    0.0570179758249071    0.057016270386525
258.048000000124    1.58540158297714e-05    0.0569413373963297    0.0569395319272247
258.552000000123    1.66063590634746e-05    0.0569684606074777    0.0569665685614735
259.056000000122    1.66252689716535e-05    0.0571839005462966    0.0571819991824525
259.560000000121    1.54130576685624e-05    0.0576495997529193    0.0576478226670985
260.06400000012    1.44096516868234e-05    0.0583166526759419    0.0583149720548538
260.568000000118    1.50178455038314e-05    0.058999055721314    0.058997283670519
261.072000000117    1.62278745061799e-05    0.059497289506956    0.0594953585091968
261.576000000116    1.64142134927929e-05    0.059740180251082    0.0597382191071272
262.080000000115    1.58770070393517e-05    0.0597808682771061    0.0597789700247118
262.584000000114    1.51449201644638e-05    0.0597071278071639    0.0597053193151856
263.088000000112    1.47009359884738e-05    0.0595837212798374    0.0595819694326462
263.592000000111    1.44114878584037e-05    0.0594439946457876    0.059442281317665
264.09600000011    1.43103564690919e-05    0.0593008886375148    0.0592991914280918
264.600000000109    1.43272372717273e-05    0.0591580094857931    0.0591563143684026
265.104000000108    1.44047149646101e-05    0.059015950176216    0.0590142499848255
265.608000000107    1.45151842788779e-05    0.0588747418705529    0.058873032739906
266.112000000105    1.46860389504747e-05    0.0587344346045402    0.0587327094774868
266.616000000104    1.49488732105593e-05    0.0585957512028883    0.0585939993481657
267.120000000103    1.54091912202056e-05    0.0584625318371219    0.0584607301442199
267.624000000102    1.61646865835613e-05    0.0583473019615179    0.058345415660311
268.128000000101    1.6957764288667e-05    0.0582800045688575    0.0582780280052151
268.6320000001    1.77121127155895e-05    0.0583157121329678    0.0583136463806239
269.136000000098    1.78016417709937e-05    0.0585282655522345    0.0585261817908952
269.640000000097    1.70393888159636e-05    0.0589711295282664    0.0589691198984993
270.144000000096    1.59918213286708e-05    0.0596113752012161    0.0596094686427827
270.648000000095    1.61923794978855e-05    0.060302977797686    0.0603010249319049
271.152000000094    1.70967024389712e-05    0.0608643140509328    0.0608622329283802
271.656000000092    1.76097621114354e-05    0.0611957201182042    0.0611935648720106
272.160000000091    1.7308639257249e-05    0.0613115677736157    0.0613094453707338
272.66400000009    1.65614217508425e-05    0.0612839723176112    0.0612819424518044
273.168000000089    1.60329070964959e-05    0.0611825259408202    0.0611805641047655
273.672000000088    1.56166403351305e-05    0.0610511687287155    0.0610492619302051
274.176000000087    1.5431837935691e-05    0.0609108710991411    0.0609089911947689
274.680000000085    1.53941923918996e-05    0.0607692376212023    0.0607673666633332
275.184000000084    1.53779781729786e-05    0.0606281648992129    0.0606263002506944
275.688000000083    1.54617108602957e-05    0.0604878986457228    0.0604860281818445
276.192000000082    1.56019299427784e-05    0.0603484464130086    0.060346563337922
276.696000000081    1.58926449209956e-05    0.0602099651071355    0.0602080513463579
277.20000000008    1.61579972106662e-05    0.0600739437091669    0.060072002391305
277.704000000078    1.68564938349862e-05    0.0599470998189439    0.0599450788571731
278.208000000077    1.76845646469298e-05    0.0598495701232652    0.0598474533335159
278.712000000076    1.87257240975853e-05    0.0598264182821864    0.0598241777381372
279.216000000075    1.921978339734e-05    0.0599526025748254    0.0599502980670464
279.720000000074    1.84903687366964e-05    0.0603064198794152    0.0603041897447697
280.224000000073    1.72238029937792e-05    0.0608935381445061    0.0608914405440255
280.728000000071    1.70469683595342e-05    0.0615807443013156    0.0615786448071063
281.23200000007    1.82645033815301e-05    0.0621585891017651    0.0621563185517139
281.736000000069    1.88155906210404e-05    0.0624979395981432    0.0624955877711019
282.240000000068    1.84503938965909e-05    0.0626096274943071    0.0626073171923551
282.744000000067    1.77203678829276e-05    0.0625749881872106    0.0625727705228865
283.248000000065    1.7028834434836e-05    0.0624694737994599    0.0624673462710361
283.752000000064    1.65662776782736e-05    0.0623374856416017    0.0623354202756233
284.256000000063    1.65186779285702e-05    0.0621984568040437    0.0621964019654357
284.760000000062    1.6312233002312e-05    0.0620587135460597    0.0620566889466951
285.264000000061    1.64072881686575e-05    0.0619196101063657    0.0619175782739299
285.76800000006    1.66094981301399e-05    0.0617812807637388    0.0617792284856914
286.272000000058    1.67415809438584e-05    0.0616437348640939    0.0616416708714946
286.776000000057    1.69967982758466e-05    0.0615072472382629    0.0615051564212525
287.280000000056    1.74478816544929e-05    0.0613738246825441    0.0613716830334519
287.784000000055    1.81606135928436e-05    0.0612512666492485    0.0612490419684787
288.288000000054    1.88639682232863e-05    0.0611606174811852    0.0611583100608229
288.792000000053    1.98204657549324e-05    0.0611451746800053    0.0611427508763646
289.296000000051    2.03087283962734e-05    0.061272275093015    0.0612697864195706
289.80000000005    1.98330933381571e-05    0.0616098961408956    0.0616074523597219
290.304000000049    1.88912051171566e-05    0.0621681376575447    0.0621657888398362
290.808000000048    1.84386819252181e-05    0.0628459208154477    0.0628436032662918
291.312000000047    1.90321074340692e-05    0.0634642064246793    0.0634617907554648
291.816000000046    2.00669899977682e-05    0.0638822843732701    0.0638797205743948
292.320000000044    1.98887495315918e-05    0.0640728272179672    0.0640702786118312
292.824000000043    1.92197424195154e-05    0.064092560384577    0.0640900967469243
293.328000000042    1.85883583736731e-05    0.064015536374916    0.0640131565316901
293.832000000041    1.80368784714834e-05    0.0638953680475898    0.0638930631431863
294.33600000004    1.77424091645331e-05    0.0637604157173712    0.0637581532307449
294.840000000038    1.7545259358881e-05    0.0636221836793667    0.0636199511831092
295.344000000037    1.76099322474158e-05    0.0634840585798796    0.0634818227193122
295.848000000036    1.76905455755149e-05    0.0633466385538912    0.063344397320347
296.352000000035    1.77624984861137e-05    0.0632099607329246    0.0632077152391465
296.856000000034    1.79595626428632e-05    0.0630740690292611    0.0630718035045612
297.360000000033    1.83229229474408e-05    0.0629396449778425    0.0629373385435725
297.864000000031    1.90039722764873e-05    0.0628105511174447    0.0628081638628678
298.36800000003    1.97314364215768e-05    0.0627000615185945    0.0626975872428606
298.872000000029    2.08279812247717e-05    0.0626412638733941    0.0626386545456054
299.376000000028    2.16327136255339e-05    0.0626964503499655    0.0626937378199334
299.880000000027    2.12595554898768e-05    0.0629469739289308    0.0629442975364594
