#t    <phi>    <pi>    <phi^2>    <pi^2>    rms(phi)    rms(pi)
0    1.45154825462012    -0.1191403115169    2.10699233958423    0.0141951327047393    6.3980567266033e-05    0.00084786578855278
0.504    1.38949407978593    -0.127163942672671    1.93069380214017    0.0161712582345756    6.61817884632668e-05    0.000768061532282303
1.008    1.32332046192115    -0.135462921925308    1.7511770490827    0.0183507476541535    6.43699760923334e-05    0.00073786015713369
1.512    1.25293126182561    -0.143856165396311    1.56983675059236    0.0206951262173711    6.10937783398259e-05    0.000727938761344948
2.016    1.17834048826042    -0.152086083502411    1.38848630971199    0.0231306796242524    5.86360183042856e-05    0.000709104470405561
2.52    1.09971245328969    -0.159814061496003    1.20936748305728    0.0255410174863364    5.60075854765163e-05    0.00069515069469959
3.024    1.01740079125225    -0.166630844566375    1.03510437290582    0.027766299647571    5.35267447156156e-05    0.000679180879824459
3.528    0.931976809664838    -0.172089643837459    0.868580776379628    0.0296152881426492    5.12501656200382e-05    0.000665301845612419
4.032    0.844234417121125    -0.175766042279605    0.712731753472258    0.0308941243227684    4.91976877493164e-05    0.000650157006109963
4.536    0.75515899609039    -0.177339135135401    0.570265111601739    0.0314495747244198    4.71751401874498e-05    0.000637082292749658
5.04    0.665853816287096    -0.176674490261388    0.443361306719987    0.0312142656884927    4.53420115322122e-05    0.00062464339531901
5.544    0.577430435038882    -0.173878715353504    0.333425909208119    0.0302341830677909    4.35766634787149e-05    0.000612711029740695
6.048    0.490884903043392    -0.169297706596429    0.24096798980544    0.028662073835426    4.20656529121484e-05    0.000600313764140515
6.552    0.406991403715202    -0.163450121693762    0.165642004343317    0.0267162922315519    4.05616368739801e-05    0.000591565589277565
7.05600000000001    0.326242211867977    -0.156915447563511    0.106433982345986    0.0246227960356792    3.92616358857659e-05    0.00058167999994315
7.56000000000001    0.248847546666821    -0.150215337405993    0.0619251029324724    0.0225649745885865    3.80838111818257e-05    0.000571836156670417
8.064    0.174788526828756    -0.143727054291885    0.0305510304721118    0.020657784255661    3.68937011742444e-05    0.00056402148758015
8.56799999999994    0.103900330011462    -0.137652347937228    0.0107952798600429    0.0189484779019179    3.58266982935514e-05    0.000555886036977003
9.07199999999989    0.0359561014066366    -0.132044293478489    0.00129284244445422    0.0174359964519651    3.48724803516922e-05    0.000548645360532883
9.57599999999983    -0.029273849251912    -0.126873560564897    0.000856959404124455    0.0160971918009674    3.39720588732504e-05    0.000539843081768032
10.0799999999998    -0.0919976572979726    -0.122090387577895    0.00846357004744695    0.014906347580276    3.31531559422817e-05    0.000533705307671278
10.5839999999997    -0.152391892162839    -0.117602699203781    0.0232232898400182    0.0138306731756756    3.22962512413477e-05    0.000527556310306563
11.0879999999997    -0.210533552963733    -0.113041741129371    0.0443243779188647    0.0127787066151588    3.15488813056735e-05    0.000520939151081923
11.5919999999996    -0.266123529131379    -0.107137475601297    0.070821733704312    0.0114787039120919    3.07729123023736e-05    0.000515008614929239
12.0959999999996    -0.317769285634623    -0.0966074865704402    0.100977319805006    0.00933326418191595    3.02037610084699e-05    0.000507661755670751
12.5999999999995    -0.361702236467311    -0.0753105399828327    0.130828508734266    0.00567193161430459    2.94755989727046e-05    0.000504164456053257
13.1039999999994    -0.390778853875915    -0.0370583441555045    0.152708113464718    0.00137356956412447    2.87774819415655e-05    0.000498690862814245
13.6079999999994    -0.396703283600289    0.014613525580239    0.157373496011746    0.000213798323364421    2.81512845893966e-05    0.000493146509794637
14.1119999999993    -0.376736890047476    0.062325176778934    0.141930685081022    0.00388466521934279    2.75386509560654e-05    0.000487400058892225
14.6159999999993    -0.337046541856313    0.091802619783049    0.113600372102495    0.00842795271923999    2.692946641819e-05    0.000481373253237036
15.1199999999992    -0.287153533416502    0.10389675520843    0.0824571524484329    0.0107947614295315    2.63600222289645e-05    0.000475064933475634
15.6239999999992    -0.233953694008446    0.106164298070479    0.0547343316030978    0.0112710797761161    2.57468468138167e-05    0.000470734870830974
16.1279999999991    -0.180793393292915    0.104434202024028    0.0326862516936754    0.0109067185707105    2.5205329096649e-05    0.000464777704894749
16.6319999999991    -0.128870551036597    0.101535445174469    0.0166076195322293    0.01030965862707    2.46526487884206e-05    0.000460434894707875
17.135999999999    -0.0784648017577958    0.0984994822660042    0.00615672569424833    0.00970235728585661    2.40698594749876e-05    0.000457470420609084
17.6399999999989    -0.0295597283518542    0.0955957989690161    0.000873778100838028    0.00913876028970006    2.36770482714691e-05    0.000451119912577618
18.1439999999989    0.0179234421363569    0.0928560298176068    0.000321250316977767    0.00862244182160958    2.32155644262321e-05    0.000446708094056769
18.6479999999988    0.0640647166327657    0.0902682192156192    0.00410428843769315    0.00814854657202906    2.28135176433606e-05    0.000441782378521699
19.1519999999988    0.108935202893205    0.0878059928400731    0.0118668789313579    0.00771008394401776    2.2404778842242e-05    0.000437681832838397
19.6559999999987    0.152581226995688    0.085387897783078    0.0232810313149899    0.00729128166341705    2.19881818821841e-05    0.000434252925931318
20.1599999999987    0.194981509895675    0.0828170219257614    0.0380177896674353    0.00685884518633547    2.15925446588337e-05    0.000431353316235404
20.6639999999986    0.235974877095038    0.0797279559039028    0.0556841430741266    0.00635672793023222    2.13098198838502e-05    0.000425414641905782
21.1679999999986    0.275167288373792    0.0755612071692023    0.0757170370277744    0.00570967539500159    2.08994973057773e-05    0.000423516392218059
21.6719999999985    0.311837723541896    0.0695887377483517    0.0972427662449208    0.00484276934466033    2.05214221861028e-05    0.00042062245715619
22.1759999999984    0.344875741970035    0.0610186457207794    0.118939277809404    0.00372344842832559    2.02490064220937e-05    0.000416296441977111
22.6799999999984    0.372796024861432    0.0491966097810862    0.138976876549121    0.00242047722544504    1.99157220309188e-05    0.000413293470280718
23.1839999999983    0.393875383239772    0.0338815708711677    0.155137817906732    0.00114812865322418    1.96075245653482e-05    0.000409644389952349
23.6879999999983    0.406430157277194    0.0155064567233659    0.16518547311458    0.00024061631458471    1.92409795671428e-05    0.000407571430662508
24.1919999999982    0.409191535251025    -0.00471926720616848    0.167437712882251    2.24334412640032e-05    1.90041966553989e-05    0.000402440431351034
24.6959999999982    0.401665235554495    -0.0249868513524309    0.161334961801819    0.000624502205558377    1.86754208299619e-05    0.00039933075250746
25.1999999999981    0.384328717133379    -0.0433401666593462    0.14770856314974    0.00187852700878358    1.83398739457248e-05    0.000396185213852564
25.7039999999981    0.358565333610926    -0.0582268171645002    0.128569098789886    0.00339051732595431    1.79546849444198e-05    0.000393813212294531
26.207999999998    0.326350431600702    -0.0688904822259152    0.106504604518379    0.00474605062390973    1.76752656691794e-05    0.000389977679612776
26.7119999999979    0.289819088279209    -0.0754355041702938    0.0839951042348988    0.00569066364670187    1.74329304360472e-05    0.000385171748010788
27.2159999999979    0.250882097304719    -0.0785914983105613    0.0629418270391965    0.00617677053996596    1.70640613101881e-05    0.000383318753793903
27.7199999999978    0.211000877410694    -0.079351781132325    0.0445213705504907    0.0062968491788574    1.68050049117658e-05    0.000379486475367872
28.2239999999978    0.171137544146171    -0.0786630659881659    0.0292880592888648    0.0061880198519675    1.65070343136287e-05    0.000376697901460652
28.7279999999977    0.131828421381646    -0.077251204582144    0.0173787329501789    0.00596788726255338    1.63157002369527e-05    0.000372361599953147
29.2319999999977    0.0933111337766623    -0.0755767948897245    0.00870696794341997    0.00571198905402961    1.60229148595983e-05    0.000370308285258231
29.7359999999976    0.0556508822739543    -0.0738743239114108    0.00309702094619194    0.00545755116667006    1.57582489856713e-05    0.000368012638395121
30.2399999999976    0.0188359085327243    -0.0722285602657015    0.00035479169178215    0.00521709778712723    1.55412031338839e-05    0.000364512100150437
30.7439999999975    -0.0171674415522781    -0.0706534489048724    0.000294721283589337    0.00499204083758187    1.53015832830236e-05    0.000361932906013614
31.2479999999974    -0.0523939290149841    -0.0691443124761166    0.002745124024988    0.00478106581474034    1.50784884364453e-05    0.000360370566900907
31.7519999999974    -0.0868715588047547    -0.0676709357249215    0.00754666795007115    0.00457948335133364    1.48628122883937e-05    0.000357504471543817
32.2559999999974    -0.120587009849362    -0.0660709998573398    0.0145412271595375    0.00436550275828623    1.46672221939663e-05    0.000354592918203773
32.7599999999976    -0.153362493043367    -0.0637979869978544    0.0235200544829535    0.00407030701311895    1.45078141961547e-05    0.000351949059598327
33.2639999999978    -0.184564341850882    -0.0595128339243911    0.0340639964862959    0.0035419005840741    1.42634684080808e-05    0.000350973449049481
33.767999999998    -0.212601696699962    -0.0507350896969405    0.0451994816378878    0.00257417067036694    1.40778239951363e-05    0.000348344384684838
34.2719999999981    -0.234430159485991    -0.0344338150216877    0.0549574998710402    0.00118580658973929    1.39432047831716e-05    0.000344924327185027
34.7759999999983    -0.2458856732313    -0.00986342385268025    0.0604597644886919    9.74049661150625e-05    1.37215948919909e-05    0.000343272511921413
35.2799999999985    -0.243786482022912    0.0180580731536268    0.0594318490004176    0.000326210216946548    1.35392028572454e-05    0.000340897234970965
35.7839999999986    -0.228519501272995    0.0411629112631546    0.0522211626402104    0.0016945003249938    1.3347357222365e-05    0.000339206921300487
36.2879999999988    -0.203859835536797    0.0551594355426337    0.0415588327192816    0.00304267617182498    1.31981637676736e-05    0.000335920292667339
36.791999999999    -0.174235649775346    0.0613711599758465    0.0303580618214389    0.00376653119757234    1.29923748171852e-05    0.000334545649186959
37.2959999999991    -0.142750090120433    0.0630680198848912    0.0203775883949548    0.00397768498673357    1.28671288716109e-05    0.00033144310603981
37.7999999999993    -0.110991731882353    0.0627656807292614    0.0123191647076206    0.00393963850412571    1.27034031868659e-05    0.000328369788688682
38.3039999999995    -0.0795917983658259    0.0617853622743905    0.006334854525152    0.00381753703607448    1.25716230525009e-05    0.000325645047267189
38.8079999999996    -0.0487344942067309    0.0606598600176022    0.00237505107930692    0.00367972416938692    1.23984286649398e-05    0.000324887721875019
39.3119999999998    -0.0184439484191428    0.0595466660036838    0.000340179383934436    0.0035459087527685    1.22738110619922e-05    0.000321435241112294
39.816    0.0112951112255085    0.0584719940858171    0.000127579682691727    0.00341907782686749    1.20455435506257e-05    0.000322078399865946
40.3200000000001    0.0405021678837492    0.0574348910033185    0.00164042574614112    0.00329886824871159    1.19523100185505e-05    0.000318659926119555
40.8240000000003    0.069193858960232    0.0564223403551987    0.00478779025660655    0.00318358152481792    1.17812589646472e-05    0.000317857924282884
41.3280000000005    0.0973703844454882    0.0553734148398061    0.00948099190361987    0.00306631426991687    1.16857904916715e-05    0.000314958561729725
41.8320000000006    0.12497665629405    0.0541185380204758    0.015619164751346    0.00292891454617979    1.15284353151069e-05    0.000313669740487647
42.3360000000008    0.151830917561743    0.0523146707588235    0.0230526276568944    0.00273692267093883    1.13689794564332e-05    0.00031288070366937
42.840000000001    0.177524909670742    0.0494027907952832    0.0315150936806425    0.00244073197681158    1.12710800626529e-05    0.000310223224565307
43.3440000000012    0.20131706562554    0.0446320465374699    0.0405285610360051    0.001992115173421    1.11322540641107e-05    0.00030918489309294
43.8480000000013    0.222067671467479    0.0372127173400671    0.0493140508317748    0.00138488107008408    1.09903036576177e-05    0.000307795796506299
44.3520000000015    0.238293393490563    0.0266372169200136    0.0567837415007526    0.000709634154728764    1.09318003777779e-05    0.000304679314865388
44.8560000000017    0.248413883608871    0.0130939851632396    0.0617094576864376    0.000171544169246506    1.08072217268759e-05    0.000302856057172499
45.3600000000018    0.251180342474419    -0.00227861440084171    0.0630915645585509    5.28415009039468e-06    1.06294264077551e-05    0.000303424624365673
45.864000000002    0.246125676673792    -0.0175974202705499    0.0605778488303758    0.000309758656505663    1.05945159139592e-05    0.00029909250625986
46.3680000000022    0.233782452941992    -0.030914839551242    0.054654235412261    0.000955816695141682    1.04252848104329e-05    0.000298982712958942
46.8720000000023    0.215518521617568    -0.0409637287250135    0.0464482332668405    0.0016781151430184    1.03256119054842e-05    0.000296769206462379
47.3760000000025    0.193089086153446    -0.0474794394970306    0.0372833952950797    0.00225438500016545    1.01738309595019e-05    0.000296353190078533
47.8800000000027    0.168164873318824    -0.050995992782647    0.0282794247207768    0.00260067682129396    1.01212920853663e-05    0.000292474624827972
48.3840000000028    0.142040092531687    -0.0523972525432897    0.0201753879863639    0.00274555671817752    9.99768661177336e-06    0.000290936577708756
48.888000000003    0.115559050043289    -0.0525366297112583    0.0133538941446767    0.00276018123303188    9.88784357429493e-06    0.000289433263476579
49.3920000000032    0.089187124900827    -0.0520484426902038    0.00795434334322161    0.00270912371650045    9.75427549850424e-06    0.000288669404366025
49.8960000000033    0.0631338403246857    -0.0513176840687813    0.00398588188781196    0.00263358688718145    9.67827751203631e-06    0.0002866862365074
50.4000000000035    0.0374674894529239    -0.0505317574301161    0.00140381285784955    0.00255353952460731    9.58877379125644e-06    0.000284632449329008
50.9040000000037    0.0121957618178892    -0.0497564511468396    0.000148736695992181    0.00247578478452014    9.46960918964119e-06    0.00028346744488146
51.4080000000038    -0.012690875454504    -0.0490038659048625    0.000161058407464728    0.00240145862200949    9.3628518752669e-06    0.000282397570360882
51.912000000004    -0.0372037986462954    -0.0482727401639345    0.00138412272028994    0.00233033596418715    9.30461431075101e-06    0.000280216438523983
52.4160000000042    -0.0613505846660232    -0.0475437204236153    0.00376389432368357    0.00226048299713621    9.20981507776472e-06    0.000278649272942731
52.9200000000044    -0.085111571419551    -0.0467099927529732    0.00724397967194165    0.0021819011853986    9.07944464380504e-06    0.000278859132519663
53.4240000000045    -0.108360865723685    -0.0454234140613523    0.0117420773017858    0.00206336299057895    9.02215456650673e-06    0.000276487956145585
53.9280000000047    -0.130687693585771    -0.0428583004715606    0.0170792733340467    0.00183691042315702    8.90383205279137e-06    0.000276593287063615
54.4320000000049    -0.151098033824513    -0.0375121399113056    0.022830615903964    0.00140723583470578    8.85043665077117e-06    0.000274215208216485
54.936000000005    -0.167708667392622    -0.0274848645560262    0.0281261971956377    0.000755492325003465    8.77659954259776e-06    0.000273029925760041
55.4400000000052    -0.177854256409809    -0.0119248171464192    0.0316321365985409    0.000142275052360943    8.68647503189497e-06    0.000271640176355647
55.9440000000054    -0.179160699273048    0.00690978516672664    0.0320985562376418    4.7818397202745e-05    8.58103229850222e-06    0.000270677210768493
56.4480000000055    -0.171172807703434    0.0241051097718083    0.029300130169173    0.000581129305970085    8.49094499255954e-06    0.000270164503881331
56.9520000000057    -0.155785930388243    0.035939460318803    0.0242692561778547    0.00129171686399471    8.42164258612385e-06    0.000268432464303049
57.4560000000059    -0.135898772824564    0.0421686169468712    0.0184684765248146    0.00177826355827163    8.34219446595559e-06    0.000267026327690265
57.960000000006    -0.113917481809445    0.0445970894279325    0.0129771927304391    0.00198897056663929    8.28455609249178e-06    0.000264917338577753
58.4640000000062    -0.0912679427620386    0.0450760856292554    0.0083298374426225    0.00203192396985866    8.16135619953121e-06    0.000265469777373448
58.9680000000064    -0.0686099253337997    0.0447654595527798    0.00470732192071729    0.00200401465171274    8.14909339171935e-06    0.000261309665288797
59.4720000000065    -0.0461826848611817    0.0442153256728382    0.00213284044568829    0.0019550635551913    8.04369776526032e-06    0.000261783949381344
59.9760000000067    -0.0240466875952502    0.0436259340010293    0.000578243248030738    0.00190328989737426    7.98293035489218e-06    0.000260345754897498
60.4800000000069    -0.00220588541325454    0.0430464158280672    4.86599296682653e-06    0.0018530612365721    7.90635297688392e-06    0.000259462770400974
60.984000000007    0.0193466399362061    0.0424819370580924    0.000374292538427823    0.00180478152662917    7.84898831657546e-06    0.000257973683630912
61.4880000000072    0.0406180268957848    0.0419294907720837    0.0016498241692121    0.00175814857126125    7.76565525519718e-06    0.000257633179158469
61.9920000000074    0.0616098810303042    0.0413648928046571    0.00379577749973089    0.001711120002234    7.69172637690269e-06    0.000256213764699589
62.4960000000075    0.0822974707745247    0.0406986410420301    0.00677287375444021    0.00165644400542565    7.65221910232737e-06    0.000254210065965717
63.0000000000077    0.102581929028825    0.0397154355874877    0.0105230522206092    0.00157738031433197    7.57194227506736e-06    0.000253949656599344
63.5040000000079    0.122211582158099    0.0380162623905039    0.0149356708699339    0.00144530031952025    7.50654799095152e-06    0.000253206193870287
64.008000000008    0.140681772523852    0.0349992634885492    0.0197913611757086    0.00122501204484914    7.43343153825681e-06    0.000252190618880727
64.5120000000078    0.15714786365921    0.029944130822567    0.024695451106943    0.000896714311464345    7.36813301811468e-06    0.000251675873576474
65.0160000000075    0.170422649328436    0.0222712703970017    0.0290438794580278    0.000496071729747337    7.34199646966059e-06    0.000249488779250983
65.5200000000072    0.179148342765507    0.0119570738194251    0.0320941287688689    0.000143032940287193    7.29667207118293e-06    0.000247640796338956
66.0240000000069    0.182173000677901    -0.000128907261667543    0.0331870022277962    7.82143561433973e-08    7.19762466971246e-06    0.000248187981241584
66.5280000000066    0.178996859753849    -0.0123389965687894    0.0320398758528419    0.000152311812405255    7.14861231084247e-06    0.000246933352664622
67.0320000000064    0.170013972584791    -0.0229140636911251    0.0289047509243476    0.000525114680529835    7.09122281307267e-06    0.000245694299686859
67.5360000000061    0.156365222858423    -0.0307504209174769    0.0244500829692821    0.000945647798590631    7.05107924859291e-06    0.000243745745875784
68.0400000000058    0.139507361699063    -0.035694335955184    0.0194623040168563    0.00127414494915627    6.97301892256581e-06    0.000243577245913978
68.5440000000055    0.120781844170248    -0.0382848091034999    0.0145882539286458    0.00146578583031283    6.89055828482422e-06    0.000243356161627168
69.0480000000052    0.101180084612506    -0.0393007602270774    0.0102374095697178    0.0015446074658487    6.89375053391662e-06    0.000240232018013671
69.552000000005    0.0813138716365279    -0.0394325997048581    0.00661194576664505    0.00155498790722985    6.79141465376171e-06    0.000240806449826569
70.0560000000047    0.0614996526658538    -0.0391546024583179    0.00378220732365984    0.00153314017472946    6.75567759259902e-06    0.000239334620465198
70.5600000000044    0.0418695765010319    -0.0387314527750946    0.00175306148133226    0.00150018213615925    6.70496044212477e-06    0.000238122006261481
71.0640000000041    0.0224628040530692    -0.0382791270741272    0.000504577610138108    0.00146534794010165    6.64917481396091e-06    0.000237424818558187
71.5680000000038    0.00328314778894984    -0.0378322749050452    1.07791030511941e-05    0.00143133692387943    6.60659578923795e-06    0.000236430515190401
72.0720000000036    -0.0156738477154953    -0.0373955715702889    0.000245669545098515    0.00139848406299101    6.54904412255024e-06    0.000235138092213701
72.5760000000033    -0.0344129821757872    -0.0369665780066256    0.00118425338440333    0.00136658288816812    6.49401863796804e-06    0.000234517905886938
73.080000000003    -0.0529335381487607    -0.036519183672224    0.00280195950249507    0.0013337053949768    6.44583385133554e-06    0.000233706848777566
73.5840000000027    -0.0712026954767878    -0.0359359598699918    0.00506982388438034    0.00129144706159898    6.42029280482878e-06    0.000232055642727646
74.0880000000025    -0.0890798884235591    -0.0348805681752695    0.00793522656186505    0.00121670787386646    6.34911864122827e-06    0.000232029387861926
74.5920000000022    -0.106164189709458    -0.032628178940543    0.0112708352165112    0.00106465141331798    6.31231985121244e-06    0.000230981258741745
75.0960000000019    -0.12156802026932    -0.0279799935431596    0.0147787835912594    0.000782933100590786    6.24960418610078e-06    0.000230351721358825
75.6000000000016    -0.133738746328148    -0.0196183897225248    0.0178860523080682    0.00038493385536695    6.2163937649094e-06    0.000229434221694438
76.1040000000013    -0.14066070232184    -0.00727891126861777    0.0197854332157569    5.30346859707884e-05    6.17119825770268e-06    0.000228334654351143
76.6080000000011    -0.140740598713117    0.00699490082815534    0.0198079161635558    4.89805279070429e-05    6.11794270255713e-06    0.000227794449700912
77.1120000000008    -0.133892341876359    0.0196343520598356    0.0179271592501323    0.000385559215276024    6.08248304728794e-06    0.000226791680741365
77.6160000000005    -0.121642263522635    0.0282390553969419    0.0147968403112107    0.000797495381874582    6.02500409672109e-06    0.00022612422034292
78.1200000000002    -0.106111971119863    0.0328109311413104    0.011259750450865    0.00107660785770099    5.99353187326842e-06    0.000225067414741757
78.6239999999999    -0.0890250837564321    0.0346621155221658    0.00792546557315183    0.00120151263767735    5.94239650603248e-06    0.000224466490556514
79.1279999999997    -0.0714066404327987    0.0351015555089048    0.00509890833276846    0.00123216907998775    5.90503656522113e-06    0.00022334019573043
79.6319999999994    -0.0537382921893332    0.0349573713745845    0.00288780408176566    0.00122206737400123    5.85999222892472e-06    0.000222622057782921
80.1359999999991    -0.0361990090366117    0.0346299734554114    0.00131036828893618    0.00119928444088051    5.80547057506992e-06    0.000222214666501938
80.6399999999988    -0.0188364563376632    0.0342682864669761    0.000354812120836028    0.00117436417464781    5.78578732955547e-06    0.000220719879207328
81.1439999999985    -0.00165590198689957    0.0339097091694873    2.74204428413345e-06    0.00114991700265999    5.73532174289254e-06    0.000220514627127024
81.6479999999983    0.015345768057789    0.0335584335133215    0.000235492629959213    0.00112621624631288    5.71627103977539e-06    0.000218601109011494
82.151999999998    0.0321719309891567    0.0332122179010198    0.00103503317568306    0.00110309916247757    5.66674451102409e-06    0.000218505315153075
82.6559999999977    0.0488214752299803    0.0328510545141173    0.00238353647519411    0.00107923940547267    5.61805392751029e-06    0.000218226449274627
83.1599999999974    0.0652711549476114    0.0323990668182051    0.00426032369933714    0.00104974687722194    5.58050630411313e-06    0.000217592581271655
83.6639999999971    0.0814341764012957    0.0316702232891629    0.00663152511678496    0.00100305024608465    5.53422280941233e-06    0.000217262282087798
84.1679999999969    0.0970904571271998    0.0303139599653626    0.00942655689560145    0.000918982686198057    5.51659565806205e-06    0.000215678966172439
84.6719999999966    0.111796168232126    0.0277956042614473    0.0124983832613786    0.000772641829503398    5.47655788717668e-06    0.000214972659687366
85.1759999999963    0.124805441678042    0.0234776460948857    0.015576398301989    0.000551245889436572    5.43486597849326e-06    0.000214530370508064
85.679999999996    0.135074796833347    0.0168753188012241    0.0182452007687959    0.000284822139871632    5.40610657943479e-06    0.000213904718701111
86.1839999999957    0.141438762412341    0.00805856662290147    0.0200049235414253    6.49860384920844e-05    5.35636045853397e-06    0.000213406832933631
86.6879999999955    0.142974696221064    -0.00206325573705015    0.0204417637879452    4.30203713276862e-06    5.33289573117613e-06    0.000212162429044957
87.1919999999952    0.139398946474969    -0.0119500614264403    0.0194320663064437    0.000142848587367281    5.30210457300136e-06    0.000211232742690269
87.6959999999949    0.131219028903185    -0.0201372822097431    0.0172184335739634    0.00040555457645306    5.26008140048479e-06    0.000210811902471732
88.1999999999946    0.119514643534821    -0.0258889997393354    0.0142837500467844    0.00067028419051431    5.24681390089173e-06    0.000209482722439833
88.7039999999944    0.105518161429807    -0.0293037914224752    0.0111340824185681    0.000858755899378122    5.2001277471309e-06    0.000209063737152616
89.2079999999941    0.0902709453069188    -0.0309669462559757    0.00814884359323804    0.000958995298997572    5.16074721452033e-06    0.000208658997129712
89.7119999999938    0.0744844836677855    -0.031546879883283    0.00554793833344637    0.000995249056234814    5.11759314351406e-06    0.000208388734173019
90.2159999999935    0.0585644647097385    -0.0315674894237213    0.00342979655254878    0.000996549575961596    5.08040986683739e-06    0.000207815891696552
90.7199999999932    0.0427028180598113    -0.0313541874696293    0.00182353069584948    0.000983127699449534    5.05965807837225e-06    0.000206464449422755
91.223999999993    0.0269708052209156    -0.0310698877041128    0.000727424359664611    0.000965380078464448    5.0398457529014e-06    0.00020532052567952
91.7279999999927    0.011385741241632    -0.0307759332969112    0.000129635128713903    0.000947199977892299    5.00924167895073e-06    0.00020471344942006
92.2319999999924    -0.00405212340252323    -0.0304863396103267    1.64197286869477e-05    0.000929458885479919    4.96161981361474e-06    0.000204896666011315
92.7359999999921    -0.0193453763041856    -0.0302019319412218    0.000374243608844723    0.000912198146172972    4.94915909155114e-06    0.000203600566738602
93.2399999999918    -0.0344956696017649    -0.0299164741136796    0.00118995124544542    0.000895036545773697    4.91643053420953e-06    0.000202786536134582
93.7439999999916    -0.0494944255284462    -0.0295873586838833    0.0024496981822909    0.000875452564872756    4.88876210875887e-06    0.000201918260668111
94.2479999999913    -0.0642882723022514    -0.0290635974070564    0.00413298197921945    0.000844733211601457    4.85911801847087e-06    0.000201289249585622
94.751999999991    -0.078696960036325    -0.0279707999711994    0.00619321154211515    0.000782406307631145    4.81209001324589e-06    0.000201634824109535
95.2559999999907    -0.092268754421869    -0.0255910043012196    0.0085135230654822    0.000654939867551635    4.7873824903042e-06    0.000200913928321791
95.7599999999904    -0.104102621087326    -0.0208916816954892    0.0108373557399364    0.000436502401672708    4.76287048250172e-06    0.000200093995582031
96.2639999999902    -0.112787311502785    -0.0130174213774188    0.0127209776584296    0.000169493038918672    4.73320532467716e-06    0.000199448242384888
96.7679999999899    -0.116740006230858    -0.00232952987670753    0.0136282290770045    5.46610510523255e-06    4.714198892338e-06    0.000198483396684878
97.2719999999896    -0.115020526509166    0.00902052622226824    0.0132297215403437    8.14091959962808e-05    4.67952313239309e-06    0.000198249009207663
97.7759999999893    -0.107998479314327    0.0183353777701138    0.0116636715557343    0.000336225366293922    4.63974820336453e-06    0.000198212817798604
98.279999999989    -0.0971102977889393    0.0243085384621847    0.00943040995808835    0.000590943620065573    4.62945694159049e-06    0.000196412571029504
98.7839999999888    -0.0839931981183228    0.0273392900603559    0.00705485735133991    0.000747475217028088    4.60391964376054e-06    0.000196051074502717
99.2879999999885    -0.0698631382725568    0.0285115388785179    0.00488085811012736    0.000812946221078972    4.56475292223341e-06    0.000195887359815601
99.7919999999882    -0.0554064541179569    0.028759825357953    0.00306987517865972    0.000827165391950091    4.55351066194765e-06    0.000194518200013229
100.295999999988    -0.0409331548020531    0.0286412807455049    0.00167552318242156    0.000820360889262177    4.5136138869156e-06    0.000194747321803631
100.799999999988    -0.0265533816168491    0.0284140907973499    0.000705082095485317    0.000807398087148567    4.49391805017633e-06    0.000193729988710189
101.303999999987    -0.0122944058085871    0.0281689356881929    0.000151152434121364    0.000793526348546725    4.46487888087831e-06    0.000193418564717508
101.807999999987    0.00184138209870263    0.0279261456194612    3.39070771432657e-06    0.000779906753044334    4.43631649714597e-06    0.000192727488912925
102.311999999987    0.0158558363643045    0.0276873927135757    0.000251407566147131    0.000766628927107687    4.39721823547684e-06    0.000192903685606104
102.815999999987    0.0297504781265635    0.0274492416108754    0.000885090968005994    0.000753497657277694    4.38712475814154e-06    0.000191813100384762
103.319999999986    0.0435209951664116    0.0271873033978112    0.00189407703924977    0.000739186109474324    4.35602500263833e-06    0.000191424736351232
103.823999999986    0.0571379768597644    0.0268187023485276    0.00326474841844729    0.000719279175123393    4.33823921885431e-06    0.000190734014980011
104.327999999986    0.0705049863887585    0.0261514528420466    0.00497095312423651    0.000683934776466786    4.30783960331422e-06    0.000190501225720137
104.831999999985    0.0833909904228418    0.0248374672653983    0.00695405730210413    0.000616935772744149    4.28971347186552e-06    0.000189717116821152
105.335999999985    0.0953475514759925    0.0223683029260245    0.00909115559061309    0.000500376835306319    4.25981947667875e-06    0.000189366089688016
105.839999999985    0.105648982985275    0.0181841046789444    0.0111617076236791    0.000330697490779976    4.22565216791432e-06    0.000189282342463136
106.343999999985    0.113330475417786    0.0119571863101874    0.0128437966761709    0.000143009918158787    4.21303130845904e-06    0.000188715930047093
106.847999999984    0.11740159031696    0.00397065563123802    0.0137831334264957    1.58014322028966e-05    4.18859527666373e-06    0.000187952283876536
107.351999999984    0.117210690542104    -0.00472909018023391    0.0137383459949522    2.23988996413143e-05    4.19467725434866e-06    0.000186026096366826
107.855999999984    0.112756826067871    -0.0127139959876427    0.0127141018420887    0.000161680485384284    4.14591327903698e-06    0.000186524557333596
108.359999999983    0.104704011193027    -0.0188871913855202    0.0109629299770049    0.000356760475803468    4.13465724566323e-06    0.000185680828846357
108.863999999983    0.0940822108541888    -0.0229179037546125    0.00885146241601654    0.000525264828079753    4.09933020013458e-06    0.000185783675475351
109.367999999983    0.0819103247113029    -0.0251257394431804    0.00670930131099212    0.000631337056035541    4.08424420597969e-06    0.000185130950813695
109.871999999983    0.0689632314979587    -0.026094285328327    0.0047559273150659    0.000680945799853788    4.05275924297709e-06    0.000184588888192241
110.375999999982    0.0557237051053603    -0.0263636131747736    0.0031051313269748    0.000695073970129067    4.03802499819254e-06    0.000184039397876511
110.879999999982    0.0424425532587782    -0.0263066643774232    0.0018013703432531    0.000692074242549865    4.01607741017351e-06    0.000183444496989618
111.383999999982    0.0292259475000596    -0.0261305592172465    0.000854156023228497    0.000682839621145687    3.99402800601943e-06    0.000183019506233007
111.887999999982    0.0161074026748919    -0.0259258963604536    0.000259448436683948    0.000672185379231848    3.96898375454874e-06    0.000182420226029471
112.391999999981    0.00309269838098788    -0.0257202130590342    9.56479885855384e-06    0.000661562610405432    3.94750411721661e-06    0.000182347479600796
112.895999999981    -0.00981910234722056    -0.0255176175230553    9.64147863733749e-05    0.000651181761171356    3.93296103915717e-06    0.000181540955206763
113.399999999981    -0.0226294447236848    -0.0253169767166743    0.000512091783930118    0.000640981847835614    3.92782541999737e-06    0.000180382269039946
113.90399999998    -0.0353367061436776    -0.0251032968803559    0.00124868281617242    0.000630208240188005    3.884301268157e-06    0.000180903081004038
114.40799999998    -0.0479204047477759    -0.0248070040375639    0.00229636520617837    0.000615419855547239    3.87139602926427e-06    0.00018001729785099
114.91199999998    -0.0602959305249037    -0.024227591794614    0.00363559925279734    0.000587008174780254    3.86436516402373e-06    0.000178803282421981
115.41599999998    -0.0722233173428227    -0.0229320194969193    0.00521620758275599    0.000525909398023988    3.84108193391761e-06    0.000178549200224363
115.919999999979    -0.0831700525791919    -0.0201930320016753    0.00691725766053407    0.000407790556450438    3.80900547118378e-06    0.000178927442707387
116.423999999979    -0.0921889236019235    -0.0151528930118743    0.00849879764929657    0.000229641879310367    3.79674702670154e-06    0.000178080546543931
116.927999999979    -0.0979879520189049    -0.00744415705673539    0.0096016387550518    5.5447138887596e-05    3.76730516523699e-06    0.000177945503603481
117.431999999978    -0.0993947145541562    0.00199096829133867    0.00987930929543354    3.9953684074012e-06    3.75916916594622e-06    0.000177239020210452
117.935999999978    -0.0960523061525797    0.0110125566697691    0.00922604553118318    0.000121307728099394    3.73554157144176e-06    0.000176985012127172
118.439999999978    -0.0886876216312574    0.0177458185093843    0.00786549424445429    0.000314945234365108    3.72091541595229e-06    0.000176521378595859
118.943999999978    -0.0786326934347913    0.0217303024064961    0.00618310049059805    0.000472236688911048    3.71324262040977e-06    0.000175060656003376
119.447999999977    -0.06713820469935    0.0236086434068891    0.004507538543846    0.000557398718295385    3.6870292051106e-06    0.000175142175777659
119.951999999977    -0.0550385590791724    0.0242666434128727    0.00302924299895826    0.000588900481971941    3.66697655318435e-06    0.000174640901352054
120.455999999977    -0.0427707974914615    0.0243583594875567    0.00182934113132354    0.000593360181118968    3.64251663497995e-06    0.00017465449872789
120.959999999976    -0.030519122469774    0.024242096921261    0.000931416849562409    0.000587709371606893    3.63831586417866e-06    0.000173517915732917
121.463999999976    -0.01834333450923    0.0240714324248696    0.00033647793389062    0.00057946405077231    3.60182047852077e-06    0.000173757840822694
121.967999999976    -0.00625599637171729    0.0238943661801201    3.91375035064483e-05    0.000570970702150612    3.59214537446361e-06    0.000173109794478668
122.471999999976    0.0057425716212707    0.0237194245095938    3.29771416714908e-05    0.000562640755156531    3.58414107475976e-06    0.000172209437052752
122.975999999975    0.0176535710390603    0.023546657970316    0.000311648583092133    0.000554474848788069    3.55822785817016e-06    0.000172473815469599
123.479999999975    0.0294769998736641    0.0233694361017279    0.000868893534059555    0.000546160164389088    3.53660285834171e-06    0.000172106584261435
123.983999999975    0.0412037624551937    0.0231531149243475    0.00169775005292534    0.000536095937075595    3.53005796935686e-06    0.000170898728938871
124.487999999975    0.052792398350131    0.0227963653176877    0.00278703733583764    0.000519703626184862    3.50410182930932e-06    0.000171331513121509
124.991999999974    0.0641236003796111    0.0220837329048466    0.00411183613790589    0.000487720185249586    3.50168988549102e-06    0.000170077150085454
125.495999999974    0.0749324899127696    0.0206500333561925    0.00561487805659674    0.000426452875979412    3.47410762127433e-06    0.000170289070554986
125.999999999974    0.0847351763817354    0.018004011098813    0.00718005012845686    0.000324173108143573    3.46598563699363e-06    0.000169388598764674
126.503999999973    0.0927975279787157    0.0136844008478713    0.00861138121083596    0.000187291474242398    3.44607707571144e-06    0.000169256247088716
127.007999999973    0.0982247513968891    0.00757655296669525    0.00964810179872777    5.74327198730619e-05    3.42740374845762e-06    0.000169011881012475
127.511999999973    0.100221972964301    0.000225013021221692    0.0100444438765006    7.90230527707649e-08    3.41227504125399e-06    0.000168499831013124
128.015999999973    0.098436359019216    -0.00721447524622277    0.00968971678847124    5.20769761013159e-05    3.39282438499684e-06    0.000168294453131251
128.519999999973    0.0931439095718658    -0.0135185270154621    0.00867578790175601    0.000182778642224977    3.37995546470133e-06    0.000167539718270838
129.023999999974    0.0851190286949795    -0.0180061174412723    0.00724524905721084    0.000324248468014601    3.35173037890885e-06    0.000167936612179352
129.527999999974    0.0752979749036418    -0.0206966599858755    0.00566978503576792    0.000428379766873422    3.343419651428e-06    0.000167428499610109
130.031999999975    0.0644843206589303    -0.0220343959306222    0.0041582276219475    0.00048554237217598    3.33222940282207e-06    0.000166637776509853
130.535999999976    0.0532260035117969    -0.0225418407650776    0.00283300746090838    0.000508161991790378    3.32724698748579e-06    0.000165549727469515
131.039999999976    0.0418323312618069    -0.0226258474557326    0.00174994394968716    0.000511956438363062    3.29994143025103e-06    0.00016572650053329
131.543999999977    0.0304478249259322    -0.0225348446316846    0.000927070053536689    0.00050784639494506    3.28884047979794e-06    0.000164840440723639
132.047999999978    0.0191257331717119    -0.0223905511664285    0.000365793680086129    0.00050136388262866    3.27576094337717e-06    0.000164624093646533
132.551999999978    0.00787941101542073    -0.0222376538961422    6.2085128526234e-05    0.000494540473543162    3.25212244744154e-06    0.000164993146990371
133.055999999979    -0.00329007867939549    -0.0220860584208596    1.08246282952213e-05    0.000487820702347723    3.2524772884953e-06    0.000163480207062925
133.559999999979    -0.0143836634566588    -0.021936337134816    0.000206889784895453    0.000481229529475142    3.23435153073976e-06    0.00016322555815983
134.06399999998    -0.0254015586481045    -0.021783773366739    0.000645239192073481    0.000474559454369462    3.21253600072497e-06    0.000163316490334985
134.567999999981    -0.0363363805015063    -0.0215970538854407    0.0013203325581527    0.00046645935384443    3.19412763968448e-06    0.000163148134534464
135.071999999981    -0.0471483508073278    -0.021268060086807    0.0022229669940142    0.000452356793507827    3.18800124851015e-06    0.000162522773154103
135.575999999982    -0.0577079445989239    -0.0205342127007753    0.0033302068798755    0.000421680245255439    3.16907394544501e-06    0.000162339196613014
136.079999999982    -0.0676969964457988    -0.0188999385537349    0.00458288333778552    0.000357233750955689    3.16275496695117e-06    0.00016147328179878
136.583999999983    -0.0764886104691643    -0.0156568144504237    0.00585050754140865    0.00024516185396864    3.14723729006453e-06    0.000161292385576645
137.087999999984    -0.0831026072953187    -0.0101986069382373    0.00690604334914013    0.000104037387019458    3.14009140474121e-06    0.000160634799455707
137.591999999984    -0.0864173323977586    -0.00269364701093378    0.00746795534850561    7.28145498605904e-06    3.1242461507685e-06    0.000160376951419309
138.095999999985    -0.0857013430960827    0.00548454056697877    0.00734472021811539    3.01058001015879e-05    3.10530332084913e-06    0.000160046464353588
138.599999999986    -0.0810962067681658    0.0124604676182684    0.00657659476176425    0.000155288740162931    3.09502072250719e-06    0.000159646161916423
139.103999999986    -0.0735308100527503    0.0171609995643274    0.00540678003646811    0.000294525410290565    3.07481167327932e-06    0.000159700481276581
139.607999999987    -0.0641637412917395    0.0197026093911177    0.00411698570595763    0.000388218123172011    3.06665335075017e-06    0.000159079706600827
140.111999999987    -0.0539139284614749    0.0207927054122472    0.00290671169143177    0.000432361965161174    3.0467586544592e-06    0.00015926958492268
140.615999999988    -0.0433319206915446    0.0211162187405647    0.00187765536005096    0.000445919799381041    3.03852696425038e-06    0.000158447094208454
141.119999999989    -0.032682293583432    0.0211135646408193    0.00106813232303076    0.000445807558687597    3.02607327537963e-06    0.000157945704407297
141.623999999989    -0.0220666810422244    0.0210038879199897    0.000486938421276413    0.000441188278288191    3.00950957135745e-06    0.000158020671753933
142.12799999999    -0.0115138865540214    0.0208713479965343    0.000132569592581178    0.000435637937834464    3.00038365066081e-06    0.000157386918223586
142.63199999999    -0.00102844067113638    0.0207378092972018    1.05769910190438e-06    0.000430081494063456    2.9812508995625e-06    0.000157351887011857
143.135999999991    0.00939010317732928    0.0206058850498295    8.8174046497787e-05    0.000424627184700806    2.96932611571771e-06    0.000157117834820215
143.639999999992    0.0197423938040051    0.0204742537157599    0.000389762121886373    0.000419219482063591    2.96208644281742e-06    0.000156258907850304
144.143999999992    0.0300262200744188    0.0203299138814383    0.000901573900624552    0.000413329812797593    2.94399784361121e-06    0.000156250986864771
144.647999999993    0.0402246781672774    0.0201218603730144    0.00161802474226708    0.000404913590961624    2.93360429783848e-06    0.000155968235672138
145.151999999994    0.0502774128270454    0.0197213174604891    0.00252781824915023    0.000388954421381583    2.92729963856225e-06    0.000155109652146995
145.655999999994    0.0600304255293226    0.0188792058900939    0.00360365199768428    0.000356448500931151    2.90735837710042e-06    0.000155196296969198
146.159999999995    0.0691690458315127    0.0172087957843946    0.00478435690962346    0.000296166699050715    2.89509085364039e-06    0.000155069989744426
146.663999999995    0.0771600048709254    0.0142511601999452    0.00595366635998936    0.000203119443996755    2.88238136437301e-06    0.000154521688611677
147.167999999996    0.0832619610305137    0.00968860187553808    0.00693255416293745    9.38927210997164e-05    2.879351947694e-06    0.000153996094224333
147.671999999997    0.0866775450493147    0.00366964269238528    0.00751299682399183    1.34898988663992e-05    2.86633220379312e-06    0.000153692474189819
148.175999999997    0.0868468710056867    -0.00301482047564566    0.00754237901161712    9.11270313819873e-06    2.85284494493566e-06    0.000153494748530334
148.679999999998    0.0837222032816224    -0.00921080148691648    0.00700940733042426    8.48622682003865e-05    2.84516290852851e-06    0.000152984211615837
149.183999999998    0.0778013354611829    -0.0140075383210449    0.0060530478075456    0.000196234435946066    2.82879547992126e-06    0.000152663455101122
149.687999999999    0.0698875477574775    -0.0171266449763562    0.00488426933951979    0.000293345156824096    2.82242664299521e-06    0.000152278291130483
150.192    0.0607769122255685    -0.0188278676141117    0.00369383306759506    0.000354511643951042    2.81435626576827e-06    0.000151805983167218
150.696    0.051068094269253    -0.019580009691576    0.00260795026013002    0.000383399773725113    2.79941124223368e-06    0.000151638395207283
151.200000000001    0.0411275426097604    -0.0198074734821511    0.00169147476893826    0.000392358709819142    2.79653415555619e-06    0.000150678707927708
151.704000000002    0.0311415480013997    -0.0197959259756772    0.000969796019614758    0.000391901542292379    2.77331540972384e-06    0.000151185508192164
152.208000000002    0.0211870131361244    -0.0196994681515001    0.000448889533205923    0.000388092004988142    2.75238338037518e-06    0.000151524044878258
152.712000000003    0.0112875795343014    -0.0195830904781047    0.000127409459320637    0.000383520107421766    2.75271827201709e-06    0.000150581367141284
153.216000000003    0.00144738307838522    -0.0194654984491732    2.09492531768817e-06    0.000378928126607715    2.74628699976713e-06    0.000149989109444758
153.720000000004    -0.00833387074347147    -0.0193492222635875    6.94534089749584e-05    0.000374415040145011    2.7214093201914e-06    0.000150459095113027
154.224000000005    -0.0180567103982685    -0.0192331011193313    0.000326044797785369    0.000369934667314924    2.71632693284238e-06    0.0001499621568957
154.728000000005    -0.0277188810120879    -0.0191039690491096    0.000768336371864998    0.00036498402305576    2.70235295271102e-06    0.000149631635767869
155.232000000006    -0.0373022627300444    -0.0189045690107468    0.0013914588120905    0.000357404847111772    2.70356076716642e-06    0.000148719970701273
155.736000000006    -0.0467372524427639    -0.0184764169207604    0.00218437077309253    0.000341400221737926    2.68214197873111e-06    0.000149129166043212
156.240000000007    -0.0558335910075939    -0.0174875109901272    0.00311738989198854    0.000305834976054731    2.68053511160065e-06    0.000148106127194311
156.744000000008    -0.0641800614866711    -0.0153954067899086    0.00411908029955236    0.000237040463215941    2.66823426235374e-06    0.000148030365729216
157.248000000008    -0.0710605651686971    -0.0115785369042939    0.00504960392917998    0.000134084303664126    2.66182918377405e-06    0.000147603590839459
157.752000000009    -0.0755137684132635    -0.0057866848064825    0.00570232922698424    3.35074599078814e-05    2.64806481608601e-06    0.000147441033318303
158.25600000001    -0.0766721935794337    0.00128946713123035    0.00587862527516961    1.68465231803275e-06    2.62439564236553e-06    0.000148077126894491
158.76000000001    -0.0742589882056981    0.00810422641298405    0.00551439733626535    6.57000437069497e-05    2.63274442072156e-06    0.000146826271632113
159.264000000011    -0.0687856037792876    0.0132756536006741    0.00473145929419091    0.000176264266549452    2.6286416266161e-06    0.000145904161558758
159.768000000011    -0.0612231087803869    0.0164160223640624    0.00374826905549211    0.000269507396093947    2.59942698180585e-06    0.00014698923957416
160.272000000012    -0.0525080159941535    0.0179559645504198    0.00275709175037859    0.000322438013028894    2.59544101674814e-06    0.000146116710063572
160.776000000013    -0.0432828611169895    0.0185408594485649    0.00187340607316893    0.000343784722624807    2.58772497371067e-06    0.000145785916218926
161.280000000013    -0.0338944505090046    0.0186679315692226    0.00114883378195779    0.000348512797529348    2.57884321918171e-06    0.000145356307637259
161.784000000014    -0.0244941351684235    0.0186197957836445    0.000599962664225445    0.000346717912798976    2.56445827043205e-06    0.000145319559428164
162.288000000014    -0.0151334901130677    0.0185225380072944    0.000229022529518044    0.000343105535313183    2.55259195129323e-06    0.000145330937922503
162.792000000015    -0.00582450585382791    0.0184177823585194    3.3924874978569e-05    0.000339235398901581    2.55681314152368e-06    0.000143846778874451
163.296000000016    0.00343177136148212    0.0183136695883772    1.17770611295048e-05    0.000335411332984693    2.54008188436001e-06    0.000144357862415129
163.800000000016    0.012635849951743    0.0182105354265055    0.000159664710364867    0.000331644499973449    2.5222814569254e-06    0.000144566432603275
164.304000000017    0.0217875652757567    0.0181042665478263    0.00047469800701226    0.000327785040625221    2.52327198522144e-06    0.000143434272332536
164.808000000018    0.0308806840246818    0.0179709621271346    0.000953616652185322    0.000322975852483653    2.5205329647612e-06    0.00014273299809925
165.312000000018    0.0398858173171095    0.0177365447851278    0.00159087842931651    0.000314605528750089    2.5025329454848e-06    0.00014320556987562
165.816000000019    0.0487153344138787    0.0172371620298197    0.00237318381326089    0.000297140213451663    2.4909543435574e-06    0.000143033595375494
166.320000000019    0.057168875819292    0.0161858514893386    0.0032682803686243    0.000262002127202192    2.48649798808422e-06    0.000142614050034389
166.82400000002    0.0648710883893464    0.0141840253406114    0.00420825811493739    0.000201206808574081    2.47366117816502e-06    0.000142245249393917
167.328000000021    0.0712398462190132    0.0108423925989045    0.00507511569539156    0.000117577720324309    2.4663559078349e-06    0.00014227809223251
167.832000000021    0.0755524684402484    0.00604529108587735    0.00570817549349086    3.65655602378907e-05    2.46498035439944e-06    0.000141477648066885
168.336000000022    0.0771585332171038    0.000225915962172937    0.005953439254208    7.11090421834595e-08    2.44807860735379e-06    0.00014167222811453
168.840000000022    0.0757679822093484    -0.0056641443146402    0.00574078713402826    3.21024759253028e-05    2.43969717286206e-06    0.000141227151184989
169.344000000023    0.0716087684125967    -0.0106210213247838    0.00512781571947193    0.00011282596946452    2.42961517555868e-06    0.000140980434845261
169.848000000024    0.0653125459400328    -0.0141071953471868    0.00426572866303629    0.000199032800877149    2.4222699911446e-06    0.000140855647602647
170.352000000024    0.0576301420462724    -0.0161670560925668    0.00332123327809483    0.000261393498305276    2.4127376117228e-06    0.000140696855242457
170.856000000025    0.0491924929718337    -0.0171778047632694    0.00241990137054144    0.000295096692787909    2.3994873004022e-06    0.000140414753166084
171.360000000026    0.0404196582204754    -0.0175609157534952    0.00163374877636049    0.000308405490779748    2.3875604488646e-06    0.000140458813869071
171.864000000026    0.0315425625596719    -0.0176330364178919    0.00099493325849621    0.00031094362008429    2.38020898453209e-06    0.000140166934714016
172.368000000027    0.0226658422385181    -0.0175810616216885    0.000513740410030406    0.000309113206609005    2.3767661881188e-06    0.000139566698740224
172.872000000027    0.0138265933564125    -0.017493027456607    0.00019117468942312    0.000306025522866045    2.36210260015948e-06    0.000139689900990813
173.376000000028    0.0050336704791266    -0.0173994753459795    2.53378440958767e-05    0.000302760979056782    2.36715991516108e-06    0.000138696580466264
173.880000000029    -0.00371220088437884    -0.0173065261378902    1.3780440913401e-05    0.000299535193302005    2.34678887443055e-06    0.000139091123109581
174.384000000029    -0.0124114485952722    -0.0172143248970974    0.000154044061786693    0.000296351939048663    2.35660946995105e-06    0.000137685822922228
174.88800000003    -0.0210636592884272    -0.0171179471927582    0.000443677748096057    0.000293043143581278    2.34032248924599e-06    0.000137940158113364
175.39200000003    -0.029661107619505    -0.0169883353324595    0.000879781310639958    0.000288622593945981    2.32896961034525e-06    0.000138045564533272
175.896000000031    -0.038167209983068    -0.0167313727774317    0.00145673592324275    0.000279957954372191    2.31325535998519e-06    0.000138272755113369
176.400000000032    -0.0464691953876124    -0.0161279491421105    0.00215938612530361    0.000260129675185434    2.30900568683071e-06    0.000137592350559412
176.904000000032    -0.0543000006371518    -0.0147792685368082    0.00294849007449775    0.000218445659199835    2.30283832016746e-06    0.000137407120432014
177.408000000033    -0.0611492658703139    -0.0121384757513034    0.00373923272175841    0.000147361329715361    2.29784100362564e-06    0.000136880058371865
177.912000000034    -0.066242257186879    -0.00777259174711953    0.00438803664246281    6.04318202222997e-05    2.2913276912217e-06    0.00013652016301261
178.416000000034    -0.0687201319127891    -0.00186958730010338    0.0047224565353177    3.51395534502659e-06    2.28179084999024e-06    0.00013637694936733
178.920000000035    -0.0680485227527932    0.00448635118671081    0.00463060145401032    2.01459019202795e-05    2.2744017522905e-06    0.000136216554713481
179.424000000035    -0.0643632203301492    0.00988260740438191    0.00414262413638409    9.76844731350428e-05    2.26202478396858e-06    0.000136176451336173
179.928000000036    -0.0583859403724734    0.0135309183395892    0.00340891803827478    0.00018310418754442    2.25759936693825e-06    0.000135780822607223
180.432000000037    -0.0510039725461915    0.0155268504708761    0.00260140522052878    0.000241101530575656    2.24413087201256e-06    0.000135812483628534
180.936000000037    -0.0429223592366434    0.0164047074513747    0.00184232892747098    0.000269132717673243    2.24310445952759e-06    0.00013524462301123
181.440000000038    -0.0345671866338541    0.0166854253015924    0.00119489039677229    0.000278421625375871    2.23440976962005e-06    0.000134936580850942
181.944000000038    -0.0261457868754527    0.0167083356670673    0.000683602176328697    0.000279186492336213    2.23430099338411e-06    0.000134207201072548
182.448000000039    -0.0177391106532348    0.0166449036804599    0.000314676051717179    0.000277070799305585    2.2247404722167e-06    0.000134092407672515
182.95200000004    -0.00937070465134595    0.0165621754296646    8.78101105849072e-05    0.000274323574794237    2.21859204993464e-06    0.000133864973953938
183.45600000004    -0.00104460881691545    0.0164779932963929    1.09121242303837e-06    0.000271542326280635    2.20060466359543e-06    0.000134399422124774
183.960000000041    0.00723924851660941    0.0163945871555525    5.24067239358103e-05    0.000268800273829917    2.20240293139773e-06    0.000133363521667937
184.464000000042    0.015481144996886    0.0163109980457804    0.000239665855209409    0.000266066470060344    2.18970353773374e-06    0.000133464642857169
184.968000000042    0.0236791767124286    0.0162171666755113    0.000560703414570087    0.000263014166736697    2.18898689417547e-06    0.000132935154799769
185.472000000043    0.0318198771349453    0.0160725793385272    0.00101250458557066    0.000258345698663042    2.1650969301936e-06    0.00013376124173164
185.976000000043    0.0398548884396524    0.0157730681688659    0.00158841213721903    0.000248807428901416    2.16376850361771e-06    0.000133227030760493
186.480000000044    0.0476594665474561    0.0151141648227812    0.00227142475625861    0.000228455584555183    2.16113972426883e-06    0.000132688601572351
186.984000000045    0.0549760845714685    0.0137745642600161    0.00302236987945813    0.000189756112465984    2.15612528488587e-06    0.000132256994789486
187.488000000045    0.061364800260643    0.0113701543040221    0.00376563871564503    0.000129297867011094    2.14858573792026e-06    0.000132129155836204
187.992000000046    0.0662117779155319    0.00763747180382681    0.00438399953932405    5.83484404655878e-05    2.14203870858357e-06    0.000132154876331701
188.496000000047    0.0688601207838695    0.00271477460268534    0.00474171623892701    7.38735980967899e-06    2.1349286610222e-06    0.000131752291417061
189.000000000047    0.0688614322487567    -0.00271408438492337    0.00474189685588136    7.38345650418468e-06    2.12867352975713e-06    0.000131158132419616
189.504000000048    0.066203534179907    -0.00768056292165212    0.00438290794240975    5.90083003268571e-05    2.12123516580337e-06    0.000131352706100005
190.008000000048    0.0613225587934865    -0.0114578249038909    0.00376045622143711    0.000131298925566099    2.11104477785461e-06    0.000131049753433977
190.512000000049    0.0548867936587265    -0.0138643418436029    0.00301256012254297    0.000192237165018172    2.09936814698204e-06    0.000131111639051039
191.01600000005    0.0475364369303626    -0.0151490901025418    0.00225971284043589    0.000229511998348978    2.0979858754446e-06    0.000130642313386993
191.52000000005    0.0397384188826124    -0.0157055720989584    0.00157914193967703    0.000246681953472248    2.09453230511267e-06    0.000130224869615611
192.024000000051    0.031770014898823    -0.0158719945771932    0.00100933385101505    0.000251937183618827    2.08413382571611e-06    0.000130275709077545
192.528000000051    0.0237676086145166    -0.0158671630257083    0.000564899223526844    0.0002517839409344    2.06736567142156e-06    0.000130684543830298
193.032000000052    0.0157852616222993    -0.0158044311272991    0.000249174488807762    0.000249796756092215    2.07926125347427e-06    0.000129278129139726
193.536000000053    0.0078386765575964    -0.0157291170847819    6.14448544479469e-05    0.000247421858160912    2.06720478576011e-06    0.000129359553698136
194.040000000053    -6.96271660193438e-05    -0.0156531451373771    4.85219987544806e-09    0.000245037571287072    2.06340193922446e-06    0.000128913130748504
194.544000000054    -0.00793981054466698    -0.015577841947373    6.30405957290086e-05    0.000242685650796033    2.06004944032889e-06    0.000128417517106548
195.048000000055    -0.0157720042658693    -0.0155016853167628    0.000248756122775653    0.000240318753972672    2.05257261703622e-06    0.000128476895711795
195.552000000055    -0.0235632720014936    -0.0154109344610392    0.000555227791568461    0.000237513542051465    2.0376675936281e-06    0.000129000345035961
196.056000000056    -0.031295141765078    -0.0152513115999693    0.000979385902236966    0.000232619001465415    2.03485519149892e-06    0.000128436544870889
196.560000000056    -0.0389019910603409    -0.014880786342447    0.00151336491258203    0.000221454176061306    2.03056355354536e-06    0.000127960508553583
197.064000000057    -0.0462126554481979    -0.0140142334790731    0.00213560952769604    0.000196414945939227    2.0303178298649e-06    0.00012730252649879
197.568000000058    -0.0528705571428159    -0.0122060787480322    0.00279529581664875    0.000149004674568364    2.01419644717728e-06    0.000127734745468016
198.072000000058    -0.058276371520188    -0.00897986286610268    0.00339613548159335    8.06542165874259e-05    2.00857490688168e-06    0.000127591118092211
198.576000000059    -0.0616572579941491    -0.00420367712567826    0.00380161746736071    1.76871527000412e-05    2.00091083345008e-06    0.000127480677322265
199.080000000059    -0.0623545294744758    0.0014960612501537    0.00388808734995531    2.25436217709623e-06    1.99299784139514e-06    0.000127133445185671
199.58400000006    -0.0602032484056446    0.00688223723481553    0.00362443112253274    4.73813337645138e-05    1.98519326980558e-06    0.000127060647851648
200.088000000061    -0.0556487246158872    0.010920259213722    0.00309678055528024    0.000119268203106719    1.9762066457092e-06    0.000127050430298849
200.592000000061    -0.0494675529079592    0.013360483683696    0.00244703879461638    0.00017851853235948    1.9785433009038e-06    0.000126523109242769
201.096000000062    -0.0423903395287942    0.0145602074556883    0.00179694088926307    0.000212015542100591    1.973984177485e-06    0.000126098960782083
201.600000000063    -0.0349137899062091    0.0150231121162034    0.00121897272949577    0.000225709714857082    1.96999068128529e-06    0.000125766454450543
202.104000000063    -0.0273053528974921    0.015132996137636    0.000745582300700132    0.000229023431353615    1.96049741385673e-06    0.000125933521788886
202.608000000064    -0.019681753564852    0.0151077228708187    0.000387371427209632    0.000228259095546173    1.95501095154629e-06    0.000125718752443342
203.112000000064    -0.0120827862797369    0.015044517329079    0.000145993728053468    0.000226353353603443    1.9420785545547e-06    0.000125904481585629
203.616000000065    -0.00451774587320774    0.0149753752166801    2.04100315486492e-05    0.000224277536438046    1.94261774355848e-06    0.000125194080090754
204.120000000066    0.00301245326292567    0.0149064695007975    9.07487840795566e-06    0.000222218460955028    1.93562499428813e-06    0.000125011906719045
204.624000000066    0.0105080620866905    0.0148380130855855    0.00011041937254849    0.000220182219891703    1.93151450819953e-06    0.000124850164977692
205.128000000067    0.0179687257956918    0.0147663916687422    0.000322875110438774    0.000218061817386899    1.92821501543081e-06    0.000124476793817234
205.632000000067    0.0253888189975428    0.0146709490892856    0.000644592133745192    0.000215252368239805    1.9118583631324e-06    0.000124984236587567
206.136000000068    0.0327427780514723    0.0144879961876564    0.0010720895182132    0.000209917350536808    1.9196945623108e-06    0.00012376188129253
206.640000000069    0.0399549873292886    0.0140767254993494    0.00159640101610818    0.000198169642889179    1.90382987681963e-06    0.00012426626712069
207.144000000069    0.0468529600182976    0.0131906258526925    0.00219519986608229    0.000174008063652107    1.89897178751209e-06    0.000124311167591177
207.64800000007    0.0531142026583215    0.0114891596357927    0.00282111852764014    0.000132016081688289    1.90023469629188e-06    0.000123663056577268
208.152000000071    0.0582411918372313    0.00864778401579104    0.00339203643018741    7.47994722525625e-05    1.88844758749484e-06    0.00012370880644264
208.656000000071    0.0616244883996615    0.00459320962292268    0.00379757757407544    2.11127647900671e-05    1.88558337452982e-06    0.000123248326388549
209.160000000072    0.0627333796483326    -0.000265611522227221    0.00393547692563833    8.56997264375996e-08    1.88055725412354e-06    0.000123086334325699
209.664000000072    0.0613615528222899    -0.00509609200376633    0.00376524016829854    2.59851604785082e-05    1.8803899744322e-06    0.000122502112867707
210.168000000073    0.0577427701960534    -0.00907215695542227    0.00333422751339119    8.23191982185377e-05    1.8646599232212e-06    0.000123151917244648
210.672000000074    0.0524292849676748    -0.0118006160277873    0.00274882992568129    0.00013926958130379    1.86001093276863e-06    0.000122648556944017
211.176000000074    0.0460434902551846    -0.0133717213465462    0.00212000299832452    0.000178817926888522    1.85613592691927e-06    0.000122454558280542
211.680000000075    0.0390883947900472    -0.0141220673449789    0.00152790261068998    0.000199447705405136    1.85132018810152e-06    0.00012214462336711
212.184000000075    0.0318875088512204    -0.0143980044160344    0.00101681322415444    0.000207317388889854    1.84872360091065e-06    0.000121892270910771
212.688000000076    0.0246126171524829    -0.0144474749942739    0.000605780926483972    0.000208744393634232    1.84099916603858e-06    0.000121901288189265
213.192000000077    0.0173384933351599    -0.0144107699570076    0.000300623354517353    0.000207685011244515    1.83955653191982e-06    0.000121328029414013
213.696000000077    0.0100902426670604    -0.0143507602279951    0.000101813000416053    0.000205959118780194    1.82644101099921e-06    0.000121653848225162
214.200000000078    0.00287336448398107    -0.0142876411234429    8.25622681027445e-06    0.000204151241206679    1.83097533098494e-06    0.00012063305675815
214.704000000079    -0.00431177397359517    -0.0142249013143344    1.85913981126842e-05    0.000202362452460011    1.82025040374307e-06    0.000120975441546986
215.208000000079    -0.0114653837143428    -0.0141623237110046    0.000131455027019226    0.000200585963105031    1.81717039037734e-06    0.000120624250250102
215.71200000008    -0.0185865651867196    -0.0140940653983567    0.000345460408731239    0.000198657157822856    1.81412822841532e-06    0.000120326097334302
216.21600000008    -0.0256665469038805    -0.0139902012436343    0.00065877163323419    0.000195740180436746    1.8069571267086e-06    0.000120206486345353
216.720000000081    -0.0326682210109027    -0.0137608217862668    0.00106721266727368    0.000189374594017119    1.80457573931537e-06    0.000119907396447517
217.224000000082    -0.0394838070353318    -0.0132068278836932    0.00155897102123931    0.000174434655237932    1.79888689868848e-06    0.000119801871586809
217.728000000082    -0.0458687473388018    -0.0119820724640976    0.00210394198562493    0.000143584466167567    1.78720254638158e-06    0.000120023467204663
218.232000000083    -0.0513734446899761    -0.00964003602615044    0.00263923082251103    9.29445883191048e-05    1.78801679539827e-06    0.000119556403535666
218.736000000083    -0.0553439755514806    -0.00587687329409152    0.00306295563301691    3.45518816373514e-05    1.78158185378321e-06    0.000119339526332744
219.240000000084    -0.0570956399621773    -0.000939572949972771    0.00325991210583862    8.97057413380121e-07    1.77427329056983e-06    0.000119415598058153
219.744000000085    -0.0562512741975284    0.00422794264724902    0.00316420585197901    1.78896964657664e-05    1.77016614860899e-06    0.000119152999707688
220.248000000085    -0.0529855944944589    0.00851397140777419    0.00280747322704977    7.25018439385177e-05    1.76593552863662e-06    0.000118889890744524
220.752000000086    -0.0479146225526969    0.0113638155805721    0.00229581105745995    0.000129150490475806    1.75856151081262e-06    0.000119104687369212
221.256000000087    -0.0417519907962865    0.0129069663131279    0.00174322873854012    0.000166603830032129    1.75696441595912e-06    0.000118535327691818
221.760000000087    -0.0350497511813931    0.0135826767213603    0.0012284850609542    0.000184503030476594    1.75403352402139e-06    0.000117998133929523
222.264000000088    -0.0281366654036689    0.0138003999608263    0.000791671943094772    0.000190464969519622    1.74835706224154e-06    0.000118027288567137
222.768000000088    -0.0211710710281536    0.0138223948407408    0.000448214251507887    0.000191072534759314    1.74033354452217e-06    0.000118049252328823
223.272000000089    -0.0142141041420299    0.0137797530208032    0.000202040759563902    0.000189895538915467    1.73304063137958e-06    0.000118091494751082
223.77600000009    -0.00728325434748407    0.0137229879901225    5.30457968756732e-05    0.000188334283873808    1.72786795741534e-06    0.000117832494512653
224.28000000009    -0.000381461090480891    0.0136651394495142    1.45515531752755e-07    0.000186749924339123    1.72284702885871e-06    0.000117848056636149
224.784000000091    0.00649128185879224    0.0136077173252756    4.21367431201704e-05    0.000185183814229867    1.71752299793805e-06    0.000117658086253577
225.288000000091    0.0133350596666573    0.013549714489613    0.000177823819262746    0.000183608464447215    1.71739184612691e-06    0.000117054248902774
225.792000000092    0.0201478412430298    0.013481589948692    0.000405935509697252    0.00018176691950055    1.71549449625881e-06    0.000116841584541885
226.296000000093    0.0269168901896855    0.0133662709620009    0.000724518980407245    0.000178670818688003    1.70987039162323e-06    0.000116701578287679
226.800000000093    0.033597876516594    0.013110018045419    0.0011288173093169    0.000171886218179876    1.70076562354364e-06    0.000116811937162894
227.304000000094    0.0400781433810724    0.0125307666049664    0.00160625757973013    0.000157033883201114    1.69006974049482e-06    0.000117352004557596
227.808000000095    0.0461275357570719    0.0113460089195319    0.00212774955787712    0.000128745522980652    1.69031768415756e-06    0.000116638666634965
228.312000000095    0.0513573730809982    0.00922695126489096    0.00263757977263061    8.51501395061028e-05    1.68812636191451e-06    0.000116231929477022
228.816000000096    0.0552349609343735    0.00596970504031699    0.00305090091227505    3.56507476680524e-05    1.6891663713653e-06    0.000115626120173485
229.320000000096    0.0572088994598233    0.00174186734421468    0.00327285818023269    3.0474740823988e-06    1.68182096721176e-06    0.000115638391364166
229.824000000097    0.0569331448614532    -0.00282153724684301    0.00324138298663718    7.97439703060008e-06    1.67987064060918e-06    0.000115432210745792
230.328000000098    0.0544495531120675    -0.00689040558264351    0.0029647538368961    4.74910708483823e-05    1.67100029755872e-06    0.00011567953603606
230.832000000098    0.0501685449835651    -0.00989968519675589    0.00251688290856424    9.80169430602239e-05    1.67219872333673e-06    0.000114787043503105
231.336000000099    0.0446651885340237    -0.0117623757645871    0.00199497906954745    0.000138366729776093    1.66360132143509e-06    0.000115091914340499
231.840000000099    0.0384632436663988    -0.0127274053461737    0.0014794211160907    0.000162000067059981    1.6582923658953e-06    0.000114979190163413
232.3440000001    0.0319297536611708    -0.0131313722845242    0.00101950917160739    0.000172446063954982    1.65660557440675e-06    0.000114568233865201
232.848000000101    0.0252748009375886    -0.0132459918255255    0.000638815565156354    0.000175469442870117    1.64973402205779e-06    0.000114644791549362
233.352000000101    0.0185977114925186    -0.0132391508058685    0.000345874875472065    0.000175288177582405    1.64715074899983e-06    0.000114295764912518
233.856000000102    0.0119359202139922    -0.0131937902432734    0.000142466194050634    0.000174089108224291    1.64190332096022e-06    0.00011404929106797
234.360000000103    0.00529950277154119    -0.0131409433464782    2.8084732297111e-05    0.000172697412364623    1.63448409702681e-06    0.00011410665744884
234.864000000103    -0.00131013990465397    -0.0130878624874976    1.71646922328999e-06    0.000171305195817688    1.62896386587869e-06    0.000114242400366758
235.368000000104    -0.00789312598545767    -0.0130351274194377    6.23014404889311e-05    0.000169927388114474    1.63298006982596e-06    0.000113319342999452
235.872000000104    -0.014449312768299    -0.0129806087861891    0.000208782642108775    0.000168509168346825    1.62254360311307e-06    0.000113859065233237
236.376000000105    -0.0209748956752816    -0.0129088493519968    0.00043994625122509    0.000166651221561251    1.62362094830004e-06    0.000113269451760968
236.880000000106    -0.0274497246074523    -0.0127647173376853    0.000753487383619239    0.000162950912367411    1.61067349955491e-06    0.000113594262212823
237.384000000106    -0.033807485835865    -0.0124124260466849    0.00114294610113784    0.000154081118785199    1.61109643356489e-06    0.000113130105533467
237.888000000107    -0.0398836440457873    -0.0115921987274373    0.0015907050649464    0.000134391863397594    1.60478607510978e-06    0.000113101994653343
238.392000000107    -0.0453494080593132    -0.00991994596317586    0.00205656881391785    9.8417959877284e-05    1.60864750624241e-06    0.000112392014640519
238.896000000108    -0.0496755771419758    -0.00702436234086457    0.0024676629669275    4.93544558863562e-05    1.59345826725532e-06    0.000113091072149381
239.400000000109    -0.0522160112031321    -0.00287874504881202    0.00272651182850291    8.29985769561046e-06    1.59288608702081e-06    0.000112626105103223
239.904000000109    -0.0524678728677322    0.0019020281423846    0.00275287768577927    3.63039238456726e-06    1.58579852724332e-06    0.000112611412140364
240.40800000011    -0.0503681549457791    0.00628004119632189    0.00253695103513993    3.94515698369789e-05    1.58048072709178e-06    0.000112482929722218
240.912000000111    -0.0463398025806387    0.00947886895490994    0.00214737730569726    8.9861618226522e-05    1.57629049374146e-06    0.000112523607152032
241.416000000111    -0.0410348906680636    0.0113747402679563    0.0016838622546448    0.000129397196000837    1.58267527804349e-06    0.000111713192463784
241.920000000112    -0.0350385311781467    0.0122932340810764    0.00122769866959602    0.000151136101282063    1.57291393518733e-06    0.000111790473313866
242.424000000112    -0.0287380400031481    0.0126434159724973    0.000825874945673717    0.000159868490923534    1.56562427475567e-06    0.000111908310393206
242.928000000113    -0.0223381300175043    0.0127259938219478    0.000498992055137949    0.000161963312820918    1.56812735059219e-06    0.000111328633624807
243.432000000114    -0.0159265687213617    0.0127082064961027    0.000253655593687984    0.000161510833920436    1.56579915300086e-06    0.000111002580365619
243.936000000114    -0.00953256777932951    0.012663155820749    9.0869850891995e-05    0.000160367867947689    1.55707539297673e-06    0.000111142283222047
244.440000000115    -0.00316268695090228    0.0126140838696766    1.00025911535543e-05    0.000159127474277804    1.55053112107932e-06    0.000111186359637961
244.944000000115    0.00318246678613949    0.0125651575021886    1.01280972471472e-05    0.000157895466536727    1.54992456244807e-06    0.000110830870795859
245.448000000116    0.00950302966726785    0.0125163799501948    9.03075752364522e-05    0.000156672095236708    1.54255610105856e-06    0.000111032333444705
245.952000000117    0.0157984437035368    0.0124639195142502    0.000249590825825725    0.000155361577760914    1.54009833981807e-06    0.000110851717205813
246.456000000117    0.022062863090561    0.0123875503228102    0.000486769930104222    0.000153463672865641    1.53342246862739e-06    0.000110769424866817
246.960000000118    0.0282713820065705    0.0122271913959063    0.000799271042933895    0.000149516276688383    1.54027791805316e-06    0.000109851063985361
247.464000000119    0.0343524723981663    0.0118528071027643    0.00118009236221531    0.000140501115202004    1.53249220887285e-06    0.000109904443333968
247.968000000119    0.0401460189787681    0.0110408833772619    0.00161170284218355    0.000121913165092237    1.52968936450914e-06    0.000109815035119965
248.47200000012    0.0453576322510411    0.00949092600770662    0.00205731480573431    9.00897586532584e-05    1.52106059592356e-06    0.000109918922377015
248.97600000012    0.0495424963788026    0.00693488306423476    0.00245445894974773    4.81046193637281e-05    1.51791068906296e-06    0.00010961865314815
249.480000000121    0.0521732172339066    0.00335404871740449    0.00272204459881457    1.12617303226515e-05    1.50935789564838e-06    0.0001099432759597
249.984000000122    0.052819052304195    -0.000835246096034164    0.00278985228861017    7.09518251094946e-07    1.51554951882819e-06    0.000109005551026697
250.488000000122    0.0513554655738833    -0.00488342580675465    0.0026373838465945    2.38596921183387e-05    1.51135244937463e-06    0.000108832477971495
250.992000000123    0.0480363919080188    -0.00811451095301889    0.0023074949498072    6.5857123045464e-05    1.50546683030655e-06    0.000108788964515714
251.496000000124    0.043360229652828    -0.0102630987556142    0.00188010951779326    0.000105343097591111    1.49909321642999e-06    0.00010909410443103
252.000000000124    0.0378517122401339    -0.0114614130354022    0.00143275212176011    0.000131375776386729    1.50006882237097e-06    0.000108570800135849
252.504000000125    0.0319153800241864    -0.0120140657443621    0.00101859148430295    0.000144349656223951    1.48819020536463e-06    0.000108997771064398
253.008000000125    0.0258012401597515    -0.0122078634730959    0.000665703995989995    0.000149043748034408    1.48621066814388e-06    0.00010870812599715
253.512000000126    0.0196369012062205    -0.0122375465556461    0.000385607891183472    0.000149769322690417    1.48344502267876e-06    0.000108521835645666
254.016000000127    0.0134753628716596    -0.0122082375981176    0.00018158540671668    0.000149052793392382    1.48114056523802e-06    0.000108296538682761
254.520000000127    0.00733327196011348    -0.0121643763704855    5.37768798421896e-05    0.000147983652912689    1.48364514934179e-06    0.000107705291719224
255.024000000128    0.00121388249997358    -0.0121189339830928    1.4735129060649e-06    0.000146880175546485    1.47726869704923e-06    0.000107771331643343
255.528000000128    -0.00488266249993141    -0.0120737540874007    2.38403952641184e-05    0.000145787092039659    1.47508709177354e-06    0.000107490821156133
256.032000000129    -0.0109564377336109    -0.0120282628306816    0.000120043529962322    0.000144690695228083    1.46691126779708e-06    0.000107649914665947
256.536000000128    -0.0170060068315657    -0.0119751776081129    0.000289204270504411    0.000143416410109523    1.46599829148264e-06    0.000107384187262992
257.040000000127    -0.023021018119093    -0.0118821130855958    0.000529967277377786    0.000141196117420127    1.46225157179507e-06    0.000107266216671059
257.544000000125    -0.028961876682305    -0.0116588775868654    0.000838790303088031    0.000135940880808606    1.45842063106512e-06    0.000107024404197324
258.048000000124    -0.0347202253658422    -0.011116010821082    0.00120549405157952    0.000123577090900458    1.45761767702889e-06    0.000106744208492345
258.552000000123    -0.0400610869808141    -0.00994086468593634    0.00160489069220154    9.88321592866065e-05    1.45505690853426e-06    0.000106623555138477
259.056000000122    -0.0445708942244848    -0.00776038594227658    0.00198656461407043    6.02349429887583e-05    1.44921348017285e-06    0.000106550531083818
259.560000000121    -0.0476784313577484    -0.00437677784004354    0.00227323281881524    1.91675816144486e-05    1.44212154024957e-06    0.000106758387737767
260.06400000012    -0.0488292877779677    -0.000100892790842479    0.00238429934698678    2.14432214395569e-08    1.44332790524084e-06    0.000106131362921488
260.568000000118    -0.0477737132601705    0.00421189492567217    0.0022823276807217    1.77514051282974e-05    1.43412312550276e-06    0.000106518840561072
261.072000000117    -0.0447300427276724    0.00767350361166017    0.00200077672447623    5.88939136686882e-05    1.43416566190628e-06    0.000106094253032326
261.576000000116    -0.0402471093542097    0.00991437342371302    0.00161982981340972    9.83060788762512e-05    1.42828808300275e-06    0.00010620024210927
262.080000000115    -0.0349143639645968    0.0111017781973575    0.00121901281308809    0.000123260725870869    1.42679974405349e-06    0.00010605058956479
262.584000000114    -0.029169933212649    0.0116115140884852    0.00085088500566296    0.000134838386443062    1.42567668200508e-06    0.000105484671732583
263.088000000112    -0.023267894698889    0.0117717877819794    0.00054139492574189    0.000138586110786966    1.42242909464439e-06    0.000105466596635457
263.592000000111    -0.0173278580380303    0.0117863011060264    0.000300254666205571    0.00013892796979707    1.42106974579016e-06    0.000105242743937354
264.09600000011    -0.0113947719103553    0.0117543116692905    0.000129840828898614    0.000138174879842298    1.41760093539308e-06    0.000105057239061891
264.600000000109    -0.00548097050259317    0.0117127637298245    3.00410396393469e-05    0.00013719987545561    1.41033699725655e-06    0.000105077423450484
265.104000000108    0.000411623905278661    0.0116705871744968    1.69436209497653e-07    0.000136213692044942    1.40360279173228e-06    0.000105295049325356
265.608000000107    0.00628302620755183    0.0116286575152354    3.9476420296164e-05    0.000135236680751101    1.40405872400335e-06    0.000104905407207315
266.112000000105    0.0121331840378349    0.0115857221267333    0.000147214156852328    0.000134239968238942    1.39869801409427e-06    0.000104933507821721
266.616000000104    0.017959710959845    0.0115316740589424    0.000322551219714066    0.000132990433265702    1.39745786996885e-06    0.00010453068457781
267.120000000103    0.0237493631158529    0.0114297351443216    0.000564032250372444    0.000130649632152025    1.40135919590585e-06    0.000103858955722059
267.624000000102    0.0294582127165386    0.0111900634087484    0.00086778629837884    0.000125228478891808    1.38780580830379e-06    0.000104689063416062
268.128000000101    0.0349777436088502    0.0106423863311789    0.00122344254988687    0.000113271271736857    1.38578772888589e-06    0.0001043307950442
268.6320000001    0.0400910797206228    0.00952973236793225    0.00160729467507926    9.08266323594209e-05    1.38344615141088e-06    0.000104083404081895
269.136000000098    0.0444403653399201    0.00756791609350069    0.00197494607345002    5.72841881625655e-05    1.3800152832548e-06    0.000104087291725731
269.640000000097    0.0475505037406032    0.0046122158609808    0.00226105040785751    2.12835158653061e-05    1.36835375003148e-06    0.000104788916509641
270.144000000096    0.0489553652381157    0.000872920130547087    0.00239662778747439    7.72833266707292e-07    1.3700699683272e-06    0.000104133147426497
270.648000000095    0.0484001575004498    -0.00304237142236291    0.00234257524795945    9.26673521782768e-06    1.37517426685753e-06    0.000103495633807136
271.152000000094    0.0459808953255638    -0.00641953654556027    0.00211424273682091    4.12211026313083e-05    1.37129695838558e-06    0.000103214202144811
271.656000000092    0.0420934871948285    -0.00883421003733398    0.00177186166607529    7.80540163801556e-05    1.36165485214919e-06    0.000103679296019707
272.160000000091    0.0372402901759654    -0.0102793549402347    0.00138683921423319    0.000105675884868089    1.35760156208021e-06    0.000103667163372732
272.66400000009    0.0318533765090714    -0.0110021304171672    0.00101463759687832    0.000121057477670998    1.36002373903497e-06    0.000102975505055769
273.168000000089    0.0262224201051122    -0.0112918409320466    0.000687615318001022    0.000127516322986506    1.35352439103348e-06    0.000103205386792834
273.672000000088    0.0205066432600069    -0.0113673779711325    0.000420522419625593    0.000129227836673264    1.35366453960382e-06    0.00010273623837107
274.176000000087    0.0147780599652103    -0.0113575178485098    0.000218391058159326    0.000129003743962226    1.3505466894829e-06    0.000102626911709172
274.680000000085    0.0090622602718663    -0.0113225846133607    8.21245630346705e-05    0.000128211521339704    1.34150070920303e-06    0.000102951507964533
275.184000000084    0.00336551646989217    -0.011283435588035    1.1326702911922e-05    0.000127326435145514    1.34268629204658e-06    0.000102549871672098
275.688000000083    -0.00231145560508163    -0.011244272989806    5.34282881490398e-06    0.000126444126684311    1.34187953987537e-06    0.000102233140572968
276.192000000082    -0.00796873971864704    -0.0112052286519572    6.35008144916502e-05    0.000125567590467666    1.33720130174615e-06    0.000102182801996925
276.696000000081    -0.013605914175452    -0.0111632873456824    0.000185120902321123    0.000124629482955261    1.33092321389185e-06    0.000102462641909314
277.20000000008    -0.0192180480010595    -0.0111004983265566    0.000369333370747192    0.000123231401547126    1.33272861970286e-06    0.000101678165013038
277.704000000078    -0.0247823948686468    -0.0109588258979901    0.00061416709719381    0.000120106203587492    1.32976689022371e-06    0.000101678537722962
278.208000000077    -0.030229342275978    -0.0106037336491439    0.000913813136194728    0.000112449499421528    1.32532984427638e-06    0.000101647034102403
278.712000000076    -0.0353946735716138    -0.00979076962232686    0.00125278291898248    9.58695578463777e-05    1.31961590765593e-06    0.000101921778336765
279.216000000075    -0.0399644976889298    -0.00818133268667416    0.00159716107727517    6.69444655421249e-05    1.32162331285145e-06    0.000101296653853631
279.720000000074    -0.043457802968153    -0.00549039477411946    0.00188858064054337    3.01547747532394e-05    1.31322633573483e-06    0.000101685680216933
280.224000000073    -0.0453249513950053    -0.00178495165024391    0.00205435122068462    3.1963085203371e-06    1.31340069137996e-06    0.000101272536398845
280.728000000071    -0.0451883590349759    0.00231875718584582    0.00204198779399495    5.38684515750404e-06    1.31189124588295e-06    0.000101045883599485
281.23200000007    -0.0430714345962643    0.00593587064163147    0.00185514847988784    3.52448018372758e-05    1.30674006245002e-06    0.000101200608166941
281.736000000069    -0.0393864664714942    0.00849316279714178    0.00155129374281234    7.21439990699839e-05    1.30468465338678e-06    0.00010091962757877
282.240000000068    -0.0346939864539357    0.00996796114465168    0.00120367269776332    9.9370410144239e-05    1.3028603036097e-06    0.00010080060988565
282.744000000067    -0.0294694218700748    0.0106651474018176    0.0008684468270535    0.000113755457370977    1.30271130710102e-06    0.000100440372764327
283.248000000065    -0.0240165604028148    0.0109235651473097    0.000576795175261117    0.000119334374824939    1.29578813733356e-06    0.00010049526068326
283.752000000064    -0.0184915948830938    0.0109809540928376    0.000341939083002056    0.000120591369651612    1.29676376051207e-06    0.000100084277511689
284.256000000063    -0.0129595827699259    0.0109654894234614    0.000167950787234759    0.000120252009611647    1.29003823145679e-06    0.000100256249694198
284.760000000062    -0.0074413222420064    0.0109313054727333    5.537327838123e-05    0.000119503352107885    1.29300075706344e-06    9.95628930677644e-05
285.264000000061    -0.00194117294234438    0.010894658800264    3.76815404566467e-06    0.000118703562173738    1.28591397300502e-06    9.98588982969526e-05
285.76800000006    0.00354052228796226    0.0108581365615498    1.25352997033958e-05    0.000117909198170563    1.27743427581289e-06    0.000100342320573318
286.272000000058    0.00900383050063669    0.010821525137263    8.10689653114465e-05    0.000117115410684008    1.27563745135849e-06    0.000100021935560969
286.776000000057    0.0144479404935287    0.0107803486212825    0.000208742986142265    0.000116225794724216    1.27973378457926e-06    9.93897772819401e-05
287.280000000056    0.0198663006882268    0.0107133714021208    0.000394669904662504    0.000114786193174252    1.27572101341502e-06    9.93296253495747e-05
287.784000000055    0.0252330016352271    0.0105607281335881    0.000636704373145192    0.000111538835643896    1.27350618593473e-06    9.92820846683347e-05
288.288000000054    0.0304765525747249    0.0101969737276532    0.00092882025845204    0.000103988119102802    1.26967384074471e-06    9.92265103290993e-05
288.792000000053    0.035441331139199    0.00941275014644956    0.00125608795452913    8.86096553251627e-05    1.26916217087981e-06    9.89444575330412e-05
289.296000000051    0.0398484821438778    0.00793846350723279    0.00158790153077276    6.30289906288705e-05    1.26562820926485e-06    9.89331754454779e-05
289.80000000005    0.0432896230381817    0.00555787073269714    0.00187399146437204    3.08997643162697e-05    1.25863440489647e-06    9.91828357040058e-05
290.304000000049    0.0453027654733072    0.00231029281938138    0.0020523405611032    5.34726315164474e-06    1.25448271299233e-06    9.90466574881698e-05
290.808000000048    0.0455440066320374    -0.00137077138929287    0.00207425654167787    1.88874918667709e-06    1.25650408610447e-06    9.86660274521054e-05
291.312000000047    0.0439632676448084    -0.00480557726303247    0.00193276890357831    2.31032865061495e-05    1.25269756039297e-06    9.85579787480217e-05
291.816000000046    0.0408351150142011    -0.00745029264004823    0.00166750661978429    5.55165902945081e-05    1.24950488589797e-06    9.86401143109628e-05
292.320000000044    0.0366143691443979    -0.00914769660922032    0.00134061202939379    8.36900738170293e-05    1.2456143876288e-06    9.85929139866195e-05
292.824000000043    0.0317464771273282    -0.0100611171922961    0.00100783881154668    0.00010123573004203    1.24527371182398e-06    9.82389175175756e-05
293.328000000042    0.0265579579724688    -0.0104656034567077    0.000705325133211499    0.000109538474677085    1.24261057957869e-06    9.80763173925739e-05
293.832000000041    0.0212421863788841    -0.010598893200052    0.000451230483693554    0.000112346153870213    1.24028427377641e-06    9.80653053031297e-05
294.33600000004    0.0158937121157404    -0.0106139142268755    0.000252610086344754    0.000112664783283419    1.23560586450324e-06    9.80207526441972e-05
294.840000000038    0.0105497821450299    -0.0105891383856061    0.000111297904833622    0.000112139386378014    1.23532612174807e-06    9.76454223035751e-05
295.344000000037    0.0052212116099584    -0.0105555897003493    2.72610521935562e-05    0.000111430012633457    1.23190573013093e-06    9.76663265263048e-05
295.848000000036    -9.0165916602267e-05    -0.0105213292249037    8.13139819891722e-09    0.000110707917357133    1.22706242312605e-06    9.77174412302404e-05
296.352000000035    -0.00538431965641541    -0.0104872389229364    2.8990899671438e-05    0.000109991653278303    1.22840410476813e-06    9.73296026452661e-05
296.856000000034    -0.0106611958967094    -0.010452289878354    0.000113661099459084    0.000109259746733328    1.22925623917512e-06    9.68660528153318e-05
297.360000000033    -0.0159186804740205    -0.0104072878029335    0.000253404389536383    0.000108321046639583    1.22573244183319e-06    9.69908577903703e-05
297.864000000031    -0.0211443404658088    -0.0103163455625765    0.000447083135215765    0.000106436436079428    1.21726193339846e-06    9.72127200295387e-05
298.36800000003    -0.0262947592786033    -0.0100865301762241    0.000691414367009122    0.000101747440261034    1.22042179359836e-06    9.66915981655509e-05
298.872000000029    -0.0312578014782624    -0.00953284397969022    0.000977050154729419    9.08844850949304e-05    1.21447793323418e-06    9.68026539637012e-05
299.376000000028    -0.0358013366949678    -0.00836720785630339    0.00128173571061424    7.00195125157268e-05    1.21152395781644e-06    9.6670601226657e-05
299.880000000027    -0.0395356837451485    -0.00627773492995615    0.0015630702906612    3.94192469848249e-05    1.21029052380859e-06    9.63905287532634e-05
