1:binCentralValue 2:valuesAverage 3:multiplicity
0.5 0 18
1 0 62
1.5 0 98
2 0 210
2.5 0 350
3 0 450
3.5 0 602
4 0 762
4.5 0 1142
5 0 1250
5.5 0 1458
6 0 1814
6.5 0 2178
7 0 2498
7.5 0 2622
8 0 3338
8.5 0 3722
9 0 4170
9.5 0 4358
10 0 5034
10.5 0 5714
11 0 5982
11.5 0 6602
12 0 7130
12.5 0 8034
13 0 8606
13.5 0 9066
14 0 9962
14.5 0 10550
15 0 11226
15.5 0 12146
16 0 12303
16.5 0 12584
17 0 12120
17.5 0 11180
18 0 11096
18.5 0 10056
19 0 9716
19.5 0 8604
20 0 8060
20.5 0 7320
21 0 6356
21.5 0 5348
22 0 4308
22.5 0 3563
23 0 2448
23.5 0 1868
24 0 1358
24.5 0 1062
25 0 776
25.5 0 432
26 0 200
26.5 0 168
27 0 56
27.5 0 7

0.5 4.496180152714489e-16 18
1 3.558428084872253e-15 62
1.5 2.27532073833346e-15 98
2 4.50112435849802e-15 210
2.5 5.236331400053049e-15 350
3 7.504150264309675e-15 450
3.5 6.413394021438607e-15 602
4 7.550088488970129e-15 762
4.5 1.181370619786663e-14 1142
5 1.107959726304245e-14 1250
5.5 1.352698812044549e-14 1458
6 1.470077749413415e-14 1814
6.5 1.711866994277567e-14 2178
7 1.725788321431983e-14 2498
7.5 1.875479989462972e-14 2622
8 2.380328169603869e-14 3338
8.5 2.471114840050097e-14 3722
9 2.612929381195142e-14 4170
9.5 2.797618808661875e-14 4358
10 3.382407080127937e-14 5034
10.5 3.858480817204089e-14 5714
11 4.242159359573425e-14 5982
11.5 4.711548174778884e-14 6602
12 4.976519394891738e-14 7130
12.5 5.718098052988199e-14 8034
13 6.789258385790549e-14 8606
13.5 7.603774654291095e-14 9066
14 8.209629023451452e-14 9962
14.5 9.439596386588024e-14 10550
15 1.038025068304729e-13 11226
15.5 1.183149712633992e-13 12146
16 1.206463025077192e-13 12303
16.5 1.312798583120334e-13 12584
17 1.261059846113127e-13 12120
17.5 1.231235043259036e-13 11180
18 1.239321550299279e-13 11096
18.5 1.153608672137553e-13 10056
19 1.170689493142641e-13 9716
19.5 1.035551628956235e-13 8604
20 1.059075195747193e-13 8060
20.5 9.887508866043805e-14 7320
21 9.232685728099167e-14 6356
21.5 8.233171731676731e-14 5348
22 6.993875220933843e-14 4308
22.5 6.119384763876883e-14 3563
23 4.164095663290749e-14 2448
23.5 3.180593719771064e-14 1868
24 2.502529925172459e-14 1358
24.5 1.993472255446159e-14 1062
25 1.429921006635159e-14 776
25.5 8.823087997735972e-15 432
26 3.776806731993507e-15 200
26.5 2.36424564202878e-15 168
27 9.301966422495099e-16 56
27.5 1.978474535481777e-16 7

0.5 2.063344482930206e-15 18
1 1.421983384225542e-15 62
1.5 3.19753478361965e-15 98
2 5.886109077407665e-15 210
2.5 8.584898795882657e-15 350
3 7.922148556761761e-15 450
3.5 1.188231989504098e-14 602
4 1.092097806362222e-14 762
4.5 1.461742879388033e-14 1142
5 1.66451895036584e-14 1250
5.5 1.613467166728566e-14 1458
6 1.95046455922436e-14 1814
6.5 2.024513891365103e-14 2178
7 2.417845803987138e-14 2498
7.5 2.331225976424832e-14 2622
8 2.83328650293266e-14 3338
8.5 3.146502419997532e-14 3722
9 3.710864650150399e-14 4170
9.5 4.056117171766447e-14 4358
10 4.30068151439103e-14 5034
10.5 5.114987947521056e-14 5714
11 5.309430801454189e-14 5982
11.5 6.118769959310042e-14 6602
12 6.70526617406703e-14 7130
12.5 7.963886329980002e-14 8034
13 8.269132842836929e-14 8606
13.5 9.446038826034339e-14 9066
14 1.131442998968429e-13 9962
14.5 1.211346809592776e-13 10550
15 1.32752827321506e-13 11226
15.5 1.483734602825299e-13 12146
16 1.574355550013502e-13 12303
16.5 1.646347692959142e-13 12584
17 1.614206416449768e-13 12120
17.5 1.484911233505364e-13 11180
18 1.555825216848446e-13 11096
18.5 1.461495459164612e-13 10056
19 1.438907162007214e-13 9716
19.5 1.294004638112302e-13 8604
20 1.272982387966851e-13 8060
20.5 1.226609759033768e-13 7320
21 1.131849556686853e-13 6356
21.5 1.004525781488093e-13 5348
22 8.571865477463617e-14 4308
22.5 7.413197333765964e-14 3563
23 4.75287154059729e-14 2448
23.5 4.098456393187042e-14 1868
24 2.932491818453474e-14 1358
24.5 2.352494596524958e-14 1062
25 1.920789122293263e-14 776
25.5 1.035312927325755e-14 432
26 5.204657312948874e-15 200
26.5 3.054126861762409e-15 168
27 1.68424051205381e-15 56
27.5 7.907556818602511e-17 7

0.5 8.576970082821391e-16 18
1 3.168473153095628e-15 62
1.5 2.430170259975327e-15 98
2 9.517699685150846e-15 210
2.5 6.663302957784716e-15 350
3 8.642049123605615e-15 450
3.5 9.19296465013856e-15 602
4 1.091940506976963e-14 762
4.5 1.504372053412892e-14 1142
5 1.368347136753257e-14 1250
5.5 1.313195436128402e-14 1458
6 1.728505525260403e-14 1814
6.5 1.981067274330803e-14 2178
7 2.460054239145381e-14 2498
7.5 2.091914348056086e-14 2622
8 3.277295879597459e-14 3338
8.5 3.341821944939397e-14 3722
9 3.481218506956303e-14 4170
9.5 3.757319003166868e-14 4358
10 4.036603128007239e-14 5034
10.5 4.367875485562084e-14 5714
11 4.715180437590677e-14 5982
11.5 5.618369749791955e-14 6602
12 6.215934382528313e-14 7130
12.5 6.930318232372806e-14 8034
13 8.33157866956953e-14 8606
13.5 8.681642940375637e-14 9066
14 1.010257409850387e-13 9962
14.5 1.088882686671802e-13 10550
15 1.195173505510208e-13 11226
15.5 1.394406479523067e-13 12146
16 1.434834203266716e-13 12303
16.5 1.490671678879684e-13 12584
17 1.463021777831656e-13 12120
17.5 1.39950911884806e-13 11180
18 1.428261864573672e-13 11096
18.5 1.358816463490937e-13 10056
19 1.310129043993898e-13 9716
19.5 1.215578820574017e-13 8604
20 1.208818541263241e-13 8060
20.5 1.15301064087417e-13 7320
21 1.067840188635237e-13 6356
21.5 9.325827941589523e-14 5348
22 7.788781794146117e-14 4308
22.5 6.852135789905428e-14 3563
23 4.599773453417032e-14 2448
23.5 3.569922382255899e-14 1868
24 2.738796608349771e-14 1358
24.5 2.212399445518813e-14 1062
25 1.57449197844957e-14 776
25.5 9.367418415713909e-15 432
26 5.207344128216572e-15 200
26.5 3.258903690890635e-15 168
27 9.320597305603514e-16 56
27.5 2.163383629119125e-16 7

0.5 1.14121529987004e-15 18
1 5.646866016758204e-15 62
1.5 3.94629297171878e-15 98
2 5.975167968683268e-15 210
2.5 6.657497372304836e-15 350
3 8.744711585100869e-15 450
3.5 9.852637283666326e-15 602
4 1.135441318143396e-14 762
4.5 1.64503814807486e-14 1142
5 1.738880364817429e-14 1250
5.5 1.907121014219729e-14 1458
6 2.352021486057706e-14 1814
6.5 2.349213378405387e-14 2178
7 3.046410802580382e-14 2498
7.5 2.883775423988496e-14 2622
8 3.467809309626973e-14 3338
8.5 3.880694982915765e-14 3722
9 3.942034153218309e-14 4170
9.5 4.456932650944598e-14 4358
10 4.98402864788986e-14 5034
10.5 5.59359746045443e-14 5714
11 6.094907479859081e-14 5982
11.5 6.861910548193316e-14 6602
12 7.355379800904697e-14 7130
12.5 8.4044436030087e-14 8034
13 9.698689445732964e-14 8606
13.5 1.125460274183797e-13 9066
14 1.18254816718296e-13 9962
14.5 1.311851889848219e-13 10550
15 1.477177452678932e-13 11226
15.5 1.61714206439036e-13 12146
16 1.745593022296653e-13 12303
16.5 1.878780157029822e-13 12584
17 1.781086112085399e-13 12120
17.5 1.674272601215032e-13 11180
18 1.650170648068726e-13 11096
18.5 1.590128893641586e-13 10056
19 1.516105758015364e-13 9716
19.5 1.443110813710435e-13 8604
20 1.37309460689384e-13 8060
20.5 1.300379265245266e-13 7320
21 1.210209473084027e-13 6356
21.5 1.065911117837463e-13 5348
22 9.402321358385315e-14 4308
22.5 8.150773040227568e-14 3563
23 5.241634206852605e-14 2448
23.5 4.215672578603053e-14 1868
24 3.32791727842677e-14 1358
24.5 2.550447975940982e-14 1062
25 1.846050531131605e-14 776
25.5 1.061635025629238e-14 432
26 5.023787503956218e-15 200
26.5 4.129980344175188e-15 168
27 1.765192683939375e-15 56
27.5 1.85685149543711e-16 7

0.5 2.200155442366056e-15 18
1 5.925020042328599e-15 62
1.5 3.378559385852957e-15 98
2 5.171397574784309e-15 210
2.5 8.424131248279597e-15 350
3 1.030338941215763e-14 450
3.5 1.468798082328619e-14 602
4 1.520099928651734e-14 762
4.5 1.782816340710336e-14 1142
5 1.784152404396955e-14 1250
5.5 1.624814391048812e-14 1458
6 2.298240943665847e-14 1814
6.5 2.316132082479089e-14 2178
7 2.392922467818468e-14 2498
7.5 2.950937238267439e-14 2622
8 3.504925941252647e-14 3338
8.5 3.870693618837351e-14 3722
9 4.164008887365134e-14 4170
9.5 4.083941599428153e-14 4358
10 5.065290794754313e-14 5034
10.5 6.065021856731492e-14 5714
11 6.302678657404662e-14 5982
11.5 7.264100658048064e-14 6602
12 8.181025924757809e-14 7130
12.5 9.016482352904363e-14 8034
13 1.021423169398024e-13 8606
13.5 1.144885882929974e-13 9066
14 1.241659752467737e-13 9962
14.5 1.387397895515044e-13 10550
15 1.469529823701954e-13 11226
15.5 1.707894769169627e-13 12146
16 1.762740451745038e-13 12303
16.5 1.827336450960363e-13 12584
17 1.859513915281858e-13 12120
17.5 1.685261166455498e-13 11180
18 1.71063040288919e-13 11096
18.5 1.578070828760083e-13 10056
19 1.59567917039211e-13 9716
19.5 1.444630945349182e-13 8604
20 1.359925366181058e-13 8060
20.5 1.319284794060458e-13 7320
21 1.182097530545185e-13 6356
21.5 1.030202135008567e-13 5348
22 9.315407797389418e-14 4308
22.5 8.172208916117258e-14 3563
23 5.576214351526835e-14 2448
23.5 4.181868216701302e-14 1868
24 3.350574808599475e-14 1358
24.5 2.575477369865746e-14 1062
25 1.915219291120893e-14 776
25.5 1.101269057643612e-14 432
26 4.954517487209442e-15 200
26.5 4.229211160166256e-15 168
27 1.518592809537954e-15 56
27.5 2.459577059390111e-16 7

0.5 3.270264826686793e-16 18
1 7.020594530927302e-15 62
1.5 5.509257331654794e-15 98
2 7.129414649627473e-15 210
2.5 1.312363855802443e-14 350
3 1.156359298650516e-14 450
3.5 1.089568717980955e-14 602
4 1.410092682825872e-14 762
4.5 1.870739325636051e-14 1142
5 2.298070889404697e-14 1250
5.5 2.222170778256008e-14 1458
6 2.56471200545036e-14 1814
6.5 2.687770560843161e-14 2178
7 2.837221511834132e-14 2498
7.5 3.559986478354832e-14 2622
8 4.318216999403069e-14 3338
8.5 4.282679446651934e-14 3722
9 5.142972968481422e-14 4170
9.5 4.90560120444119e-14 4358
10 5.780057396736669e-14 5034
10.5 6.515956477994642e-14 5714
11 7.114940144356155e-14 5982
11.5 7.837332693795649e-14 6602
12 8.142857676527074e-14 7130
12.5 9.389453703477626e-14 8034
13 1.098740573524232e-13 8606
13.5 1.169465155734501e-13 9066
14 1.372627182190031e-13 9962
14.5 1.549489339261244e-13 10550
15 1.634347076457735e-13 11226
15.5 1.914298285121735e-13 12146
16 2.032152740947435e-13 12303
16.5 2.057197722320471e-13 12584
17 2.045278384503302e-13 12120
17.5 1.945670249005476e-13 11180
18 1.861421797974411e-13 11096
18.5 1.818333303907813e-13 10056
19 1.787619824234591e-13 9716
19.5 1.638137177662208e-13 8604
20 1.598549300560534e-13 8060
20.5 1.554259829212624e-13 7320
21 1.466912405989542e-13 6356
21.5 1.210466888825622e-13 5348
22 1.069298255742456e-13 4308
22.5 9.09221416335512e-14 3563
23 6.014748162919849e-14 2448
23.5 5.230215734200148e-14 1868
24 3.639381520434937e-14 1358
24.5 2.934900170721566e-14 1062
25 2.304752000204537e-14 776
25.5 1.230300966163864e-14 432
26 5.409226587144112e-15 200
26.5 4.468417489066895e-15 168
27 1.16067070226138e-15 56
27.5 2.197827610932497e-16 7

0.5 6.207588473882283e-16 18
1 5.477636404656551e-15 62
1.5 2.018803207484784e-15 98
2 1.109604549699831e-14 210
2.5 1.290600127414208e-14 350
3 1.353007492000866e-14 450
3.5 1.398343599527928e-14 602
4 1.605639170917689e-14 762
4.5 2.201107998628749e-14 1142
5 1.828649815928822e-14 1250
5.5 2.565201019517225e-14 1458
6 2.676023565617547e-14 1814
6.5 2.460722921490476e-14 2178
7 2.994485798476911e-14 2498
7.5 3.488140300108969e-14 2622
8 4.508691040184612e-14 3338
8.5 4.369894390956933e-14 3722
9 5.573891567032729e-14 4170
9.5 5.128526175615894e-14 4358
10 5.517681522045426e-14 5034
10.5 6.839450339223701e-14 5714
11 7.205556691734921e-14 5982
11.5 8.393608091463751e-14 6602
12 9.237646620541346e-14 7130
12.5 1.026687663099299e-13 8034
13 1.188363839043483e-13 8606
13.5 1.289335630343515e-13 9066
14 1.480762578902321e-13 9962
14.5 1.656195373990222e-13 10550
15 1.789077516034256e-13 11226
15.5 1.992100482786685e-13 12146
16 1.997590235599447e-13 12303
16.5 2.202759397108988e-13 12584
17 2.116088635314928e-13 12120
17.5 2.004710820219065e-13 11180
18 2.042090856600339e-13 11096
18.5 1.872958469189543e-13 10056
19 1.951566324344352e-13 9716
19.5 1.703268324555187e-13 8604
20 1.624916386909124e-13 8060
20.5 1.559776669205064e-13 7320
21 1.475135355272334e-13 6356
21.5 1.238979921486034e-13 5348
22 1.08075367667757e-13 4308
22.5 9.81824578092275e-14 3563
23 6.28744428017901e-14 2448
23.5 5.18168025608204e-14 1868
24 3.866305749146553e-14 1358
24.5 3.150021672989975e-14 1062
25 2.290398709089112e-14 776
25.5 1.225695892588924e-14 432
26 6.641674205557147e-15 200
26.5 4.541987146106136e-15 168
27 2.114324210543361e-15 56
27.5 2.366385090356575e-16 7

0.5 2.311075896895229e-15 18
1 4.133336601179842e-15 62
1.5 3.225251939993744e-15 98
2 9.274915289601942e-15 210
2.5 1.397087555878346e-14 350
3 1.32332339745794e-14 450
3.5 1.56501931486429e-14 602
4 1.513892289506036e-14 762
4.5 1.993810015112593e-14 1142
5 2.542016971223582e-14 1250
5.5 2.482368402112025e-14 1458
6 2.957867444109587e-14 1814
6.5 2.996293774672401e-14 2178
7 3.927448627866144e-14 2498
7.5 3.562842685294292e-14 2622
8 4.678055780042401e-14 3338
8.5 5.051750619626403e-14 3722
9 5.294643097446608e-14 4170
9.5 5.619369753250346e-14 4358
10 7.192030116170413e-14 5034
10.5 7.253900179849297e-14 5714
11 8.045851007359381e-14 5982
11.5 9.216656932282809e-14 6602
12 9.859809221292033e-14 7130
12.5 1.106433626059648e-13 8034
13 1.339771269986698e-13 8606
13.5 1.448690504743784e-13 9066
14 1.603851897049342e-13 9962
14.5 1.819968878061098e-13 10550
15 2.012558906985271e-13 11226
15.5 2.176753618837757e-13 12146
16 2.308057590178121e-13 12303
16.5 2.395439503344863e-13 12584
17 2.256129937169542e-13 12120
17.5 2.157819705282534e-13 11180
18 2.148232240844042e-13 11096
18.5 2.142802202175667e-13 10056
19 2.051610487533811e-13 9716
19.5 1.904032118913499e-13 8604
20 1.829702226288136e-13 8060
20.5 1.721690420946106e-13 7320
21 1.641447622084035e-13 6356
21.5 1.419439964834146e-13 5348
22 1.1973723108454e-13 4308
22.5 1.039984460221521e-13 3563
23 7.409060350818315e-14 2448
23.5 5.484290055696543e-14 1868
24 4.043498237668757e-14 1358
24.5 3.378910420283983e-14 1062
25 2.437806547793272e-14 776
25.5 1.379671555875976e-14 432
26 7.152062286721e-15 200
26.5 5.438837603957831e-15 168
27 1.297792278679068e-15 56
27.5 1.545260453950638e-16 7

0.5 2.253862688381348e-15 18
1 4.530682423876048e-15 62
1.5 3.728436480751539e-15 98
2 1.373343288216529e-14 210
2.5 1.246743268171083e-14 350
3 1.0467891494872e-14 450
3.5 1.4443406961533e-14 602
4 1.63117733226212e-14 762
4.5 2.280570060170168e-14 1142
5 2.65437704871536e-14 1250
5.5 2.596811089863943e-14 1458
6 2.988916574299087e-14 1814
6.5 3.245737397985519e-14 2178
7 4.047640383587647e-14 2498
7.5 4.061640497017242e-14 2622
8 4.725758493675476e-14 3338
8.5 5.299696174284405e-14 3722
9 5.991752732520183e-14 4170
9.5 6.483654730733072e-14 4358
10 7.178785288714279e-14 5034
10.5 7.495373295212331e-14 5714
11 8.588957025191277e-14 5982
11.5 9.434242332110749e-14 6602
12 1.013463144724387e-13 7130
12.5 1.151753177229884e-13 8034
13 1.328235249899782e-13 8606
13.5 1.447812397966434e-13 9066
14 1.614850774552943e-13 9962
14.5 1.878577162372606e-13 10550
15 2.059088969057805e-13 11226
15.5 2.204422601978826e-13 12146
16 2.336959979925447e-13 12303
16.5 2.496986766553436e-13 12584
17 2.390608121474765e-13 12120
17.5 2.263692771844901e-13 11180
18 2.353096936379726e-13 11096
18.5 2.139588789463505e-13 10056
19 2.150816927950451e-13 9716
19.5 1.946339444322827e-13 8604
20 1.86957023184075e-13 8060
20.5 1.872874524166615e-13 7320
21 1.699539989635287e-13 6356
21.5 1.433601353912871e-13 5348
22 1.23920934046054e-13 4308
22.5 1.100570297588243e-13 3563
23 6.805004799595602e-14 2448
23.5 5.970692897905488e-14 1868
24 4.209700173872757e-14 1358
24.5 3.242444506262758e-14 1062
25 2.480145515289605e-14 776
25.5 1.474504848333931e-14 432
26 8.166401441435183e-15 200
26.5 4.877944688399523e-15 168
27 1.893243749624213e-15 56
27.5 3.757106573781575e-16 7

0.5 1.018314882913912e-15 18
1 1.088963790912363e-14 62
1.5 5.41259097193478e-15 98
2 1.185117179445203e-14 210
2.5 1.685258938316012e-14 350
3 1.409752574934458e-14 450
3.5 2.183359945091908e-14 602
4 2.375215039222624e-14 762
4.5 2.634661239335976e-14 1142
5 2.94806068567369e-14 1250
5.5 3.079681997816546e-14 1458
6 3.368025412426829e-14 1814
6.5 3.659733224930219e-14 2178
7 4.724513228800973e-14 2498
7.5 4.688533771060627e-14 2622
8 5.013762461805159e-14 3338
8.5 5.89882708406698e-14 3722
9 6.314734211655984e-14 4170
9.5 6.85876882663828e-14 4358
10 7.746671066553824e-14 5034
10.5 8.490464158982067e-14 5714
11 8.432571490138846e-14 5982
11.5 9.403553653250247e-14 6602
12 1.084096115944833e-13 7130
12.5 1.225874284309683e-13 8034
13 1.418957135480535e-13 8606
13.5 1.518431760836887e-13 9066
14 1.684426162905072e-13 9962
14.5 1.936944582260768e-13 10550
15 2.156699164991257e-13 11226
15.5 2.406599506041371e-13 12146
16 2.60054937127729e-13 12303
16.5 2.69172551127319e-13 12584
17 2.643123878480595e-13 12120
17.5 2.373413369543319e-13 11180
18 2.456051520353213e-13 11096
18.5 2.327660727228779e-13 10056
19 2.297866368951495e-13 9716
19.5 2.102372531141504e-13 8604
20 1.959912697219511e-13 8060
20.5 1.928544715298695e-13 7320
21 1.827086122898184e-13 6356
21.5 1.612042521694907e-13 5348
22 1.372996964306437e-13 4308
22.5 1.142805373742693e-13 3563
23 7.831562182835445e-14 2448
23.5 5.958366657687726e-14 1868
24 4.521787667742903e-14 1358
24.5 3.609417383473038e-14 1062
25 2.75082731029043e-14 776
25.5 1.655009283037088e-14 432
26 7.763269557436352e-15 200
26.5 6.134253582111165e-15 168
27 2.171260324603792e-15 56
27.5 1.192972216635107e-16 7

0.5 3.377963384694608e-15 18
1 5.303428657523283e-15 62
1.5 6.144598672583107e-15 98
2 1.047401059626588e-14 210
2.5 1.212417228566317e-14 350
3 2.129305950058861e-14 450
3.5 2.175977834330865e-14 602
4 1.766236627114614e-14 762
4.5 2.619763370125374e-14 1142
5 2.591750338123585e-14 1250
5.5 3.127856020505988e-14 1458
6 3.731846740266125e-14 1814
6.5 3.885626695967153e-14 2178
7 4.662126770543681e-14 2498
7.5 5.096134241764692e-14 2622
8 5.555755100759229e-14 3338
8.5 6.179292699527805e-14 3722
9 6.44805091666587e-14 4170
9.5 6.833402643754147e-14 4358
10 7.531870416819251e-14 5034
10.5 8.776991743438083e-14 5714
11 9.642658192667418e-14 5982
11.5 1.077293154198798e-13 6602
12 1.141907744796387e-13 7130
12.5 1.349036042241883e-13 8034
13 1.422952156195213e-13 8606
13.5 1.562259021866639e-13 9066
14 1.822082776277437e-13 9962
14.5 2.085928659501914e-13 10550
15 2.182569242435952e-13 11226
15.5 2.605304923786457e-13 12146
16 2.530109950277199e-13 12303
16.5 2.717426708667842e-13 12584
17 2.598725059981901e-13 12120
17.5 2.511073103572631e-13 11180
18 2.545561187529148e-13 11096
18.5 2.381989453812438e-13 10056
19 2.348978886721359e-13 9716
19.5 2.187855839308958e-13 8604
20 2.107422550712489e-13 8060
20.5 2.063961358367289e-13 7320
21 1.857669455068616e-13 6356
21.5 1.644716448587451e-13 5348
22 1.368808469184008e-13 4308
22.5 1.185259506465872e-13 3563
23 7.916582773771513e-14 2448
23.5 6.09519370304774e-14 1868
24 4.807806957604943e-14 1358
24.5 3.960203556820697e-14 1062
25 2.812597816376187e-14 776
25.5 1.573146327520137e-14 432
26 7.436053715953169e-15 200
26.5 4.830216042539541e-15 168
27 2.448859117055301e-15 56
27.5 3.235030091826744e-16 7

0.5 1.004520967752943e-15 18
1 5.522837806167724e-15 62
1.5 5.594771380148248e-15 98
2 1.261387605284079e-14 210
2.5 1.895562300371636e-14 350
3 1.653861705416741e-14 450
3.5 1.794713914033243e-14 602
4 1.725309306977367e-14 762
4.5 3.208513305408284e-14 1142
5 3.326675068277171e-14 1250
5.5 3.214188767639825e-14 1458
6 3.823002061279451e-14 1814
6.5 4.069488224510089e-14 2178
7 4.275038553265083e-14 2498
7.5 4.68929125571187e-14 2622
8 5.870746635018491e-14 3338
8.5 6.036220068378635e-14 3722
9 7.457794814917088e-14 4170
9.5 7.249331980893584e-14 4358
10 8.329263566815716e-14 5034
10.5 9.579212157828444e-14 5714
11 1.071117936136009e-13 5982
11.5 1.172355340093887e-13 6602
12 1.236285540445193e-13 7130
12.5 1.397643502032132e-13 8034
13 1.585664605370406e-13 8606
13.5 1.794956080376297e-13 9066
14 2.062177097454241e-13 9962
14.5 2.308533144944945e-13 10550
15 2.461470599519055e-13 11226
15.5 2.736102961745444e-13 12146
16 2.873454666754607e-13 12303
16.5 2.824032679540565e-13 12584
17 2.872575963842495e-13 12120
17.5 2.62127773744709e-13 11180
18 2.741069688626995e-13 11096
18.5 2.623951748045474e-13 10056
19 2.612416683596158e-13 9716
19.5 2.30159320947281e-13 8604
20 2.260942004885744e-13 8060
20.5 2.164175856301028e-13 7320
21 1.960452012231371e-13 6356
21.5 1.747279388497165e-13 5348
22 1.526751333393131e-13 4308
22.5 1.299728224960978e-13 3563
23 8.785578675051966e-14 2448
23.5 6.798865345804704e-14 1868
24 5.334542322450382e-14 1358
24.5 3.894980793799006e-14 1062
25 3.130242883598753e-14 776
25.5 1.681798841478044e-14 432
26 8.180358359731672e-15 200
26.5 5.935698575391599e-15 168
27 1.815495305568531e-15 56
27.5 4.550262433992274e-16 7

0.5 1.902385265281317e-15 18
1 5.176253708590986e-15 62
1.5 6.025396031324025e-15 98
2 1.347617695459391e-14 210
2.5 1.510424242162725e-14 350
3 1.983028359257361e-14 450
3.5 2.160818107545626e-14 602
4 2.926754883488185e-14 762
4.5 2.589568723280232e-14 1142
5 3.499756027447385e-14 1250
5.5 3.062078886000239e-14 1458
6 3.669028578117886e-14 1814
6.5 4.295544883109391e-14 2178
7 4.633294685715531e-14 2498
7.5 4.715491874147651e-14 2622
8 6.102525809822467e-14 3338
8.5 6.944056855740638e-14 3722
9 7.276965745935646e-14 4170
9.5 7.617628060969334e-14 4358
10 8.155900563261384e-14 5034
10.5 9.264232810569046e-14 5714
11 1.040824313607803e-13 5982
11.5 1.165292129979644e-13 6602
12 1.34137121922823e-13 7130
12.5 1.43396240448034e-13 8034
13 1.614486292949126e-13 8606
13.5 1.947378370278757e-13 9066
14 1.993412782803296e-13 9962
14.5 2.330424136957887e-13 10550
15 2.470607761686398e-13 11226
15.5 2.604191930491437e-13 12146
16 2.917986414552288e-13 12303
16.5 3.172434619057259e-13 12584
17 2.987088833151005e-13 12120
17.5 2.859733633434077e-13 11180
18 2.909546696348881e-13 11096
18.5 2.628037160214104e-13 10056
19 2.707046423509549e-13 9716
19.5 2.339118821086954e-13 8604
20 2.192314170165822e-13 8060
20.5 2.141961335631596e-13 7320
21 2.075720850868882e-13 6356
21.5 1.793987066716668e-13 5348
22 1.472521339634343e-13 4308
22.5 1.342881569926551e-13 3563
23 8.743125220427661e-14 2448
23.5 6.938370360929755e-14 1868
24 4.785011504712521e-14 1358
24.5 4.014542059639949e-14 1062
25 2.954499711983967e-14 776
25.5 1.750981533751077e-14 432
26 8.993011817000287e-15 200
26.5 6.401866738006605e-15 168
27 1.956753413619899e-15 56
27.5 1.467939734639498e-16 7

0.5 2.976685580263827e-15 18
1 7.102445693047928e-15 62
1.5 3.335503396570759e-15 98
2 1.106104429665881e-14 210
2.5 9.824624135574995e-15 350
3 1.947123224881632e-14 450
3.5 2.408389584859472e-14 602
4 2.01391947912761e-14 762
4.5 3.530802331937034e-14 1142
5 3.275288030503174e-14 1250
5.5 3.647892364391805e-14 1458
6 4.362230186539427e-14 1814
6.5 4.513188256559473e-14 2178
7 5.224257772519278e-14 2498
7.5 5.018478387754776e-14 2622
8 6.099123680666318e-14 3338
8.5 7.169431905295663e-14 3722
9 7.892769426483625e-14 4170
9.5 7.390686503276012e-14 4358
10 8.774070130121565e-14 5034
10.5 1.061324786547492e-13 5714
11 1.169480063533309e-13 5982
11.5 1.272095865783215e-13 6602
12 1.360122042988443e-13 7130
12.5 1.495060745406726e-13 8034
13 1.789377233579885e-13 8606
13.5 1.752287861890222e-13 9066
14 2.194756388181494e-13 9962
14.5 2.325088324443909e-13 10550
15 2.668577493178538e-13 11226
15.5 2.843736221442219e-13 12146
16 3.149063405667437e-13 12303
16.5 3.201878395217493e-13 12584
17 3.069258920625119e-13 12120
17.5 2.95657490455194e-13 11180
18 3.046214514243375e-13 11096
18.5 2.805076793628864e-13 10056
19 2.759506822239727e-13 9716
19.5 2.519889288329835e-13 8604
20 2.379606572010412e-13 8060
20.5 2.347422470573924e-13 7320
21 2.167684007174568e-13 6356
21.5 1.852273610468091e-13 5348
22 1.638951391205179e-13 4308
22.5 1.379529493053341e-13 3563
23 9.110469132042419e-14 2448
23.5 7.150706186298861e-14 1868
24 5.662258925375574e-14 1358
24.5 4.388014544364642e-14 1062
25 3.610831831656183e-14 776
25.5 1.989723989627758e-14 432
26 8.155387186032177e-15 200
26.5 5.465220606406077e-15 168
27 1.334986222333831e-15 56
27.5 3.638311923399597e-16 7

0.5 3.904990119277808e-15 18
1 7.745779436486107e-15 62
1.5 8.889956904626591e-15 98
2 1.083342395476695e-14 210
2.5 1.933415382394702e-14 350
3 1.966427397310734e-14 450
3.5 2.178144523758956e-14 602
4 2.623150266097399e-14 762
4.5 3.248253283104961e-14 1142
5 4.366490841868945e-14 1250
5.5 3.178829537254002e-14 1458
6 3.778015375093549e-14 1814
6.5 4.6268841699393e-14 2178
7 5.172158586948435e-14 2498
7.5 5.718791126285854e-14 2622
8 6.112916524916286e-14 3338
8.5 7.493950837691632e-14 3722
9 7.710649262322634e-14 4170
9.5 8.222656041301553e-14 4358
10 9.468023554257691e-14 5034
10.5 1.076129919852945e-13 5714
11 1.086691851547483e-13 5982
11.5 1.317172338703897e-13 6602
12 1.397452727799781e-13 7130
12.5 1.619999020261485e-13 8034
13 1.812643197814428e-13 8606
13.5 2.003429696359295e-13 9066
14 2.172819220974705e-13 9962
14.5 2.377614133128791e-13 10550
15 2.704702794789457e-13 11226
15.5 3.114300935886067e-13 12146
16 3.022549511660193e-13 12303
16.5 3.233735737626831e-13 12584
17 3.158446114090426e-13 12120
17.5 2.946481566065091e-13 11180
18 3.046437892915344e-13 11096
18.5 2.796513139884363e-13 10056
19 2.847230008703588e-13 9716
19.5 2.640337615338356e-13 8604
20 2.508868809923446e-13 8060
20.5 2.405875866729782e-13 7320
21 2.263026454059171e-13 6356
21.5 1.852491569715502e-13 5348
22 1.658613160450663e-13 4308
22.5 1.38965973436304e-13 3563
23 9.654568750966039e-14 2448
23.5 7.444858768906259e-14 1868
24 5.383936862665473e-14 1358
24.5 4.175557818270589e-14 1062
25 3.353309593323254e-14 776
25.5 1.844828706124828e-14 432
26 9.554685226572884e-15 200
26.5 6.56998432354296e-15 168
27 2.087666726228977e-15 56
27.5 1.578183189100005e-16 7

0.5 2.159932345458431e-15 18
1 1.244404814060922e-14 62
1.5 6.256242128229132e-15 98
2 1.703016976064157e-14 210
2.5 1.763857699668464e-14 350
3 1.887701025001312e-14 450
3.5 2.4471536023087e-14 602
4 3.211452609403386e-14 762
4.5 3.007530949455165e-14 1142
5 3.641131902183779e-14 1250
5.5 3.295708036835849e-14 1458
6 4.16116385860464e-14 1814
6.5 4.98603478521774e-14 2178
7 5.465018055547617e-14 2498
7.5 5.58500529662359e-14 2622
8 6.962124494896533e-14 3338
8.5 7.625649844884067e-14 3722
9 7.750800993536631e-14 4170
9.5 8.637780406875001e-14 4358
10 9.717375726517573e-14 5034
10.5 1.088216566562192e-13 5714
11 1.276674777966049e-13 5982
11.5 1.278561212552572e-13 6602
12 1.394682783213752e-13 7130
12.5 1.627849362142076e-13 8034
13 1.893596046437034e-13 8606
13.5 2.005127463524549e-13 9066
14 2.375975831771368e-13 9962
14.5 2.648832909984065e-13 10550
15 2.91838057936852e-13 11226
15.5 3.211210193048009e-13 12146
16 3.338903311498445e-13 12303
16.5 3.615149362529935e-13 12584
17 3.318901033735245e-13 12120
17.5 3.238628031009252e-13 11180
18 3.058577096215607e-13 11096
18.5 2.952619042228351e-13 10056
19 2.961063043468511e-13 9716
19.5 2.725149783776824e-13 8604
20 2.540986717589785e-13 8060
20.5 2.503332936205602e-13 7320
21 2.271681419231122e-13 6356
21.5 2.067057983869182e-13 5348
22 1.689002273033314e-13 4308
22.5 1.516577608035371e-13 3563
23 1.041159300838742e-13 2448
23.5 7.884731541997748e-14 1868
24 6.189135806641942e-14 1358
24.5 4.674588685248118e-14 1062
25 3.361055783292242e-14 776
25.5 1.821185728214079e-14 432
26 9.856412862259999e-15 200
26.5 7.959863062607551e-15 168
27 3.015231050623981e-15 56
27.5 4.241437526702041e-16 7

0.5 1.974345356170979e-15 18
1 8.489513266774832e-15 62
1.5 5.14928661706734e-15 98
2 1.824105393913488e-14 210
2.5 2.217952586165478e-14 350
3 2.097788970485472e-14 450
3.5 2.156218528184334e-14 602
4 3.015617852516017e-14 762
4.5 3.422430707882252e-14 1142
5 3.91194343496445e-14 1250
5.5 3.320014082789308e-14 1458
6 4.272566683263246e-14 1814
6.5 4.693245495062867e-14 2178
7 6.472224465901025e-14 2498
7.5 5.480062801977311e-14 2622
8 7.284878844739258e-14 3338
8.5 7.901955078131029e-14 3722
9 7.854487796911965e-14 4170
9.5 8.708782726649366e-14 4358
10 1.025237660820517e-13 5034
10.5 1.16592889982613e-13 5714
11 1.115592042665349e-13 5982
11.5 1.472451712198146e-13 6602
12 1.442868214499956e-13 7130
12.5 1.613712081816585e-13 8034
13 1.722659855367394e-13 8606
13.5 1.981850102205161e-13 9066
14 2.2302438881033e-13 9962
14.5 2.505568669103871e-13 10550
15 2.868518037412776e-13 11226
15.5 3.11582565687987e-13 12146
16 3.321843858588141e-13 12303
16.5 3.475620239347292e-13 12584
17 3.471346965363576e-13 12120
17.5 3.169953917952697e-13 11180
18 3.186665248797287e-13 11096
18.5 3.148230776073608e-13 10056
19 3.063782895157433e-13 9716
19.5 2.649616291349948e-13 8604
20 2.65905511579646e-13 8060
20.5 2.595638360916658e-13 7320
21 2.386938129907931e-13 6356
21.5 2.064117087728361e-13 5348
22 1.764520212205063e-13 4308
22.5 1.46596525534342e-13 3563
23 1.051571457699478e-13 2448
23.5 7.743397997059303e-14 1868
24 6.11891514877585e-14 1358
24.5 4.784363803218379e-14 1062
25 3.592713232641289e-14 776
25.5 1.961960528489621e-14 432
26 9.415347068636761e-15 200
26.5 7.917162916817318e-15 168
27 3.416807287045021e-15 56
27.5 4.845182263125525e-16 7

0.5 3.143896016256994e-15 18
1 6.389770835279069e-15 62
1.5 1.06744462491856e-14 98
2 1.177603840970533e-14 210
2.5 1.766519062390024e-14 350
3 1.766611458450802e-14 450
3.5 2.551777729090296e-14 602
4 2.597414271608042e-14 762
4.5 3.730127237101341e-14 1142
5 4.136013019796057e-14 1250
5.5 3.902538136639304e-14 1458
6 5.10493198398902e-14 1814
6.5 4.995917812571372e-14 2178
7 5.422475491664505e-14 2498
7.5 5.673012630827691e-14 2622
8 7.308837075853922e-14 3338
8.5 7.719827815556968e-14 3722
9 9.055890458473136e-14 4170
9.5 9.536833119353041e-14 4358
10 1.097090434920223e-13 5034
10.5 1.120680417134726e-13 5714
11 1.243570250598712e-13 5982
11.5 1.410573840187523e-13 6602
12 1.568920204818076e-13 7130
12.5 1.871533252771119e-13 8034
13 2.01447362539872e-13 8606
13.5 2.158918123104959e-13 9066
14 2.569470808853067e-13 9962
14.5 2.726806306634383e-13 10550
15 3.05248673350681e-13 11226
15.5 3.381863787153746e-13 12146
16 3.537834011747001e-13 12303
16.5 3.708948667624105e-13 12584
17 3.605994000802709e-13 12120
17.5 3.469364602449811e-13 11180
18 3.294746589570909e-13 11096
18.5 3.244218297817224e-13 10056
19 3.183042163137765e-13 9716
19.5 2.846802911864541e-13 8604
20 2.806681791648514e-13 8060
20.5 2.704679859676358e-13 7320
21 2.406710496508761e-13 6356
21.5 2.258310660154188e-13 5348
22 1.884251030793755e-13 4308
22.5 1.586731990336972e-13 3563
23 1.114384674828534e-13 2448
23.5 8.757342596296183e-14 1868
24 6.010412709254818e-14 1358
24.5 5.039957167620348e-14 1062
25 3.930201510254062e-14 776
25.5 2.217140080850998e-14 432
26 9.148180066165811e-15 200
26.5 8.190292975573434e-15 168
27 2.926970371401552e-15 56
27.5 1.37495567042347e-16 7

0.5 2.982591001571941e-15 18
1 3.089086770603342e-15 62
1.5 9.512219756461654e-15 98
2 1.45588060749602e-14 210
2.5 2.177701788141087e-14 350
3 2.848858550180413e-14 450
3.5 3.027815330857322e-14 602
4 2.741869332285242e-14 762
4.5 4.182049601203905e-14 1142
5 4.461075872029519e-14 1250
5.5 3.536376810444016e-14 1458
6 5.087104560728435e-14 1814
6.5 5.827305722828186e-14 2178
7 6.131055376777518e-14 2498
7.5 6.454114200471667e-14 2622
8 8.317410366475765e-14 3338
8.5 8.16252894029038e-14 3722
9 9.278746872888586e-14 4170
9.5 9.185226384275949e-14 4358
10 1.138723769302619e-13 5034
10.5 1.226437857872462e-13 5714
11 1.366530666987975e-13 5982
11.5 1.398795807094745e-13 6602
12 1.571311084790645e-13 7130
12.5 1.739710706505661e-13 8034
13 2.075593389222263e-13 8606
13.5 2.235113740469126e-13 9066
14 2.652491410185695e-13 9962
14.5 2.691122399454005e-13 10550
15 3.153247576348031e-13 11226
15.5 3.561559971721238e-13 12146
16 3.617385476333501e-13 12303
16.5 3.970789331164731e-13 12584
17 3.647738789323549e-13 12120
17.5 3.508301208982098e-13 11180
18 3.56320139626839e-13 11096
18.5 3.250975322498754e-13 10056
19 3.078214163850718e-13 9716
19.5 2.951728439387767e-13 8604
20 2.887242133426446e-13 8060
20.5 2.824128898919808e-13 7320
21 2.487625291924139e-13 6356
21.5 2.148606211175272e-13 5348
22 1.820918513421687e-13 4308
22.5 1.617695571471981e-13 3563
23 1.075126463647156e-13 2448
23.5 8.950056845751534e-14 1868
24 6.494182293044173e-14 1358
24.5 5.424176514890903e-14 1062
25 3.790790682525652e-14 776
25.5 2.350640450884506e-14 432
26 9.750192638084363e-15 200
26.5 7.631202058331298e-15 168
27 3.662982229150867e-15 56
27.5 5.146418304523674e-16 7

0.5 5.587991179671649e-15 18
1 5.192202354649299e-15 62
1.5 9.188387001874681e-15 98
2 1.772507068789778e-14 210
2.5 1.967579294652871e-14 350
3 2.397899760925587e-14 450
3.5 2.538421588072427e-14 602
4 3.09903457948165e-14 762
4.5 4.295107018383992e-14 1142
5 4.350186358238796e-14 1250
5.5 4.072834854150128e-14 1458
6 5.038006835952135e-14 1814
6.5 4.744371324542498e-14 2178
7 6.569853482364657e-14 2498
7.5 6.329855733788198e-14 2622
8 8.366987559810328e-14 3338
8.5 8.70372189999334e-14 3722
9 9.977128388317023e-14 4170
9.5 9.732696283837878e-14 4358
10 1.08320028686742e-13 5034
10.5 1.297969125003517e-13 5714
11 1.29192565655084e-13 5982
11.5 1.48136256709923e-13 6602
12 1.480801955382602e-13 7130
12.5 1.867169902095319e-13 8034
13 1.915479653651063e-13 8606
13.5 2.300514384976663e-13 9066
14 2.528406924483891e-13 9962
14.5 2.865984056638607e-13 10550
15 3.156312753949172e-13 11226
15.5 3.642623001207552e-13 12146
16 3.778351042972854e-13 12303
16.5 3.972058717765205e-13 12584
17 3.828261562693138e-13 12120
17.5 3.727135922772617e-13 11180
18 3.724688933968986e-13 11096
18.5 3.367297253058366e-13 10056
19 3.422235236576427e-13 9716
19.5 3.006294169070509e-13 8604
20 3.003937991618569e-13 8060
20.5 2.893420466247254e-13 7320
21 2.660687006119986e-13 6356
21.5 2.337879338787554e-13 5348
22 1.977021170244552e-13 4308
22.5 1.7157047607779e-13 3563
23 1.056186906020528e-13 2448
23.5 8.728495860492416e-14 1868
24 6.596261919303491e-14 1358
24.5 5.094074989261949e-14 1062
25 4.29175641670126e-14 776
25.5 1.94435907987991e-14 432
26 1.107656084569809e-14 200
26.5 8.668474900192934e-15 168
27 2.522576160462398e-15 56
27.5 5.411683632115196e-16 7

0.5 2.694595550763229e-15 18
1 9.029435293809748e-15 62
1.5 8.59362125487897e-15 98
2 1.064872233577831e-14 210
2.5 1.365102224113762e-14 350
3 2.347583080557758e-14 450
3.5 3.508862832389536e-14 602
4 3.133735520345146e-14 762
4.5 4.132428055826204e-14 1142
5 4.489363421685288e-14 1250
5.5 4.643842012356232e-14 1458
6 5.184471560253043e-14 1814
6.5 5.869326723463297e-14 2178
7 5.575526574475974e-14 2498
7.5 6.185587896401786e-14 2622
8 7.578541884029678e-14 3338
8.5 8.519167335095954e-14 3722
9 1.022497978147522e-13 4170
9.5 1.018571051850153e-13 4358
10 1.116247329845788e-13 5034
10.5 1.310685227390763e-13 5714
11 1.406800489185909e-13 5982
11.5 1.582116671917449e-13 6602
12 1.719680938287667e-13 7130
12.5 1.95549712104717e-13 8034
13 2.133568244315927e-13 8606
13.5 2.556551749020311e-13 9066
14 2.62353110418577e-13 9962
14.5 3.158638624475323e-13 10550
15 3.353925687840941e-13 11226
15.5 3.792742820410562e-13 12146
16 3.933598847656553e-13 12303
16.5 4.101627729892101e-13 12584
17 4.051311897230686e-13 12120
17.5 3.702480394947273e-13 11180
18 3.645036272750428e-13 11096
18.5 3.491412237854161e-13 10056
19 3.489601228877818e-13 9716
19.5 3.089779487663449e-13 8604
20 3.013387698675688e-13 8060
20.5 3.035839102334787e-13 7320
21 2.691499100405885e-13 6356
21.5 2.357512504922119e-13 5348
22 2.034495967445443e-13 4308
22.5 1.729905615130689e-13 3563
23 1.119949856584319e-13 2448
23.5 8.497534467928758e-14 1868
24 6.225916127174505e-14 1358
24.5 5.429461909026522e-14 1062
25 4.23566419328534e-14 776
25.5 2.526498169534138e-14 432
26 1.237205559987497e-14 200
26.5 7.55895051096087e-15 168
27 2.646525775607001e-15 56
27.5 1.628414912916161e-16 7

0.5 3.309999796605615e-15 18
1 4.869413942980656e-15 62
1.5 1.293556660859534e-14 98
2 1.462928619425021e-14 210
2.5 2.086089313430008e-14 350
3 1.758071215391631e-14 450
3.5 3.353373512117643e-14 602
4 4.373067534967716e-14 762
4.5 4.003848529931451e-14 1142
5 4.129203672723516e-14 1250
5.5 3.246635806474615e-14 1458
6 4.307909600324451e-14 1814
6.5 5.346218159128539e-14 2178
7 6.204257080914782e-14 2498
7.5 6.616055406962486e-14 2622
8 8.857792149333262e-14 3338
8.5 9.481902685703373e-14 3722
9 1.015204836162059e-13 4170
9.5 1.025842372982044e-13 4358
10 1.232057738980452e-13 5034
10.5 1.40842291640253e-13 5714
11 1.42111779607302e-13 5982
11.5 1.527853709709418e-13 6602
12 1.679171929511581e-13 7130
12.5 1.984936894379544e-13 8034
13 2.307245138458886e-13 8606
13.5 2.422093093646014e-13 9066
14 2.707799691461347e-13 9962
14.5 3.134711647625219e-13 10550
15 3.307554432685004e-13 11226
15.5 3.698802352291745e-13 12146
16 3.900472415111202e-13 12303
16.5 4.070799462292424e-13 12584
17 3.914675329201488e-13 12120
17.5 3.706394778260732e-13 11180
18 3.908528592798253e-13 11096
18.5 3.496254003857255e-13 10056
19 3.593770735125529e-13 9716
19.5 3.165290568642402e-13 8604
20 3.244559900955358e-13 8060
20.5 3.053350182561285e-13 7320
21 2.694830377913289e-13 6356
21.5 2.323154125530278e-13 5348
22 2.023370890117352e-13 4308
22.5 1.87265957954485e-13 3563
23 1.115616033809089e-13 2448
23.5 9.474159571295148e-14 1868
24 7.003619179379046e-14 1358
24.5 5.510331117302186e-14 1062
25 4.247455795606406e-14 776
25.5 2.359969691305946e-14 432
26 1.127278866952472e-14 200
26.5 9.140787378054219e-15 168
27 2.652725634741646e-15 56
27.5 2.637908835182254e-16 7

0.5 2.968389229831735e-15 18
1 3.687209423573373e-15 62
1.5 6.842337587608471e-15 98
2 1.960383348201448e-14 210
2.5 2.068492920861759e-14 350
3 1.979212513449154e-14 450
3.5 3.31889349560601e-14 602
4 3.892655873780432e-14 762
4.5 4.568939544581538e-14 1142
5 4.742294596661809e-14 1250
5.5 4.465151418934888e-14 1458
6 4.60185774340837e-14 1814
6.5 5.932723263776225e-14 2178
7 6.638213974786386e-14 2498
7.5 7.25244856757859e-14 2622
8 9.413910730064075e-14 3338
8.5 9.442451932803296e-14 3722
9 1.052422266171261e-13 4170
9.5 1.109488243805952e-13 4358
10 1.204280136608892e-13 5034
10.5 1.385800056244447e-13 5714
11 1.461550781422746e-13 5982
11.5 1.784371055697496e-13 6602
12 1.872617246905756e-13 7130
12.5 1.973940859054601e-13 8034
13 2.239957740486554e-13 8606
13.5 2.658482795199046e-13 9066
14 2.837941275299748e-13 9962
14.5 3.227826201166581e-13 10550
15 3.454617371452852e-13 11226
15.5 3.926539314782435e-13 12146
16 4.112119707575403e-13 12303
16.5 4.283148790999965e-13 12584
17 4.221325811584618e-13 12120
17.5 3.898606541464203e-13 11180
18 3.879629931427458e-13 11096
18.5 3.600200512166185e-13 10056
19 3.773019383467584e-13 9716
19.5 3.38417702893355e-13 8604
20 3.286984420550925e-13 8060
20.5 3.050098667216852e-13 7320
21 2.817031026214918e-13 6356
21.5 2.537538119513968e-13 5348
22 2.055672494751621e-13 4308
22.5 1.784261399009815e-13 3563
23 1.133062977894726e-13 2448
23.5 9.453715123660614e-14 1868
24 7.308624085162936e-14 1358
24.5 5.832623940923956e-14 1062
25 3.948135694195835e-14 776
25.5 2.392755860377131e-14 432
26 1.245677412270634e-14 200
26.5 9.141435101598492e-15 168
27 3.542283869439156e-15 56
27.5 1.704583004029754e-16 7

0.5 2.875625279646422e-15 18
1 9.108086808710959e-15 62
1.5 5.146326450593776e-15 98
2 1.630804471864774e-14 210
2.5 1.792765271623645e-14 350
3 3.046009401911855e-14 450
3.5 2.735101368726806e-14 602
4 3.583682913328983e-14 762
4.5 4.001865630069292e-14 1142
5 4.004870461071448e-14 1250
5.5 4.903305762463515e-14 1458
6 6.734786377478235e-14 1814
6.5 6.727419227393284e-14 2178
7 6.412017720813236e-14 2498
7.5 8.029302315946846e-14 2622
8 8.897180841069034e-14 3338
8.5 9.654965614926811e-14 3722
9 1.024286777725694e-13 4170
9.5 1.164499825079067e-13 4358
10 1.322847027784146e-13 5034
10.5 1.484434512477644e-13 5714
11 1.536916512925817e-13 5982
11.5 1.696289445726222e-13 6602
12 1.834733512822347e-13 7130
12.5 2.095242743324467e-13 8034
13 2.217146053847352e-13 8606
13.5 2.434302019000732e-13 9066
14 2.8080059653821e-13 9962
14.5 3.309982348238554e-13 10550
15 3.6373832308829e-13 11226
15.5 3.766898584054165e-13 12146
16 4.310503631557605e-13 12303
16.5 4.438224784405161e-13 12584
17 4.240665210539433e-13 12120
17.5 4.031894869842354e-13 11180
18 3.899714638579935e-13 11096
18.5 3.942381983378705e-13 10056
19 3.762979957064834e-13 9716
19.5 3.431573453163587e-13 8604
20 3.240153582778597e-13 8060
20.5 3.123405520455302e-13 7320
21 2.965113895832993e-13 6356
21.5 2.580143130177647e-13 5348
22 2.0602320658567e-13 4308
22.5 1.758622856316463e-13 3563
23 1.274060185645958e-13 2448
23.5 9.495910452270974e-14 1868
24 7.694801431839832e-14 1358
24.5 5.78106500961795e-14 1062
25 4.481346174812395e-14 776
25.5 2.302728839401374e-14 432
26 1.222913758277036e-14 200
26.5 8.341278969935699e-15 168
27 4.267975037813366e-15 56
27.5 5.967652136183497e-16 7

0.5 3.092684672309604e-15 18
1 1.274795029888635e-14 62
1.5 6.824514990326777e-15 98
2 1.673301165256422e-14 210
2.5 1.66445018424363e-14 350
3 2.329681852720018e-14 450
3.5 3.492269549910528e-14 602
4 3.4667545737464e-14 762
4.5 5.397066896723814e-14 1142
5 5.1435057632666e-14 1250
5.5 5.160157802614938e-14 1458
6 5.541386969213395e-14 1814
6.5 6.206197290765844e-14 2178
7 7.871002735658734e-14 2498
7.5 6.692141534328424e-14 2622
8 8.78517166031729e-14 3338
8.5 9.442435350270673e-14 3722
9 1.141603845416841e-13 4170
9.5 1.267559011383844e-13 4358
10 1.356108104372052e-13 5034
10.5 1.36848826027387e-13 5714
11 1.630819369246475e-13 5982
11.5 1.769900661209968e-13 6602
12 1.925727198285491e-13 7130
12.5 2.274037456446432e-13 8034
13 2.439736294742264e-13 8606
13.5 2.736504290929785e-13 9066
14 3.032209136362709e-13 9962
14.5 3.576867729363465e-13 10550
15 3.82217835512473e-13 11226
15.5 4.156219906968167e-13 12146
16 4.590931716957076e-13 12303
16.5 4.616557070881533e-13 12584
17 4.351910160269714e-13 12120
17.5 4.150006572880066e-13 11180
18 4.129208842071468e-13 11096
18.5 4.018519007398979e-13 10056
19 3.816399290298987e-13 9716
19.5 3.487575287577573e-13 8604
20 3.433444831191809e-13 8060
20.5 3.344249669985207e-13 7320
21 2.952542950495298e-13 6356
21.5 2.636446436977421e-13 5348
22 2.181564181521322e-13 4308
22.5 1.918609339011576e-13 3563
23 1.369195057796852e-13 2448
23.5 9.952474326262172e-14 1868
24 7.392956739692365e-14 1358
24.5 5.857365664726239e-14 1062
25 4.833917741679609e-14 776
25.5 2.720187749340814e-14 432
26 1.427835933089579e-14 200
26.5 9.396623891023381e-15 168
27 4.275967990947388e-15 56
27.5 4.259741064476684e-16 7

0.5 4.578483425801534e-15 18
1 1.102568157340342e-14 62
1.5 1.005654698335821e-14 98
2 2.711475200226095e-14 210
2.5 1.312309163401525e-14 350
3 3.238242488382422e-14 450
3.5 2.986483179819358e-14 602
4 3.352432142329602e-14 762
4.5 4.285289131971721e-14 1142
5 4.944867797342689e-14 1250
5.5 4.650386814873718e-14 1458
6 5.641750128728756e-14 1814
6.5 6.421809786514399e-14 2178
7 7.432429053423543e-14 2498
7.5 7.765211255446924e-14 2622
8 1.060025061938082e-13 3338
8.5 1.078322427936583e-13 3722
9 1.062603815320346e-13 4170
9.5 1.124220388547124e-13 4358
10 1.234660976834877e-13 5034
10.5 1.561165851806302e-13 5714
11 1.619712098593838e-13 5982
11.5 1.76276989712602e-13 6602
12 2.025159391047182e-13 7130
12.5 2.276838304435585e-13 8034
13 2.35352073596241e-13 8606
13.5 2.915036659697558e-13 9066
14 3.256280861898241e-13 9962
14.5 3.654206552003572e-13 10550
15 3.79442144696027e-13 11226
15.5 4.405791391900891e-13 12146
16 4.59361602247826e-13 12303
16.5 4.781597725092358e-13 12584
17 4.499822878134367e-13 12120
17.5 4.338849816690844e-13 11180
18 4.487147484330035e-13 11096
18.5 4.102119576270194e-13 10056
19 3.919427606426534e-13 9716
19.5 3.499653596276146e-13 8604
20 3.386932680226954e-13 8060
20.5 3.304060939726117e-13 7320
21 3.069211589988263e-13 6356
21.5 2.683201630341282e-13 5348
22 2.226506375200771e-13 4308
22.5 1.980712176965481e-13 3563
23 1.301521610507825e-13 2448
23.5 1.005287925772029e-13 1868
24 7.496694532310413e-14 1358
24.5 5.74142860905599e-14 1062
25 4.593733311396208e-14 776
25.5 2.161727536341415e-14 432
26 1.225109607506471e-14 200
26.5 1.052870200351222e-14 168
27 3.982902367005463e-15 56
27.5 1.933590982901911e-16 7

0.5 2.290377596695058e-15 18
1 1.403488437266966e-14 62
1.5 7.038289148106763e-15 98
2 2.034617294415807e-14 210
2.5 2.992517363401777e-14 350
3 2.944282061190291e-14 450
3.5 2.718666092880902e-14 602
4 3.353909023777568e-14 762
4.5 5.668634292504249e-14 1142
5 3.838584582909386e-14 1250
5.5 5.022753160057669e-14 1458
6 5.213717405959901e-14 1814
6.5 6.082953865621291e-14 2178
7 7.372000498370949e-14 2498
7.5 7.019123288352216e-14 2622
8 1.0336567416315e-13 3338
8.5 1.031368563095397e-13 3722
9 1.138700588456743e-13 4170
9.5 1.223776706411708e-13 4358
10 1.279303034398988e-13 5034
10.5 1.506442151918074e-13 5714
11 1.729520993239086e-13 5982
11.5 1.910250626601243e-13 6602
12 2.026523771875417e-13 7130
12.5 2.356314949904574e-13 8034
13 2.519341947124205e-13 8606
13.5 2.876680475131986e-13 9066
14 3.219816436520317e-13 9962
14.5 3.66151120553674e-13 10550
15 3.855939081025365e-13 11226
15.5 4.358583208266512e-13 12146
16 4.56980898378489e-13 12303
16.5 4.736663044450135e-13 12584
17 4.742241704679862e-13 12120
17.5 4.375311448917806e-13 11180
18 4.37832615912267e-13 11096
18.5 4.035955543641654e-13 10056
19 4.032275618023989e-13 9716
19.5 3.792310493290119e-13 8604
20 3.491239390511872e-13 8060
20.5 3.357650591296776e-13 7320
21 3.200675653204681e-13 6356
21.5 2.723342999065559e-13 5348
22 2.316816732401512e-13 4308
22.5 2.024975763160629e-13 3563
23 1.250949926225092e-13 2448
23.5 1.048813146946213e-13 1868
24 7.978474213704282e-14 1358
24.5 5.927377002010644e-14 1062
25 4.243682250453545e-14 776
25.5 2.314528783372977e-14 432
26 1.13103238201323e-14 200
26.5 7.966257123103666e-15 168
27 3.150468695822066e-15 56
27.5 1.595227468152026e-16 7

0.5 4.211807113269481e-15 18
1 1.138958006066242e-14 62
1.5 1.174147042985505e-14 98
2 2.597251974146017e-14 210
2.5 2.600699677962989e-14 350
3 3.133288495639494e-14 450
3.5 3.373557967948606e-14 602
4 3.715475001957206e-14 762
4.5 4.808487439280346e-14 1142
5 5.578709421635472e-14 1250
5.5 5.62148068774061e-14 1458
6 6.585565998072205e-14 1814
6.5 7.385575106332087e-14 2178
7 9.222943283664047e-14 2498
7.5 8.649897894628445e-14 2622
8 9.478571636612276e-14 3338
8.5 1.051718175967728e-13 3722
9 1.111968039590166e-13 4170
9.5 1.263941790390715e-13 4358
10 1.22868347630126e-13 5034
10.5 1.533894053096282e-13 5714
11 1.823282947255529e-13 5982
11.5 1.930464139605297e-13 6602
12 2.139597445185419e-13 7130
12.5 2.349283323228865e-13 8034
13 2.637837065871079e-13 8606
13.5 2.994733808212759e-13 9066
14 3.279141429019719e-13 9962
14.5 3.657899010100087e-13 10550
15 3.854477199571682e-13 11226
15.5 4.315157879336214e-13 12146
16 4.49111723815142e-13 12303
16.5 4.933362265181701e-13 12584
17 4.666214412497996e-13 12120
17.5 4.331530158080753e-13 11180
18 4.388606888931137e-13 11096
18.5 4.181319302026549e-13 10056
19 4.123258255501687e-13 9716
19.5 3.909026036386678e-13 8604
20 3.698161811359477e-13 8060
20.5 3.510602587873403e-13 7320
21 3.147176425563292e-13 6356
21.5 2.822157372736764e-13 5348
22 2.367015271543858e-13 4308
22.5 2.079954067310582e-13 3563
23 1.317074982668867e-13 2448
23.5 1.076392742006857e-13 1868
24 8.58731147670759e-14 1358
24.5 6.272758295289553e-14 1062
25 4.830734432303897e-14 776
25.5 2.664966934560982e-14 432
26 1.505130182860321e-14 200
26.5 1.016089426846179e-14 168
27 2.641929141576199e-15 56
27.5 1.821621387770729e-16 7

0.5 3.743414626485785e-15 18
1 1.281172745655169e-14 62
1.5 6.323787415506922e-15 98
2 1.483490917149277e-14 210
2.5 2.976428397964458e-14 350
3 2.584106143466612e-14 450
3.5 3.559620023015695e-14 602
4 3.040952224298172e-14 762
4.5 5.962279014620184e-14 1142
5 5.956201944640535e-14 1250
5.5 5.583943495537134e-14 1458
6 6.236479677807586e-14 1814
6.5 6.906367517313899e-14 2178
7 8.576375809835895e-14 2498
7.5 9.304022812254113e-14 2622
8 9.893356355330724e-14 3338
8.5 1.049195808352264e-13 3722
9 1.275147639210484e-13 4170
9.5 1.2661303915983e-13 4358
10 1.483154432479583e-13 5034
10.5 1.617366034369222e-13 5714
11 1.807462934843929e-13 5982
11.5 1.85375769447846e-13 6602
12 2.040458866408301e-13 7130
12.5 2.543502758179324e-13 8034
13 2.633769512364346e-13 8606
13.5 3.002778514783593e-13 9066
14 3.321239115001658e-13 9962
14.5 3.836581815608065e-13 10550
15 4.145432132208571e-13 11226
15.5 4.578128808156543e-13 12146
16 4.845809913895376e-13 12303
16.5 4.899810473971712e-13 12584
17 4.763925364297103e-13 12120
17.5 4.378288122504925e-13 11180
18 4.48166461738294e-13 11096
18.5 4.166311349160823e-13 10056
19 4.069164344835225e-13 9716
19.5 3.839544226640609e-13 8604
20 3.569554492498293e-13 8060
20.5 3.486162705936745e-13 7320
21 3.28540387103454e-13 6356
21.5 2.870411636137442e-13 5348
22 2.377769407475345e-13 4308
22.5 2.024489440311977e-13 3563
23 1.357248386326602e-13 2448
23.5 1.057651087190199e-13 1868
24 7.76575151980557e-14 1358
24.5 6.467156483745412e-14 1062
25 4.83728865859487e-14 776
25.5 2.817578164157678e-14 432
26 1.330555818156205e-14 200
26.5 9.707650071264119e-15 168
27 2.804504095236637e-15 56
27.5 2.27796659674262e-16 7

