1:binCentralValue 2:valuesAverage 3:valuesAverage 4:multiplicity
0.5 6.703706169938701e-12 1.457031732746846e-12 18
1 2.391777680900656e-11 3.288757878140036e-11 62
1.5 3.45920863129656e-11 6.987350807336233e-11 98
2 9.711211142156739e-11 4.39877597441323e-10 210
2.5 1.725321654337173e-10 8.674909443185461e-10 350
3 2.409163620902879e-10 1.873152137187564e-09 450
3.5 2.577445046792001e-10 3.160518015421041e-09 602
4 3.668860697412943e-10 5.716510459868335e-09 762
4.5 5.075651324704715e-10 1.00123098439623e-08 1142
5 5.718496646022325e-10 1.408230836116491e-08 1250
5.5 6.8312168094099e-10 1.901247605739178e-08 1458
6 8.249686142955602e-10 2.83308314740196e-08 1814
6.5 1.024641722336999e-09 4.021229386885836e-08 2178
7 1.117258748272134e-09 5.27944156640764e-08 2498
7.5 1.2511505098173e-09 6.590763618994457e-08 2622
8 1.499943318682172e-09 9.70164974272251e-08 3338
8.5 1.714173498953226e-09 1.218099270056028e-07 3722
9 1.946187261791559e-09 1.50854286228091e-07 4170
9.5 2.114719231075552e-09 1.860357749761476e-07 4358
10 2.30102019526089e-09 2.385467972910728e-07 5034
10.5 2.628895598402068e-09 2.84863186603664e-07 5714
11 2.679556984015889e-09 3.311112415415031e-07 5982
11.5 3.130825179328275e-09 4.037980634497011e-07 6602
12 3.302017718270733e-09 4.600620993576254e-07 7130
12.5 3.702418289422121e-09 5.740674477602654e-07 8034
13 3.892776215515669e-09 6.528384191369101e-07 8606
13.5 4.131870958070903e-09 7.491265945392454e-07 9066
14 4.573566757843758e-09 9.000105807081212e-07 9962
14.5 4.824739162121363e-09 1.031751358527806e-06 10550
15 5.168836311112649e-09 1.161099408507016e-06 11226
15.5 5.727216400481001e-09 1.318742458615145e-06 12146
16 5.716465206731352e-09 1.422859810092382e-06 12303
16.5 5.887750071507785e-09 1.531631348771962e-06 12584
17 5.744272463548229e-09 1.581056164548507e-06 12120
17.5 5.214946051700405e-09 1.545161302853549e-06 11180
18 5.123814916016451e-09 1.638558004755251e-06 11096
18.5 4.580411427521772e-09 1.506838136043435e-06 10056
19 4.441422284419695e-09 1.581711282794858e-06 9716
19.5 4.00699110070794e-09 1.492978257918386e-06 8604
20 1.885834168364978e-09 7.232583662595479e-07 8060
20.5 6.797562928971722e-32 2.226316724725982e-34 7320
21 3.985037975928536e-32 1.528631373455422e-34 6356
21.5 3.81027669002401e-32 1.630091525755643e-34 5348
22 4.364642938568225e-32 1.094719897876242e-34 4308
22.5 4.922098256858338e-32 2.034440834084883e-34 3563
23 1.736755416590523e-32 7.080747608199483e-35 2448
23.5 1.461437348439051e-32 5.356703565449666e-35 1868
24 1.197121533402035e-32 4.503127267489385e-35 1358
24.5 8.829992402466976e-33 3.620541822071393e-35 1062
25 6.837242656652362e-33 2.225776594138579e-35 776
25.5 4.161942630773625e-33 1.591868269077726e-35 432
26 3.811670323925573e-33 9.639584164911725e-36 200
26.5 2.497216850787813e-33 9.97102881261577e-36 168
27 1.482338748800401e-33 6.160028969886841e-36 56
27.5 3.382346773033857e-34 7.275773398289032e-37 7

0.5 1.638175606138925e-12 6.070823090498463e-13 18
1 5.289097390062769e-12 1.598330491263183e-11 62
1.5 5.774927428357365e-12 4.385463603829372e-11 98
2 2.452342653115062e-11 1.918213812503605e-10 210
2.5 3.614364150985115e-11 4.58219531665269e-10 350
3 5.107488930678419e-11 9.584066335255679e-10 450
3.5 6.078752023425271e-11 1.441555358153315e-09 602
4 8.099645135055085e-11 2.788006841804523e-09 762
4.5 1.11822078878603e-10 4.901756009939143e-09 1142
5 1.304229092774806e-10 6.667856020091187e-09 1250
5.5 1.448728707572555e-10 9.627528767616824e-09 1458
6 1.813531735735997e-10 1.390365607478853e-08 1814
6.5 2.281251333705309e-10 1.952131599384687e-08 2178
7 2.624129965838824e-10 2.426731983928589e-08 2498
7.5 2.91935506770467e-10 3.052675974909429e-08 2622
8 3.690073448294318e-10 4.270983793799384e-08 3338
8.5 4.021868598276893e-10 5.624229084036943e-08 3722
9 4.718024752089177e-10 6.739589390193336e-08 4170
9.5 5.258733319496217e-10 8.107588583885834e-08 4358
10 5.911390148000531e-10 1.020132717302822e-07 5034
10.5 6.599508575135992e-10 1.240049699373686e-07 5714
11 7.117120558593713e-10 1.364966965349184e-07 5982
11.5 7.847828795913589e-10 1.766237982763186e-07 6602
12 8.377055799282786e-10 1.9935589042971e-07 7130
12.5 9.921413569890075e-10 2.376465253709708e-07 8034
13 1.048725974465643e-09 2.702879968797367e-07 8606
13.5 1.149465321489037e-09 3.013870248839342e-07 9066
14 1.29698579786467e-09 3.591925226853847e-07 9962
14.5 1.425502885723859e-09 3.974022790584544e-07 10550
15 1.49023084263247e-09 4.606211519690759e-07 11226
15.5 1.647011067007728e-09 5.232210597983216e-07 12146
16 1.681942045341342e-09 5.565028689951277e-07 12303
16.5 1.745991550703099e-09 5.910324635161694e-07 12584
17 1.690271176373357e-09 6.154989020645788e-07 12120
17.5 1.569391689172836e-09 5.888114777852417e-07 11180
18 1.567281264460885e-09 6.184565592742505e-07 11096
18.5 1.38294367786932e-09 5.737336247567192e-07 10056
19 1.387706248815103e-09 5.878572345197703e-07 9716
19.5 1.238757173788718e-09 5.619843947045629e-07 8604
20 6.06143730938602e-10 2.622141641123127e-07 8060
20.5 7.701647600511802e-20 3.632820053800682e-17 7320
21 6.247110702479334e-20 3.201154895253456e-17 6356
21.5 5.322832053402161e-20 2.657473133401895e-17 5348
22 4.132427666870452e-20 2.188294966849853e-17 4308
22.5 3.276335919829413e-20 1.73377081169756e-17 3563
23 2.095152043394561e-20 1.246512069897325e-17 2448
23.5 1.641505780973271e-20 9.184314074026423e-18 1868
24 1.138332211646093e-20 6.792123569445331e-18 1358
24.5 8.523108615840217e-21 5.413835282422591e-18 1062
25 6.616253882886742e-21 4.135997170700603e-18 776
25.5 3.359931591805341e-21 2.611970137812006e-18 432
26 1.64977936969064e-21 1.065541760602571e-18 200
26.5 1.48778035445522e-21 7.513251359200215e-19 168
27 4.716219913743979e-22 3.021259880942675e-19 56
27.5 3.907228827185126e-23 1.89425666215397e-20 7

0.5 6.403480126865267e-13 4.405043835185587e-13 18
1 2.406802096845672e-12 9.760958246202732e-12 62
1.5 3.390722042736159e-12 2.154514632567925e-11 98
2 9.713983634524039e-12 1.365852037041468e-10 210
2.5 1.452046207922797e-11 3.160514353701687e-10 350
3 2.14213424148951e-11 6.351869554172786e-10 450
3.5 2.496240692807852e-11 9.890392945214349e-10 602
4 3.692408722207306e-11 1.702136402597682e-09 762
4.5 5.025539368984604e-11 3.037945800868938e-09 1142
5 5.68152618575845e-11 4.27349416265771e-09 1250
5.5 6.366110824144559e-11 6.140897077992158e-09 1458
6 7.822360290884782e-11 8.979243503468534e-09 1814
6.5 9.673932511804264e-11 1.279590835081528e-08 2178
7 1.07661387657311e-10 1.646438926261594e-08 2498
7.5 1.218732294325827e-10 2.032841502096241e-08 2622
8 1.548367210909854e-10 2.832564903764217e-08 3338
8.5 1.797664565626998e-10 3.510619507644569e-08 3722
9 2.020263130749832e-10 4.385993929280776e-08 4170
9.5 2.205974714849481e-10 5.385688445330506e-08 4358
10 2.517155256124656e-10 6.665874546723133e-08 5034
10.5 2.848391126559391e-10 7.991615939766047e-08 5714
11 2.962765124584131e-10 9.153708239379063e-08 5982
11.5 3.453028569468108e-10 1.119438106647696e-07 6602
12 3.665049202221723e-10 1.269129250106261e-07 7130
12.5 4.292962536251257e-10 1.528889637046323e-07 8034
13 4.486446026234618e-10 1.760202269875569e-07 8606
13.5 4.747192685694854e-10 2.031472881177915e-07 9066
14 5.571318880532907e-10 2.321444050258157e-07 9962
14.5 6.034231359094755e-10 2.619093912009572e-07 10550
15 6.484368661466488e-10 2.94180123342091e-07 11226
15.5 7.170950612555982e-10 3.357910759653452e-07 12146
16 7.251312394702313e-10 3.599912810259367e-07 12303
16.5 7.502044593375753e-10 3.837703026343286e-07 12584
17 7.213903848647905e-10 4.003520248105434e-07 12120
17.5 6.619236614896317e-10 3.880864567988885e-07 11180
18 6.84532975148173e-10 3.947155484120568e-07 11096
18.5 5.889399680554244e-10 3.753357731816366e-07 10056
19 5.959468417414344e-10 3.81750748443722e-07 9716
19.5 5.240245254063703e-10 3.700666767512064e-07 8604
20 2.550517498804314e-10 1.742006256909389e-07 8060
20.5 4.201393682243167e-20 2.961537014021697e-17 7320
21 3.451467893071195e-20 2.614101473955151e-17 6356
21.5 2.856272704336975e-20 2.104666971032983e-17 5348
22 2.242348816708583e-20 1.715446342342017e-17 4308
22.5 1.801739542657806e-20 1.400267580433747e-17 3563
23 1.135221047957873e-20 9.48520139533782e-18 2448
23.5 8.142499136314081e-21 7.687772916847678e-18 1868
24 6.162845935914451e-21 5.047368185366397e-18 1358
24.5 4.569218601384901e-21 3.980685511153784e-18 1062
25 3.058009578435958e-21 3.495231907565946e-18 776
25.5 1.862006177583483e-21 2.032593232392011e-18 432
26 8.421336761097857e-22 9.098355144624435e-19 200
26.5 6.145875690352953e-22 6.088617701115439e-19 168
27 2.421424493636619e-22 2.680888987918642e-19 56
27.5 7.970225586813491e-24 3.999197233703666e-20 7

0.5 1.70822912091257e-13 5.517597898458457e-13 18
1 1.112503800326657e-12 7.684162506710277e-12 62
1.5 1.620157223071421e-12 1.741833303806315e-11 98
2 4.721157730558492e-12 1.025124211707214e-10 210
2.5 7.69287614309249e-12 2.240891956131211e-10 350
3 1.140224671488767e-11 4.42610386933276e-10 450
3.5 1.389615541015063e-11 6.52869247678565e-10 602
4 1.755305810607042e-11 1.335477975347433e-09 762
4.5 2.550067742373767e-11 2.234809879645292e-09 1142
5 2.859252957344662e-11 3.161095796122368e-09 1250
5.5 3.376698067962933e-11 4.310981925428035e-09 1458
6 4.173449389140755e-11 6.286897878463021e-09 1814
6.5 5.087950369088632e-11 9.078778335742197e-09 2178
7 5.79835209758616e-11 1.142577965712949e-08 2498
7.5 6.501048430085948e-11 1.423427282628806e-08 2622
8 8.204987207927454e-11 1.995270516585887e-08 3338
8.5 9.085500008070072e-11 2.584314469877248e-08 3722
9 1.03550765649606e-10 3.191954172544402e-08 4170
9.5 1.139486835064671e-10 3.889791019237978e-08 4358
10 1.312301236978192e-10 4.758177976718021e-08 5034
10.5 1.458285224078844e-10 5.824742782808239e-08 5714
11 1.519151820642494e-10 6.647699855374897e-08 5982
11.5 1.75741821128565e-10 8.210421275294763e-08 6602
12 1.885656865545139e-10 9.19602475639864e-08 7130
12.5 2.195476872835992e-10 1.115253195521093e-07 8034
13 2.377708102491641e-10 1.236021296306887e-07 8606
13.5 2.497000298002949e-10 1.440544738951919e-07 9066
14 2.919166190795454e-10 1.6523640464476e-07 9962
14.5 3.02508704024482e-10 1.945911055957102e-07 10550
15 3.334625660937478e-10 2.136470700780515e-07 11226
15.5 3.734737214547396e-10 2.41106240327537e-07 12146
16 3.743794539041055e-10 2.600385133967772e-07 12303
16.5 3.797576919144536e-10 2.829762960421309e-07 12584
17 3.69033631911764e-10 2.915836346231423e-07 12120
17.5 3.465706236507073e-10 2.764558259938202e-07 11180
18 3.474928369892526e-10 2.904359499975871e-07 11096
18.5 3.087206389901474e-10 2.67116009602848e-07 10056
19 2.98992997970082e-10 2.835373569456771e-07 9716
19.5 2.802481313505279e-10 2.588972277221942e-07 8604
20 1.328519851398575e-10 1.252203626668756e-07 8060
20.5 1.681210820565011e-20 1.735907670135441e-17 7320
21 1.391753971425509e-20 1.519135196198337e-17 6356
21.5 1.176031193178596e-20 1.244416077854426e-17 5348
22 9.106338340171253e-21 1.037803941181678e-17 4308
22.5 7.065291291602808e-21 8.333864851593795e-18 3563
23 4.892333583907779e-21 5.587507121127969e-18 2448
23.5 3.701452872464463e-21 4.142514088626215e-18 1868
24 2.582512779205828e-21 3.045188599859584e-18 1358
24.5 1.944978656409566e-21 2.372864147507114e-18 1062
25 1.570482910779519e-21 1.827487805863864e-18 776
25.5 7.855746458242992e-22 1.15977449928875e-18 432
26 3.253804701802454e-22 5.648693465061346e-19 200
26.5 3.042075727232394e-22 3.743555098247907e-19 168
27 7.577772633125114e-23 1.77375271893498e-19 56
27.5 4.200268147374669e-24 1.778038182096489e-20 7

0.5 1.338730437486381e-13 3.26793972547424e-13 18
1 8.357731554379278e-13 4.787290071254213e-12 62
1.5 8.645875007849864e-13 1.437413402899021e-11 98
2 3.139469940799017e-12 7.073582918861585e-11 210
2.5 4.239496293319422e-12 1.812183584815259e-10 350
3 6.51240151569598e-12 3.518052663531587e-10 450
3.5 8.044534677790048e-12 5.109063239244403e-10 602
4 1.109106986250781e-11 9.591123609468887e-10 762
4.5 1.593794959679247e-11 1.607144492977064e-09 1142
5 1.711505080087308e-11 2.386550055335402e-09 1250
5.5 2.07306011642144e-11 3.16997358101641e-09 1458
6 2.512349432852858e-11 4.718221974666193e-09 1814
6.5 2.93527679231633e-11 7.100123320953112e-09 2178
7 3.445597242927304e-11 8.680286208087968e-09 2498
7.5 3.77194768115777e-11 1.107793443768768e-08 2622
8 4.7468043503768e-11 1.556969023271171e-08 3338
8.5 5.362734218646219e-11 1.978355661165148e-08 3722
9 5.737951956167713e-11 2.58700552689777e-08 4170
9.5 6.659449545497427e-11 3.00323871612352e-08 4358
10 7.665730745507336e-11 3.687238786432446e-08 5034
10.5 8.773991315823331e-11 4.364601958702775e-08 5714
11 9.232912576052386e-11 4.941229069267949e-08 5982
11.5 1.044700976008831e-10 6.240306284932655e-08 6602
12 1.105714711983934e-10 7.083931018094667e-08 7130
12.5 1.284112466822844e-10 8.615121614567249e-08 8034
13 1.371883633065621e-10 9.68588059909172e-08 8606
13.5 1.500686592348938e-10 1.081023264446732e-07 9066
14 1.6835155285147e-10 1.294560279339532e-07 9962
14.5 1.86844373745724e-10 1.421583701699868e-07 10550
15 1.957485362767687e-10 1.642292517324161e-07 11226
15.5 2.175351270139643e-10 1.864166729797403e-07 12146
16 2.197636407953858e-10 1.996148080803321e-07 12303
16.5 2.314899313942135e-10 2.099262920610328e-07 12584
17 2.21823634345485e-10 2.19454170445713e-07 12120
17.5 2.017631719244136e-10 2.147361113533873e-07 11180
18 1.982052405683405e-10 2.29595696349193e-07 11096
18.5 1.802204895682453e-10 2.07103825432691e-07 10056
19 1.735643811547476e-10 2.202182023104908e-07 9716
19.5 1.65644257868785e-10 1.975196228510138e-07 8604
20 7.524820598717344e-11 9.929765651104059e-08 8060
20.5 1.022749045123324e-20 1.269728623958407e-17 7320
21 8.48974435489418e-21 1.105071313313428e-17 6356
21.5 7.121792164431432e-21 9.004021044676505e-18 5348
22 5.22762587965316e-21 7.878000078614182e-18 4308
22.5 4.072486175925521e-21 6.31474113335815e-18 3563
23 2.920382051813808e-21 4.092682455059083e-18 2448
23.5 2.139599602337734e-21 3.23414589290371e-18 1868
24 1.314969130914949e-21 2.647056935572839e-18 1358
24.5 1.076671985853208e-21 1.920132555283699e-18 1062
25 9.028247448361619e-22 1.37143205097983e-18 776
25.5 5.162982921958801e-22 7.71893481029689e-19 432
26 2.276310665175875e-22 3.56770648051297e-19 200
26.5 1.723478756045886e-22 3.013241183130176e-19 168
27 6.891021891574031e-23 9.800922288916327e-20 56
27.5 9.166847108821134e-24 1.222222466836051e-21 7

0.5 1.143547537797196e-13 2.074134612682074e-13 18
1 5.029490567028772e-13 4.178247018417554e-12 62
1.5 6.960502491450456e-13 8.947578211612213e-12 98
2 2.063143663303005e-12 5.539767151299084e-11 210
2.5 2.882519429122546e-12 1.399211984308002e-10 350
3 4.29893057829677e-12 2.74605091451943e-10 450
3.5 4.783129547123348e-12 4.440269153869818e-10 602
4 6.973159361244718e-12 7.834638459721395e-10 762
4.5 9.373208708209509e-12 1.411149493735635e-09 1142
5 1.080403588473136e-11 1.945520887737234e-09 1250
5.5 1.288190134765265e-11 2.630222739497443e-09 1458
6 1.516589386719097e-11 4.021716136776056e-09 1814
6.5 1.912808816654102e-11 5.622988082985231e-09 2178
7 2.149198163044483e-11 7.16162417870586e-09 2498
7.5 2.415086596814119e-11 8.917933339917231e-09 2622
8 3.027580693403117e-11 1.260481360119332e-08 3338
8.5 3.419734845260568e-11 1.598542247610967e-08 3722
9 3.91971992676531e-11 1.961246228590478e-08 4170
9.5 4.367174549146812e-11 2.366238595433839e-08 4358
10 4.898619318808092e-11 2.975523204082243e-08 5034
10.5 5.55273106701454e-11 3.563128335253146e-08 5714
11 5.775618967204128e-11 4.084591602543531e-08 5982
11.5 6.786266863417045e-11 4.946072994315352e-08 6602
12 7.301413234615108e-11 5.525715731236827e-08 7130
12.5 8.175660040119256e-11 6.954857464772101e-08 8034
13 8.837776931124439e-11 7.747561776332711e-08 8606
13.5 9.682594067845181e-11 8.661242022149204e-08 9066
14 1.075880059311053e-10 1.044066753823515e-07 9962
14.5 1.2059144935366e-10 1.139354774042749e-07 10550
15 1.263732380874131e-10 1.317169873826856e-07 11226
15.5 1.412913554138607e-10 1.483843801348481e-07 12146
16 1.429407108162381e-10 1.588732958642715e-07 12303
16.5 1.452474717081265e-10 1.723348223288266e-07 12584
17 1.431226267216672e-10 1.755911935224021e-07 12120
17.5 1.303698635032889e-10 1.714549998164439e-07 11180
18 1.328426971389492e-10 1.76536945445662e-07 11096
18.5 1.143430004796938e-10 1.681816504254498e-07 10056
19 1.150837891570845e-10 1.715929300753617e-07 9716
19.5 1.03079835106669e-10 1.634127556044388e-07 8604
20 4.87483269697257e-11 7.933502639094151e-08 8060
20.5 7.825868383501552e-21 1.178001897172889e-17 7320
21 6.520074883813322e-21 9.888946404409927e-18 6356
21.5 5.406466619507377e-21 8.040012475849001e-18 5348
22 4.249019064003629e-21 6.598482546434031e-18 4308
22.5 3.072673017619225e-21 5.780013490474196e-18 3563
23 2.086110493657156e-21 3.946955829602033e-18 2448
23.5 1.559719452560073e-21 2.948083829947086e-18 1868
24 1.084246501938993e-21 2.166975197548637e-18 1358
24.5 8.15443423228192e-22 1.639848430097547e-18 1062
25 6.489574054127089e-22 1.232709044778655e-18 776
25.5 3.520046584984201e-22 6.943078533981484e-19 432
26 1.497867143407527e-22 3.60201403222964e-19 200
26.5 1.162993717890993e-22 2.661562086336932e-19 168
27 4.699935118028294e-23 8.189575994078444e-20 56
27.5 4.976636094636318e-24 2.024686769025325e-21 7

0.5 4.464680895845305e-14 2.85540815431038e-13 18
1 2.969429899571123e-13 3.915294770294794e-12 62
1.5 4.276133021902408e-13 8.284190475550229e-12 98
2 1.352678410113726e-12 4.759592536047117e-11 210
2.5 2.066171373256026e-12 1.082260064802046e-10 350
3 2.818156532241258e-12 2.365927634486276e-10 450
3.5 3.231526597976002e-12 3.714758362887274e-10 602
4 4.439725401220761e-12 6.921146865525099e-10 762
4.5 6.695823824417215e-12 1.116579638642744e-09 1142
5 7.616341560562112e-12 1.556905441000162e-09 1250
5.5 9.138298515502997e-12 2.091275613229965e-09 1458
6 1.076230156618102e-11 3.203066425105975e-09 1814
6.5 1.360305516038838e-11 4.472530386189281e-09 2178
7 1.507573450341718e-11 5.77510668287554e-09 2498
7.5 1.678333774168732e-11 7.234729314350451e-09 2622
8 2.174069421552049e-11 9.876859039634099e-09 3338
8.5 2.376029530468641e-11 1.298571302145035e-08 3722
9 2.729945461598311e-11 1.59349144974917e-08 4170
9.5 3.040839416711585e-11 1.920556588462141e-08 4358
10 3.41823963220075e-11 2.405777199182484e-08 5034
10.5 3.85118873037458e-11 2.899531909432334e-08 5714
11 4.115025599994386e-11 3.234155198611197e-08 5982
11.5 4.585279738491139e-11 4.13750020135363e-08 6602
12 4.967255238567036e-11 4.588557168136812e-08 7130
12.5 5.69563633452751e-11 5.663417288693833e-08 8034
13 5.905827468922391e-11 6.542245775067568e-08 8606
13.5 6.448871182329191e-11 7.332732380007303e-08 9066
14 7.32308336818205e-11 8.6540623520843e-08 9962
14.5 8.044816415710072e-11 9.616733551716456e-08 10550
15 8.474634672241877e-11 1.104087356776072e-07 11226
15.5 9.688748592102457e-11 1.217707712644246e-07 12146
16 9.486264688788258e-11 1.343365563876796e-07 12303
16.5 9.937529640745088e-11 1.417015266137558e-07 12584
17 9.953149980401379e-11 1.421594644512404e-07 12120
17.5 9.129223890469947e-11 1.379915035184442e-07 11180
18 8.828990695997328e-11 1.500202912688693e-07 11096
18.5 7.947407035391691e-11 1.36650439004035e-07 10056
19 7.990746641774036e-11 1.394335173601725e-07 9716
19.5 7.136084349490411e-11 1.336800529015311e-07 8604
20 3.375845304278509e-11 6.462757357926668e-08 8060
20.5 4.643081002422152e-21 8.808150579161083e-18 7320
21 3.818424949258329e-21 7.579230138015061e-18 6356
21.5 3.07055393883541e-21 6.478769016263929e-18 5348
22 2.353174248117966e-21 5.405788832624874e-18 4308
22.5 1.874287820259684e-21 4.229603043457288e-18 3563
23 1.284466250528001e-21 2.828666999101355e-18 2448
23.5 8.828080352226967e-22 2.322848209853754e-18 1868
24 7.046277594195595e-22 1.55229920917353e-18 1358
24.5 5.052544038026174e-22 1.224262226934947e-18 1062
25 3.641082336192256e-22 1.028331059809964e-18 776
25.5 2.050648253887664e-22 5.97720654815886e-19 432
26 8.88607644386695e-23 2.54150380090535e-19 200
26.5 7.468529476720417e-23 2.108007199062363e-19 168
27 3.04732741040592e-23 6.789331433264585e-20 56
27.5 4.011670998196739e-24 1.572680212764235e-21 7

0.5 4.430983476358609e-14 1.992865562746275e-13 18
1 2.01225272405945e-13 3.364374740991016e-12 62
1.5 2.596585438459189e-13 8.297042433253212e-12 98
2 9.529919967767703e-13 4.078544841247516e-11 210
2.5 1.423611692100339e-12 9.660792926431457e-11 350
3 2.015256934157744e-12 2.001787007059732e-10 450
3.5 2.331100290293539e-12 3.136737466939342e-10 602
4 3.35706216025925e-12 5.619273252654575e-10 762
4.5 4.619674766273378e-12 9.841727556421801e-10 1142
5 5.521435212105064e-12 1.302454141700067e-09 1250
5.5 6.315483552238816e-12 1.837145667618425e-09 1458
6 7.581121528858974e-12 2.764770284473502e-09 1814
6.5 9.477558033810975e-12 3.893333912791383e-09 2178
7 1.017295944288474e-11 5.177441616049993e-09 2498
7.5 1.187626906655105e-11 6.217806820639639e-09 2622
8 1.502650372166857e-11 8.70646624560879e-09 3338
8.5 1.65769484543838e-11 1.130600455129461e-08 3722
9 1.912872671509185e-11 1.38183466523429e-08 4170
9.5 2.112146002509856e-11 1.67805885111836e-08 4358
10 2.412792531031849e-11 2.06998371544308e-08 5034
10.5 2.733848428344296e-11 2.481136808751025e-08 5714
11 2.909364362969545e-11 2.780775529327339e-08 5982
11.5 3.358264093978488e-11 3.430367084074075e-08 6602
12 3.549961205550835e-11 3.906779608974103e-08 7130
12.5 4.1123009992475e-11 4.752569198081001e-08 8034
13 4.438038460935384e-11 5.315190800333897e-08 8606
13.5 4.661858698109756e-11 6.159136461542367e-08 9066
14 5.312357966192412e-11 7.254322960236573e-08 9962
14.5 5.864453005669095e-11 8.051376250198549e-08 10550
15 6.319478576505792e-11 8.998778691395876e-08 11226
15.5 6.963927219275593e-11 1.032901792812954e-07 12146
16 6.890900292818714e-11 1.130346772916443e-07 12303
16.5 7.207966803776122e-11 1.182743253774597e-07 12584
17 6.972063929823876e-11 1.234907961645331e-07 12120
17.5 6.533110323380851e-11 1.172409938543403e-07 11180
18 6.575549428759082e-11 1.221948225826623e-07 11096
18.5 5.910811556958851e-11 1.113574846487293e-07 10056
19 5.67781148513701e-11 1.192660012740233e-07 9716
19.5 5.037672770163061e-11 1.144873876517482e-07 8604
20 2.45842562825654e-11 5.379251485597905e-08 8060
20.5 4.473830288886305e-21 9.532846490143531e-18 7320
21 3.71258832056664e-21 8.151679509724551e-18 6356
21.5 3.129857649374698e-21 6.752107098917779e-18 5348
22 2.288250594223434e-21 5.54011041590818e-18 4308
22.5 1.847292565489194e-21 4.56732112817704e-18 3563
23 1.206049169185359e-21 3.191659994795852e-18 2448
23.5 8.731401012498087e-22 2.488641530533627e-18 1868
24 6.536482981209915e-22 1.665181018210548e-18 1358
24.5 4.503068745355631e-22 1.499423117055813e-18 1062
25 3.560063326097323e-22 1.016358435660218e-18 776
25.5 1.924294376307855e-22 5.728277811056486e-19 432
26 8.794442140203493e-23 2.940389300229354e-19 200
26.5 6.061075573121048e-23 2.248909613714506e-19 168
27 2.319349652396948e-23 7.264765001952119e-20 56
27.5 4.664204380516912e-24 6.18511998561083e-22 7

0.5 2.476954462454578e-14 2.072574832558666e-13 18
1 1.686176947759823e-13 2.69083524902235e-12 62
1.5 2.36090702350079e-13 5.866951537628022e-12 98
2 6.589747717989391e-13 3.750913153662674e-11 210
2.5 1.035596793399132e-12 8.448492941774124e-11 350
3 1.519024747794942e-12 1.712807434707682e-10 450
3.5 1.777082144624492e-12 2.628894351301162e-10 602
4 2.64790661098347e-12 4.531698965924158e-10 762
4.5 3.617119096701066e-12 8.018899620271497e-10 1142
5 4.080707094132403e-12 1.130544320533834e-09 1250
5.5 4.664533979817972e-12 1.599140982825098e-09 1458
6 5.918223718171135e-12 2.261064875450073e-09 1814
6.5 7.215397134762349e-12 3.280319094111301e-09 2178
7 7.866758564626399e-12 4.298386157426751e-09 2498
7.5 8.714644037546711e-12 5.430652945120596e-09 2622
8 1.09305121965898e-11 7.639952239453343e-09 3338
8.5 1.253425144243995e-11 9.581469411636495e-09 3722
9 1.430891629498849e-11 1.18237480768646e-08 4170
9.5 1.584583994866578e-11 1.43284255257021e-08 4358
10 1.849559090787506e-11 1.727102776409634e-08 5034
10.5 2.000624152527562e-11 2.169838750130769e-08 5714
11 2.110941777226709e-11 2.454462793327174e-08 5982
11.5 2.488199781268953e-11 2.972007619656837e-08 6602
12 2.664653309616597e-11 3.329408682501325e-08 7130
12.5 3.108719945075069e-11 4.033964521574595e-08 8034
13 3.314486667927859e-11 4.548617262386169e-08 8606
13.5 3.511826295397377e-11 5.243215441012968e-08 9066
14 3.976865815607676e-11 6.216778414934938e-08 9962
14.5 4.327266187574741e-11 6.940523393568425e-08 10550
15 4.749319685841093e-11 7.690068761241259e-08 11226
15.5 5.191150290134963e-11 8.832716851120424e-08 12146
16 5.328948498733516e-11 9.355097658436216e-08 12303
16.5 5.295141624981302e-11 1.038328394733062e-07 12584
17 5.156611119767907e-11 1.069018372985146e-07 12120
17.5 4.805057380102961e-11 1.021216942179038e-07 11180
18 4.718962970710622e-11 1.092365276401324e-07 11096
18.5 4.359171980563595e-11 9.671220697266037e-08 10056
19 4.22310342493763e-11 1.024288066255164e-07 9716
19.5 3.866154766697425e-11 9.583012089447889e-08 8604
20 1.788670296972753e-11 4.730286794748922e-08 8060
20.5 3.017731748404048e-21 7.581227103713472e-18 7320
21 2.436935776325158e-21 6.409207676638092e-18 6356
21.5 2.002638661363849e-21 5.437950212363306e-18 5348
22 1.595133531539287e-21 4.270032339676422e-18 4308
22.5 1.169547276082062e-21 3.597511496542885e-18 3563
23 8.080736635983938e-22 2.474535756788705e-18 2448
23.5 5.792922278681347e-22 1.844079564432739e-18 1868
24 4.132324186408479e-22 1.350535954278222e-18 1358
24.5 3.245140270031744e-22 1.022727849349e-18 1062
25 2.34144510620024e-22 7.983574946825801e-19 776
25.5 1.46317652914855e-22 4.187354147182348e-19 432
26 5.503920432124918e-23 2.151741936457958e-19 200
26.5 4.476230706049142e-23 1.780442168164806e-19 168
27 1.973409834939124e-23 5.467299740044418e-20 56
27.5 6.885920618973709e-25 5.851324876225903e-21 7

0.5 2.318079591778046e-14 1.632058798900473e-13 18
1 1.290940935590585e-13 2.336608343829909e-12 62
1.5 1.980602580011962e-13 4.607473469117609e-12 98
2 5.716419190658022e-13 2.951734408574093e-11 210
2.5 7.345316705305907e-13 7.863795388974857e-11 350
3 1.100795310010874e-12 1.5715425420394e-10 450
3.5 1.343701758056402e-12 2.338021954101478e-10 602
4 2.024558470931242e-12 3.962107449627988e-10 762
4.5 2.662964914649443e-12 7.329914456648651e-10 1142
5 3.105754415294774e-12 9.949630489927967e-10 1250
5.5 3.504989735939034e-12 1.423872873758247e-09 1458
6 4.313177777665488e-12 2.082913631373569e-09 1814
6.5 5.680877734278606e-12 2.790589057093987e-09 2178
7 5.929949441559773e-12 3.818955952627626e-09 2498
7.5 6.631761485735996e-12 4.783265643721445e-09 2622
8 8.636761669283123e-12 6.507923300007149e-09 3338
8.5 9.606357597906098e-12 8.398054049342689e-09 3722
9 1.077078328108008e-11 1.054174006455484e-08 4170
9.5 1.19987698571373e-11 1.268827431514453e-08 4358
10 1.358230844389299e-11 1.577401759094047e-08 5034
10.5 1.591367915951308e-11 1.830092981315793e-08 5714
11 1.619607791861564e-11 2.142212742729268e-08 5982
11.5 1.848151505856591e-11 2.674205649560201e-08 6602
12 2.002472018866619e-11 2.97624778801994e-08 7130
12.5 2.353203235731283e-11 3.570809559320508e-08 8034
13 2.490262817543164e-11 4.059191863877808e-08 8606
13.5 2.657536211935731e-11 4.654603572308692e-08 9066
14 3.016105287386163e-11 5.493420948619818e-08 9962
14.5 3.267357402054301e-11 6.170832173110665e-08 10550
15 3.525699749630291e-11 6.916127962934457e-08 11226
15.5 3.939443331576168e-11 7.784356603296878e-08 12146
16 3.996716480831022e-11 8.349062693540147e-08 12303
16.5 4.115040911558381e-11 8.931059980173258e-08 12584
17 4.066512407756166e-11 9.081472284429307e-08 12120
17.5 3.663789848997453e-11 9.004811626893889e-08 11180
18 3.829664166565548e-11 9.041305628729581e-08 11096
18.5 3.246592128797447e-11 8.713342047852014e-08 10056
19 3.25991901176599e-11 8.910682888091714e-08 9716
19.5 3.045992083075457e-11 8.161493657583801e-08 8604
20 1.370301116843962e-11 4.147708792806096e-08 8060
20.5 2.95488430479502e-21 7.858738944045178e-18 7320
21 2.442658092077639e-21 6.788332587405437e-18 6356
21.5 2.031659162135796e-21 5.637348893503624e-18 5348
22 1.548994805116522e-21 4.456641052094161e-18 4308
22.5 1.22457783035993e-21 3.855215805177783e-18 3563
23 8.381271395963506e-22 2.451547027310292e-18 2448
23.5 5.763000546055839e-22 2.049204177339128e-18 1868
24 4.318021761925299e-22 1.500386488921627e-18 1358
24.5 3.294479165097661e-22 1.135187106594089e-18 1062
25 2.38095381029003e-22 8.442158770699756e-19 776
25.5 1.293460980185623e-22 5.262661411548838e-19 432
26 5.555386028734082e-23 2.540183918703943e-19 200
26.5 5.218470461326881e-23 1.626665806442689e-19 168
27 1.679312655288772e-23 6.32985761566253e-20 56
27.5 2.178857101031698e-24 4.124828396755232e-21 7

0.5 1.354458939065939e-14 1.654584160247517e-13 18
1 1.216976166200879e-13 1.64791431410873e-12 62
1.5 1.335976850436635e-13 4.900815624206851e-12 98
2 4.178063089712651e-13 2.784919034850072e-11 210
2.5 7.101378491662399e-13 5.642411556475707e-11 350
3 9.370675315877326e-13 1.292494148191456e-10 450
3.5 1.038487119940438e-12 2.095679930430195e-10 602
4 1.447297818773309e-12 3.854765928255271e-10 762
4.5 2.217486557133377e-12 6.112818840587503e-10 1142
5 2.442369020948812e-12 8.797210735556564e-10 1250
5.5 2.799332896059928e-12 1.238016545536837e-09 1458
6 3.460022131062624e-12 1.808008153448249e-09 1814
6.5 4.12958755664698e-12 2.659066262766031e-09 2178
7 4.722376266516712e-12 3.336708470398152e-09 2498
7.5 5.289217758152324e-12 4.166733998790011e-09 2622
8 6.522803423583729e-12 5.975141922200337e-09 3338
8.5 7.590783706099284e-12 7.362184733716759e-09 3722
9 8.52118883332853e-12 9.242585559790834e-09 4170
9.5 9.490788331967121e-12 1.112466282765945e-08 4358
10 1.086384315215128e-11 1.373050861545036e-08 5034
10.5 1.212893718030981e-11 1.665133035344377e-08 5714
11 1.264363203288991e-11 1.906682016958412e-08 5982
11.5 1.477430574245867e-11 2.323062762089177e-08 6602
12 1.600081555833646e-11 2.588111782376111e-08 7130
12.5 1.808375858952423e-11 3.219582105309525e-08 8034
13 1.992738401055887e-11 3.514075547174758e-08 8606
13.5 2.139105445249243e-11 4.009648661805988e-08 9066
14 2.349385939440189e-11 4.867619525201928e-08 9962
14.5 2.608288108412624e-11 5.35802651530039e-08 10550
15 2.781355559394355e-11 6.082477223373052e-08 11226
15.5 3.096196823592054e-11 6.911059158484613e-08 12146
16 3.218312023388881e-11 7.197566897637801e-08 12303
16.5 3.295748191306594e-11 7.765396844696831e-08 12584
17 3.162837780702643e-11 8.110502181515089e-08 12120
17.5 2.885013632198986e-11 7.93017566553668e-08 11180
18 2.86830928798706e-11 8.365329673066289e-08 11096
18.5 2.604505228755791e-11 7.535986100256384e-08 10056
19 2.643495121005902e-11 7.628321572836499e-08 9716
19.5 2.390723073422975e-11 7.200583371577253e-08 8604
20 1.112701127355643e-11 3.551073114382501e-08 8060
20.5 2.20557152088176e-21 6.817434796399117e-18 7320
21 1.794932008969018e-21 5.679089175451973e-18 6356
21.5 1.43224781323237e-21 4.885505096328009e-18 5348
22 1.180737597104359e-21 3.777389927597931e-18 4308
22.5 8.584587759393774e-22 3.152542767889276e-18 3563
23 6.154505253384069e-22 2.153290163149175e-18 2448
23.5 4.411265653034295e-22 1.628496733772751e-18 1868
24 3.071579095538771e-22 1.254926479459832e-18 1358
24.5 2.36736723232968e-22 1.003774574567841e-18 1062
25 1.715626261477549e-22 7.44675933145179e-19 776
25.5 9.631626475692449e-23 4.091932282108633e-19 432
26 4.810343277812046e-23 1.569863124944192e-19 200
26.5 3.778381684938204e-23 1.609217179286961e-19 168
27 1.175740904455255e-23 5.571760051022693e-20 56
27.5 7.65133557232606e-25 9.131163663739865e-21 7

0.5 1.605507452192256e-14 1.216037108522695e-13 18
1 7.970754229993865e-14 1.894378421998068e-12 62
1.5 8.600895542103796e-14 5.228861847437932e-12 98
2 3.556031664007619e-13 2.353971679210732e-11 210
2.5 5.480782711406699e-13 5.28324343894719e-11 350
3 7.721637079398533e-13 1.130199203526271e-10 450
3.5 8.901093158679722e-13 1.749567843933024e-10 602
4 1.217458409069743e-12 3.294331132843279e-10 762
4.5 1.676758658641184e-12 5.787192863224333e-10 1142
5 1.969606372795923e-12 7.839648098539182e-10 1250
5.5 2.199982206548439e-12 1.126389893268115e-09 1458
6 2.805073637548458e-12 1.598486872830767e-09 1814
6.5 3.446941995496954e-12 2.290553338054937e-09 2178
7 3.871073017160787e-12 2.916532721588017e-09 2498
7.5 4.318696011172135e-12 3.650092252673582e-09 2622
8 5.559373177194601e-12 5.028183800047065e-09 3338
8.5 6.149436943800625e-12 6.518170966629967e-09 3722
9 6.890143228009455e-12 8.184042277455906e-09 4170
9.5 7.756968041452265e-12 9.767189810978832e-09 4358
10 8.55534332691945e-12 1.246881526064887e-08 5034
10.5 9.772271990494102e-12 1.47938499792753e-08 5714
11 1.020246462391873e-11 1.694870600854244e-08 5982
11.5 1.193624636320231e-11 2.060878886911287e-08 6602
12 1.240157579405504e-11 2.38014923183218e-08 7130
12.5 1.431926632159549e-11 2.916191701491557e-08 8034
13 1.569385048181639e-11 3.200915969157872e-08 8606
13.5 1.670544835476244e-11 3.684219325295299e-08 9066
14 1.87988001721686e-11 4.368112501790513e-08 9962
14.5 2.060157605364638e-11 4.855856087805018e-08 10550
15 2.255045352776036e-11 5.378367831885628e-08 11226
15.5 2.489455419638718e-11 6.167620789686564e-08 12146
16 2.511524133520453e-11 6.588574124838079e-08 12303
16.5 2.55393916937267e-11 7.170796864391437e-08 12584
17 2.476186634823871e-11 7.435418526683542e-08 12120
17.5 2.335158188628278e-11 7.018671596679589e-08 11180
18 2.329633210287476e-11 7.385381165245662e-08 11096
18.5 2.048122956113553e-11 6.860011566118358e-08 10056
19 2.057540756800772e-11 7.017106920672592e-08 9716
19.5 1.82309882467157e-11 6.777967920236681e-08 8604
20 8.925656222959262e-12 3.166363347557638e-08 8060
20.5 2.142605224096547e-21 6.802686989203331e-18 7320
21 1.765603319669776e-21 5.735654479643545e-18 6356
21.5 1.433017401350456e-21 4.843088728704172e-18 5348
22 1.131556676500094e-21 3.853866429820464e-18 4308
22.5 8.719596437130015e-22 3.310109275635817e-18 3563
23 6.20521754960188e-22 2.136975531058709e-18 2448
23.5 4.253391389152309e-22 1.701773888833099e-18 1868
24 3.046795243110564e-22 1.278141305826241e-18 1358
24.5 2.263140141130433e-22 9.763769529777393e-19 1062
25 1.622581784919407e-22 7.840183500263511e-19 776
25.5 9.524387800318711e-23 4.375053885631469e-19 432
26 4.691953635951116e-23 1.818666896187902e-19 200
26.5 3.131801344600324e-23 1.284461890371678e-19 168
27 1.117564542392448e-23 6.524963284337554e-20 56
27.5 1.619266878633755e-24 3.881648595272212e-21 7

0.5 1.208600155461494e-14 1.185369917161169e-13 18
1 7.09062468360709e-14 1.571743390665097e-12 62
1.5 9.435130800112004e-14 3.642017422746589e-12 98
2 3.048794842365382e-13 1.978616831589703e-11 210
2.5 4.546923378185301e-13 4.663802864265734e-11 350
3 6.225419849731175e-13 1.023110322468677e-10 450
3.5 6.719972068700852e-13 1.700736104105453e-10 602
4 9.851267987044716e-13 2.972985167671825e-10 762
4.5 1.388093271247342e-12 5.14256335298184e-10 1142
5 1.563780669346634e-12 7.234633641998902e-10 1250
5.5 1.804716059381843e-12 1.008831939270141e-09 1458
6 2.323645493566282e-12 1.414411160526257e-09 1814
6.5 2.805643530783153e-12 2.066113426773345e-09 2178
7 3.06169445423308e-12 2.712151774983692e-09 2498
7.5 3.378185242128225e-12 3.429081433487563e-09 2622
8 4.416988482881803e-12 4.65200001693352e-09 3338
8.5 5.150569811241085e-12 5.709879613146442e-09 3722
9 5.658804625835321e-12 7.323145625924491e-09 4170
9.5 6.24989225766862e-12 8.903912354083092e-09 4358
10 6.864635882762341e-12 1.140933562422472e-08 5034
10.5 8.001753319744002e-12 1.330795642233756e-08 5714
11 8.618246432386831e-12 1.465867828425552e-08 5982
11.5 9.912806037377732e-12 1.82410611298893e-08 6602
12 1.039523174624383e-11 2.091367829892593e-08 7130
12.5 1.190378299889387e-11 2.580725110750956e-08 8034
13 1.275278277513032e-11 2.890122191339513e-08 8606
13.5 1.375759077647905e-11 3.280736007057517e-08 9066
14 1.610174174177289e-11 3.756939430094347e-08 9962
14.5 1.71710974582571e-11 4.28742281462106e-08 10550
15 1.875411050992377e-11 4.778042064318364e-08 11226
15.5 2.069237547555431e-11 5.443546059803495e-08 12146
16 2.124926067021563e-11 5.727654657530752e-08 12303
16.5 2.085989417535309e-11 6.459550093061925e-08 12584
17 2.076299281666796e-11 6.515304271465607e-08 12120
17.5 1.894026305084308e-11 6.332647786739978e-08 11180
18 1.973333751349098e-11 6.403418651615185e-08 11096
18.5 1.728387420042133e-11 6.000492392599952e-08 10056
19 1.69851992133026e-11 6.269452682788368e-08 9716
19.5 1.59120070470177e-11 5.69614385125057e-08 8604
20 7.286463127851066e-12 2.854795105159336e-08 8060
20.5 1.675054311504998e-21 6.055994305934994e-18 7320
21 1.40516980073811e-21 5.057406337604816e-18 6356
21.5 1.130060587974789e-21 4.149232522221683e-18 5348
22 8.615085073838753e-22 3.538277090852813e-18 4308
22.5 6.741429971265079e-22 2.864623822305992e-18 3563
23 4.417548598796013e-22 2.090605471740868e-18 2448
23.5 3.285675427107341e-22 1.488581817143003e-18 1868
24 2.40030664173044e-22 1.050538088087819e-18 1358
24.5 1.887559373248207e-22 8.028277160675506e-19 1062
25 1.442086801966959e-22 6.193728860927526e-19 776
25.5 7.118418576716906e-23 3.63949812945378e-19 432
26 3.356169060357762e-23 1.416732155487278e-19 200
26.5 2.692744428685406e-23 1.595557431204544e-19 168
27 1.019680276426266e-23 3.521747626148473e-20 56
27.5 3.730844279149974e-25 2.760193324465476e-21 7

0.5 7.555361048989414e-15 1.176310250930379e-13 18
1 5.957618862560799e-14 1.354598623972112e-12 62
1.5 7.939927449457762e-14 3.201658275328027e-12 98
2 2.392777285615143e-13 1.914639523737927e-11 210
2.5 3.235691974363417e-13 4.917912605302573e-11 350
3 5.349730653726135e-13 8.953078806924876e-11 450
3.5 5.824499014769542e-13 1.477838584943386e-10 602
4 8.231710971898353e-13 2.683894735095783e-10 762
4.5 1.102028429386118e-12 4.868307547001002e-10 1142
5 1.235575426759385e-12 6.841509072210693e-10 1250
5.5 1.556370909143021e-12 8.807185291569269e-10 1458
6 1.883132801652929e-12 1.310855023607287e-09 1814
6.5 2.296982513546433e-12 1.895615896120653e-09 2178
7 2.588693994308258e-12 2.403399192240507e-09 2498
7.5 2.928795420473582e-12 2.97110938146551e-09 2622
8 3.621375772156426e-12 4.25520743823619e-09 3338
8.5 4.125148791029661e-12 5.374366482668229e-09 3722
9 4.626305625010982e-12 6.717708232916778e-09 4170
9.5 5.0901936875008e-12 8.20095971407069e-09 4358
10 5.873554259543405e-12 1.003382803181256e-08 5034
10.5 6.888170405361838e-12 1.160251115233898e-08 5714
11 6.850134606200885e-12 1.38973643324852e-08 5982
11.5 7.959313691752898e-12 1.706152315359249e-08 6602
12 8.40528106232055e-12 1.945249600585131e-08 7130
12.5 1.006129241676494e-11 2.289876238798374e-08 8034
13 1.058488451489308e-11 2.614165658869412e-08 8606
13.5 1.169197938289376e-11 2.901353598540126e-08 9066
14 1.298833419370459e-11 3.489277291085311e-08 9962
14.5 1.387691615935601e-11 3.984585928117172e-08 10550
15 1.526616399905003e-11 4.38607435966884e-08 11226
15.5 1.679662049489496e-11 5.029468720711014e-08 12146
16 1.734532835387745e-11 5.283731342225438e-08 12303
16.5 1.81211213071615e-11 5.597688469903109e-08 12584
17 1.705104802958088e-11 5.95016697571103e-08 12120
17.5 1.62241409239771e-11 5.566635545208235e-08 11180
18 1.577072069601599e-11 6.020615281677952e-08 11096
18.5 1.419587270626428e-11 5.460895575118918e-08 10056
19 1.409487561640334e-11 5.672331670893908e-08 9716
19.5 1.241666998631424e-11 5.49610520946637e-08 8604
20 5.949226958109591e-12 2.628070214868476e-08 8060
20.5 1.647260855647428e-21 5.88975078451509e-18 7320
21 1.336815123093651e-21 4.847167339777818e-18 6356
21.5 1.06389944816479e-21 4.086195747960423e-18 5348
22 8.632358651703474e-22 3.304744679756231e-18 4308
22.5 6.456566756118777e-22 2.862821033904445e-18 3563
23 4.22322578651395e-22 1.95540497181685e-18 2448
23.5 3.207384885449803e-22 1.423439243211387e-18 1868
24 2.416713357895716e-22 1.010838904906461e-18 1358
24.5 1.618982644214882e-22 8.285844029922485e-19 1062
25 1.283077438613492e-22 6.350130336665683e-19 776
25.5 7.104603889095036e-23 3.439789600722501e-19 432
26 3.224616557217992e-23 1.629833849456203e-19 200
26.5 2.863102616376351e-23 1.406177405610544e-19 168
27 7.950420009750708e-24 5.674536853697833e-20 56
27.5 9.771283859405277e-25 3.222449123061813e-21 7

0.5 8.802863162408094e-15 9.456552678595933e-14 18
1 4.066448148097799e-14 1.513427275132901e-12 62
1.5 5.44195111671394e-14 3.5917228740393e-12 98
2 1.93312811698097e-13 1.832876432977731e-11 210
2.5 2.79054522135438e-13 4.454487500304376e-11 350
3 4.201172657916077e-13 8.730027039053639e-11 450
3.5 4.768064876057401e-13 1.382476409196775e-10 602
4 7.006384724090628e-13 2.407426082218767e-10 762
4.5 9.014856809224348e-13 4.540379895230416e-10 1142
5 1.051635138326754e-12 6.1907279936941e-10 1250
5.5 1.245289806863397e-12 8.426274879069329e-10 1458
6 1.543948678606626e-12 1.224642011282426e-09 1814
6.5 1.933129727188488e-12 1.722472555579476e-09 2178
7 2.145266760082144e-12 2.227997180742352e-09 2498
7.5 2.383799186130718e-12 2.793017621225263e-09 2622
8 2.945556938483736e-12 4.0044722695669e-09 3338
8.5 3.435422503728853e-12 4.927663351668014e-09 3722
9 3.899903679003455e-12 6.117886700829737e-09 4170
9.5 4.327003260510471e-12 7.390303773773628e-09 4358
10 4.767695287716631e-12 9.442798376920112e-09 5034
10.5 5.506589246048332e-12 1.109664352709883e-08 5714
11 5.87836771202022e-12 1.240578612073316e-08 5982
11.5 6.606581319503699e-12 1.571931121937603e-08 6602
12 7.047617119066221e-12 1.775739975416556e-08 7130
12.5 8.118401266217207e-12 2.168412195017278e-08 8034
13 9.019890366721126e-12 2.347224574288563e-08 8606
13.5 9.740266319718044e-12 2.654418541299694e-08 9066
14 1.083833074403173e-11 3.213543128588861e-08 9962
14.5 1.18693411802563e-11 3.57464921118781e-08 10550
15 1.282055713690625e-11 3.996994266602262e-08 11226
15.5 1.392316534869195e-11 4.636205611869886e-08 12146
16 1.421815346123414e-11 4.916086175158978e-08 12303
16.5 1.484357598821909e-11 5.221437808483524e-08 12584
17 1.424962965832992e-11 5.448977968245655e-08 12120
17.5 1.324478941721783e-11 5.219593338781023e-08 11180
18 1.319644482533987e-11 5.494833578357994e-08 11096
18.5 1.195964011093467e-11 4.972031141405788e-08 10056
19 1.173805786156893e-11 5.203668211349223e-08 9716
19.5 1.075766572681974e-11 4.85068795470181e-08 8604
20 5.335267854519147e-12 2.235262808319423e-08 8060
20.5 1.324646142731954e-21 5.426984678246171e-18 7320
21 1.115981109137084e-21 4.385002202834195e-18 6356
21.5 9.071675704902392e-22 3.705278214793419e-18 5348
22 6.827338482628958e-22 3.229494593946531e-18 4308
22.5 5.559807817987675e-22 2.534497724216915e-18 3563
23 3.786055090461455e-22 1.68724694945903e-18 2448
23.5 2.511049987888717e-22 1.446891646544148e-18 1868
24 1.863121129977988e-22 1.042542802314848e-18 1358
24.5 1.461396900285818e-22 8.064610329616065e-19 1062
25 1.032592075827012e-22 6.164748357149228e-19 776
25.5 6.209151187367585e-23 2.998047545680234e-19 432
26 2.91987882362349e-23 1.29197856727257e-19 200
26.5 2.700218750884914e-23 9.983963426521616e-20 168
27 9.391797520703606e-24 3.058151565873858e-20 56
27.5 8.952828582491798e-25 2.595769585434848e-21 7

0.5 7.460655874531614e-15 8.876709320053493e-14 18
1 4.186097174821216e-14 1.179119267805681e-12 62
1.5 4.433387516286694e-14 3.412927322195678e-12 98
2 1.659595067408902e-13 1.649145217735921e-11 210
2.5 2.499745066153512e-13 3.798556331882586e-11 350
3 3.4696016860251e-13 8.214731711636869e-11 450
3.5 3.908970717127232e-13 1.309901090369426e-10 602
4 5.870515027748327e-13 2.227687053416128e-10 762
4.5 8.071271997648364e-13 3.958392033646837e-10 1142
5 9.140491398708689e-13 5.537119352553186e-10 1250
5.5 1.025497844994132e-12 7.966659130613365e-10 1458
6 1.321366338584157e-12 1.114249042222321e-09 1814
6.5 1.671094095155283e-12 1.551116920539942e-09 2178
7 1.865629843750006e-12 1.990979974500942e-09 2498
7.5 2.063430909136345e-12 2.516565744376631e-09 2622
8 2.611334393543809e-12 3.525310823208492e-09 3338
8.5 2.917924037893203e-12 4.517775983717501e-09 3722
9 3.226302702794706e-12 5.740776761582853e-09 4170
9.5 3.576260764782081e-12 6.960380974858258e-09 4358
10 4.225246476240993e-12 8.325899004927201e-09 5034
10.5 4.6895892307422e-12 1.014391369260245e-08 5714
11 4.845935011550436e-12 1.169549993466279e-08 5982
11.5 5.683211156509593e-12 1.425263740937842e-08 6602
12 6.038263742174999e-12 1.614981262411935e-08 7130
12.5 7.02134287010371e-12 1.964514195532232e-08 8034
13 7.503072812210788e-12 2.196071436759235e-08 8606
13.5 8.016513279773638e-12 2.521978525951748e-08 9066
14 9.361968071858843e-12 2.893298497930342e-08 9962
14.5 9.982148299130441e-12 3.306555030795664e-08 10550
15 1.073047343879218e-11 3.719009727628807e-08 11226
15.5 1.194842002039705e-11 4.206341647529664e-08 12146
16 1.203725586557817e-11 4.519856508005348e-08 12303
16.5 1.257185065623698e-11 4.793370207420829e-08 12584
17 1.208671463656269e-11 5.002886977687198e-08 12120
17.5 1.147683514224179e-11 4.697328257360735e-08 11180
18 1.111661181533884e-11 5.08882477721676e-08 11096
18.5 9.67113688732025e-12 4.77801041090982e-08 10056
19 9.951805669213676e-12 4.780683113092887e-08 9716
19.5 9.028443769408137e-12 4.505281340847855e-08 8604
20 4.402356746655852e-12 2.110022550548713e-08 8060
20.5 1.334013786639305e-21 5.192959339529801e-18 7320
21 1.070788642903938e-21 4.250933489760089e-18 6356
21.5 8.721926322786142e-22 3.46612547963468e-18 5348
22 6.827327983174155e-22 2.799670273380948e-18 4308
22.5 5.340374808986559e-22 2.418956053362863e-18 3563
23 3.571344139728029e-22 1.573360063447564e-18 2448
23.5 2.553215141358844e-22 1.245753765734048e-18 1868
24 1.877807047218992e-22 9.358862742741665e-19 1358
24.5 1.42274227273787e-22 6.632596069877729e-19 1062
25 1.005608784292188e-22 5.691986420511892e-19 776
25.5 5.427345699870867e-23 3.017272579692656e-19 432
26 2.48782395117441e-23 1.556342935264507e-19 200
26.5 2.360690173755341e-23 1.042191734818839e-19 168
27 7.134103656721808e-24 4.795022467100381e-20 56
27.5 4.932094477916094e-25 5.155784856876491e-21 7

0.5 5.628596820409523e-15 7.706993253305704e-14 18
1 2.97489516166102e-14 1.281239911872734e-12 62
1.5 3.585809811499286e-14 3.289939792708359e-12 98
2 1.412173490784515e-13 1.536358424870785e-11 210
2.5 2.060505721013579e-13 3.662772972074053e-11 350
3 3.003621888474773e-13 7.511280261393645e-11 450
3.5 3.513879483741732e-13 1.158253059069306e-10 602
4 4.812887262567973e-13 2.167839538237453e-10 762
4.5 6.64320900256111e-13 3.79803938946365e-10 1142
5 8.13114499967898e-13 4.925499331385195e-10 1250
5.5 9.258531928175774e-13 6.967676759493941e-10 1458
6 1.130777480609171e-12 1.027502163754307e-09 1814
6.5 1.447155424665267e-12 1.414920765020106e-09 2178
7 1.580390190947509e-12 1.858315072107987e-09 2498
7.5 1.697529392511409e-12 2.411219014405726e-09 2622
8 2.206717743962749e-12 3.288262513972155e-09 3338
8.5 2.451354842355023e-12 4.246325896837639e-09 3722
9 2.825980628431488e-12 5.178028541824221e-09 4170
9.5 3.166188915026044e-12 6.213816879301492e-09 4358
10 3.621268846878319e-12 7.670830633178843e-09 5034
10.5 4.020684788746869e-12 9.35044786969422e-09 5714
11 4.24059743513789e-12 1.056177902622839e-08 5982
11.5 4.879913670922839e-12 1.311595475055588e-08 6602
12 5.2228982922629e-12 1.473864006815018e-08 7130
12.5 5.996479021061424e-12 1.81061440728383e-08 8034
13 6.574952158993632e-12 1.980533798343705e-08 8606
13.5 7.057282245706957e-12 2.261077549905203e-08 9066
14 7.699939227535429e-12 2.778511473548547e-08 9962
14.5 8.752525088563877e-12 2.977657917407334e-08 10550
15 9.070506716081518e-12 3.486610491516667e-08 11226
15.5 1.061382136564391e-11 3.763245920933547e-08 12146
16 1.03430378721358e-11 4.165264453310701e-08 12303
16.5 1.071359477423817e-11 4.440666811323372e-08 12584
17 1.057011012971725e-11 4.525654668866498e-08 12120
17.5 9.73009737746611e-12 4.371931681605635e-08 11180
18 9.448793041333816e-12 4.715673783684297e-08 11096
18.5 8.768660168163807e-12 4.168663428557715e-08 10056
19 8.42993300432387e-12 4.455118225511656e-08 9716
19.5 7.903884813761721e-12 4.066413419740664e-08 8604
20 3.523964154531684e-12 2.083860643430187e-08 8060
20.5 1.134031670219322e-21 4.732284530484133e-18 7320
21 8.904526496449182e-22 3.735116032410329e-18 6356
21.5 7.466544751668263e-22 3.203126533592115e-18 5348
22 5.678488207603133e-22 2.569147073930464e-18 4308
22.5 4.470144611923991e-22 2.103784920431515e-18 3563
23 2.928462243183084e-22 1.530605043057391e-18 2448
23.5 2.145645735910144e-22 1.125449918941757e-18 1868
24 1.442946282112233e-22 8.823213311354305e-19 1358
24.5 1.153010960979525e-22 6.760511433466802e-19 1062
25 8.705818479938899e-23 4.816787282306566e-19 776
25.5 4.470063499208202e-23 2.633111786094099e-19 432
26 2.194778335488765e-23 1.397913868636535e-19 200
26.5 1.537889042283673e-23 1.100785906970094e-19 168
27 6.21283604555714e-24 3.399765486078263e-20 56
27.5 3.833304252289673e-25 6.208735449389889e-21 7

0.5 6.992853246788015e-15 5.734043467810541e-14 18
1 2.610613871625245e-14 1.21236142229388e-12 62
1.5 3.126292316944951e-14 3.038189776089689e-12 98
2 1.325600655394336e-13 1.278659431761832e-11 210
2.5 1.773430856036374e-13 3.447318443773464e-11 350
3 2.503841555923765e-13 7.156568841116302e-11 450
3.5 3.034895413639246e-13 1.066047796545039e-10 602
4 4.488515363791921e-13 1.855786469741535e-10 762
4.5 5.776374951694195e-13 3.498011352490606e-10 1142
5 6.913135896878124e-13 4.620598854912337e-10 1250
5.5 7.576560866787611e-13 6.801632100618041e-10 1458
6 9.770209082518291e-13 9.537452851186956e-10 1814
6.5 1.157992481145329e-12 1.415829636886248e-09 2178
7 1.362467453137584e-12 1.721857474040926e-09 2498
7.5 1.525920948134659e-12 2.150647811435455e-09 2622
8 1.901756914252099e-12 3.056864546093021e-09 3338
8.5 2.129013240554878e-12 3.916497485365359e-09 3722
9 2.394020403613546e-12 4.900125913729662e-09 4170
9.5 2.605205973681978e-12 6.033412607856394e-09 4358
10 3.077434393222288e-12 7.21161510746228e-09 5034
10.5 3.535989889152658e-12 8.524943628005347e-09 5714
11 3.75262112826227e-12 9.560274818348028e-09 5982
11.5 4.265140772926252e-12 1.199500221428653e-08 6602
12 4.518908992457064e-12 1.363948459165739e-08 7130
12.5 5.26212539191124e-12 1.652562897066928e-08 8034
13 5.557409122112421e-12 1.878620273326499e-08 8606
13.5 5.917150592370609e-12 2.152328427932706e-08 9066
14 6.708506700675229e-12 2.546573024991908e-08 9962
14.5 7.193874710408764e-12 2.897605510681063e-08 10550
15 7.956256283887951e-12 3.171787761406795e-08 11226
15.5 8.812373120690918e-12 3.612747991529495e-08 12146
16 9.047437337997568e-12 3.806922166719945e-08 12303
16.5 9.204962553747319e-12 4.131065883531745e-08 12584
17 8.997218757709543e-12 4.248963633742147e-08 12120
17.5 8.321764556598593e-12 4.098917006247315e-08 11180
18 8.459749667339155e-12 4.218409730758897e-08 11096
18.5 7.535298282929686e-12 3.887104707251157e-08 10056
19 7.226111608680923e-12 4.16493433423033e-08 9716
19.5 6.616492185486234e-12 3.889290105753917e-08 8604
20 3.231966847651698e-12 1.818988580565169e-08 8060
20.5 1.124437584252292e-21 4.492174475820927e-18 7320
21 8.514963362544025e-22 3.617848324797186e-18 6356
21.5 6.875404720615177e-22 2.913576595874143e-18 5348
22 5.629129717410855e-22 2.40315844799896e-18 4308
22.5 4.465127706742463e-22 2.008493051258371e-18 3563
23 2.742954942056113e-22 1.4153044925514e-18 2448
23.5 2.032123971376404e-22 1.068090245146719e-18 1868
24 1.482484264722504e-22 7.604633045007917e-19 1358
24.5 1.056486204669962e-22 6.078859087477498e-19 1062
25 8.449951821420791e-23 4.618975396916071e-19 776
25.5 4.768327151043532e-23 2.749412700199598e-19 432
26 2.574915895996891e-23 1.277991692144285e-19 200
26.5 2.172926345023638e-23 1.067586654267568e-19 168
27 6.903064363493357e-24 3.004044239947007e-20 56
27.5 6.182535927541785e-25 2.370559644696549e-21 7

0.5 5.934574011130542e-15 5.638764006207626e-14 18
1 2.807389520358185e-14 8.645540225389403e-13 62
1.5 2.994537217155137e-14 2.626991965565615e-12 98
2 1.227434398668578e-13 1.112559669112252e-11 210
2.5 1.741912959540152e-13 2.792493601108875e-11 350
3 2.300093890368502e-13 6.342351509134747e-11 450
3.5 2.589265007315128e-13 1.01686800543944e-10 602
4 3.608287847172455e-13 1.865243931588334e-10 762
4.5 5.120159111624651e-13 3.194789847897505e-10 1142
5 5.910863175867918e-13 4.393714584394087e-10 1250
5.5 6.689285707402325e-13 6.2572213348973e-10 1458
6 8.373008198165435e-13 9.00519571250093e-10 1814
6.5 1.035551766650382e-12 1.28095316808289e-09 2178
7 1.177517623405498e-12 1.61540879662216e-09 2498
7.5 1.280195971386207e-12 2.074352031658485e-09 2622
8 1.605826016400762e-12 2.927739465189221e-09 3338
8.5 1.835577045252174e-12 3.677390848428811e-09 3722
9 2.103738234594686e-12 4.520307477218358e-09 4170
9.5 2.308466325172339e-12 5.523717928819387e-09 4358
10 2.683100361781363e-12 6.695963094551776e-09 5034
10.5 3.010696914110586e-12 8.10244555539476e-09 5714
11 3.201226563946092e-12 9.094380957559754e-09 5982
11.5 3.658285939346508e-12 1.132137774913365e-08 6602
12 3.917477398726751e-12 1.273336179358427e-08 7130
12.5 4.604303374739672e-12 1.528277449816889e-08 8034
13 4.947405821463977e-12 1.715887820547705e-08 8606
13.5 5.205088531262324e-12 1.986783542169235e-08 9066
14 5.991310688030796e-12 2.31619228924521e-08 9962
14.5 6.483204951201925e-12 2.611096485633568e-08 10550
15 6.846676553737391e-12 2.986586252893823e-08 11226
15.5 7.822736554062959e-12 3.299826271423376e-08 12146
16 7.75935906854261e-12 3.600625896184836e-08 12303
16.5 7.973827514145671e-12 3.862197823246398e-08 12584
17 8.029889718293307e-12 3.855425960982818e-08 12120
17.5 7.162554284702417e-12 3.851504800952029e-08 11180
18 7.155377104202518e-12 4.044960123635259e-08 11096
18.5 6.562140926135326e-12 3.606849719972356e-08 10056
19 6.532097548463513e-12 3.725046965241195e-08 9716
19.5 5.844955685222392e-12 3.555689677796309e-08 8604
20 2.784280421648804e-12 1.70906097676545e-08 8060
20.5 9.892307839017471e-22 4.397107422468902e-18 7320
21 7.397483956166579e-22 3.286150629372809e-18 6356
21.5 6.008632468207987e-22 2.798186607487634e-18 5348
22 4.616180901350965e-22 2.221989130073498e-18 4308
22.5 3.699948278818881e-22 1.83594376814237e-18 3563
23 2.511236577255148e-22 1.284781650694396e-18 2448
23.5 1.740190411779997e-22 1.037360827792638e-18 1868
24 1.282192403883746e-22 7.249149885485354e-19 1358
24.5 1.024866396539889e-22 5.709154248713142e-19 1062
25 7.290094822768614e-23 4.285339545887683e-19 776
25.5 3.970557849784594e-23 2.556684323555223e-19 432
26 1.947568228170363e-23 1.011238742416063e-19 200
26.5 1.475996024312833e-23 1.016189793365746e-19 168
27 5.592478172383969e-24 3.455220699351242e-20 56
27.5 7.294172156768455e-25 1.726157326989698e-21 7

0.5 4.275851468154424e-15 6.347452597773314e-14 18
1 1.971979509310921e-14 1.050188750795149e-12 62
1.5 2.947962419018712e-14 2.222354606352441e-12 98
2 8.409706878892381e-14 1.378098064772477e-11 210
2.5 1.288092480924699e-13 3.098756698594065e-11 350
3 1.89517738134907e-13 6.309585089899092e-11 450
3.5 2.271966481947263e-13 9.488572289194093e-11 602
4 3.431342887433572e-13 1.605015814730779e-10 762
4.5 4.626573300189289e-13 2.889498460660859e-10 1142
5 5.072190929162339e-13 4.190667708211861e-10 1250
5.5 5.915015590718515e-13 5.801050596362498e-10 1458
6 7.663075563685477e-13 8.040077201652339e-10 1814
6.5 8.898973315426741e-13 1.218030652880545e-09 2178
7 1.089370724372919e-12 1.425913489672115e-09 2498
7.5 1.130441459100774e-12 1.920434361678942e-09 2622
8 1.384245141421414e-12 2.774425237621291e-09 3338
8.5 1.645989410185474e-12 3.36115678702297e-09 3722
9 1.855283166503733e-12 4.191396579301841e-09 4170
9.5 2.076900677323354e-12 5.025168234777677e-09 4358
10 2.333643395106719e-12 6.30543230469836e-09 5034
10.5 2.638455982955081e-12 7.576715296731072e-09 5714
11 2.830495080481076e-12 8.423552369495658e-09 5982
11.5 3.20358037375785e-12 1.059435869422489e-08 6602
12 3.343985546970903e-12 1.215830625770157e-08 7130
12.5 4.023965022074004e-12 1.431695404993263e-08 8034
13 4.172976826851727e-12 1.653613327917372e-08 8606
13.5 4.616068497818157e-12 1.829602559868618e-08 9066
14 5.276139814180118e-12 2.149601374328274e-08 9962
14.5 5.639834041978258e-12 2.447430739668475e-08 10550
15 6.063253367042566e-12 2.762578112255941e-08 11226
15.5 6.92259573109206e-12 3.060700731464934e-08 12146
16 6.866359479777863e-12 3.324379192971774e-08 12303
16.5 7.123345223419142e-12 3.542427431226215e-08 12584
17 6.765943440956222e-12 3.735230119218338e-08 12120
17.5 6.430978367596924e-12 3.509784656982892e-08 11180
18 6.624849071079745e-12 3.571812536327456e-08 11096
18.5 5.54475901299119e-12 3.490767149410181e-08 10056
19 5.538538140755408e-12 3.599266030832314e-08 9716
19.5 5.313558326000956e-12 3.204844330150577e-08 8604
20 2.495910133480513e-12 1.566755165085508e-08 8060
20.5 9.592767510649873e-22 4.064926372285962e-18 7320
21 7.309842930773224e-22 3.012200993798156e-18 6356
21.5 5.9650662433785e-22 2.568753576395359e-18 5348
22 4.532003896978706e-22 2.061863019951901e-18 4308
22.5 3.472755940624347e-22 1.638777241008875e-18 3563
23 2.265877448209118e-22 1.215970287161562e-18 2448
23.5 1.704308979620152e-22 9.68953435449273e-19 1868
24 1.223078567495242e-22 6.855072499120049e-19 1358
24.5 9.335876220994493e-23 5.167637791646703e-19 1062
25 6.658161183330924e-23 4.388094396643407e-19 776
25.5 3.927902568350735e-23 2.193247027229569e-19 432
26 1.610352410524451e-23 9.821448337599004e-20 200
26.5 1.481405177821961e-23 8.089683376415616e-20 168
27 7.35526839145625e-24 3.673593827721472e-20 56
27.5 5.329688912083907e-25 3.234873114562382e-21 7

0.5 4.118683219123422e-15 4.787425963913732e-14 18
1 1.543644528395446e-14 1.041242194927275e-12 62
1.5 2.232312003556181e-14 2.334194810777859e-12 98
2 8.765426790973925e-14 1.074279864942182e-11 210
2.5 1.205266531761845e-13 2.751535643257438e-11 350
3 1.787575848467527e-13 5.50257931174499e-11 450
3.5 2.215745662773329e-13 7.909850138617445e-11 602
4 3.000411108913143e-13 1.510272968680147e-10 762
4.5 4.291844575647212e-13 2.569620859770092e-10 1142
5 4.501623010569938e-13 3.906198327856744e-10 1250
5.5 5.398053745147316e-13 5.240943317426969e-10 1458
6 6.830951884134452e-13 7.445078557692002e-10 1814
6.5 8.243600476749807e-13 1.089413218187856e-09 2178
7 8.859876807866997e-13 1.450593491615854e-09 2498
7.5 1.019191910964745e-12 1.764118912533069e-09 2622
8 1.292929306329087e-12 2.45683152582194e-09 3338
8.5 1.468530482152749e-12 3.109573149596306e-09 3722
9 1.6387642853745e-12 3.915352459518283e-09 4170
9.5 1.846531424594523e-12 4.667328501894118e-09 4358
10 2.164787526000973e-12 5.608321107645583e-09 5034
10.5 2.287425343331522e-12 7.203471045741224e-09 5714
11 2.418754527086551e-12 8.136822112673972e-09 5982
11.5 2.8411240858522e-12 9.872361005506152e-09 6602
12 3.061385264460447e-12 1.098849513678395e-08 7130
12.5 3.497599976562473e-12 1.360891085986868e-08 8034
13 3.792221580735671e-12 1.50743041483313e-08 8606
13.5 4.057276634414464e-12 1.722291012563171e-08 9066
14 4.590626431261305e-12 2.038413360962901e-08 9962
14.5 4.945325848426829e-12 2.310253225267818e-08 10550
15 5.37005288845937e-12 2.568951558762441e-08 11226
15.5 6.060900759900797e-12 2.870226749230647e-08 12146
16 6.035521150209078e-12 3.129741427321161e-08 12303
16.5 6.25388551577472e-12 3.33303489718541e-08 12584
17 6.216841540947331e-12 3.371205844719426e-08 12120
17.5 5.658558506050568e-12 3.294667410705414e-08 11180
18 5.755020609567027e-12 3.401244651575977e-08 11096
18.5 5.070523965075764e-12 3.160987359574198e-08 10056
19 4.912015587989215e-12 3.350193024208583e-08 9716
19.5 4.456020875575063e-12 3.154054851610462e-08 8604
20 2.157604890173153e-12 1.4936419021704e-08 8060
20.5 8.518473102933858e-22 3.964209579628964e-18 7320
21 6.421374421538951e-22 2.777747078948667e-18 6356
21.5 5.254082870976692e-22 2.298306283622612e-18 5348
22 4.057092556697499e-22 1.928690556236874e-18 4308
22.5 3.141432647686295e-22 1.533365693713254e-18 3563
23 2.110379098687166e-22 1.086452440547763e-18 2448
23.5 1.554009388717768e-22 8.651092995657779e-19 1868
24 1.088626622310463e-22 6.222738185819553e-19 1358
24.5 8.251185644974625e-23 4.554488900043137e-19 1062
25 5.736630075390147e-23 3.665520821976808e-19 776
25.5 3.621537075321789e-23 2.228253690066369e-19 432
26 1.726647094975874e-23 9.898914733699709e-20 200
26.5 1.329540728830008e-23 6.955893189814884e-20 168
27 3.971250343419453e-24 2.404647527679871e-20 56
27.5 3.569737702530065e-25 2.169913128683963e-21 7

0.5 2.623904131001199e-15 5.953769203247458e-14 18
1 2.043504308745074e-14 6.668410842352715e-13 62
1.5 2.351661151510018e-14 1.89386187710205e-12 98
2 7.761569201514696e-14 1.02270731809728e-11 210
2.5 1.083494802149188e-13 2.543552612082603e-11 350
3 1.655523268585048e-13 4.965066170271324e-11 450
3.5 1.883887622621828e-13 7.851926271752401e-11 602
4 2.649875537230922e-13 1.431344178730056e-10 762
4.5 3.507502333595236e-13 2.634318459209898e-10 1142
5 4.040550825414786e-13 3.629823126433755e-10 1250
5.5 4.76769120819616e-13 4.940866700449156e-10 1458
6 5.997424504263143e-13 7.073454990406062e-10 1814
6.5 7.003178289678063e-13 1.068566216597689e-09 2178
7 8.02447852562731e-13 1.33798047298184e-09 2498
7.5 9.002917953444769e-13 1.666170766547624e-09 2622
8 1.135639060740915e-12 2.337997748090317e-09 3338
8.5 1.311535382359917e-12 2.90672451375624e-09 3722
9 1.441335138642527e-12 3.707740887998158e-09 4170
9.5 1.605774503003907e-12 4.470794225381265e-09 4358
10 1.850057124200845e-12 5.474018300204412e-09 5034
10.5 2.098912793861455e-12 6.553318035701284e-09 5714
11 2.144388160237732e-12 7.63307386677105e-09 5982
11.5 2.52675418190489e-12 9.230884908656301e-09 6602
12 2.78722892573788e-12 1.007083009206006e-08 7130
12.5 3.180689960389251e-12 1.24837457705406e-08 8034
13 3.34341340201532e-12 1.424536791223296e-08 8606
13.5 3.638082685232135e-12 1.601991037608136e-08 9066
14 4.090205447317829e-12 1.91396373809819e-08 9962
14.5 4.466565040401272e-12 2.139218475321899e-08 10550
15 4.919553057409592e-12 2.35508190742767e-08 11226
15.5 5.341311598246593e-12 2.717017144033593e-08 12146
16 5.450484180776601e-12 2.884347986188668e-08 12303
16.5 5.683335847008547e-12 3.054797161947911e-08 12584
17 5.511598208605847e-12 3.165319335610793e-08 12120
17.5 5.122917891169139e-12 3.036601452577656e-08 11180
18 5.020029537478324e-12 3.252089447829949e-08 11096
18.5 4.486502699034525e-12 2.975542413194726e-08 10056
19 4.509919561807766e-12 3.044362768914691e-08 9716
19.5 4.065222022560651e-12 2.882741435014067e-08 8604
20 1.848495006904718e-12 1.448889013928498e-08 8060
20.5 8.441103982565953e-22 3.944958281928608e-18 7320
21 6.174737706853109e-22 2.534456558143935e-18 6356
21.5 5.015050956679761e-22 2.101335713848463e-18 5348
22 3.799973554100522e-22 1.700800943627408e-18 4308
22.5 3.050706110351279e-22 1.394732199062562e-18 3563
23 1.883042879334092e-22 9.661894334455091e-19 2448
23.5 1.45564011289032e-22 7.390110616451404e-19 1868
24 1.036489893516115e-22 5.518640303591471e-19 1358
24.5 8.054636096787543e-23 4.402110609112526e-19 1062
25 5.449397029398486e-23 3.64357728617825e-19 776
25.5 3.104612193025967e-23 2.166949980977442e-19 432
26 1.493911102728577e-23 9.330601170049457e-20 200
26.5 1.231632066979685e-23 7.550558856038542e-20 168
27 4.57651815602534e-24 1.845466251095911e-20 56
27.5 1.834782182658008e-25 5.63489411897903e-21 7

0.5 2.797572882569716e-15 4.746641551589674e-14 18
1 1.252728537965397e-14 9.130204674045658e-13 62
1.5 2.102382530582079e-14 1.786824914920153e-12 98
2 6.448451907649546e-14 1.043311524723814e-11 210
2.5 1.00043603844085e-13 2.310120261139575e-11 350
3 1.37963208072271e-13 5.028148955322581e-11 450
3.5 1.625970495295469e-13 7.656501553763139e-11 602
4 2.332716883744253e-13 1.366660627914986e-10 762
4.5 3.211757327378166e-13 2.40693679341884e-10 1142
5 3.544170433009108e-13 3.463102577145316e-10 1250
5.5 4.13048654529245e-13 4.796299505676638e-10 1458
6 5.073490945335445e-13 7.031470005948666e-10 1814
6.5 6.281314927989023e-13 1.0018438221808e-09 2178
7 7.05786812072462e-13 1.275767227575112e-09 2498
7.5 8.078414849476716e-13 1.5559217348877e-09 2622
8 9.881589004379478e-13 2.254348041879106e-09 3338
8.5 1.166893071495607e-12 2.742162030182463e-09 3722
9 1.261725109855248e-12 3.560354967355813e-09 4170
9.5 1.437836316573581e-12 4.196464389023752e-09 4358
10 1.619702508539785e-12 5.254820264492177e-09 5034
10.5 1.841233343529108e-12 6.28324968036671e-09 5714
11 1.958739010282747e-12 7.031456902159902e-09 5982
11.5 2.26835038605503e-12 8.636459756009711e-09 6602
12 2.42604950706257e-12 9.727374334729132e-09 7130
12.5 2.842136132077254e-12 1.172548537079909e-08 8034
13 2.924900184546096e-12 1.363899931239523e-08 8606
13.5 3.213673735031629e-12 1.524436794694271e-08 9066
14 3.678932952165483e-12 1.783517589669298e-08 9962
14.5 3.924934061467327e-12 2.040172456289079e-08 10550
15 4.344919786513483e-12 2.234988297253901e-08 11226
15.5 4.790877432332649e-12 2.548862870796828e-08 12146
16 4.856053171293324e-12 2.728248026776426e-08 12303
16.5 5.068066520201388e-12 2.876088260367805e-08 12584
17 4.913135498719316e-12 2.991277687252566e-08 12120
17.5 4.646149493917573e-12 2.809486585815613e-08 11180
18 4.444721257289849e-12 3.088248635200214e-08 11096
18.5 4.071143328335993e-12 2.75608387518748e-08 10056
19 4.045236021743245e-12 2.85335686776757e-08 9716
19.5 3.613412069525689e-12 2.730993773314072e-08 8604
20 1.764682820469614e-12 1.279519483314867e-08 8060
20.5 8.231944831063474e-22 4.317290702411085e-18 7320
21 5.398424882832911e-22 2.452583760593049e-18 6356
21.5 4.28903899634476e-22 2.031252083502592e-18 5348
22 3.479704059556896e-22 1.630892264818589e-18 4308
22.5 2.641799761691148e-22 1.348168689110195e-18 3563
23 1.735828779789401e-22 8.979355014024228e-19 2448
23.5 1.256304652429519e-22 6.96477778207425e-19 1868
24 9.03774396314865e-23 5.134545272941311e-19 1358
24.5 7.177978424908889e-23 4.304807331056646e-19 1062
25 4.91401886436792e-23 3.309519231161925e-19 776
25.5 2.884519396523605e-23 1.887441429322758e-19 432
26 1.266635750408216e-23 6.859812268291926e-20 200
26.5 1.1245151511644e-23 6.243190609373973e-20 168
27 2.535106342570771e-24 2.637078864091634e-20 56
27.5 1.561090006837699e-25 3.453110816638787e-21 7

0.5 2.808301572910798e-15 4.964804567775141e-14 18
1 1.185728829078758e-14 8.295589620328084e-13 62
1.5 1.807409878294212e-14 1.776003398302992e-12 98
2 5.694615076035629e-14 9.888553397343359e-12 210
2.5 8.456496496250195e-14 2.330069259406321e-11 350
3 1.280244443828522e-13 4.557861193982882e-11 450
3.5 1.390743602690041e-13 7.587612992149696e-11 602
4 2.033446058954515e-13 1.331499541499089e-10 762
4.5 2.809189828813099e-13 2.335143216649504e-10 1142
5 3.192316368426778e-13 3.25584423824413e-10 1250
5.5 3.743107555112361e-13 4.476313185754567e-10 1458
6 4.607313123061406e-13 6.562349073755118e-10 1814
6.5 5.569108625898635e-13 9.563558825282244e-10 2178
7 6.528407614880662e-13 1.166096087342512e-09 2498
7.5 6.993678908636839e-13 1.523455832346163e-09 2622
8 8.734953180084675e-13 2.152942717184694e-09 3338
8.5 1.036749554860075e-12 2.609422702845147e-09 3722
9 1.15995454514037e-12 3.281651668994942e-09 4170
9.5 1.292879970801772e-12 3.953381845932819e-09 4358
10 1.467247369601636e-12 4.916643555693821e-09 5034
10.5 1.670624998090078e-12 5.854706602601343e-09 5714
11 1.727207689285396e-12 6.73353917092475e-09 5982
11.5 1.955696837105313e-12 8.484380255380495e-09 6602
12 2.173036142985988e-12 9.165853026373733e-09 7130
12.5 2.533709310131905e-12 1.111812181606484e-08 8034
13 2.661961763930537e-12 1.273736933989809e-08 8606
13.5 2.884525124090072e-12 1.439157870209078e-08 9066
14 3.235111299034758e-12 1.721596335111131e-08 9962
14.5 3.569799584753333e-12 1.895306405147029e-08 10550
15 3.936000645828676e-12 2.076730362126313e-08 11226
15.5 4.379860211729315e-12 2.365399355524828e-08 12146
16 4.464814956804342e-12 2.506826951866488e-08 12303
16.5 4.436963885462188e-12 2.776067745950947e-08 12584
17 4.455752972539847e-12 2.793237974506557e-08 12120
17.5 3.972885134999723e-12 2.778454517805953e-08 11180
18 4.048113419583234e-12 2.864124739427459e-08 11096
18.5 3.529608645920211e-12 2.690672711652987e-08 10056
19 3.583204665908284e-12 2.727877761375047e-08 9716
19.5 3.095195334701972e-12 2.684367894717803e-08 8604
20 1.513028928945956e-12 1.259695721532043e-08 8060
20.5 8.617996841926883e-22 4.176382640588382e-18 7320
21 5.025587846963639e-22 2.121652862629551e-18 6356
21.5 4.232497067281164e-22 1.865156689928475e-18 5348
22 3.198885748260896e-22 1.484298552577847e-18 4308
22.5 2.659603301022995e-22 1.196937470746823e-18 3563
23 1.697909140072956e-22 8.509077304545682e-19 2448
23.5 1.192895797071611e-22 6.47730193162253e-19 1868
24 8.402874741076721e-23 4.907240008727463e-19 1358
24.5 6.355587792584083e-23 4.096380963833999e-19 1062
25 5.139012538186721e-23 2.382490216926417e-19 776
25.5 2.566077724045189e-23 1.802993913110456e-19 432
26 1.069147826333776e-23 7.657153775940588e-20 200
26.5 1.049227071344873e-23 5.532514324942422e-20 168
27 3.998678108383468e-24 2.329958148184258e-20 56
27.5 6.717784564162455e-25 9.510905070681294e-22 7

0.5 1.564193553010411e-15 5.873236577370978e-14 18
1 1.222567834254309e-14 6.974410909391428e-13 62
1.5 1.520274473088045e-14 1.788934643346191e-12 98
2 5.554241796816782e-14 8.598184056801425e-12 210
2.5 7.876161271204464e-14 2.118556206293369e-11 350
3 1.11070653847325e-13 4.499624276804859e-11 450
3.5 1.244545718643743e-13 7.200432364655393e-11 602
4 1.85827976439937e-13 1.233820803392148e-10 762
4.5 2.45478050547579e-13 2.275301488903646e-10 1142
5 2.967981206087016e-13 2.976352829987125e-10 1250
5.5 3.414459950595232e-13 4.192484507133667e-10 1458
6 4.02608085775433e-13 6.36835928586623e-10 1814
6.5 5.309985531340972e-13 8.531731394579636e-10 2178
7 5.841252785996643e-13 1.109881115564108e-09 2498
7.5 6.628290796809869e-13 1.367973501114565e-09 2622
8 8.189124007306023e-13 1.958883468950752e-09 3338
8.5 8.960590378666841e-13 2.5642850648707e-09 3722
9 1.057227265198027e-12 3.062049616339263e-09 4170
9.5 1.157985295289734e-12 3.761333482786926e-09 4358
10 1.3084839782124e-12 4.683439790879641e-09 5034
10.5 1.506856266700408e-12 5.531887495585424e-09 5714
11 1.592973133588439e-12 6.235963596911574e-09 5982
11.5 1.836115896878489e-12 7.694503128234454e-09 6602
12 1.960460856649229e-12 8.694141326339494e-09 7130
12.5 2.286730074866986e-12 1.049663826809705e-08 8034
13 2.390409774946863e-12 1.20613958123825e-08 8606
13.5 2.624309110287293e-12 1.344748334754155e-08 9066
14 2.907405211304111e-12 1.621262025235335e-08 9962
14.5 3.215662191664572e-12 1.790919348677083e-08 10550
15 3.476535473060429e-12 2.004496415727354e-08 11226
15.5 3.715275180925205e-12 2.358975196019065e-08 12146
16 3.833161184393948e-12 2.493228212707519e-08 12303
16.5 4.128678225738133e-12 2.54693763392237e-08 12584
17 3.996061750595137e-12 2.643512459672618e-08 12120
17.5 3.641294557502699e-12 2.58539499116821e-08 11180
18 3.635544589588446e-12 2.71866189710005e-08 11096
18.5 3.374067278546625e-12 2.391642714715308e-08 10056
19 3.20247925128137e-12 2.598969226714283e-08 9716
19.5 3.045247377150365e-12 2.333499903561959e-08 8604
20 1.402869381650963e-12 1.156498066049467e-08 8060
20.5 7.852422050895711e-22 4.378805348709756e-18 7320
21 4.590026753330797e-22 2.087616879052886e-18 6356
21.5 3.690244080775842e-22 1.739690631962129e-18 5348
22 2.86977432435264e-22 1.378962298630305e-18 4308
22.5 2.285052241099487e-22 1.133532820075156e-18 3563
23 1.541197952037137e-22 8.219401964103167e-19 2448
23.5 1.099537305086706e-22 6.081206839689495e-19 1868
24 7.395499827338932e-23 4.689586818525233e-19 1358
24.5 6.037746190896726e-23 3.428297227356718e-19 1062
25 4.762263953882375e-23 2.427500266997567e-19 776
25.5 2.224469264687057e-23 1.558119842320372e-19 432
26 1.245849989623781e-23 5.602587043084124e-20 200
26.5 9.831686613902703e-24 5.381264759733814e-20 168
27 3.820889887030742e-24 2.434552847627068e-20 56
27.5 2.111516748460999e-25 1.714789145713257e-21 7

0.5 1.866543656483831e-15 4.334718636344702e-14 18
1 1.25041997556469e-14 5.63624100317189e-13 62
1.5 1.197275446489027e-14 1.87667732598421e-12 98
2 4.835077753209363e-14 8.481055260096934e-12 210
2.5 7.413300830069747e-14 1.941529207291068e-11 350
3 9.528606399891578e-14 4.466233921279415e-11 450
3.5 1.164378215680093e-13 6.640907835400571e-11 602
4 1.664074386061375e-13 1.189207453416493e-10 762
4.5 2.235651250934364e-13 2.141281315969835e-10 1142
5 2.55996056051557e-13 2.959195765111103e-10 1250
5.5 3.096851956912925e-13 3.949322283057056e-10 1458
6 3.960110559107037e-13 5.557810903119369e-10 1814
6.5 4.542775809416371e-13 8.552601237267251e-10 2178
7 5.077258698705576e-13 1.095802592644712e-09 2498
7.5 5.742934193149808e-13 1.354664722003497e-09 2622
8 7.184824351828172e-13 1.916905613119594e-09 3338
8.5 8.403436464554618e-13 2.346877167973311e-09 3722
9 9.365938258210139e-13 2.966699465135826e-09 4170
9.5 1.068354731182077e-12 3.490216021880987e-09 4358
10 1.21292200467118e-12 4.331746196109006e-09 5034
10.5 1.385883392436258e-12 5.151259256884549e-09 5714
11 1.377570942884949e-12 6.155080755260387e-09 5982
11.5 1.638952147758677e-12 7.396746907512398e-09 6602
12 1.733230970752214e-12 8.41225372418281e-09 7130
12.5 2.007750229796603e-12 1.025457458703629e-08 8034
13 2.187968283217102e-12 1.129530843406812e-08 8606
13.5 2.374290574034677e-12 1.277705668052226e-08 9066
14 2.710419623630336e-12 1.497439325578965e-08 9962
14.5 2.7620326336064e-12 1.782759063914417e-08 10550
15 3.071386844412936e-12 1.940524740985747e-08 11226
15.5 3.554435213754489e-12 2.125658749980791e-08 12146
16 3.479348474441726e-12 2.341529100816476e-08 12303
16.5 3.640189681945324e-12 2.482918794481243e-08 12584
17 3.554345771083411e-12 2.552695061485346e-08 12120
17.5 3.286635194131383e-12 2.458116677692003e-08 11180
18 3.336209975106954e-12 2.542789451308558e-08 11096
18.5 2.933848745041004e-12 2.368030049523186e-08 10056
19 2.826467120219175e-12 2.515231860880133e-08 9716
19.5 2.673392297950114e-12 2.277298142822026e-08 8604
20 1.265968995838345e-12 1.09939107235427e-08 8060
20.5 7.740013886435612e-22 4.570889196519573e-18 7320
21 4.414330090583566e-22 1.895014783339695e-18 6356
21.5 3.587589886266441e-22 1.638879413338915e-18 5348
22 2.861380068227801e-22 1.333255536205684e-18 4308
22.5 2.123880354034723e-22 1.076613599475676e-18 3563
23 1.34115346544022e-22 7.419228541197083e-19 2448
23.5 1.01459483349214e-22 5.72980616113415e-19 1868
24 6.991527871315407e-23 3.926031915530945e-19 1358
24.5 5.177461209325577e-23 3.262760383558665e-19 1062
25 4.395239086142791e-23 2.542396825948778e-19 776
25.5 2.202598991287328e-23 1.41384430887673e-19 432
26 1.045855399891735e-23 6.616280067948597e-20 200
26.5 7.183770702800189e-24 5.159506241741052e-20 168
27 3.299472261801498e-24 2.357421137084036e-20 56
27.5 1.78664365672562e-25 1.404714988782002e-21 7

0.5 1.609664960880676e-15 4.756776495361477e-14 18
1 1.122961544160981e-14 5.492946911219404e-13 62
1.5 1.42532654353989e-14 1.364632031439839e-12 98
2 3.931402447832171e-14 8.974415444163113e-12 210
2.5 6.749423195793662e-14 1.820190527417597e-11 350
3 8.706770395355415e-14 4.230646678242332e-11 450
3.5 1.093120422537692e-13 6.056992023345399e-11 602
4 1.414942313063065e-13 1.199435559143826e-10 762
4.5 2.114057374001284e-13 1.953833437648646e-10 1142
5 2.351382773515911e-13 2.777335159586642e-10 1250
5.5 2.744101207343277e-13 3.841317697650394e-10 1458
6 3.349681009014603e-13 5.672644732242506e-10 1814
6.5 4.332746194400259e-13 7.734162262294194e-10 2178
7 4.560528356510526e-13 1.050200414807161e-09 2498
7.5 5.157547210107335e-13 1.298531075476626e-09 2622
8 6.366170391789019e-13 1.859271517928863e-09 3338
8.5 7.578402175785825e-13 2.247896896992826e-09 3722
9 8.887261749330991e-13 2.694200682772451e-09 4170
9.5 9.69976029203243e-13 3.313975102419749e-09 4358
10 1.100283551875584e-12 4.121649628291356e-09 5034
10.5 1.242127791572231e-12 4.952122631555829e-09 5714
11 1.287941765523912e-12 5.683456717680413e-09 5982
11.5 1.522878981192971e-12 6.866527891102661e-09 6602
12 1.643986044055084e-12 7.643145823783669e-09 7130
12.5 1.871301105896151e-12 9.472552828403532e-09 8034
13 1.963234859572833e-12 1.08492617376088e-08 8606
13.5 2.170936327352946e-12 1.20057063412874e-08 9066
14 2.408199606428619e-12 1.448988084333525e-08 9962
14.5 2.576152604442544e-12 1.651170621242352e-08 10550
15 2.904004932120747e-12 1.78129701976918e-08 11226
15.5 3.175335718070446e-12 2.046153321881599e-08 12146
16 3.285826780420486e-12 2.141195650770512e-08 12303
16.5 3.325992032268556e-12 2.331329296135449e-08 12584
17 3.298727513311449e-12 2.366986115562317e-08 12120
17.5 3.005921683556853e-12 2.310995438428129e-08 11180
18 3.022760576956112e-12 2.417956561041425e-08 11096
18.5 2.65567171149434e-12 2.251361818561492e-08 10056
19 2.673095538964693e-12 2.301062293817146e-08 9716
19.5 2.541257077945581e-12 2.058005395607909e-08 8604
20 1.172969600280268e-12 1.023334627625513e-08 8060
20.5 7.329913146533841e-22 4.733593288048388e-18 7320
21 3.856474010015197e-22 1.868780663096997e-18 6356
21.5 3.13439426149401e-22 1.520436776081789e-18 5348
22 2.410424803248021e-22 1.195012641435166e-18 4308
22.5 2.012941007143809e-22 9.921068265387602e-19 3563
23 1.337041161021708e-22 6.912644028222939e-19 2448
23.5 9.102284450173813e-23 5.427315081167298e-19 1868
24 6.816921220370005e-23 3.984090149261278e-19 1358
24.5 4.990296483527347e-23 3.124105122652954e-19 1062
25 3.506602314167619e-23 2.363689346274101e-19 776
25.5 2.126914351742615e-23 1.382620547278175e-19 432
26 9.097708686604046e-24 6.807530077924796e-20 200
26.5 6.725756886298637e-24 5.309178110204209e-20 168
27 2.421536063533334e-24 2.054508964864961e-20 56
27.5 1.124584216374358e-25 3.889592319511447e-21 7

0.5 1.934052124674348e-15 3.610375351163338e-14 18
1 8.802703532908903e-15 6.099881910123156e-13 62
1.5 1.268621603450657e-14 1.368538816805441e-12 98
2 3.829873575418947e-14 8.043310345486612e-12 210
2.5 5.614911049607022e-14 1.898479539277226e-11 350
3 8.303074137172415e-14 3.848341700902435e-11 450
3.5 8.918658054296842e-14 6.406741909445274e-11 602
4 1.351495417109688e-13 1.090529495988503e-10 762
4.5 1.973720107494477e-13 1.805298578314633e-10 1142
5 2.111526406427382e-13 2.688563729717196e-10 1250
5.5 2.538876107475176e-13 3.601052644519363e-10 1458
6 3.144636346786028e-13 5.233475319191837e-10 1814
6.5 3.919603365717408e-13 7.403408929213589e-10 2178
7 4.428020257476796e-13 9.367565658199898e-10 2498
7.5 4.864460300633752e-13 1.193125700324287e-09 2622
8 6.09626403078305e-13 1.689492333129586e-09 3338
8.5 6.892537603293758e-13 2.144314401366522e-09 3722
9 7.808166924750087e-13 2.65673783994838e-09 4170
9.5 8.944812390321335e-13 3.110904930899197e-09 4358
10 9.729297487841808e-13 4.036433447729171e-09 5034
10.5 1.114451032817802e-12 4.79156513024073e-09 5714
11 1.177241877443755e-12 5.386872851330436e-09 5982
11.5 1.360769400378148e-12 6.661231063290431e-09 6602
12 1.485991634493557e-12 7.326614109741741e-09 7130
12.5 1.763732061054209e-12 8.71046765562651e-09 8034
13 1.815037699938245e-12 1.016924524022796e-08 8606
13.5 1.955847974180875e-12 1.154715139053698e-08 9066
14 2.236404152384074e-12 1.355666586178968e-08 9962
14.5 2.398617067420341e-12 1.538792053996153e-08 10550
15 2.655128522223024e-12 1.682682952310067e-08 11226
15.5 2.876836017113081e-12 1.955664493352031e-08 12146
16 2.927214761739253e-12 2.087324195867844e-08 12303
16.5 3.047076776477854e-12 2.209761633822778e-08 12584
17 2.983780312791629e-12 2.271714787244106e-08 12120
17.5 2.731521475903336e-12 2.207152229559618e-08 11180
18 2.802945119540868e-12 2.260764156677862e-08 11096
18.5 2.452679731396726e-12 2.1111223124612e-08 10056
19 2.490166484592922e-12 2.138502798844745e-08 9716
19.5 2.188069586448669e-12 2.07761819000486e-08 8604
20 1.018101087504066e-12 1.02013689501109e-08 8060
20.5 7.209584733264931e-22 4.413659772044397e-18 7320
21 3.686697619934765e-22 1.722234906934857e-18 6356
21.5 3.035165030531779e-22 1.390423115392306e-18 5348
22 2.406356210762761e-22 1.152264360753231e-18 4308
22.5 1.780941067188828e-22 9.53127417996914e-19 3563
23 1.307952506448494e-22 6.390127378490954e-19 2448
23.5 8.82778382917358e-23 4.712441885761426e-19 1868
24 6.695662605433786e-23 3.751485488724413e-19 1358
24.5 4.822763401616152e-23 2.751830798233007e-19 1062
25 3.422601962147154e-23 2.282664934893353e-19 776
25.5 1.879782809629991e-23 1.294193033914618e-19 432
26 9.151223586170981e-24 5.609700318649063e-20 200
26.5 6.499549318755682e-24 4.341675155901014e-20 168
27 3.484312458560025e-24 1.050729176748508e-20 56
27.5 3.414999238046931e-25 1.918463963485988e-21 7

0.5 1.8989181733247e-15 3.251597785984187e-14 18
1 7.014441153844659e-15 6.633121435303112e-13 62
1.5 1.092762768165438e-14 1.370935580130386e-12 98
2 3.426367493928271e-14 7.684992024074606e-12 210
2.5 4.861921260436356e-14 1.90329043329978e-11 350
3 7.18919861882946e-14 3.844185633400359e-11 450
3.5 8.547835214028462e-14 5.846683191389443e-11 602
4 1.267245196916737e-13 1.009375864360095e-10 762
4.5 1.77391465343465e-13 1.750471391693435e-10 1142
5 1.908192789776544e-13 2.584568718160217e-10 1250
5.5 2.328761693959831e-13 3.428607174408026e-10 1458
6 2.852636624694213e-13 5.027489521594212e-10 1814
6.5 3.560212204432237e-13 7.112136018445781e-10 2178
7 3.736799310578755e-13 9.669413046407826e-10 2498
7.5 4.147344243455664e-13 1.214913667823541e-09 2622
8 5.35637087727486e-13 1.670809056540683e-09 3338
8.5 6.357173685332222e-13 2.024026436210966e-09 3722
9 7.312648603461174e-13 2.474911509654461e-09 4170
9.5 8.303659661541726e-13 2.913869247605584e-09 4358
10 9.04585246700821e-13 3.783557495347118e-09 5034
10.5 1.028324277104372e-12 4.518465810486027e-09 5714
11 1.041544488829612e-12 5.308569705072037e-09 5982
11.5 1.2300790958695e-12 6.412621242120752e-09 6602
12 1.321809246109534e-12 7.176754519620343e-09 7130
12.5 1.528008877251473e-12 8.771122907271605e-09 8034
13 1.664270830209113e-12 9.650145464275248e-09 8606
13.5 1.736749049554212e-12 1.13115589771447e-08 9066
14 2.038569480853992e-12 1.290847602060228e-08 9962
14.5 2.16853574931596e-12 1.48370632204161e-08 10550
15 2.448263428975756e-12 1.587454488689225e-08 11226
15.5 2.638297669747316e-12 1.858017107688571e-08 12146
16 2.748636582479383e-12 1.935115693584576e-08 12303
16.5 2.734267469695781e-12 2.141981662831403e-08 12584
17 2.757716283217459e-12 2.134916830453096e-08 12120
17.5 2.561447180116543e-12 2.046458659522715e-08 11180
18 2.516077213750436e-12 2.189784398941e-08 11096
18.5 2.237178344102354e-12 2.019128043690331e-08 10056
19 2.177794111488664e-12 2.127563643726657e-08 9716
19.5 2.043519032001058e-12 1.93872113535279e-08 8604
20 9.497007113584375e-13 9.571233978724569e-09 8060
20.5 6.724499933676512e-22 4.495491019129729e-18 7320
21 3.487229051232061e-22 1.585436817123939e-18 6356
21.5 2.784921803579073e-22 1.371568233302601e-18 5348
22 2.141789990664588e-22 1.059520460842353e-18 4308
22.5 1.754533933208801e-22 9.212478366951786e-19 3563
23 1.078186415671433e-22 6.012252805431251e-19 2448
23.5 8.393550969434289e-23 4.823537300242158e-19 1868
24 5.70269513103328e-23 3.648324205623693e-19 1358
24.5 4.519503376580023e-23 2.71650237812346e-19 1062
25 3.30475712713391e-23 2.176101264750307e-19 776
25.5 1.795248282745937e-23 1.130321621536061e-19 432
26 9.432102334902782e-24 5.723910174140102e-20 200
26.5 8.334619773166187e-24 4.781405325701668e-20 168
27 2.592975344551942e-24 1.48320088734992e-20 56
27.5 1.255906615437223e-25 2.489994016070845e-21 7

0.5 1.892374182718942e-15 2.670924061678419e-14 18
1 8.249173067224603e-15 5.065120981695983e-13 62
1.5 7.789904698510111e-15 1.61724968743431e-12 98
2 3.535178453741313e-14 6.541854386429938e-12 210
2.5 4.863955301367009e-14 1.686422404898513e-11 350
3 6.150553065186201e-14 3.898630636959532e-11 450
3.5 8.008484769349405e-14 5.453889582523426e-11 602
4 1.113498100850878e-13 1.009916678823259e-10 762
4.5 1.491746347350168e-13 1.821071931450312e-10 1142
5 1.748538821793729e-13 2.473755591622861e-10 1250
5.5 1.979647463283918e-13 3.501870624783626e-10 1458
6 2.60267003007282e-13 4.82658085623406e-10 1814
6.5 3.206341423346427e-13 6.888080788861809e-10 2178
7 3.65432404907842e-13 8.669579422148867e-10 2498
7.5 4.048113815001787e-13 1.092444392236982e-09 2622
8 5.025156406520862e-13 1.556780736173515e-09 3338
8.5 5.691913385535469e-13 1.97586922643426e-09 3722
9 6.338301011988548e-13 2.494210586935636e-09 4170
9.5 7.545676134334478e-13 2.816417827654522e-09 4358
10 8.340317484569463e-13 3.592723119124713e-09 5034
10.5 9.309861748287721e-13 4.365470981666748e-09 5714
11 9.751963350047479e-13 4.968372460947686e-09 5982
11.5 1.153641401828561e-12 5.974756656350759e-09 6602
12 1.230611266392502e-12 6.748449270514417e-09 7130
12.5 1.405374672939058e-12 8.332822306564152e-09 8034
13 1.492474667114647e-12 9.411452525678748e-09 8606
13.5 1.641737961791825e-12 1.049033767911473e-08 9066
14 1.82186611107625e-12 1.264475001589077e-08 9962
14.5 2.011845632184851e-12 1.396531037013077e-08 10550
15 2.16938055575751e-12 1.567123873126673e-08 11226
15.5 2.351805174525119e-12 1.822190632648769e-08 12146
16 2.461490504535492e-12 1.886138781284399e-08 12303
16.5 2.446337389737353e-12 2.100288543990089e-08 12584
17 2.497478616340867e-12 2.066673763651822e-08 12120
17.5 2.239828755565146e-12 2.046474153817672e-08 11180
18 2.3316983504128e-12 2.066760238064156e-08 11096
18.5 2.050285019611529e-12 1.924902234488671e-08 10056
19 2.078183175235923e-12 1.954424472561659e-08 9716
19.5 1.819845302763935e-12 1.899205861495889e-08 8604
20 8.639868654453911e-13 9.172125662225986e-09 8060
20.5 6.281003700404733e-22 4.105317857464196e-18 7320
21 3.346314557102896e-22 1.541362891237404e-18 6356
21.5 2.677211417817491e-22 1.281792740196531e-18 5348
22 2.033327391380966e-22 1.085872090246525e-18 4308
22.5 1.605262794914673e-22 8.713437163264823e-19 3563
23 1.056189756488999e-22 5.776846914651483e-19 2448
23.5 7.821110510713241e-23 4.292614193782817e-19 1868
24 5.540719809828066e-23 3.371100064535896e-19 1358
24.5 4.185515596484516e-23 2.462863914404114e-19 1062
25 2.913771084199043e-23 2.219726206729996e-19 776
25.5 1.676882411318213e-23 1.140031247250429e-19 432
26 7.814792275230043e-24 4.487538540218793e-20 200
26.5 6.974921595100176e-24 3.57998701934594e-20 168
27 1.662469144454101e-24 1.382984601061661e-20 56
27.5 7.441398374117352e-25 1.227772143110184e-21 7

