1:binCentralValue 2:valuesAverage 3:valuesAverage 4:multiplicity
0.5 3.602960886538149e-13 1.614627288915724e-11 18
1 3.59115404737885e-12 1.233028484550089e-10 62
1.5 1.234520968222711e-11 3.522018866440222e-10 98
2 3.117287265391643e-11 1.343217943721436e-09 210
2.5 6.322623233826462e-11 2.296705602038887e-09 350
3 9.002475033888078e-11 3.726095582551257e-09 450
3.5 1.337600114895719e-10 6.070305173777564e-09 602
4 1.757140338819093e-10 9.948954164608489e-09 762
4.5 2.896253172219895e-10 1.723988466306966e-08 1142
5 3.792525486470235e-10 2.222210806259371e-08 1250
5.5 4.280637729163719e-10 2.904610400041517e-08 1458
6 6.037498350125604e-10 4.235127635790587e-08 1814
6.5 7.357013152552146e-10 6.17206844809646e-08 2178
7 8.847157288340611e-10 7.453546565297609e-08 2498
7.5 9.282842514566178e-10 8.638774059619994e-08 2622
8 1.214167254830136e-09 1.215887840471436e-07 3338
8.5 1.40951662770033e-09 1.552332931524404e-07 3722
9 1.574866345283091e-09 1.808175890095167e-07 4170
9.5 1.694279079789032e-09 2.150182332593329e-07 4358
10 1.91190169937971e-09 2.660431530285082e-07 5034
10.5 2.256949301603655e-09 3.333176939643489e-07 5714
11 2.501333825443773e-09 3.756404668298364e-07 5982
11.5 2.652774188645502e-09 4.494526694908502e-07 6602
12 2.921611000436258e-09 5.232556116935085e-07 7130
12.5 3.335075465767418e-09 6.498275578028618e-07 8034
13 3.546667050063542e-09 7.471813058018927e-07 8606
13.5 3.721783402643096e-09 8.311409794703555e-07 9066
14 4.180397916882053e-09 9.56306702120799e-07 9962
14.5 4.470826432734928e-09 1.094611058875745e-06 10550
15 4.740346406681008e-09 1.273932164518807e-06 11226
15.5 5.271845736135089e-09 1.469349529902653e-06 12146
16 5.342902938021087e-09 1.530621880461573e-06 12303
16.5 5.571914569639108e-09 1.655823604226047e-06 12584
17 5.332733663404949e-09 1.718388869874668e-06 12120
17.5 4.810942082992004e-09 1.663670640427275e-06 11180
18 4.877597036113302e-09 1.70747378325858e-06 11096
18.5 4.366265624664002e-09 1.63311387402271e-06 10056
19 4.291720669406341e-09 1.660568286222887e-06 9716
19.5 3.797018258294246e-09 1.525804047452376e-06 8604
20 1.808466512909221e-09 7.425738621550532e-07 8060
20.5 3.586240330806245e-40 9.691185448481112e-38 7320
21 3.048847141761997e-40 8.482869846493112e-38 6356
21.5 2.42063679261009e-40 7.029740497162869e-38 5348
22 1.974399700760422e-40 5.64840451757176e-38 4308
22.5 1.696131138433493e-40 4.469491716792738e-38 3563
23 1.00772705225694e-40 3.203527958099352e-38 2448
23.5 8.223762485649894e-41 2.325804649266651e-38 1868
24 5.741359369552646e-41 1.564923106290388e-38 1358
24.5 3.92029968583346e-41 1.191839443295748e-38 1062
25 2.771369373836821e-41 7.763706204336216e-39 776
25.5 1.574026434317973e-41 3.693245553287777e-39 432
26 6.308500107527099e-42 1.815270786707987e-39 200
26.5 5.489023489073559e-42 1.33332966490891e-39 168
27 1.411783802386509e-42 3.693497065559807e-40 56
27.5 4.25456614215972e-44 2.208977026541126e-41 7

0.5 7.369295876727156e-13 8.711729294464501e-13 18
1 5.166730752120064e-12 1.188582706348477e-11 62
1.5 8.475702163869232e-12 5.980331317003572e-11 98
2 2.253314456640367e-11 2.021662548037322e-10 210
2.5 3.241017229421098e-11 4.896424574990889e-10 350
3 4.299658032915831e-11 8.498366625446004e-10 450
3.5 6.037693149286449e-11 1.461291585016748e-09 602
4 7.639890678445784e-11 2.476538059225253e-09 762
4.5 1.133624703791722e-10 4.762108682900944e-09 1142
5 1.362328697308749e-10 6.685242094027022e-09 1250
5.5 1.500578380660098e-10 8.948081372014435e-09 1458
6 1.896213564923961e-10 1.453737165587896e-08 1814
6.5 2.433962669345026e-10 2.020904806799596e-08 2178
7 2.718571814162712e-10 2.616645960068656e-08 2498
7.5 2.790770855911319e-10 3.095690501377778e-08 2622
8 3.641955258021915e-10 4.37564539820512e-08 3338
8.5 4.261414465700425e-10 5.552725165818922e-08 3722
9 4.584514875535137e-10 6.710174230741648e-08 4170
9.5 4.781304522762076e-10 8.231249197414752e-08 4358
10 5.509982893697266e-10 1.002400071666874e-07 5034
10.5 6.427731178128679e-10 1.271139249310539e-07 5714
11 7.006349820355237e-10 1.45324801164969e-07 5982
11.5 7.834239684706655e-10 1.657057408268677e-07 6602
12 8.435643931132696e-10 1.977855102666384e-07 7130
12.5 9.703533930689768e-10 2.452445872085322e-07 8034
13 1.058254206290427e-09 2.756194046796797e-07 8606
13.5 1.142897315246469e-09 2.996960407363592e-07 9066
14 1.250572354458454e-09 3.537337463530304e-07 9962
14.5 1.386212315744119e-09 3.91807904350978e-07 10550
15 1.513328306334283e-09 4.514060278708709e-07 11226
15.5 1.688473392498874e-09 5.196659885635949e-07 12146
16 1.641131593991831e-09 5.584761322983286e-07 12303
16.5 1.717022384230455e-09 6.059030804378793e-07 12584
17 1.668836857632362e-09 6.206850734753117e-07 12120
17.5 1.560337150309083e-09 5.825564531713234e-07 11180
18 1.529687738709464e-09 6.140645951216903e-07 11096
18.5 1.399540996361066e-09 5.789193392015032e-07 10056
19 1.387164608469162e-09 5.834434538172887e-07 9716
19.5 1.242572692662534e-09 5.317125950283035e-07 8604
20 5.850283991278792e-10 2.611770486929374e-07 8060
20.5 2.887058217978875e-19 1.444436624615582e-16 7320
21 2.318613088460489e-19 1.115793513587695e-16 6356
21.5 1.857144646286749e-19 9.379073670441888e-17 5348
22 1.42198187560535e-19 7.191258482676136e-17 4308
22.5 1.115512653777683e-19 5.809960075534273e-17 3563
23 7.015432708288318e-20 4.115113899628136e-17 2448
23.5 5.321812347422909e-20 3.092730041571672e-17 1868
24 3.659145322828101e-20 2.074161834311471e-17 1358
24.5 2.934565635206651e-20 1.742475408924893e-17 1062
25 1.991147191617175e-20 1.332745568637284e-17 776
25.5 1.104551181402309e-20 6.532096852447962e-18 432
26 4.757785092427846e-21 3.00037436647841e-18 200
26.5 5.132844768324523e-21 2.490616228618836e-18 168
27 1.375474287620214e-21 1.068048284195879e-18 56
27.5 4.442679914347756e-22 3.954346244718357e-20 7

0.5 6.271080528272394e-14 3.473815402692735e-12 18
1 9.185697878143768e-13 1.447535273957495e-11 62
1.5 2.350402374003255e-12 5.834381784753419e-11 98
2 6.245930413181213e-12 2.016492062386636e-10 210
2.5 1.103339830293252e-11 3.992234836913544e-10 350
3 1.45669218381755e-11 6.973717315802929e-10 450
3.5 2.171312169481706e-11 1.125752203269335e-09 602
4 2.759190324664647e-11 1.911052803546194e-09 762
4.5 4.205843179181873e-11 3.564847415945507e-09 1142
5 5.285883557525731e-11 4.775872656757547e-09 1250
5.5 5.854156635834299e-11 6.396693973224833e-09 1458
6 7.222049798746622e-11 1.060599573301373e-08 1814
6.5 9.797805132265991e-11 1.393453305643337e-08 2178
7 1.079317761422276e-10 1.836156187206128e-08 2498
7.5 1.144874408881547e-10 2.104421143814811e-08 2622
8 1.452080453491999e-10 3.055732008966907e-08 3338
8.5 1.762203456947163e-10 3.735235581699114e-08 3722
9 1.86942778404808e-10 4.596004521936843e-08 4170
9.5 2.030318843606428e-10 5.418641498661207e-08 4358
10 2.407937319902897e-10 6.381601014733554e-08 5034
10.5 2.699968875451433e-10 8.435384261846721e-08 5714
11 2.949097511380909e-10 9.617784468691147e-08 5982
11.5 3.233151368769294e-10 1.117849888183608e-07 6602
12 3.596757606691344e-10 1.292290928966124e-07 7130
12.5 4.098112081060242e-10 1.615271505174856e-07 8034
13 4.508760944357145e-10 1.799915405716438e-07 8606
13.5 4.690230429426601e-10 2.034026577018812e-07 9066
14 5.289206638809363e-10 2.329531689591413e-07 9962
14.5 5.841382719157661e-10 2.594970836270105e-07 10550
15 6.15896828490932e-10 3.071569221239649e-07 11226
15.5 7.06717877691906e-10 3.455032309694266e-07 12146
16 7.12387548095253e-10 3.595707673559201e-07 12303
16.5 7.324292818022225e-10 3.947520446266154e-07 12584
17 7.030761714017916e-10 4.109066480890613e-07 12120
17.5 6.499735242178052e-10 3.895423349901564e-07 11180
18 6.478559298487586e-10 4.043769691731665e-07 11096
18.5 5.80165051631341e-10 3.884314392412104e-07 10056
19 5.696741352339744e-10 3.950202523014083e-07 9716
19.5 5.248650035237392e-10 3.50235519968627e-07 8604
20 2.501561728786182e-10 1.703381340525134e-07 8060
20.5 1.487901344566935e-19 1.125935689609599e-16 7320
21 1.151915875679126e-19 8.714901189876138e-17 6356
21.5 9.438557206670624e-20 7.222896391250832e-17 5348
22 7.162980089211201e-20 5.61602786058543e-17 4308
22.5 5.595243764912537e-20 4.647446570497454e-17 3563
23 3.639888818906003e-20 2.946667665084467e-17 2448
23.5 2.453784984541969e-20 2.368838364578068e-17 1868
24 1.857744770079033e-20 1.620181773341631e-17 1358
24.5 1.371157311539874e-20 1.400758764612458e-17 1062
25 1.033101871493949e-20 9.27707254951006e-18 776
25.5 5.257701966025382e-21 5.349148534628521e-18 432
26 2.177402778661945e-21 2.364390215665128e-18 200
26.5 2.414932219877499e-21 2.125441739175371e-18 168
27 6.671523737927279e-22 8.951547152692414e-19 56
27.5 6.371481902940905e-23 2.061109556580079e-19 7

0.5 1.456603202632245e-13 6.006331347108361e-13 18
1 8.792660281347595e-13 6.248536996976475e-12 62
1.5 1.995747986781724e-12 2.574708892540503e-11 98
2 4.470462749478362e-12 1.041896715211072e-10 210
2.5 7.915198592697263e-12 2.083969203105388e-10 350
3 9.229273241425568e-12 4.100807580804255e-10 450
3.5 1.258186759151367e-11 7.300182112423191e-10 602
4 1.563980808839986e-11 1.25136568241763e-09 762
4.5 2.398028910474499e-11 2.329620990712271e-09 1142
5 2.865831859542281e-11 3.303392264934515e-09 1250
5.5 3.170339901795969e-11 4.397347589739733e-09 1458
6 4.2801197722607e-11 6.69957145991435e-09 1814
6.5 5.534004583262923e-11 9.184280548505482e-09 2178
7 5.970264553074662e-11 1.239618848711219e-08 2498
7.5 6.453860949471649e-11 1.394075756239669e-08 2622
8 7.879437416704681e-11 2.096240985324824e-08 3338
8.5 9.332255041104624e-11 2.629229673615728e-08 3722
9 9.983281058732217e-11 3.205043063523476e-08 4170
9.5 1.094427442581157e-10 3.742997775294407e-08 4358
10 1.272366209481485e-10 4.513427720984704e-08 5034
10.5 1.478966483689696e-10 5.732980724689939e-08 5714
11 1.583991693150929e-10 6.679819296459962e-08 5982
11.5 1.716244431281755e-10 7.858050243542042e-08 6602
12 1.897061780138664e-10 9.138457724785843e-08 7130
12.5 2.201707407505301e-10 1.122045451212945e-07 8034
13 2.33215778501793e-10 1.300128964704601e-07 8606
13.5 2.483305772595876e-10 1.434227365775753e-07 9066
14 2.760615770263985e-10 1.668045323336571e-07 9962
14.5 2.973624241506093e-10 1.900688745399451e-07 10550
15 3.348924687256732e-10 2.108701574301991e-07 11226
15.5 3.740237645019515e-10 2.430252713707738e-07 12146
16 3.701397560526275e-10 2.582009899900797e-07 12303
16.5 3.884308201632028e-10 2.779899431634802e-07 12584
17 3.739435809759959e-10 2.879173505919352e-07 12120
17.5 3.38539642170096e-10 2.785357820358041e-07 11180
18 3.342333204106196e-10 2.918389771227928e-07 11096
18.5 3.011111418200874e-10 2.791295441859084e-07 10056
19 2.942339018478337e-10 2.852204189876895e-07 9716
19.5 2.685806725154125e-10 2.550463937652548e-07 8604
20 1.27315190112581e-10 1.249267732724875e-07 8060
20.5 6.729597103586495e-20 6.501776793685761e-17 7320
21 5.069144246382475e-20 5.252780794250268e-17 6356
21.5 4.083240373336112e-20 4.425722906477653e-17 5348
22 3.147533919455625e-20 3.371360132346903e-17 4308
22.5 2.430138305543959e-20 2.778813433020651e-17 3563
23 1.553641992734068e-20 1.940558090901015e-17 2448
23.5 1.187780207821366e-20 1.426061947145801e-17 1868
24 7.934700976747921e-21 1.010744867275784e-17 1358
24.5 6.450747137840719e-21 8.011086706785615e-18 1062
25 4.622512808510166e-21 5.721737110202673e-18 776
25.5 2.315201535815491e-21 3.394499062186491e-18 432
26 1.153343477307022e-21 1.253931731978491e-18 200
26.5 9.09116442771091e-22 1.489262268372701e-18 168
27 3.215598113848719e-22 4.905551615022204e-19 56
27.5 3.645089487402999e-23 9.67029642474805e-20 7

0.5 2.929057170323046e-13 4.068758024174911e-13 18
1 5.082135391334732e-13 4.290657465676051e-12 62
1.5 1.022668561947889e-12 2.189225017921507e-11 98
2 2.88312671098475e-12 7.339276554490536e-11 210
2.5 4.486405124353825e-12 1.673177688932169e-10 350
3 5.05151798552588e-12 3.344832981340273e-10 450
3.5 7.10689799154848e-12 5.843887914932424e-10 602
4 1.017485239986906e-11 8.724711842899642e-10 762
4.5 1.49819357543184e-11 1.694633842884965e-09 1142
5 1.715859076821263e-11 2.491174934804229e-09 1250
5.5 1.957197176631733e-11 3.219118397428739e-09 1458
6 2.581186095054248e-11 5.025089634259135e-09 1814
6.5 3.265128710338838e-11 7.044681544523947e-09 2178
7 3.60299997622984e-11 9.283101363596223e-09 2498
7.5 3.683979698713019e-11 1.102938179354629e-08 2622
8 4.627139139649813e-11 1.614664723155887e-08 3338
8.5 5.386026686540977e-11 2.056550879546118e-08 3722
9 6.028553129195701e-11 2.393317648654426e-08 4170
9.5 6.491981861029636e-11 2.851833223108391e-08 4358
10 7.286122936961068e-11 3.556541410891113e-08 5034
10.5 8.80485453063197e-11 4.346969445650219e-08 5714
11 9.207079231407579e-11 5.193642214864071e-08 5982
11.5 1.037774219603116e-10 5.856313512868152e-08 6602
12 1.119228374029677e-10 7.004510522055694e-08 7130
12.5 1.309903996246244e-10 8.528382518859268e-08 8034
13 1.409837563315991e-10 9.715667610209831e-08 8606
13.5 1.465793440121087e-10 1.097046241142628e-07 9066
14 1.651684091589375e-10 1.256408754124172e-07 9962
14.5 1.822803428154555e-10 1.403532391447643e-07 10550
15 1.989196284434046e-10 1.608244441894323e-07 11226
15.5 2.200050626951392e-10 1.871864724863707e-07 12146
16 2.181723533238044e-10 1.978315299245532e-07 12303
16.5 2.276079735685733e-10 2.13751173313307e-07 12584
17 2.18236577375447e-10 2.223156252657818e-07 12120
17.5 2.072528302712201e-10 2.055053257980114e-07 11180
18 2.000046778415006e-10 2.204027808008936e-07 11096
18.5 1.875335711693153e-10 2.021757015884343e-07 10056
19 1.809208772436878e-10 2.099125237463358e-07 9716
19.5 1.607146071155159e-10 1.930883351565096e-07 8604
20 7.65575145955462e-11 9.381021689678089e-08 8060
20.5 3.86877197809653e-20 5.151687714516331e-17 7320
21 3.009085565511307e-20 3.942194847396868e-17 6356
21.5 2.441878507035846e-20 3.31611204498883e-17 5348
22 1.801280587033924e-20 2.617991183898569e-17 4308
22.5 1.458407547015584e-20 2.058201494349069e-17 3563
23 9.214630502936352e-21 1.451051812951906e-17 2448
23.5 6.805528290709698e-21 1.112794382552634e-17 1868
24 4.701049274328303e-21 7.388637954385302e-18 1358
24.5 3.73993823196609e-21 6.237989744899538e-18 1062
25 2.632774571029415e-21 4.546190727911051e-18 776
25.5 1.477852658696251e-21 2.257271167196514e-18 432
26 5.36025758461086e-22 1.186006151168467e-18 200
26.5 6.845785333094432e-22 9.01501807319119e-19 168
27 2.058978005310498e-22 3.297323268187069e-19 56
27.5 2.098990234886818e-23 7.647887215748657e-20 7

0.5 3.751047340803567e-14 1.842824100978461e-12 18
1 1.931529049434509e-13 5.528996715380273e-12 62
1.5 4.638816065466415e-13 2.522297830479512e-11 98
2 1.422607246841056e-12 7.687823301785701e-11 210
2.5 2.313101380841975e-12 1.660485326939844e-10 350
3 3.021859603318356e-12 2.910073990657231e-10 450
3.5 4.457634711554466e-12 4.789038110865055e-10 602
4 5.749941429309343e-12 7.960524544929778e-10 762
4.5 8.662117345404478e-12 1.506394296968416e-09 1142
5 1.066450465083287e-11 2.065586187017419e-09 1250
5.5 1.118298741961038e-11 2.892178411443523e-09 1458
6 1.556709120110534e-11 4.291090707527325e-09 1814
6.5 1.894058447410387e-11 6.260730657659669e-09 2178
7 2.263750618836216e-11 7.59706663112066e-09 2498
7.5 2.392353871768648e-11 8.747709861322371e-09 2622
8 3.029478527985516e-11 1.27160834671944e-08 3338
8.5 3.460723989174132e-11 1.653670251176647e-08 3722
9 3.704897596250628e-11 2.007291110188295e-08 4170
9.5 4.048030493180447e-11 2.355881923046215e-08 4358
10 4.512310073097332e-11 2.960284869404006e-08 5034
10.5 5.369778658637175e-11 3.678436959603562e-08 5714
11 5.834838047878914e-11 4.215622130468362e-08 5982
11.5 6.318140428803489e-11 4.973376331943242e-08 6602
12 7.182949267263312e-11 5.623472741807094e-08 7130
12.5 8.174221653716763e-11 7.036653298900742e-08 8034
13 8.569284119566689e-11 8.224493346944901e-08 8606
13.5 9.115108693661315e-11 9.067927023037484e-08 9066
14 1.038378741778742e-10 1.026283054672103e-07 9962
14.5 1.141792170617556e-10 1.15736382879867e-07 10550
15 1.237880675588817e-10 1.330205882135381e-07 11226
15.5 1.362106903310412e-10 1.55431823484876e-07 12146
16 1.411461638329964e-10 1.575351493013606e-07 12303
16.5 1.480685131393974e-10 1.697102526475312e-07 12584
17 1.415988829837264e-10 1.769022907631231e-07 12120
17.5 1.277851904042942e-10 1.720978490228856e-07 11180
18 1.27663980639129e-10 1.779179295924006e-07 11096
18.5 1.161323397876399e-10 1.689669938708957e-07 10056
19 1.117618538756689e-10 1.751677384857339e-07 9716
19.5 1.009934066345277e-10 1.581941413396939e-07 8604
20 4.803859309448942e-11 7.672887736415035e-08 8060
20.5 2.772674451280261e-20 4.493252450536165e-17 7320
21 2.101738738853833e-20 3.524569948968501e-17 6356
21.5 1.717932779434713e-20 2.949877687115585e-17 5348
22 1.316127868671835e-20 2.263078253998235e-17 4308
22.5 1.012892060962765e-20 1.844379417094601e-17 3563
23 6.531435089488844e-21 1.247448441998918e-17 2448
23.5 4.747363919746492e-21 9.743735552824147e-18 1868
24 3.216158481245282e-21 6.758280502723169e-18 1358
24.5 2.625059962422777e-21 5.332132862917189e-18 1062
25 1.728232281231543e-21 4.095612715763431e-18 776
25.5 9.417218317350996e-22 2.215279893480407e-18 432
26 4.013314381433461e-22 9.684655115770014e-19 200
26.5 4.163332560860268e-22 9.145236810790964e-19 168
27 1.375312634371942e-22 2.24467277902745e-19 56
27.5 1.348657816373028e-23 5.749357487450589e-20 7

0.5 2.212766633625089e-13 2.457366020296603e-13 18
1 1.856757124240498e-13 3.586548807396364e-12 62
1.5 4.756363050106692e-13 1.403963655415601e-11 98
2 1.257837148008613e-12 4.873038745948525e-11 210
2.5 1.848842198411478e-12 1.178111233475735e-10 350
3 2.283035292254438e-12 2.180103627535304e-10 450
3.5 3.007551276110119e-12 4.010091994692495e-10 602
4 4.231965149646459e-12 6.111049947286273e-10 762
4.5 6.213114810135105e-12 1.180224216718765e-09 1142
5 7.296677382428738e-12 1.703689809635534e-09 1250
5.5 8.424433903826464e-12 2.176012090767493e-09 1458
6 1.095044170233685e-11 3.448572522923678e-09 1814
6.5 1.45981786394485e-11 4.583267063509604e-09 2178
7 1.525275962760075e-11 6.375476689867543e-09 2498
7.5 1.629534990616703e-11 7.266555388573555e-09 2622
8 2.099951629955603e-11 1.036241560091685e-08 3338
8.5 2.36194810084178e-11 1.367117090653719e-08 3722
9 2.560809795347405e-11 1.641929811913928e-08 4170
9.5 2.86399019883124e-11 1.883618782996404e-08 4358
10 3.221538219318261e-11 2.34191832593421e-08 5034
10.5 3.778841676183837e-11 2.953167253769573e-08 5714
11 4.141812211139526e-11 3.355881377322125e-08 5982
11.5 4.590725983276976e-11 3.858776493536272e-08 6602
12 4.907270348992827e-11 4.644728034453255e-08 7130
12.5 5.72733273365196e-11 5.678529472318241e-08 8034
13 6.198658461563686e-11 6.428663597007991e-08 8606
13.5 6.363616418483626e-11 7.346269070451165e-08 9066
14 7.40366220192256e-11 8.171693136533725e-08 9962
14.5 8.030240112264593e-11 9.261659674564569e-08 10550
15 8.688617879860213e-11 1.074212895243528e-07 11226
15.5 9.853630235598765e-11 1.216275631047085e-07 12146
16 9.774564765333807e-11 1.285996279539375e-07 12303
16.5 1.020661761262933e-10 1.38747955324049e-07 12584
17 9.660158924686034e-11 1.459731867793633e-07 12120
17.5 8.890659773352235e-11 1.394793738539e-07 11180
18 8.764066174067597e-11 1.463656849497582e-07 11096
18.5 8.121467715769526e-11 1.364698509505312e-07 10056
19 8.006905247722944e-11 1.379133239228901e-07 9716
19.5 7.082676976531064e-11 1.274202450334975e-07 8604
20 3.347397090342399e-11 6.245820102246667e-08 8060
20.5 1.754868378466679e-20 3.385634952988938e-17 7320
21 1.352277255102378e-20 2.661490503423577e-17 6356
21.5 1.06271261827796e-20 2.282213887227021e-17 5348
22 8.075515837029726e-21 1.750130440925035e-17 4308
22.5 6.614358237492202e-21 1.380986039025181e-17 3563
23 4.093706216462271e-21 9.850088027390057e-18 2448
23.5 3.120224013545519e-21 7.36101539419001e-18 1868
24 2.090839845570444e-21 5.009304200438193e-18 1358
24.5 1.63850892443076e-21 4.227477258785391e-18 1062
25 1.160914170792081e-21 3.113112245232005e-18 776
25.5 6.455390360265762e-22 1.527303076627342e-18 432
26 3.145760556362104e-22 6.019810324940334e-19 200
26.5 2.637724504016566e-22 7.159052819889721e-19 168
27 1.014026337674883e-22 1.840049115531151e-19 56
27.5 6.579955911173345e-24 5.437147990660782e-20 7

0.5 3.975745554842352e-14 1.205619959040197e-12 18
1 4.476826357980371e-14 7.820310985286574e-12 62
1.5 1.754594173706082e-13 2.324738838305499e-11 98
2 4.977842313931555e-13 7.465411261835676e-11 210
2.5 1.001222314296526e-12 1.313974789008534e-10 350
3 1.277794574123188e-12 2.366173193948112e-10 450
3.5 1.824786948460179e-12 4.012645602552679e-10 602
4 2.700766350955658e-12 5.768685661594944e-10 762
4.5 3.974851596056267e-12 1.121843718719703e-09 1142
5 4.812873427028802e-12 1.567178499399685e-09 1250
5.5 5.434970897011162e-12 2.049296559826456e-09 1458
6 7.577541858949171e-12 3.022019817107877e-09 1814
6.5 9.098421547511887e-12 4.482768547531205e-09 2178
7 1.077285139057665e-11 5.473670983736875e-09 2498
7.5 1.111088982014038e-11 6.46016123719917e-09 2622
8 1.425302019200433e-11 9.256371383597723e-09 3338
8.5 1.626275251282734e-11 1.205705382549262e-08 3722
9 1.771116429907152e-11 1.439930529633535e-08 4170
9.5 2.001902860557387e-11 1.631691973921799e-08 4358
10 2.194905040364084e-11 2.085076851923825e-08 5034
10.5 2.669098101726448e-11 2.537587110648925e-08 5714
11 2.76089584961975e-11 3.055652664151224e-08 5982
11.5 3.082678211937755e-11 3.49495918379188e-08 6602
12 3.485144448736693e-11 3.972518897895978e-08 7130
12.5 4.017786888068691e-11 4.915077650531885e-08 8034
13 4.314806288092753e-11 5.621460850247073e-08 8606
13.5 4.55086485245202e-11 6.240615068764296e-08 9066
14 5.056269333337235e-11 7.227875804753269e-08 9962
14.5 5.412381136847478e-11 8.340133418018827e-08 10550
15 6.090313366687038e-11 9.293959054194029e-08 11226
15.5 6.782927389095453e-11 1.070744472984183e-07 12146
16 6.822093289637905e-11 1.118347884233637e-07 12303
16.5 6.997459317480945e-11 1.227777333464539e-07 12584
17 7.010867162407428e-11 1.22280330161701e-07 12120
17.5 6.276601434523501e-11 1.199275490209625e-07 11180
18 6.200262508968171e-11 1.25492155021011e-07 11096
18.5 5.650782898002495e-11 1.188505918496976e-07 10056
19 5.728653501770964e-11 1.171528451891334e-07 9716
19.5 5.065254382102486e-11 1.080568321436856e-07 8604
20 2.396822841982498e-11 5.287164183145941e-08 8060
20.5 1.490220480490789e-20 3.651992970632196e-17 7320
21 1.175855636931607e-20 2.789394632320028e-17 6356
21.5 9.696093434397343e-21 2.269167249381097e-17 5348
22 6.996783843644675e-21 1.851021333643521e-17 4308
22.5 5.63623231104062e-21 1.463222484032441e-17 3563
23 3.42421541500084e-21 1.005473159535711e-17 2448
23.5 2.73949774259818e-21 7.536344721697598e-18 1868
24 1.874482310435652e-21 5.372054677321325e-18 1358
24.5 1.503319599732279e-21 4.045645734670149e-18 1062
25 9.980148246313072e-22 3.00040740265581e-18 776
25.5 5.283464348707906e-22 1.65787342495004e-18 432
26 2.678549963948938e-22 6.54398156986982e-19 200
26.5 2.04422044153585e-22 8.111349601590076e-19 168
27 8.93197241332486e-23 2.460543777356672e-19 56
27.5 6.433858016647911e-24 5.246177139178592e-20 7

0.5 3.804917623360318e-14 3.517240897901606e-12 18
1 7.847059335982762e-14 2.921328166677918e-12 62
1.5 1.719344738768728e-13 1.520677908530959e-11 98
2 4.788666191542903e-13 4.997285224620932e-11 210
2.5 7.558892805772747e-13 1.117041287505471e-10 350
3 1.037703810964645e-12 1.859037616675181e-10 450
3.5 1.587544336047482e-12 2.957063947221308e-10 602
4 2.104012481175805e-12 4.772973251630066e-10 762
4.5 3.144239988013827e-12 9.114785449049544e-10 1142
5 3.642338596302629e-12 1.328329174586743e-09 1250
5.5 4.236781582262109e-12 1.685827367409244e-09 1458
6 5.808934092227652e-12 2.523940857309899e-09 1814
6.5 7.109119867839994e-12 3.663995343722711e-09 2178
7 8.187239410994305e-12 4.613626381095592e-09 2498
7.5 8.695998366059511e-12 5.28795038168565e-09 2622
8 1.115340040486441e-11 7.590678716282639e-09 3338
8.5 1.261590111186866e-11 9.953386256471558e-09 3722
9 1.344382198436309e-11 1.217301970556734e-08 4170
9.5 1.499699561828613e-11 1.397145659402077e-08 4358
10 1.69292488520238e-11 1.731268002824791e-08 5034
10.5 1.982924601243566e-11 2.191935913898635e-08 5714
11 2.183256902743955e-11 2.480140379568185e-08 5982
11.5 2.395768020704716e-11 2.877623385069841e-08 6602
12 2.62610472162616e-11 3.373675568809601e-08 7130
12.5 3.005778073697344e-11 4.211322222530999e-08 8034
13 3.328164588636047e-11 4.644013659449577e-08 8606
13.5 3.456175029130594e-11 5.265954920803691e-08 9066
14 3.847603030660551e-11 6.116257084441714e-08 9962
14.5 4.242458411484566e-11 6.820879174349504e-08 10550
15 4.50777515074483e-11 8.032383415013976e-08 11226
15.5 5.228527170747555e-11 8.883331022177916e-08 12146
16 5.130108625046665e-11 9.526039058094306e-08 12303
16.5 5.216081427988359e-11 1.053400472847277e-07 12584
17 5.156318558675867e-11 1.068719603659081e-07 12120
17.5 4.732654607477084e-11 1.018481881948734e-07 11180
18 4.674812602221106e-11 1.068157549501232e-07 11096
18.5 4.315660266305788e-11 9.971651807361802e-08 10056
19 4.16959009479989e-11 1.029896550642254e-07 9716
19.5 3.752638465052951e-11 9.343467995431821e-08 8604
20 1.81162474247444e-11 4.477659581901788e-08 8060
20.5 1.052927394075922e-20 2.825834167738354e-17 7320
21 7.922912985321539e-21 2.245604723636671e-17 6356
21.5 6.48844113118358e-21 1.831607548372209e-17 5348
22 4.983799389329138e-21 1.41922986703196e-17 4308
22.5 3.881508689777992e-21 1.098433332963209e-17 3563
23 2.407828626728318e-21 7.6841327032881e-18 2448
23.5 1.824223300330961e-21 6.15228672264171e-18 1868
24 1.289184415425534e-21 4.098914553983176e-18 1358
24.5 9.974256827028611e-22 3.365646897499368e-18 1062
25 7.259727907110422e-22 2.269278549930152e-18 776
25.5 3.610371820013767e-22 1.38751596681124e-18 432
26 1.619866239119852e-22 5.181911930607875e-19 200
26.5 1.516429413959142e-22 5.612064368598117e-19 168
27 3.89477271724468e-23 2.401513259583259e-19 56
27.5 5.354377655277987e-24 2.748330580549403e-20 7

0.5 2.907353657261503e-14 1.201314301769387e-11 18
1 2.634452109378373e-14 6.633717354464467e-12 62
1.5 8.025327444715608e-14 2.171607159124252e-11 98
2 2.313372134859791e-13 6.924313803703886e-11 210
2.5 4.701887560688532e-13 1.198421654695102e-10 350
3 6.268462818443708e-13 2.072602446321781e-10 450
3.5 8.656244154818394e-13 3.629243107682294e-10 602
4 1.24310720295914e-12 5.422990609690624e-10 762
4.5 1.859862605877659e-12 1.024908111180296e-09 1142
5 2.414433132478007e-12 1.345045777461814e-09 1250
5.5 2.781178155824405e-12 1.722120476516361e-09 1458
6 3.769684981316365e-12 2.611118108493205e-09 1814
6.5 4.743191757359491e-12 3.682051892038822e-09 2178
7 5.214551955543904e-12 4.838992276460011e-09 2498
7.5 5.652097716827953e-12 5.451836935770453e-09 2622
8 7.592206222281813e-12 7.480562249314566e-09 3338
8.5 8.783976609402207e-12 9.583118226409635e-09 3722
9 9.734474627951004e-12 1.126226317594481e-08 4170
9.5 1.066627222496833e-11 1.31682002102884e-08 4358
10 1.220575683342996e-11 1.610222744329567e-08 5034
10.5 1.416366073052606e-11 2.050080310339146e-08 5714
11 1.544703218415255e-11 2.346940603711448e-08 5982
11.5 1.729060253108991e-11 2.679353959492565e-08 6602
12 1.891738221096432e-11 3.142888723157957e-08 7130
12.5 2.176689040628574e-11 3.894420414798214e-08 8034
13 2.395271337390038e-11 4.33830085360054e-08 8606
13.5 2.552362889065567e-11 4.774185881459972e-08 9066
14 2.848672854604557e-11 5.51669821866552e-08 9962
14.5 3.041936599607549e-11 6.365456641832646e-08 10550
15 3.398836800348556e-11 7.131832851245347e-08 11226
15.5 3.923920384273943e-11 7.949961500302208e-08 12146
16 3.771078033055992e-11 8.661547252849233e-08 12303
16.5 3.870674083077521e-11 9.525379990445332e-08 12584
17 3.903960048238842e-11 9.457997466379974e-08 12120
17.5 3.486593495920088e-11 9.297959415750887e-08 11180
18 3.486130372639488e-11 9.604425580887027e-08 11096
18.5 3.198611642980828e-11 9.011082943032504e-08 10056
19 3.253995871834044e-11 8.843098283212447e-08 9716
19.5 2.80604622433113e-11 8.372252484109348e-08 8604
20 1.343476467194352e-11 4.048720533863085e-08 8060
20.5 9.734219377205758e-21 3.132565837000345e-17 7320
21 7.687659541775163e-21 2.473992352576516e-17 6356
21.5 6.260800180033933e-21 1.990961666641812e-17 5348
22 4.616864861070285e-21 1.546244979848649e-17 4308
22.5 3.621251541357788e-21 1.289155774690251e-17 3563
23 2.381326045619961e-21 8.540575460009506e-18 2448
23.5 1.772423116903058e-21 6.485206504721889e-18 1868
24 1.149237434323818e-21 4.731345629992467e-18 1358
24.5 9.392466101312664e-22 3.92331525403564e-18 1062
25 6.677717656126086e-22 2.515690481206749e-18 776
25.5 3.401784741032575e-22 1.436925251831823e-18 432
26 1.360572952588205e-22 6.661390288485445e-19 200
26.5 1.19156318586339e-22 6.206858013992373e-19 168
27 5.069627084222639e-23 1.972005063513517e-19 56
27.5 8.413091912720455e-24 2.767775909895133e-20 7

0.5 1.020520989289058e-14 1.225908118768204e-11 18
1 3.19802456783107e-14 3.583514681659786e-12 62
1.5 8.58078038062776e-14 1.402022685194914e-11 98
2 2.328585822515445e-13 4.784817784785757e-11 210
2.5 3.991479880132663e-13 9.847999215283236e-11 350
3 5.502327866720429e-13 1.645758946905711e-10 450
3.5 6.950757517351233e-13 3.112104875346344e-10 602
4 1.096545117204837e-12 4.257135442793777e-10 762
4.5 1.627388738794508e-12 8.175527253614028e-10 1142
5 1.973982921330924e-12 1.142514749662214e-09 1250
5.5 2.406357983621208e-12 1.376128687659584e-09 1458
6 3.103855276588092e-12 2.202804436865997e-09 1814
6.5 4.063999289821537e-12 2.983502217710808e-09 2178
7 4.363242307755702e-12 4.028198061698384e-09 2498
7.5 4.72434883562525e-12 4.533605227367143e-09 2622
8 6.014861439521834e-12 6.557589041784591e-09 3338
8.5 7.398995140886355e-12 7.888413873899342e-09 3722
9 7.879901786665866e-12 9.665424265757574e-09 4170
9.5 8.521163788304677e-12 1.145566570048511e-08 4358
10 1.00189696179444e-11 1.361865041566119e-08 5034
10.5 1.137593130498817e-11 1.773214083624443e-08 5714
11 1.231377401334569e-11 2.046047609737082e-08 5982
11.5 1.353365101129076e-11 2.374075983464995e-08 6602
12 1.537428627415513e-11 2.685144452266242e-08 7130
12.5 1.747463947658141e-11 3.36401947762409e-08 8034
13 1.890258898421132e-11 3.803156614412152e-08 8606
13.5 2.023294085353622e-11 4.187337072812904e-08 9066
14 2.241218404113856e-11 4.88453178137112e-08 9962
14.5 2.441211428608819e-11 5.524859667068082e-08 10550
15 2.647259574078129e-11 6.345335575901776e-08 11226
15.5 3.004936541372104e-11 7.202375650419557e-08 12146
16 3.010187131969195e-11 7.547068898149716e-08 12303
16.5 3.155839645908993e-11 8.138919045249607e-08 12584
17 3.151438694373339e-11 8.106793630321053e-08 12120
17.5 2.822575811076398e-11 7.96091304010604e-08 11180
18 2.796186814905928e-11 8.309839112378644e-08 11096
18.5 2.5894979918812e-11 7.728527732735238e-08 10056
19 2.519415918245257e-11 7.943174301429037e-08 9716
19.5 2.243742799115296e-11 7.291983387637869e-08 8604
20 1.075567436902698e-11 3.524014598538213e-08 8060
20.5 7.411177566800453e-21 2.533070886080063e-17 7320
21 5.687209151495561e-21 2.001367578690802e-17 6356
21.5 4.505924191805558e-21 1.620752156253927e-17 5348
22 3.436308696040421e-21 1.290300294488871e-17 4308
22.5 2.606990234756394e-21 1.013903928469321e-17 3563
23 1.599933249994205e-21 7.380361609697542e-18 2448
23.5 1.254959142536952e-21 5.506524049732909e-18 1868
24 8.644141184096438e-22 3.75079060321526e-18 1358
24.5 7.284587861360918e-22 2.862479870985403e-18 1062
25 4.612104345438147e-22 2.286494852386247e-18 776
25.5 2.3185860825194e-22 1.22476220288505e-18 432
26 1.083220863943939e-22 5.195974689506038e-19 200
26.5 1.019781075098498e-22 5.273770110145866e-19 168
27 4.570935090279982e-23 1.00191236173968e-19 56
27.5 4.321017840889536e-24 2.093863829622444e-20 7

0.5 1.926363213584091e-14 1.153871340287815e-12 18
1 1.493870635393102e-14 5.806713451322073e-12 62
1.5 4.342585160338857e-14 2.002585832741544e-11 98
2 1.215365898668352e-13 6.582063271279666e-11 210
2.5 2.452943318257796e-13 1.145762544784888e-10 350
3 3.325630392809662e-13 1.944413721831188e-10 450
3.5 4.701224068116979e-13 3.32547772865264e-10 602
4 6.85758753962747e-13 4.87645223598354e-10 762
4.5 1.215471275881886e-12 7.796127925760654e-10 1142
5 1.347336596254706e-12 1.197473714857638e-09 1250
5.5 1.58257606785129e-12 1.5034219685525e-09 1458
6 2.284227705636082e-12 2.14223599627723e-09 1814
6.5 2.795628739698766e-12 3.108442856531321e-09 2178
7 3.242528259760102e-12 3.885545878616219e-09 2498
7.5 3.325847160899335e-12 4.605678637942379e-09 2622
8 4.679511154786514e-12 6.030821335321891e-09 3338
8.5 5.321393397335903e-12 7.876129244283181e-09 3722
9 5.839699983646829e-12 9.34959407586309e-09 4170
9.5 6.572465008625349e-12 1.065309654634623e-08 4358
10 7.395547947981266e-12 1.323065582533488e-08 5034
10.5 8.77442078420823e-12 1.647841309959782e-08 5714
11 9.359682247769651e-12 1.926576511768196e-08 5982
11.5 1.035252365532383e-11 2.222842797809294e-08 6602
12 1.167620711168472e-11 2.530761094411645e-08 7130
12.5 1.341194474851562e-11 3.13725667426014e-08 8034
13 1.423925535641151e-11 3.627687742278843e-08 8606
13.5 1.501222606999542e-11 4.034282444461709e-08 9066
14 1.7543186533378e-11 4.465800983097563e-08 9962
14.5 1.898749832106869e-11 5.091847746681411e-08 10550
15 2.087596540060056e-11 5.765606220886178e-08 11226
15.5 2.329117364796923e-11 6.634214428053136e-08 12146
16 2.389565173807861e-11 6.814067605336578e-08 12303
16.5 2.416196256557886e-11 7.601072502330536e-08 12584
17 2.398506092303156e-11 7.649939092212308e-08 12120
17.5 2.218267272169887e-11 7.249453313356451e-08 11180
18 2.164746284605946e-11 7.686800335628777e-08 11096
18.5 1.995183405565688e-11 7.186095659313457e-08 10056
19 1.955078525174491e-11 7.345726647458705e-08 9716
19.5 1.741267491410931e-11 6.726096167754233e-08 8604
20 7.942858622517131e-12 3.401359471380341e-08 8060
20.5 7.297715126047613e-21 2.832545896123623e-17 7320
21 5.559456203769824e-21 2.195252735572658e-17 6356
21.5 4.434389856602725e-21 1.844611502427955e-17 5348
22 3.379418675527424e-21 1.425624223180644e-17 4308
22.5 2.707059277616104e-21 1.086610791141673e-17 3563
23 1.615894833185792e-21 7.407345463936822e-18 2448
23.5 1.235895680687903e-21 6.213858475824291e-18 1868
24 8.334823812168336e-22 4.123083724322207e-18 1358
24.5 7.01221323464468e-22 3.260881733798455e-18 1062
25 4.944679220270212e-22 2.449241022064773e-18 776
25.5 2.575432795030441e-22 1.279754610188131e-18 432
26 9.14775923575854e-23 5.900835099542759e-19 200
26.5 1.066262494802832e-22 6.027354640220716e-19 168
27 3.329940990278766e-23 1.369079817389817e-19 56
27.5 4.172781616764386e-24 1.787797869840407e-20 7

0.5 6.093927370696751e-15 9.538074416229219e-12 18
1 1.131997381333757e-14 5.848008712544347e-12 62
1.5 3.568273333768542e-14 1.790280533787714e-11 98
2 1.268348316875962e-13 4.561489276192777e-11 210
2.5 1.902499230622827e-13 1.088898037233259e-10 350
3 2.963986748706264e-13 1.602177404374813e-10 450
3.5 3.894369381771762e-13 2.921902315061757e-10 602
4 5.958417145167817e-13 4.124706498711133e-10 762
4.5 9.841728564121937e-13 7.119244227222968e-10 1142
5 1.194068762826351e-12 9.926486877324209e-10 1250
5.5 1.378457434772762e-12 1.268651433644431e-09 1458
6 1.839772886129486e-12 1.956293384289045e-09 1814
6.5 2.389537020573543e-12 2.670747646404555e-09 2178
7 2.715698035282226e-12 3.410116314507196e-09 2498
7.5 2.909000206794921e-12 3.874527412546187e-09 2622
8 3.784916420663896e-12 5.484399080181425e-09 3338
8.5 4.46349573204611e-12 6.902075155828541e-09 3722
9 4.910902083367178e-12 8.167703902046814e-09 4170
9.5 5.290403077376045e-12 9.70425217625603e-09 4358
10 6.198523700905758e-12 1.160194917182949e-08 5034
10.5 7.227868172911787e-12 1.471448560263815e-08 5714
11 7.729264528352513e-12 1.716363582245748e-08 5982
11.5 8.777712072168492e-12 1.928422743816154e-08 6602
12 9.437220755489558e-12 2.297775478287481e-08 7130
12.5 1.083301731923892e-11 2.85631174270717e-08 8034
13 1.217520648575861e-11 3.118627483996598e-08 8606
13.5 1.286361687308955e-11 3.469285776653976e-08 9066
14 1.411651794651351e-11 4.070074147161833e-08 9962
14.5 1.569450510058744e-11 4.511254011454527e-08 10550
15 1.726621455301621e-11 5.126212144137724e-08 11226
15.5 1.926905526181691e-11 5.911220228329831e-08 12146
16 1.912868512024505e-11 6.243414966353772e-08 12303
16.5 1.997421779695549e-11 6.753554181515447e-08 12584
17 1.991580634460704e-11 6.778015136677905e-08 12120
17.5 1.851632130499594e-11 6.393417162764517e-08 11180
18 1.804683197131048e-11 6.772890779916414e-08 11096
18.5 1.629801852993894e-11 6.464319447089346e-08 10056
19 1.61940803209226e-11 6.4986948190521e-08 9716
19.5 1.435256244007556e-11 5.985287807982846e-08 8604
20 6.65175461624628e-12 2.991605686297507e-08 8060
20.5 5.502514491451179e-21 2.384462005010735e-17 7320
21 4.347104512298254e-21 1.848938973035275e-17 6356
21.5 3.440724205886159e-21 1.53399638625317e-17 5348
22 2.569845320200112e-21 1.237349986294361e-17 4308
22.5 2.067105480973149e-21 9.799351531560844e-18 3563
23 1.306816301964737e-21 6.824308907691728e-18 2448
23.5 9.511478960495505e-22 5.170292036577785e-18 1868
24 6.833283793154824e-22 3.489669444060562e-18 1358
24.5 5.370950920293815e-22 2.995083993247346e-18 1062
25 4.000130517758911e-22 2.031978408037333e-18 776
25.5 2.183085050504626e-22 1.099569244712225e-18 432
26 9.328702376960951e-23 5.362217420729727e-19 200
26.5 7.56375173991384e-23 4.62076706550935e-19 168
27 2.304328429459447e-23 1.249029718203232e-19 56
27.5 4.552331082750617e-24 7.555221429574022e-21 7

0.5 3.445409198967429e-15 1.871507624176719e-11 18
1 7.650875465910948e-15 6.404582022616549e-12 62
1.5 2.582932606358421e-14 1.855593402474982e-11 98
2 7.850198770360925e-14 5.590658721352636e-11 210
2.5 1.29886058944507e-13 1.199137646604095e-10 350
3 1.872661745595483e-13 1.899858597166742e-10 450
3.5 3.147101337923695e-13 2.726647535363493e-10 602
4 4.016084735207252e-13 4.591260661759233e-10 762
4.5 6.703816149404704e-13 7.859054901158453e-10 1142
5 8.272598247324179e-13 1.078187585747572e-09 1250
5.5 9.35518126986179e-13 1.398758275142705e-09 1458
6 1.3577307246429e-12 1.991034709449775e-09 1814
6.5 1.818320613866223e-12 2.638727137869603e-09 2178
7 2.015049893943617e-12 3.453916178835014e-09 2498
7.5 2.141292633076997e-12 3.953848014094938e-09 2622
8 2.940590348400218e-12 5.29370975131073e-09 3338
8.5 3.279016919283758e-12 7.049024875106251e-09 3722
9 3.717200541683515e-12 8.100194692224271e-09 4170
9.5 4.050576457842956e-12 9.518884770431917e-09 4358
10 4.699476657160494e-12 1.15006305465688e-08 5034
10.5 5.532583698140371e-12 1.441852859181268e-08 5714
11 6.268163706168405e-12 1.588855887612041e-08 5982
11.5 6.797137304048436e-12 1.86704621034016e-08 6602
12 7.28363778947088e-12 2.238467233964557e-08 7130
12.5 8.969170265570257e-12 2.587433122681627e-08 8034
13 9.637097652190773e-12 2.959759885550758e-08 8606
13.5 1.004356805556282e-11 3.33151422681647e-08 9066
14 1.138358833758923e-11 3.802065843592544e-08 9962
14.5 1.251809183426825e-11 4.248800811975335e-08 10550
15 1.353826527739209e-11 4.904973051996924e-08 11226
15.5 1.541048702329659e-11 5.558329369103429e-08 12146
16 1.505211327467643e-11 5.972758878888684e-08 12303
16.5 1.561087929502184e-11 6.491021998827307e-08 12584
17 1.553104644734284e-11 6.512640421426933e-08 12120
17.5 1.472612945442473e-11 6.029036400592172e-08 11180
18 1.450881129328918e-11 6.32690688793224e-08 11096
18.5 1.303633666808453e-11 6.075756450527874e-08 10056
19 1.2820271993528e-11 6.183439772813249e-08 9716
19.5 1.157780269683648e-11 5.571930748694685e-08 8604
20 5.531740068010146e-12 2.701578172249e-08 8060
20.5 5.472755492346956e-21 2.605356901138886e-17 7320
21 4.224673475806603e-21 2.138246195598021e-17 6356
21.5 3.377126293609972e-21 1.682664407526228e-17 5348
22 2.533759200691569e-21 1.359398655159229e-17 4308
22.5 1.973670953083497e-21 1.12420665458013e-17 3563
23 1.263528907248487e-21 7.443645911276578e-18 2448
23.5 9.905624223667012e-22 5.434998627877195e-18 1868
24 6.721155872643427e-22 3.86619260061396e-18 1358
24.5 5.486415718283128e-22 3.211044120252922e-18 1062
25 3.507612134938132e-22 2.180838075462953e-18 776
25.5 2.062231716437377e-22 1.190035478036641e-18 432
26 8.862942236258106e-23 6.484041901801227e-19 200
26.5 8.318997572325049e-23 4.844158232557945e-19 168
27 2.066118430503146e-23 1.511885745057091e-19 56
27.5 5.55720319349798e-24 3.642812762651823e-20 7

0.5 4.714214137145869e-15 3.310746333565207e-11 18
1 8.796956029082048e-15 3.820760937833358e-12 62
1.5 2.282102326925062e-14 1.60514546448546e-11 98
2 6.461298134307185e-14 5.234087436598911e-11 210
2.5 1.164577779659943e-13 1.023164249264291e-10 350
3 1.727226276445164e-13 1.580758374091055e-10 450
3.5 2.607450202382252e-13 2.52836279791715e-10 602
4 3.699647200018091e-13 3.816013189817726e-10 762
4.5 5.86229098977824e-13 6.868783598372794e-10 1142
5 7.358753251956078e-13 9.272502142178501e-10 1250
5.5 9.050759574155197e-13 1.106617211594621e-09 1458
6 1.223266379545491e-12 1.687631420841713e-09 1814
6.5 1.444962162446544e-12 2.540379692899744e-09 2178
7 1.699991540716859e-12 3.126433210196484e-09 2498
7.5 1.835994299996044e-12 3.528601291623589e-09 2622
8 2.474677048728739e-12 4.816842593485731e-09 3338
8.5 2.900618328024059e-12 6.106553208984266e-09 3722
9 3.184330031257291e-12 7.235379807196846e-09 4170
9.5 3.472817366412891e-12 8.499778934822627e-09 4358
10 4.053234672975811e-12 1.01996107317168e-08 5034
10.5 4.878339894548644e-12 1.25119979087256e-08 5714
11 5.115363407090296e-12 1.48763616852806e-08 5982
11.5 5.680422493413861e-12 1.708384027157502e-08 6602
12 6.329597520986898e-12 1.969288555971413e-08 7130
12.5 7.54342505317282e-12 2.359589148346986e-08 8034
13 8.033894930142886e-12 2.713145026812962e-08 8606
13.5 8.473891426722692e-12 3.027196688632364e-08 9066
14 9.731780941009964e-12 3.389794350536683e-08 9962
14.5 1.075249152111076e-11 3.782205535881161e-08 10550
15 1.159433656904509e-11 4.387774135252305e-08 11226
15.5 1.307221440909442e-11 5.021819154672812e-08 12146
16 1.312402161314308e-11 5.224841640890391e-08 12303
16.5 1.338992833886717e-11 5.788084169382999e-08 12584
17 1.342476231680501e-11 5.767045909520011e-08 12120
17.5 1.213689819622689e-11 5.608719230236263e-08 11180
18 1.214504660139858e-11 5.789744536389018e-08 11096
18.5 1.113291405352857e-11 5.433464779860415e-08 10056
19 1.120368254467366e-11 5.398948643336173e-08 9716
19.5 9.590828854551706e-12 5.149549505658247e-08 8604
20 4.622796875972566e-12 2.475213193708741e-08 8060
20.5 4.582271158987128e-21 2.320008904292064e-17 7320
21 3.559932316916832e-21 1.844962661118367e-17 6356
21.5 2.775327895175628e-21 1.483256073920791e-17 5348
22 2.089795397107462e-21 1.152109826489299e-17 4308
22.5 1.646361467399001e-21 9.782606477723711e-18 3563
23 1.143712294660579e-21 5.924914828408022e-18 2448
23.5 8.26362290372999e-22 4.349802312649647e-18 1868
24 5.622068596098261e-22 3.314007901182089e-18 1358
24.5 4.385944918410157e-22 2.756809387524968e-18 1062
25 2.989255066672369e-22 2.072639777774774e-18 776
25.5 1.571188510793066e-22 1.09211940696341e-18 432
26 7.573868447731061e-23 4.357939294727336e-19 200
26.5 7.47753240351418e-23 4.046618419820268e-19 168
27 3.48643552720766e-23 1.218872582924924e-19 56
27.5 1.235255777343524e-24 2.598326414006373e-20 7

0.5 6.572319734253361e-14 4.256576262168695e-12 18
1 4.469175623767126e-15 6.369833579154046e-12 62
1.5 1.527057510141659e-14 1.874316288770151e-11 98
2 4.612235738015042e-14 5.705794847804227e-11 210
2.5 8.043022881001355e-14 1.153803941584801e-10 350
3 1.289969435881803e-13 1.642949638869718e-10 450
3.5 1.79542234317552e-13 2.86141074528576e-10 602
4 2.558878825289745e-13 4.297640747700689e-10 762
4.5 4.3960343453439e-13 7.135439804623684e-10 1142
5 5.538711026977415e-13 9.579803966166348e-10 1250
5.5 6.402093066761553e-13 1.222436646239547e-09 1458
6 9.160601430282267e-13 1.755831636029636e-09 1814
6.5 1.166593185328924e-12 2.451994969298546e-09 2178
7 1.38878034995549e-12 2.981652841949144e-09 2498
7.5 1.470692465504014e-12 3.431903110320448e-09 2622
8 1.910294390125742e-12 4.861350173223357e-09 3338
8.5 2.255877731155281e-12 6.11018301724904e-09 3722
9 2.568049096176931e-12 6.980304179471751e-09 4170
9.5 2.638154835859491e-12 8.692953971238534e-09 4358
10 3.242811332430033e-12 9.92374906418857e-09 5034
10.5 3.870766720505787e-12 1.228497091768958e-08 5714
11 4.118922059412887e-12 1.440566213274163e-08 5982
11.5 4.69746048437353e-12 1.607877875865472e-08 6602
12 5.171240165203849e-12 1.878987860444929e-08 7130
12.5 6.058582631318815e-12 2.285343210128364e-08 8034
13 6.551890264672597e-12 2.591449301687204e-08 8606
13.5 6.995129556249272e-12 2.850326069250624e-08 9066
14 7.763277895816005e-12 3.310765977395786e-08 9962
14.5 8.638044943381223e-12 3.675951578142339e-08 10550
15 9.454125990045039e-12 4.192186303843087e-08 11226
15.5 1.068240793435485e-11 4.757720426346313e-08 12146
16 1.087948553341714e-11 4.916439541892867e-08 12303
16.5 1.101690178937823e-11 5.476525278995663e-08 12584
17 1.089760867683474e-11 5.544510233748682e-08 12120
17.5 1.01907721032298e-11 5.187411974356012e-08 11180
18 1.024321230072801e-11 5.340866267749885e-08 11096
18.5 8.893513845235627e-12 5.297182414671496e-08 10056
19 9.101320806691731e-12 5.17717116528722e-08 9716
19.5 8.1756847772261e-12 4.701479552734311e-08 8604
20 3.908643126274842e-12 2.282147790238034e-08 8060
20.5 4.433536550229622e-21 2.652099788821978e-17 7320
21 3.305912640615098e-21 2.019474651065218e-17 6356
21.5 2.699107826950996e-21 1.675485821186434e-17 5348
22 1.989237846476893e-21 1.273104715809402e-17 4308
22.5 1.665317710329079e-21 1.063516818562156e-17 3563
23 1.067114795138615e-21 6.767737754587063e-18 2448
23.5 7.770520948059887e-22 5.421386810588786e-18 1868
24 5.067471434049293e-22 3.797755750736462e-18 1358
24.5 4.224287080131984e-22 3.049493470258446e-18 1062
25 3.141585487833669e-22 2.184915863764898e-18 776
25.5 1.646664642925039e-22 1.306614107587302e-18 432
26 7.214699797721139e-23 4.389293226680178e-19 200
26.5 6.58891279562704e-23 5.557377096208151e-19 168
27 1.492181733278686e-23 1.81743346482991e-19 56
27.5 1.074503653875771e-24 2.715410185959684e-20 7

0.5 4.5131241857073e-16 5.107572764611666e-11 18
1 4.022494269911732e-15 5.521532563877174e-12 62
1.5 1.360128531666025e-14 1.661546518466102e-11 98
2 3.662971817915896e-14 5.661112979948318e-11 210
2.5 7.121240939495583e-14 1.02928634442649e-10 350
3 1.064448970508334e-13 1.579620769100361e-10 450
3.5 1.681649932013115e-13 2.412700742583021e-10 602
4 2.263191625040533e-13 3.836411476270978e-10 762
4.5 3.774061760341017e-13 6.569400241850984e-10 1142
5 4.682871994369485e-13 8.948471223915737e-10 1250
5.5 5.547825467391855e-13 1.114086815803667e-09 1458
6 7.671855614700904e-13 1.657615746094605e-09 1814
6.5 1.029692128298329e-12 2.192762221862818e-09 2178
7 1.187857021281827e-12 2.755270827938717e-09 2498
7.5 1.264389448250038e-12 3.149795275626038e-09 2622
8 1.629906609091789e-12 4.496054207968609e-09 3338
8.5 1.875754690197428e-12 5.795936498909497e-09 3722
9 2.181759573919865e-12 6.497301517739869e-09 4170
9.5 2.410651431090585e-12 7.531952207829647e-09 4358
10 2.776704085045304e-12 9.157755967981729e-09 5034
10.5 3.282130376897527e-12 1.145864845125562e-08 5714
11 3.537738964548218e-12 1.323252553599516e-08 5982
11.5 4.014899500562236e-12 1.48916330423111e-08 6602
12 4.350819355292807e-12 1.762496324275546e-08 7130
12.5 5.163509494317495e-12 2.119268590942877e-08 8034
13 5.630566641153631e-12 2.383857898085479e-08 8606
13.5 5.99115293677149e-12 2.630466305901636e-08 9066
14 6.735546012624025e-12 3.018747495435225e-08 9962
14.5 7.428989538213333e-12 3.373307862711886e-08 10550
15 8.070375084857129e-12 3.877514736214915e-08 11226
15.5 9.069542041571483e-12 4.424630424157488e-08 12146
16 9.307106643135887e-12 4.547019148021586e-08 12303
16.5 9.459200236071531e-12 5.046580770259425e-08 12584
17 9.245421488949313e-12 5.149648626481198e-08 12120
17.5 8.733014174408282e-12 4.786732316631865e-08 11180
18 8.803756330960007e-12 4.90981919240155e-08 11096
18.5 8.051222212581031e-12 4.618320745751026e-08 10056
19 7.805630849575467e-12 4.769051569474569e-08 9716
19.5 6.961398314884819e-12 4.371750792127371e-08 8604
20 3.300425143857662e-12 2.132778246307203e-08 8060
20.5 3.751071717519404e-21 2.349781625599059e-17 7320
21 2.880400264708665e-21 1.827714138262639e-17 6356
21.5 2.344633699272034e-21 1.458906250275746e-17 5348
22 1.732664428810203e-21 1.151393234301944e-17 4308
22.5 1.417117615642838e-21 8.863442475965493e-18 3563
23 8.553479176769248e-22 6.375977239902942e-18 2448
23.5 6.421652522345877e-22 4.883231287396756e-18 1868
24 4.734086768437641e-22 3.430054135778274e-18 1358
24.5 3.491464639748371e-22 2.81083694035561e-18 1062
25 2.319401098660286e-22 2.013570215592771e-18 776
25.5 1.392282475642689e-22 1.100174806005944e-18 432
26 6.00015746684213e-23 4.416374926686107e-19 200
26.5 4.497444164114093e-23 3.961056356038593e-19 168
27 1.70505200789903e-23 1.711280537231565e-19 56
27.5 2.97904081764331e-24 1.711217543756679e-20 7

0.5 2.855919509920026e-14 5.737679419351612e-11 18
1 2.610025210402868e-15 6.552033949685728e-12 62
1.5 1.034951765895281e-14 1.742604393549987e-11 98
2 2.775351593254408e-14 5.983775306432004e-11 210
2.5 5.32944919424605e-14 1.100854753705215e-10 350
3 7.968028664913539e-14 1.686774971992001e-10 450
3.5 1.208206133690898e-13 2.691485382844238e-10 602
4 1.771482119169281e-13 3.926873221015105e-10 762
4.5 3.038207179497304e-13 6.508350159450253e-10 1142
5 3.512954726701119e-13 9.551463268320742e-10 1250
5.5 4.352841661924515e-13 1.137386358631258e-09 1458
6 6.239722681123938e-13 1.630670817215319e-09 1814
6.5 7.765785908249241e-13 2.329065536448847e-09 2178
7 9.224297403542382e-13 2.84376844955714e-09 2498
7.5 1.027228870446384e-12 3.104505052168896e-09 2622
8 1.308085887282961e-12 4.49048711159033e-09 3338
8.5 1.544509603021445e-12 5.638322680865473e-09 3722
9 1.735146276664745e-12 6.542960012392474e-09 4170
9.5 1.909810064112812e-12 7.604055941681644e-09 4358
10 2.273255879707252e-12 8.949761024973372e-09 5034
10.5 2.69803516306848e-12 1.114260998249288e-08 5714
11 2.907292203055447e-12 1.289301753538543e-08 5982
11.5 3.292357458335249e-12 1.453668269634634e-08 6602
12 3.661479956318866e-12 1.678724620066827e-08 7130
12.5 4.280638205366743e-12 2.042768331584861e-08 8034
13 4.717620160097974e-12 2.272820300377292e-08 8606
13.5 4.884247762844136e-12 2.577692745406889e-08 9066
14 5.582732627839817e-12 2.916080467380001e-08 9962
14.5 6.148752312467174e-12 3.257761998437565e-08 10550
15 6.798012371987128e-12 3.688233127831553e-08 11226
15.5 7.510361058923469e-12 4.285273379758879e-08 12146
16 7.713859269169295e-12 4.388157668975991e-08 12303
16.5 8.166693235042471e-12 4.684027516482791e-08 12584
17 7.788362956840318e-12 4.893332155442933e-08 12120
17.5 7.343277106855607e-12 4.561502656231796e-08 11180
18 7.202435299784733e-12 4.808327583449787e-08 11096
18.5 6.471968799236932e-12 4.600830502059084e-08 10056
19 6.458706623012178e-12 4.612404645672567e-08 9716
19.5 5.77651693378883e-12 4.206436270867189e-08 8604
20 2.80311144925763e-12 2.008250170193954e-08 8060
20.5 3.66621437209765e-21 2.496605004833303e-17 7320
21 2.793354499754704e-21 1.963636577544783e-17 6356
21.5 2.269317135970339e-21 1.576666961144417e-17 5348
22 1.65672678179668e-21 1.272717956874586e-17 4308
22.5 1.318846855878965e-21 9.868370387787299e-18 3563
23 8.728420362836298e-22 6.76453705147365e-18 2448
23.5 6.075786622877052e-22 5.02497272440617e-18 1868
24 4.588684782613295e-22 3.454321840173813e-18 1358
24.5 3.456823602596674e-22 3.084164238926532e-18 1062
25 2.48703551647552e-22 2.222591329637573e-18 776
25.5 1.287596106633265e-22 1.069843454903909e-18 432
26 5.165136616262482e-23 5.421971757498159e-19 200
26.5 5.495238364187996e-23 5.392777591197905e-19 168
27 1.211799949600108e-23 1.52998505105683e-19 56
27.5 2.75851823807614e-24 6.465544891288855e-20 7

0.5 3.512627031069078e-14 1.38501309925858e-10 18
1 3.131027614820139e-15 4.511194439873873e-12 62
1.5 8.682252347893897e-15 1.687721433226644e-11 98
2 2.476237942727188e-14 5.43653558572329e-11 210
2.5 4.342009585756519e-14 1.085746783344581e-10 350
3 7.231462640260684e-14 1.504105085045169e-10 450
3.5 1.091920244748918e-13 2.409410671686893e-10 602
4 1.571723944858621e-13 3.583639082434406e-10 762
4.5 2.548097975817769e-13 6.298629535000702e-10 1142
5 3.281945069281343e-13 8.278954246754675e-10 1250
5.5 4.045872843443781e-13 9.87592369257433e-10 1458
6 5.304221999409355e-13 1.554850824046493e-09 1814
6.5 7.097676054167509e-13 2.06385503602352e-09 2178
7 8.471454718521961e-13 2.500795728297067e-09 2498
7.5 8.911221345710031e-13 2.897937728614851e-09 2622
8 1.200173126205605e-12 3.957829234391879e-09 3338
8.5 1.395069036166174e-12 5.055364404392138e-09 3722
9 1.578302298986736e-12 5.824947120941284e-09 4170
9.5 1.741417141712608e-12 6.753503341636216e-09 4358
10 1.942199398721833e-12 8.486609770972748e-09 5034
10.5 2.358951909961634e-12 1.031367340195821e-08 5714
11 2.64820461790286e-12 1.145118604308583e-08 5982
11.5 2.928255536036432e-12 1.322418760747736e-08 6602
12 3.252012773988067e-12 1.530293643470568e-08 7130
12.5 3.763107821284488e-12 1.883547201855449e-08 8034
13 4.058606323101323e-12 2.140735388751791e-08 8606
13.5 4.402597437646844e-12 2.319761730959948e-08 9066
14 4.87997579135876e-12 2.69872472551302e-08 9962
14.5 5.222019054090291e-12 3.100416505417095e-08 10550
15 6.006484034884074e-12 3.379191631987855e-08 11226
15.5 6.614155585564878e-12 3.941809287931113e-08 12146
16 6.640754563655683e-12 4.123303093554968e-08 12303
16.5 6.763732977073179e-12 4.556741686102122e-08 12584
17 6.900598585167327e-12 4.476684039467772e-08 12120
17.5 6.235082502066296e-12 4.341323756011147e-08 11180
18 6.270905573644891e-12 4.467762356848335e-08 11096
18.5 5.759389833021021e-12 4.185614097051326e-08 10056
19 5.731931672702829e-12 4.21036346828863e-08 9716
19.5 5.173386920451804e-12 3.797433795869005e-08 8604
20 2.521684578660777e-12 1.810664982031842e-08 8060
20.5 3.220498007355433e-21 2.267624324463096e-17 7320
21 2.431155243316826e-21 1.730261534575415e-17 6356
21.5 1.920481556256874e-21 1.43079693758535e-17 5348
22 1.468025301438868e-21 1.132062782704236e-17 4308
22.5 1.186653516668699e-21 9.101600358909199e-18 3563
23 7.317757207188058e-22 5.935486141243501e-18 2448
23.5 5.356628824117934e-22 4.550373493315417e-18 1868
24 3.736846561415754e-22 3.223130302444084e-18 1358
24.5 3.006152647775781e-22 2.541539383387622e-18 1062
25 1.921116270522999e-22 1.967526296507372e-18 776
25.5 1.120577686192387e-22 9.491782366071342e-19 432
26 5.975242586863852e-23 4.481060026107568e-19 200
26.5 4.592085723404645e-23 4.262998915660375e-19 168
27 1.796774436817734e-23 1.082308506272034e-19 56
27.5 2.325154138144438e-24 1.291438746208427e-20 7

0.5 8.332832075514498e-15 1.615612906652339e-10 18
1 1.816807558633286e-15 6.395624377994013e-12 62
1.5 7.046624621962635e-15 1.698547189864113e-11 98
2 1.992774854093629e-14 5.537670228551575e-11 210
2.5 3.733625190816721e-14 1.04233043457275e-10 350
3 5.586048147036394e-14 1.595101729105822e-10 450
3.5 9.161687818084981e-14 2.338741470526953e-10 602
4 1.234250011778229e-13 3.735374912486996e-10 762
4.5 2.094707909550898e-13 6.265017844492237e-10 1142
5 2.624370036280531e-13 8.47315764201584e-10 1250
5.5 3.171065446787774e-13 1.032863513222323e-09 1458
6 4.107936309438138e-13 1.638965273344466e-09 1814
6.5 5.71604701087287e-13 2.096193829797048e-09 2178
7 6.55105518134405e-13 2.650106256080534e-09 2498
7.5 7.05586240412694e-13 2.995592183452909e-09 2622
8 9.535798938766487e-13 4.081285526805543e-09 3338
8.5 1.119287658598745e-12 5.157630305378196e-09 3722
9 1.234726148090631e-12 6.084889617340214e-09 4170
9.5 1.419610120707854e-12 6.782300876934414e-09 4358
10 1.656718290541978e-12 8.128048369826664e-09 5034
10.5 1.924358209222077e-12 1.035024960781239e-08 5714
11 2.097537943101902e-12 1.183712085662484e-08 5982
11.5 2.366000518871924e-12 1.340159770830415e-08 6602
12 2.641033453985348e-12 1.542674966532766e-08 7130
12.5 3.108963584256446e-12 1.865378707188917e-08 8034
13 3.478763095546851e-12 2.04618625766972e-08 8606
13.5 3.600257550425074e-12 2.316347207647333e-08 9066
14 4.136018179835997e-12 2.603691472752656e-08 9962
14.5 4.48476203215359e-12 2.957736454713215e-08 10550
15 4.864294881459375e-12 3.405422860296333e-08 11226
15.5 5.58384844656254e-12 3.813994161823832e-08 12146
16 5.609379791795125e-12 3.991367047887126e-08 12303
16.5 5.980568846442529e-12 4.230220575047752e-08 12584
17 5.831046868185926e-12 4.334766949060221e-08 12120
17.5 5.37174193774088e-12 4.125703917917167e-08 11180
18 5.469729611478438e-12 4.193681909722566e-08 11096
18.5 4.86592959307075e-12 4.057836881063636e-08 10056
19 5.052451355709759e-12 3.906604485239884e-08 9716
19.5 4.373584899282442e-12 3.68364325959776e-08 8604
20 2.097154030361218e-12 1.77925408798598e-08 8060
20.5 3.093150641468499e-21 2.471775657672508e-17 7320
21 2.318376855144795e-21 1.896148490958648e-17 6356
21.5 1.870555827771372e-21 1.463364109781758e-17 5348
22 1.371840275314861e-21 1.183186718656001e-17 4308
22.5 1.081457466573939e-21 9.082350902164421e-18 3563
23 7.248508190753289e-22 6.452667638501222e-18 2448
23.5 5.435234166907829e-22 4.741154088613668e-18 1868
24 3.755653327287512e-22 3.329826576995104e-18 1358
24.5 2.820477760533893e-22 2.735202736481647e-18 1062
25 2.018456796332124e-22 2.005192282126212e-18 776
25.5 1.125812647491266e-22 1.192946925493739e-18 432
26 5.623695851818404e-23 4.463320592170783e-19 200
26.5 4.665005023657098e-23 4.525950287338078e-19 168
27 1.691820890383284e-23 1.245867425658447e-19 56
27.5 1.752310413156798e-24 3.584696735106345e-20 7

0.5 9.765474328109338e-14 7.46977118301154e-11 18
1 1.820551556369626e-15 5.432634044850041e-12 62
1.5 6.675297216466092e-15 1.466351435936729e-11 98
2 1.809289828169677e-14 5.041990901078533e-11 210
2.5 3.249287759366542e-14 9.885830408418784e-11 350
3 4.92469832000249e-14 1.494406419030443e-10 450
3.5 7.954048368772137e-14 2.236039606164117e-10 602
4 1.014713398154193e-13 3.734122342797598e-10 762
4.5 1.874410752998883e-13 5.784574896228122e-10 1142
5 2.201808033539e-13 8.329947003934551e-10 1250
5.5 2.770144268214444e-13 9.781343793447136e-10 1458
6 3.689536630633699e-13 1.507833931035793e-09 1814
6.5 4.966306931548727e-13 1.993882126662289e-09 2178
7 5.829113705208069e-13 2.461240509640062e-09 2498
7.5 6.479518711683225e-13 2.695640524770884e-09 2622
8 8.59516344491039e-13 3.738963496021454e-09 3338
8.5 1.015502314208846e-12 4.696526251316167e-09 3722
9 1.14721087383735e-12 5.41393428678493e-09 4170
9.5 1.24530599344287e-12 6.390706538967469e-09 4358
10 1.386041492436734e-12 8.016788275015319e-09 5034
10.5 1.793295204966561e-12 9.16955747426474e-09 5714
11 1.92521062042823e-12 1.065684396599258e-08 5982
11.5 2.128642179193478e-12 1.230055945787977e-08 6602
12 2.385559898192581e-12 1.410294290178657e-08 7130
12.5 2.885253644343095e-12 1.659727444043793e-08 8034
13 3.038992418381238e-12 1.935010490331577e-08 8606
13.5 3.238434495139783e-12 2.128159440698357e-08 9066
14 3.729110328486786e-12 2.384481107517429e-08 9962
14.5 3.917397107247377e-12 2.792908825183235e-08 10550
15 4.393533413750657e-12 3.125319105285802e-08 11226
15.5 4.949858514101236e-12 3.560183037082232e-08 12146
16 5.050534268449603e-12 3.663567808656937e-08 12303
16.5 5.171190397937537e-12 4.040517158140248e-08 12584
17 5.216801900631477e-12 4.007035029492763e-08 12120
17.5 4.757871469847256e-12 3.851291238294446e-08 11180
18 4.873099038833423e-12 3.883013642052201e-08 11096
18.5 4.356039684719735e-12 3.749010842311389e-08 10056
19 4.306671066652931e-12 3.788695731078026e-08 9716
19.5 3.944324422367575e-12 3.375090195529615e-08 8604
20 1.845639595860198e-12 1.671704413094456e-08 8060
20.5 2.719909601606146e-21 2.185455811366245e-17 7320
21 2.090240559605012e-21 1.718684300921682e-17 6356
21.5 1.662191677896526e-21 1.376434832851854e-17 5348
22 1.24170696878027e-21 1.074455251953066e-17 4308
22.5 9.866693019314874e-22 8.730492180335303e-18 3563
23 6.288324208187342e-22 6.029474362356407e-18 2448
23.5 4.868696433452894e-22 4.460424451243542e-18 1868
24 3.265750345979835e-22 3.099170809628995e-18 1358
24.5 2.722369868726269e-22 2.2318566175612e-18 1062
25 1.987516248570938e-22 1.809718963617887e-18 776
25.5 1.046675239069843e-22 1.115403428674853e-18 432
26 4.280825528590929e-23 4.37816441093394e-19 200
26.5 3.459135663275051e-23 4.150911265558864e-19 168
27 1.58126041872923e-23 1.786534105563667e-19 56
27.5 2.413066682874059e-24 2.166958479171736e-20 7

0.5 5.45810283753445e-16 6.817562638920291e-10 18
1 1.589443155826452e-15 5.120144317196011e-12 62
1.5 4.760666035913054e-15 1.735334317276742e-11 98
2 1.471541076299396e-14 5.163029417273413e-11 210
2.5 2.684668770769261e-14 9.986328804368756e-11 350
3 4.192766958228874e-14 1.461949044227629e-10 450
3.5 5.761309861589103e-14 2.564900647139121e-10 602
4 9.076410640991057e-14 3.495609425189515e-10 762
4.5 1.538465597002576e-13 5.881783395676062e-10 1142
5 1.82053828917686e-13 8.400239429615329e-10 1250
5.5 2.260105559039286e-13 9.987745442181761e-10 1458
6 3.304672614814802e-13 1.40456234560615e-09 1814
6.5 4.25375463097129e-13 1.940734548561568e-09 2178
7 4.749507172781817e-13 2.514769811904148e-09 2498
7.5 5.157541308742895e-13 2.819715692119046e-09 2622
8 7.136732691403744e-13 3.755082618653782e-09 3338
8.5 8.509816886758124e-13 4.676374236153273e-09 3722
9 9.534176448595239e-13 5.429228661646441e-09 4170
9.5 1.03855288044979e-12 6.381630553613473e-09 4358
10 1.231627349000396e-12 7.539667556222237e-09 5034
10.5 1.503042494234283e-12 9.135290859028013e-09 5714
11 1.622777317212865e-12 1.054521189114829e-08 5982
11.5 1.876245023700954e-12 1.161237315668203e-08 6602
12 2.067461039926734e-12 1.356125502828731e-08 7130
12.5 2.41336027855408e-12 1.654935805453837e-08 8034
13 2.634509881012155e-12 1.860323245997001e-08 8606
13.5 2.787564878361332e-12 2.060633292956901e-08 9066
14 3.080216014625807e-12 2.408755408714073e-08 9962
14.5 3.47873091002725e-12 2.629310591497767e-08 10550
15 3.863090111644739e-12 2.957845816004693e-08 11226
15.5 4.216809479509309e-12 3.476418908498025e-08 12146
16 4.269200831294546e-12 3.612860484024737e-08 12303
16.5 4.453358371935304e-12 3.910821456739588e-08 12584
17 4.560772382780698e-12 3.818699919068808e-08 12120
17.5 4.104484930555847e-12 3.720249446459937e-08 11180
18 4.239300949529486e-12 3.723839240720114e-08 11096
18.5 3.726090413846151e-12 3.648445547648949e-08 10056
19 3.77653012818765e-12 3.601569253187096e-08 9716
19.5 3.372330589707198e-12 3.293236517072405e-08 8604
20 1.57685322879724e-12 1.628482900321682e-08 8060
20.5 2.58641881098794e-21 2.300551794480933e-17 7320
21 1.892489662204959e-21 1.764156387843559e-17 6356
21.5 1.563488672848339e-21 1.427258805420348e-17 5348
22 1.179853908392633e-21 1.102835174499314e-17 4308
22.5 9.322664857217886e-22 8.908068007942552e-18 3563
23 6.492657821799804e-22 5.684495388518104e-18 2448
23.5 4.576568842071085e-22 4.433501938417566e-18 1868
24 3.332126803504297e-22 3.164064197484658e-18 1358
24.5 2.494199826902274e-22 2.6299603689432e-18 1062
25 1.675951628526688e-22 1.855555657961668e-18 776
25.5 9.298195269542223e-23 1.032698600146963e-18 432
26 5.001610306410496e-23 3.982420097686059e-19 200
26.5 3.868332090658808e-23 3.509834176874754e-19 168
27 8.856254091735731e-24 1.183805046748375e-19 56
27.5 1.032192275027148e-24 9.38314354573299e-21 7

0.5 1.076134084277015e-15 5.010578921306373e-10 18
1 1.242943681778157e-15 5.439169831279727e-12 62
1.5 4.546078749066909e-15 1.524651283743443e-11 98
2 1.294606810333614e-14 4.928395225560235e-11 210
2.5 2.468067821306994e-14 9.122265425942368e-11 350
3 3.729981826533959e-14 1.381471732665418e-10 450
3.5 5.564820784962491e-14 2.240461118321894e-10 602
4 8.135542337066341e-14 3.278728808753781e-10 762
4.5 1.366940242580049e-13 5.562774677943466e-10 1142
5 1.800472038565922e-13 7.133498823799835e-10 1250
5.5 2.045763583895443e-13 9.272678546625376e-10 1458
6 2.910314305534663e-13 1.340684776447616e-09 1814
6.5 3.74295255189665e-13 1.853261736568481e-09 2178
7 4.405678023183227e-13 2.28117974858213e-09 2498
7.5 4.660092254259919e-13 2.620187254741177e-09 2622
8 6.539590847598578e-13 3.440763074783099e-09 3338
8.5 7.52479248738788e-13 4.438989047706209e-09 3722
9 8.704133702777824e-13 4.995946918985178e-09 4170
9.5 9.529332958477942e-13 5.848819612878936e-09 4358
10 1.117140110659591e-12 6.979291534371067e-09 5034
10.5 1.351962117295629e-12 8.522712165803136e-09 5714
11 1.472416267351562e-12 9.764931741864507e-09 5982
11.5 1.618241967275641e-12 1.132384843419238e-08 6602
12 1.808118007862967e-12 1.302693189037952e-08 7130
12.5 2.204292348219785e-12 1.521604590673086e-08 8034
13 2.338637494435485e-12 1.761014305075925e-08 8606
13.5 2.500712381181509e-12 1.93053454619651e-08 9066
14 2.866495603200805e-12 2.172899575463818e-08 9962
14.5 3.118171505334251e-12 2.463990158257853e-08 10550
15 3.489613593852448e-12 2.750519539708071e-08 11226
15.5 3.879542586186142e-12 3.178303304909937e-08 12146
16 3.909022128153855e-12 3.319436248642203e-08 12303
16.5 4.13852001380176e-12 3.535341020874607e-08 12584
17 4.125335926639334e-12 3.544983208391376e-08 12120
17.5 3.78139664051069e-12 3.391738913553554e-08 11180
18 3.732960648715973e-12 3.553448431563462e-08 11096
18.5 3.463569507148762e-12 3.297213446021317e-08 10056
19 3.482884674080221e-12 3.275492919627283e-08 9716
19.5 3.06323299919786e-12 3.043909973671927e-08 8604
20 1.464895939174706e-12 1.473210319887518e-08 8060
20.5 2.386876898704182e-21 2.319413213703181e-17 7320
21 1.777136248011988e-21 1.658443585682075e-17 6356
21.5 1.433123577251863e-21 1.348824483730445e-17 5348
22 1.064612320822207e-21 1.005653119327099e-17 4308
22.5 8.623084269732191e-22 8.162252865597275e-18 3563
23 5.4958481538508e-22 5.665076114589188e-18 2448
23.5 3.887148391160431e-22 4.036175041782995e-18 1868
24 2.899202225788648e-22 2.898260857502108e-18 1358
24.5 2.099568046031803e-22 2.46000176890294e-18 1062
25 1.602785259804402e-22 1.777070265353667e-18 776
25.5 8.126108154901187e-23 9.262014805651031e-19 432
26 4.392325072804608e-23 3.608781036807347e-19 200
26.5 2.778918506714745e-23 3.296411945923101e-19 168
27 1.289189721346343e-23 1.130885561217321e-19 56
27.5 2.255654728996049e-24 1.712411058710346e-20 7

0.5 5.652164033863651e-14 3.585011345937972e-11 18
1 1.150425109932798e-15 5.10218943929204e-12 62
1.5 3.668090622420995e-15 1.601666025535389e-11 98
2 1.087003984960426e-14 4.971397335224219e-11 210
2.5 1.910891951427271e-14 9.926855649803748e-11 350
3 2.850416175586992e-14 1.522704954890324e-10 450
3.5 5.076185065864132e-14 2.066713899910689e-10 602
4 7.205192499391199e-14 3.120983047938741e-10 762
4.5 1.088052506191246e-13 5.904758272827473e-10 1142
5 1.489615942329854e-13 7.303242930387492e-10 1250
5.5 1.691273961769615e-13 9.483089156740215e-10 1458
6 2.448000465979544e-13 1.350103662503977e-09 1814
6.5 3.285063274795173e-13 1.786816891587171e-09 2178
7 3.685567426983937e-13 2.305790379787943e-09 2498
7.5 4.207972720680799e-13 2.458194212195321e-09 2622
8 5.298987427959541e-13 3.590335972951902e-09 3338
8.5 6.614538030287421e-13 4.273545129536014e-09 3722
9 7.435155225041586e-13 4.951224692941713e-09 4170
9.5 8.382408346669339e-13 5.624260435897408e-09 4358
10 9.440949347913206e-13 6.989595567703228e-09 5034
10.5 1.170261939034036e-12 8.332356563692602e-09 5714
11 1.243844306413227e-12 9.776703520253987e-09 5982
11.5 1.426438188648654e-12 1.0882792037704e-08 6602
12 1.565689342403476e-12 1.27298358612112e-08 7130
12.5 1.891734998703817e-12 1.500794457353129e-08 8034
13 2.03044835889682e-12 1.71605292362182e-08 8606
13.5 2.223981733961237e-12 1.837750440639166e-08 9066
14 2.470360895858427e-12 2.134373802855264e-08 9962
14.5 2.679965543013776e-12 2.422659110984425e-08 10550
15 2.973906555086895e-12 2.727118623471065e-08 11226
15.5 3.355575518196699e-12 3.110120101707137e-08 12146
16 3.466872285018754e-12 3.16450464355099e-08 12303
16.5 3.628580726516693e-12 3.4080074624589e-08 12584
17 3.632089926036951e-12 3.403807036205049e-08 12120
17.5 3.22402199819282e-12 3.363989976571759e-08 11180
18 3.370460987174639e-12 3.325948073151756e-08 11096
18.5 3.083937546600628e-12 3.135343877553913e-08 10056
19 3.097107669339525e-12 3.120577312720673e-08 9716
19.5 2.736060028657976e-12 2.882718613856073e-08 8604
20 1.328795420425509e-12 1.375308187266589e-08 8060
20.5 2.348970611327787e-21 2.493947812274718e-17 7320
21 1.711982635122533e-21 1.737117657881801e-17 6356
21.5 1.348458605940921e-21 1.323446576189165e-17 5348
22 1.046759852525988e-21 1.05222103603237e-17 4308
22.5 8.209405456620149e-22 8.865697385921533e-18 3563
23 5.468682432363003e-22 5.744772401740848e-18 2448
23.5 3.799718897759922e-22 4.272786004833153e-18 1868
24 2.638524066432112e-22 3.041532437334748e-18 1358
24.5 2.123069595284747e-22 2.477733162093218e-18 1062
25 1.592869305838416e-22 1.896961157670833e-18 776
25.5 9.043100782880477e-23 8.2945572175303e-19 432
26 3.648539836963286e-23 4.467252977462845e-19 200
26.5 3.64197494383205e-23 4.03721982832455e-19 168
27 1.02457251012246e-23 1.086928521983433e-19 56
27.5 1.418414220035654e-24 8.450821193446237e-21 7

0.5 7.086015787173301e-14 2.042599011314265e-10 18
1 9.252268807188274e-16 5.395109777931878e-12 62
1.5 3.669089195286017e-15 1.351838243210269e-11 98
2 9.886079804965411e-15 4.655674077060601e-11 210
2.5 1.847192589540668e-14 8.783064525411167e-11 350
3 2.695321387209217e-14 1.376282880870807e-10 450
3.5 4.3596101441318e-14 2.061525006682247e-10 602
4 6.205281213092483e-14 3.097804067729433e-10 762
4.5 1.055492023980138e-13 5.191800685428839e-10 1142
5 1.314395439554865e-13 7.059603949536175e-10 1250
5.5 1.596880896732816e-13 8.565309088797521e-10 1458
6 2.281316854371149e-13 1.232909508744091e-09 1814
6.5 2.998385988014299e-13 1.665674913252604e-09 2178
7 3.591556875107203e-13 2.015451692063646e-09 2498
7.5 3.805672544817661e-13 2.316511575409235e-09 2622
8 5.080382314582665e-13 3.193959205041968e-09 3338
8.5 5.896044067781256e-13 4.081547358406168e-09 3722
9 6.921807637242203e-13 4.527190116384633e-09 4170
9.5 7.557743681623211e-13 5.314924369033073e-09 4358
10 8.458456311605221e-13 6.635404271433067e-09 5034
10.5 1.041454526111345e-12 7.978024826963203e-09 5714
11 1.153901965800049e-12 8.979299421594417e-09 5982
11.5 1.277895228203756e-12 1.034006767502919e-08 6602
12 1.450694896462572e-12 1.170456053274376e-08 7130
12.5 1.688854089741331e-12 1.431834701261051e-08 8034
13 1.884172263834153e-12 1.572690998195513e-08 8606
13.5 2.020536347270723e-12 1.724611955318602e-08 9066
14 2.25907251317361e-12 1.987593535855271e-08 9962
14.5 2.532410045978137e-12 2.185994192220166e-08 10550
15 2.779842887530321e-12 2.488150424960625e-08 11226
15.5 3.06788232516594e-12 2.894595221940679e-08 12146
16 3.210087736195857e-12 2.917063957588044e-08 12303
16.5 3.283672050118411e-12 3.208276453028179e-08 12584
17 3.329424874160144e-12 3.16058633510573e-08 12120
17.5 3.018829353628021e-12 3.061649123579003e-08 11180
18 3.011304574530745e-12 3.178732746603397e-08 11096
18.5 2.790699843281942e-12 2.952475843920166e-08 10056
19 2.743594297705585e-12 2.998956431204455e-08 9716
19.5 2.447307266012497e-12 2.744809025064848e-08 8604
20 1.193049008631487e-12 1.303837699094528e-08 8060
20.5 2.225826560008213e-21 2.263265098048085e-17 7320
21 1.497366353152353e-21 1.571261948507501e-17 6356
21.5 1.186297859048179e-21 1.272430117165485e-17 5348
22 9.420559098336462e-22 9.956006815983889e-18 4308
22.5 7.552087772213986e-22 7.617827670094229e-18 3563
23 4.851462460674168e-22 5.469842796281281e-18 2448
23.5 3.561527969813385e-22 4.135390844169797e-18 1868
24 2.549654690773105e-22 2.829853976174212e-18 1358
24.5 1.878023532379252e-22 2.288549529177456e-18 1062
25 1.380636738351165e-22 1.517547046571838e-18 776
25.5 7.689237280086071e-23 8.869499857160058e-19 432
26 3.54488335737688e-23 3.842565512942596e-19 200
26.5 2.840659044888783e-23 3.672075219596754e-19 168
27 6.621977175405904e-24 8.671413618164745e-20 56
27.5 1.566736564704654e-24 4.980792307182093e-21 7

0.5 1.767838441867765e-14 2.868783784497215e-10 18
1 8.975839293748549e-16 4.859236731293385e-12 62
1.5 3.115327960023674e-15 1.367130359310929e-11 98
2 8.416829837364335e-15 4.685108396339422e-11 210
2.5 1.734345084896957e-14 7.97533530326715e-11 350
3 2.63563007434893e-14 1.198520469945754e-10 450
3.5 3.774188857729405e-14 2.040994363997667e-10 602
4 5.245588069118296e-14 3.13921707758853e-10 762
4.5 9.15101759743602e-14 5.133662866304304e-10 1142
5 1.126505853759347e-13 7.056138180304855e-10 1250
5.5 1.348273061616255e-13 8.694357213302344e-10 1458
6 1.985770449271861e-13 1.214252822955091e-09 1814
6.5 2.416501921575737e-13 1.768984386551024e-09 2178
7 3.15381711729658e-13 1.966226316855801e-09 2498
7.5 3.33650676453151e-13 2.265171701696005e-09 2622
8 4.580416269585116e-13 3.031865760327463e-09 3338
8.5 5.371809959445746e-13 3.841994033266071e-09 3722
9 5.897259906283933e-13 4.557674911620657e-09 4170
9.5 6.664077918201697e-13 5.166317560313041e-09 4358
10 7.87871689615649e-13 6.112403820011507e-09 5034
10.5 9.351815154966919e-13 7.611446515684821e-09 5714
11 1.025526086210955e-12 8.658349851932109e-09 5982
11.5 1.109031019399056e-12 1.021300466731067e-08 6602
12 1.26214501868051e-12 1.151912545200243e-08 7130
12.5 1.494109345153578e-12 1.387285266493521e-08 8034
13 1.662022795342797e-12 1.531232519662894e-08 8606
13.5 1.764767538175204e-12 1.69044651017148e-08 9066
14 2.002541620214427e-12 1.924608904509587e-08 9962
14.5 2.178883540217119e-12 2.177247943723269e-08 10550
15 2.447497394583122e-12 2.426719463573792e-08 11226
15.5 2.761823052383952e-12 2.755172810988457e-08 12146
16 2.756005575117139e-12 2.905617254700691e-08 12303
16.5 2.927278726100191e-12 3.085045803210778e-08 12584
17 2.90612493169827e-12 3.107862049178814e-08 12120
17.5 2.697188676857862e-12 2.937386842645522e-08 11180
18 2.675794801196771e-12 3.06068159242247e-08 11096
18.5 2.523187785395035e-12 2.797171676314035e-08 10056
19 2.454567536434885e-12 2.876216225953877e-08 9716
19.5 2.224012853992617e-12 2.591827543485709e-08 8604
20 1.083117771187532e-12 1.231577174299344e-08 8060
20.5 2.134012642637259e-21 2.265444273993195e-17 7320
21 1.472003541116541e-21 1.570962843938295e-17 6356
21.5 1.199563987660461e-21 1.295015760130317e-17 5348
22 9.300077252597975e-22 1.013552156766211e-17 4308
22.5 7.71584475760094e-22 7.771296205507313e-18 3563
23 4.57196684582392e-22 5.324408797165451e-18 2448
23.5 3.816226578502642e-22 4.093905198744493e-18 1868
24 2.544695898511043e-22 2.777281682542328e-18 1358
24.5 1.977038042550688e-22 2.179195296020108e-18 1062
25 1.311685446111722e-22 1.735952451509957e-18 776
25.5 8.734047198720075e-23 8.764681912257172e-19 432
26 3.184425590308084e-23 4.338318187448158e-19 200
26.5 2.915310401361403e-23 3.600722788502087e-19 168
27 1.245500153356919e-23 1.82006635341384e-19 56
27.5 2.91543614249557e-24 7.072505769211991e-21 7

0.5 7.566218860984774e-14 2.991477173372532e-10 18
1 9.340676746678283e-16 4.063883801177856e-12 62
1.5 2.600456713489015e-15 1.42124484926463e-11 98
2 8.288989130318835e-15 4.100744556045126e-11 210
2.5 1.442375911337132e-14 8.302592040933059e-11 350
3 2.335062803556068e-14 1.174300441287621e-10 450
3.5 3.49935381645737e-14 1.897840737330938e-10 602
4 4.928433389325734e-14 2.88048806155038e-10 762
4.5 8.211207793018312e-14 4.932708113952739e-10 1142
5 1.056405067837529e-13 6.48964577226872e-10 1250
5.5 1.298111699371883e-13 7.778960273469106e-10 1458
6 1.783457700599331e-13 1.165798500175475e-09 1814
6.5 2.308622398224039e-13 1.599325638754894e-09 2178
7 2.910285387343832e-13 1.837123007264852e-09 2498
7.5 3.030934236745008e-13 2.148839174066915e-09 2622
8 4.244417060541733e-13 2.819978905960489e-09 3338
8.5 4.945110307617171e-13 3.59712280392512e-09 3722
9 5.667677992601933e-13 4.084269370482193e-09 4170
9.5 6.136578883071652e-13 4.837700112517183e-09 4358
10 7.108759675093886e-13 5.843076850186956e-09 5034
10.5 8.674758736217808e-13 7.077791035853608e-09 5714
11 9.556644356140457e-13 8.00707997954443e-09 5982
11.5 1.02341467965113e-12 9.536988327062012e-09 6602
12 1.195402721214957e-12 1.049241130040586e-08 7130
12.5 1.370147746539254e-12 1.304917604077108e-08 8034
13 1.495174059261329e-12 1.465791225870093e-08 8606
13.5 1.651231582381812e-12 1.556964471073644e-08 9066
14 1.888980296472862e-12 1.755095931257167e-08 9962
14.5 1.979532879811068e-12 2.061782358635862e-08 10550
15 2.217914783033038e-12 2.300226423478804e-08 11226
15.5 2.580449144962651e-12 2.541455341595563e-08 12146
16 2.553580466480203e-12 2.702592968885235e-08 12303
16.5 2.710507230787763e-12 2.87162479743719e-08 12584
17 2.752996587211813e-12 2.821680454731423e-08 12120
17.5 2.463323502936923e-12 2.769712435740235e-08 11180
18 2.503212348496938e-12 2.822484775234021e-08 11096
18.5 2.278134607198418e-12 2.670106080380778e-08 10056
19 2.263351615506716e-12 2.690045300453574e-08 9716
19.5 2.107677522497541e-12 2.352066142295924e-08 8604
20 9.683004495661659e-13 1.188851638635507e-08 8060
20.5 1.951856138943474e-21 2.265996568126472e-17 7320
21 1.312382159488061e-21 1.500200405375674e-17 6356
21.5 1.046786096766307e-21 1.166723005311434e-17 5348
22 8.575297172738121e-22 9.079455461469332e-18 4308
22.5 6.523403237766313e-22 7.069196924891611e-18 3563
23 4.226308744595491e-22 4.905827693737645e-18 2448
23.5 3.103074278773629e-22 3.782766489721891e-18 1868
24 2.288613087056414e-22 2.488088813539873e-18 1358
24.5 1.785407260064011e-22 2.030091905201824e-18 1062
25 1.117382816631354e-22 1.527872788729745e-18 776
25.5 7.156778804159529e-23 8.015707443754567e-19 432
26 3.601844481614091e-23 3.868138135686335e-19 200
26.5 2.496268176618498e-23 2.890897096940195e-19 168
27 7.939732568928927e-24 1.097683627084658e-19 56
27.5 1.629536141753319e-24 2.725235575070693e-20 7

0.5 5.899704695653327e-14 2.042708518426431e-11 18
1 5.040266562466961e-16 5.867155584305039e-12 62
1.5 1.906089048411026e-15 1.623801726639187e-11 98
2 6.861085881578518e-15 4.293696654431448e-11 210
2.5 1.2419372273929e-14 8.345267579477353e-11 350
3 2.013593736773007e-14 1.181768041391251e-10 450
3.5 3.209719782938776e-14 1.787037103753099e-10 602
4 4.521488982912415e-14 2.720930550253701e-10 762
4.5 7.22791075612352e-14 4.857782776701378e-10 1142
5 9.551376329048159e-14 6.219310906451453e-10 1250
5.5 1.111648682844682e-13 7.876433450811413e-10 1458
6 1.54280174978448e-13 1.166956130210785e-09 1814
6.5 2.159517703580649e-13 1.480831458594433e-09 2178
7 2.522625498669097e-13 1.839418435203182e-09 2498
7.5 2.651879383781982e-13 2.127899542899585e-09 2622
8 3.616499731143428e-13 2.872831541711173e-09 3338
8.5 4.325052681642797e-13 3.567533236644676e-09 3722
9 4.777474408671632e-13 4.200960012033941e-09 4170
9.5 5.471272360842997e-13 4.699390549916365e-09 4358
10 6.405411577792629e-13 5.616146818275617e-09 5034
10.5 7.557209566590219e-13 7.044113925714837e-09 5714
11 8.48979272094536e-13 7.81769879214608e-09 5982
11.5 9.568970722365316e-13 8.838667115510954e-09 6602
12 1.067884648754083e-12 1.018014726355626e-08 7130
12.5 1.265501054213108e-12 1.224634579986501e-08 8034
13 1.373108497397481e-12 1.384056639544389e-08 8606
13.5 1.436776157548649e-12 1.550458411403519e-08 9066
14 1.661886425439528e-12 1.730867063208522e-08 9962
14.5 1.812583617929126e-12 1.955289001397869e-08 10550
15 2.053027832380297e-12 2.156387535371025e-08 11226
15.5 2.309360050285968e-12 2.459388800338457e-08 12146
16 2.333463577667422e-12 2.563255715692746e-08 12303
16.5 2.490751869698272e-12 2.706445883353382e-08 12584
17 2.470409529180359e-12 2.726139881091707e-08 12120
17.5 2.170726204404523e-12 2.726303719961811e-08 11180
18 2.25991360078424e-12 2.707611065884465e-08 11096
18.5 2.08698657698154e-12 2.527145306041959e-08 10056
19 2.064978046799158e-12 2.556389898950627e-08 9716
19.5 1.856737938519028e-12 2.318173268428844e-08 8604
20 9.356385316880083e-13 1.063473771329793e-08 8060
20.5 1.913150049520457e-21 2.243442421425083e-17 7320
21 1.290048911693446e-21 1.422335727214897e-17 6356
21.5 9.920741261691964e-22 1.163965500816514e-17 5348
22 7.659859631503384e-22 9.209692249117307e-18 4308
22.5 5.912374500810668e-22 7.201875491014796e-18 3563
23 4.230395097863273e-22 4.996441760775697e-18 2448
23.5 2.861758168477465e-22 3.592402238969939e-18 1868
24 2.222598008993674e-22 2.673919067086903e-18 1358
24.5 1.662346930545954e-22 2.146096811149825e-18 1062
25 1.23710360415258e-22 1.518499570919233e-18 776
25.5 6.382078752817698e-23 8.325979463024923e-19 432
26 2.925755394148361e-23 3.251299209621354e-19 200
26.5 2.648321255012916e-23 2.829023608012358e-19 168
27 1.037934363125217e-23 9.864166106412863e-20 56
27.5 8.973268743894316e-25 1.195131577213811e-20 7

0.5 2.261211570610825e-14 1.135054929073232e-10 18
1 9.550944524961092e-16 2.785810003305389e-12 62
1.5 2.069437589622142e-15 1.343129663583357e-11 98
2 7.256746185169127e-15 3.512226225883218e-11 210
2.5 1.200235747376826e-14 7.532844196280928e-11 350
3 1.723321731519467e-14 1.195600910377863e-10 450
3.5 2.928868197555587e-14 1.710454499674529e-10 602
4 4.164464443764776e-14 2.574536068700463e-10 762
4.5 6.684861495488673e-14 4.57155540885904e-10 1142
5 9.322404261185459e-14 5.53316267430732e-10 1250
5.5 1.050094483508461e-13 7.262229742675075e-10 1458
6 1.541333198537312e-13 1.017791137392507e-09 1814
6.5 2.02441290282358e-13 1.376193795679823e-09 2178
7 2.358087242230409e-13 1.712854153627758e-09 2498
7.5 2.5767457515988e-13 1.907450472995559e-09 2622
8 3.527618515219039e-13 2.560728782943947e-09 3338
8.5 4.131646826652317e-13 3.24947549819165e-09 3722
9 4.651320641506526e-13 3.757856226345597e-09 4170
9.5 5.130051023383341e-13 4.363831610952965e-09 4358
10 5.808278599470221e-13 5.395321940137654e-09 5034
10.5 7.228850462484555e-13 6.413890307341042e-09 5714
11 7.860815379543812e-13 7.347793257261659e-09 5982
11.5 8.76195004377421e-13 8.406585461849311e-09 6602
12 9.868942980297211e-13 9.595641944809061e-09 7130
12.5 1.16537164162733e-12 1.15687724631596e-08 8034
13 1.268373505948203e-12 1.303663934386148e-08 8606
13.5 1.346562713734315e-12 1.440426125029013e-08 9066
14 1.539232249446208e-12 1.628058121189527e-08 9962
14.5 1.691524874488547e-12 1.823378092523631e-08 10550
15 1.869358012249528e-12 2.063233313131388e-08 11226
15.5 2.06656061054283e-12 2.393235215600954e-08 12146
16 2.118041748378292e-12 2.45905079449657e-08 12303
16.5 2.263375012089256e-12 2.594646541808725e-08 12584
17 2.231954183443914e-12 2.631428320465399e-08 12120
17.5 2.11012824621473e-12 2.438995037460536e-08 11180
18 2.056211225904686e-12 2.593294375366956e-08 11096
18.5 1.886360591571554e-12 2.432607349185593e-08 10056
19 1.89742804542694e-12 2.420893090251035e-08 9716
19.5 1.67025307817135e-12 2.241945621555931e-08 8604
20 8.49689617862657e-13 1.0199501557145e-08 8060
20.5 1.865127518701198e-21 2.14198624629719e-17 7320
21 1.190848639580751e-21 1.349156433898197e-17 6356
21.5 9.501687727825874e-22 1.091590309474763e-17 5348
22 7.096412717118402e-22 8.346140483614333e-18 4308
22.5 5.848371651345346e-22 6.798235352990651e-18 3563
23 3.876084452391828e-22 4.470458579839783e-18 2448
23.5 2.833926601762209e-22 3.412079907964239e-18 1868
24 2.153830859364463e-22 2.429033772947085e-18 1358
24.5 1.643036897289961e-22 2.024089273330402e-18 1062
25 1.18408620719411e-22 1.393489448528709e-18 776
25.5 6.429763591665569e-23 7.560847148160666e-19 432
26 3.126792964594809e-23 3.465829701070324e-19 200
26.5 2.609400915543177e-23 3.073044731653587e-19 168
27 4.74628043398257e-24 1.208415084925298e-19 56
27.5 3.750612389907668e-25 9.568927209743383e-21 7

0.5 7.141216641123625e-15 3.877518785320728e-10 18
1 5.609303855124003e-16 4.618682782986383e-12 62
1.5 2.003175285722999e-15 1.219058475233965e-11 98
2 6.598153836371105e-15 3.365766835769601e-11 210
2.5 1.062526578544304e-14 7.442753481970505e-11 350
3 1.731070389653799e-14 1.045955550858265e-10 450
3.5 2.677430082643768e-14 1.635125357499992e-10 602
4 3.688785220267966e-14 2.543690991885023e-10 762
4.5 6.07850226758117e-14 4.401268748003208e-10 1142
5 7.698587554513438e-14 5.879067785316148e-10 1250
5.5 9.815702718413457e-14 6.791129482489935e-10 1458
6 1.394247564992968e-13 9.84041677450599e-10 1814
6.5 1.761522689030715e-13 1.384596491707964e-09 2178
7 2.088036550864983e-13 1.693742475583902e-09 2498
7.5 2.231432800392197e-13 1.927906050852184e-09 2622
8 3.087905788689711e-13 2.564202221963393e-09 3338
8.5 3.681690526030392e-13 3.190606424655087e-09 3722
9 4.171167774243927e-13 3.669578186761533e-09 4170
9.5 4.703436559538022e-13 4.165872887163759e-09 4358
10 5.435575725218532e-13 5.042384307395699e-09 5034
10.5 6.588471287541394e-13 6.150658844542583e-09 5714
11 7.292773938036089e-13 6.932799319803561e-09 5982
11.5 7.930140247389472e-13 8.131800786444891e-09 6602
12 8.868747350713957e-13 9.343515063165123e-09 7130
12.5 1.031086471735923e-12 1.14404934877075e-08 8034
13 1.167124929588822e-12 1.23987567720879e-08 8606
13.5 1.22020648326941e-12 1.391113227480369e-08 9066
14 1.382748924434027e-12 1.583900122905175e-08 9962
14.5 1.563648645117846e-12 1.727635805675364e-08 10550
15 1.708112389264402e-12 1.97696785830374e-08 11226
15.5 1.904774951071911e-12 2.275089038007065e-08 12146
16 1.966906143068704e-12 2.315873684518735e-08 12303
16.5 2.069198369487886e-12 2.48428964219919e-08 12584
17 2.053063432809158e-12 2.502991365978283e-08 12120
17.5 1.869404183009504e-12 2.41190605299592e-08 11180
18 1.876211448444537e-12 2.484015259415789e-08 11096
18.5 1.760571805321861e-12 2.282875773134233e-08 10056
19 1.752990573309797e-12 2.290889825848451e-08 9716
19.5 1.552193885759855e-12 2.111400092726185e-08 8604
20 7.245350126304288e-13 1.046209094036219e-08 8060
20.5 1.806205304505275e-21 2.132230852175546e-17 7320
21 1.119982224603916e-21 1.303317644068104e-17 6356
21.5 9.078078471891114e-22 1.039106624918621e-17 5348
22 7.366222554323853e-22 8.346765028435488e-18 4308
22.5 5.809784064094239e-22 6.51661007996287e-18 3563
23 3.821579201800883e-22 4.511424938622215e-18 2448
23.5 2.878219474411369e-22 3.2911472460338e-18 1868
24 1.824644043687937e-22 2.363060841473958e-18 1358
24.5 1.537449906961202e-22 1.854941215062135e-18 1062
25 1.108799006124135e-22 1.45492089544012e-18 776
25.5 6.053246961594917e-23 6.97401903055235e-19 432
26 2.684534573413706e-23 3.655895992378431e-19 200
26.5 2.263941736896212e-23 2.886121830818487e-19 168
27 6.877108712361441e-24 8.357897373304469e-20 56
27.5 1.181162558519459e-24 1.253186609155237e-20 7

