#t    rel_diff_friedmann    LHS_friedmann    RHS_friedmann
0    0    0.0584032572529877    0.0584032572529877
0.5    -3.61780593745375e-05    0.0556656547807345    0.0556696826771836
1    -4.34074549123599e-05    0.047817115759818    0.0478212671786132
1.5    -4.82642896001191e-05    0.0374607493724723    0.0374643655799186
2    -5.5156965877247e-05    0.0290623588858157    0.0290655650457325
2.49999999999999    -6.7701585745217e-05    0.025996690270589    0.026000210543228
2.99999999999998    -7.20466352560281e-05    0.0277998347138646    0.0278038407715912
3.49999999999997    -6.53728226988923e-05    0.0298701761169213    0.0298740817676993
3.99999999999996    -5.97081893611332e-05    0.0282098017871686    0.0282131707006942
4.49999999999995    -6.43427351873022e-05    0.0241443265817329    0.0241474338056832
4.99999999999994    -7.61786132569956e-05    0.0209395276209718    0.0209427181523749
5.49999999999993    -8.47477451982803e-05    0.019990548363854    0.019993936958828
5.99999999999992    -8.47772486325327e-05    0.020879535330867    0.0208830758501386
6.49999999999991    -7.97355321452734e-05    0.0222815112516868    0.0222850647913435
6.9999999999999    -7.64955981051637e-05    0.0227132085144763    0.0227166837012532
7.49999999999988    -7.52251171158151e-05    0.0214747390393783    0.0214779701619584
7.99999999999987    -7.82404028793441e-05    0.0192286965918031    0.0192317057491771
8.49999999999986    -8.68292485452521e-05    0.01744200064854    0.0174450298631833
8.99999999999985    -9.59592171053152e-05    0.0171046792527735    0.0171079622710692
9.49999999999984    -9.67708437111961e-05    0.0178812263266453    0.0178846874242951
9.99999999999983    -8.98138366662371e-05    0.018390871440209    0.0183941752463839
10.4999999999998    -8.5877308642016e-05    0.0176724945594764    0.0176755301527045
10.9999999999998    -9.05140212521723e-05    0.0161879680073173    0.016190898748751
11.4999999999998    -0.000100450051130515    0.015021336328837    0.015024354420009
11.9999999999998    -0.000107344248018447    0.01475678704679    0.0147599554993226
12.4999999999998    -0.000107336744386872    0.0152259610096679    0.0152292299707175
12.9999999999998    -0.000102970101843069    0.0157735176688948    0.0157767664048591
13.4999999999998    -9.91868815090153e-05    0.0157287526076224    0.0157318730889756
13.9999999999997    -9.86496894192754e-05    0.0149290787965519    0.0149320245851262
14.4999999999997    -0.000103727318946778    0.0138687559206808    0.0138716333568871
14.9999999999997    -0.000113092047963138    0.0132511101173587    0.0132541076467174
15.4999999999997    -0.000119215382470938    0.0133588989152059    0.0133620844674598
15.9999999999997    -0.000116137011518866    0.0137996267016748    0.0138028323687818
16.4999999999998    -0.00010970822428907    0.0138755268112492    0.0138785716641097
16.9999999999999    -0.000108046604407643    0.0133146660423327    0.0133175435621484
17.4999999999999    -0.000114236971049226    0.0125047889895608    0.0125076463344107
18    -0.000123457269466929    0.0119970271255396    0.0119999897317161
18.5000000000001    -0.000128337993952453    0.0120109683839848    0.0120140517068679
19.0000000000002    -0.000126839290927398    0.0123442930840296    0.0123474249640386
19.5000000000002    -0.000122013387392768    0.0125656375073796    0.0125687042335553
20.0000000000003    -0.000118640917173538    0.0123514598310136    0.0123543909558105
20.5000000000004    -0.000120006470982343    0.0117622073285505    0.0117650307493642
21.0000000000005    -0.000127139464333954    0.0111898476765179    0.0111926933807983
21.5000000000006    -0.000135833353621711    0.0109989291558633    0.0110019176046613
22.0000000000006    -0.000138345372783691    0.0111986798071754    0.0112017788069729
22.5000000000007    -0.000133176237495764    0.0114322942138166    0.0114353396392535
23.0000000000008    -0.000127609361929946    0.0113255817770576    0.0113284726464877
23.5000000000009    -0.000128659870815954    0.0108685054398246    0.0108713024807033
24.000000000001    -0.00013623027759183    0.010383978508439    0.010386808118467
24.500000000001    -0.000144155630494954    0.0101781537262994    0.0101810886257171
25.0000000000011    -0.00014715332682268    0.0102952607936118    0.0102982912032992
25.5000000000012    -0.000143838247406699    0.0105211478346556    0.010524174957002
26.0000000000013    -0.000138766737656614    0.010563310011843    0.0105662420908564
26.5000000000013    -0.000136783739329996    0.0102934368815924    0.0102962532163956
27.0000000000014    -0.000140541603421185    0.0098626005671248    0.00986537316818581
27.5000000000015    -0.000149194110746337    0.00956317095775876    0.0095660249211272
28.0000000000016    -0.000155220356197283    0.009561515564208    0.00956448430872091
28.5000000000017    -0.000154732766991118    0.00974723091725475    0.00975024781608851
29.0000000000017    -0.000148079784769095    0.00983509599306228    0.00983800918224238
29.5000000000018    -0.000144864240178855    0.00964780462146251    0.00965060027022381
30.0000000000019    -0.000148451154668797    0.00928686492507555    0.00928962262610221
30.500000000002    -0.000156683183798226    0.00900369688201805    0.00900651877994886
31.000000000002    -0.000162631790683913    0.00895687820460857    0.00895979202477107
31.5000000000021    -0.000163467880453221    0.00909784858635138    0.00910082348470189
32.0000000000022    -0.000158441564946732    0.00922753560259552    0.00923046011632301
32.5000000000021    -0.000154431487721511    0.00916222209034799    0.0091650523986132
33.000000000002    -0.000154516813448732    0.00889295607244467    0.00889570471962578
33.5000000000019    -0.000160623211686457    0.0085945231062143    0.00859728450956824
34.0000000000018    -0.000168686473195092    0.00846445948100877    0.00846731564243928
34.5000000000017    -0.000172071892280953    0.00854324420377943    0.00854618481416855
35.0000000000016    -0.000168716495900351    0.00867674277780424    0.00867967109113361
35.5000000000015    -0.000162715543165036    0.00866261172765549    0.00866543126958377
36.0000000000014    -0.000161909066604323    0.00845070392246195    0.0084534408567649
36.5000000000013    -0.000167868195225378    0.00818153211884594    0.00818427941809205
37.0000000000012    -0.000176153811989219    0.00803491407105667    0.0080377453312792
37.5000000000011    -0.000180722649196585    0.0080711479232465    0.00807406572902959
38.000000000001    -0.000178274238696325    0.00819525217065117    0.00819817469634551
38.5000000000009    -0.000173126998710987    0.00824187409271332    0.0082447283687164
39.0000000000008    -0.000169695460090225    0.0081163094996398    0.0081190645689121
39.5000000000007    -0.000172270178955846    0.00787933674063648    0.00788205195788817
40.0000000000006    -0.000179373541664811    0.00769199605183672    0.007694756028052
40.5000000000005    -0.000188087383492398    0.00766708556379151    0.00766997027049386
41.0000000000004    -0.000187910278047585    0.00776657226833434    0.00776949165442583
41.5000000000003    -0.000180708695558548    0.00783646781427068    0.00783930056192582
42.0000000000002    -0.000177344993457816    0.00775555511657233    0.00775830642224544
42.5000000000001    -0.000179046343932159    0.00755291884692373    0.00755562397627837
43    -0.000186663923830042    0.007368705340541    0.00737145679704349
43.4999999999999    -0.000191860677573864    0.00731595779428674    0.00731876562223754
43.9999999999998    -0.000194162362347722    0.00738864115881688    0.00739151090805804
44.4999999999997    -0.000191785826174115    0.00747520480543153    0.00747807263209889
44.9999999999996    -0.00018551713538697    0.00745500775686385    0.0074577743334779
45.4999999999995    -0.000185047357826363    0.00730379233585696    0.00730649593109784
45.9999999999994    -0.000190182650379452    0.00711623803471348    0.00711894531961244
46.4999999999993    -0.000198211326687931    0.00701881381230292    0.0070215967807138
46.9999999999992    -0.000202622415212461    0.00705370580176095    0.00705656485888151
47.4999999999991    -0.000200086498491814    0.00714017643999424    0.00714303431762195
47.999999999999    -0.000193944527863078    0.0071503120381497    0.0071530861039492
48.4999999999989    -0.00019187563684161    0.00703325864726471    0.00703595818720469
48.9999999999988    -0.000196444227406118    0.00686086504966024    0.00686356113395847
49.4999999999987    -0.000204232432781234    0.00675065943085003    0.00675341740131392
49.9999999999986    -0.000209701872545032    0.00675819853741399    0.00676103354569719
50.4999999999985    -0.000207797154341535    0.00683594837198239    0.00683878994369075
50.9999999999984    -0.000203327957684352    0.00687785282854729    0.00688065031689265
51.4999999999983    -0.000199501031364228    0.00681097106860058    0.00681368920237663
51.9999999999982    -0.000201061956989194    0.00666107955968151    0.00666375867773409
52.4999999999981    -0.000208222231042948    0.00652931293444283    0.0065320325969498
52.999999999998    -0.000214550529366501    0.00649865805196523    0.00650144723143561
53.4999999999979    -0.000216676010116554    0.00655832971025799    0.00656117239162814
53.9999999999978    -0.000211488659021996    0.00661361842574872    0.00661641642807877
54.4999999999977    -0.000206453017241323    0.0065757168578254    0.00657843257166436
54.9999999999976    -0.000207217639233564    0.0064477477649419    0.00645042049291873
55.4999999999975    -0.00021429385151936    0.00631677348980104    0.00631948136152191
55.9999999999974    -0.000222418313310242    0.00626691690753005    0.00626970528189203
56.4999999999973    -0.000219268051614806    0.00630735365719767    0.00631012026612114
56.9999999999972    -0.000221129113545841    0.0063691964545483    0.00637201390710107
57.4999999999971    -0.000215667661641246    0.00636661696430842    0.00636936370347775
57.999999999997    -0.00021339783491536    0.00627196146974604    0.00627463888709774
58.4999999999969    -0.000217309875146676    0.00614220306386567    0.00614487316686729
58.9999999999968    -0.000221458609687191    0.00606580221229526    0.00606848945565758
59.4999999999967    -0.000229194380040567    0.00608048612898394    0.00608327399444439
59.9999999999966    -0.000230888736790303    0.00613926508595588    0.00614210071499172
60.4999999999965    -0.000220634357174968    0.00615374267764034    0.00615645873101483
60.9999999999964    -0.000219711410519044    0.00608023892723596    0.00608291131013097
61.4999999999963    -0.000222768899154486    0.00596057072244646    0.00596322697373298
61.9999999999962    -0.000228021576160349    0.00587728332306035    0.00587996422917852
62.4999999999961    -0.000228657430282371    0.00587539879292845    0.00587808631463
62.999999999996    -0.000232983261668139    0.00592679234271364    0.00592955467311286
63.4999999999959    -0.000231434947926041    0.00595788451255874    0.00596064287632435
63.9999999999958    -0.000226721827963659    0.00591377917618354    0.00591646134994087
64.4999999999961    -0.000226874266553851    0.00580892938386291    0.00581156577517911
64.9999999999963    -0.000236424540655848    0.00571527449238841    0.00571797759376108
65.4999999999966    -0.000246357426685465    0.00569110426428264    0.00569390904686476
65.9999999999969    -0.000244644989463866    0.00573058558307545    0.00573339018730701
66.4999999999971    -0.000234818079608623    0.00576646135339755    0.00576917012822914
66.9999999999974    -0.000232816285637473    0.00573659133804887    0.00573926310385455
67.4999999999976    -0.000232714321399115    0.00564396538611549    0.00564659286071612
67.9999999999979    -0.000241347611035448    0.00555270816208158    0.00555538907481285
68.4999999999981    -0.000244628252627456    0.00551997965470035    0.00552268100148103
68.9999999999984    -0.000249884966254029    0.00554941442972543    0.00555218855341224
69.4999999999986    -0.000247535671680275    0.00558683447284515    0.00558960103931664
69.9999999999989    -0.000240859570558319    0.00557292110208702    0.00557560633161706
70.4999999999992    -0.000238367697219274    0.00549667374311116    0.00549929482681787
70.9999999999994    -0.000243924508757564    0.00540637067577057    0.00540900881189913
71.4999999999997    -0.000243450626657454    0.0053633896480652    0.00536600172511865
71.9999999999999    -0.000242169857758091    0.00538205145949377    0.00538465883219363
72.5000000000002    -0.00024453318257106    0.00541735236266258    0.00542000245552693
73.0000000000004    -0.000243628080034555    0.00540934558535947    0.0054119819646139
73.5000000000007    -0.00024427675742507    0.00534154680405841    0.00534415707315234
74.000000000001    -0.000249789920492325    0.00525740310582608    0.00526003025466898
74.5000000000012    -0.000249004788672541    0.00521438053319142    0.00521697799141641
75.0000000000015    -0.000249274687441136    0.00522703235732193    0.00522963894079144
75.5000000000017    -0.000249518173510565    0.00525866197515652    0.00526128689358368
76.000000000002    -0.000250260280765832    0.00525611056953539    0.00525874201949653
76.5000000000022    -0.000250602101061888    0.00519850660824947    0.00520111277471709
77.0000000000025    -0.000253815278075958    0.00511980206278188    0.00512240169057565
77.5000000000027    -0.000256257330599395    0.00507568106651094    0.00507828309426179
78.000000000003    -0.000263370635825125    0.00508200518521369    0.00508468279229056
78.5000000000033    -0.000260439943835819    0.00510809447916583    0.00511075587597839
79.0000000000035    -0.000257587371784215    0.00510249577643276    0.00510512513067439
79.5000000000038    -0.00025638604763    0.00504659260073255    0.00504918101622797
80.000000000004    -0.000261128364520764    0.00497553537730537    0.00497813456285782
80.5000000000043    -0.000261855966944945    0.00493852779563499    0.00494111483901016
81.0000000000045    -0.000266990508252773    0.00494492753609601    0.00494756873870431
81.5000000000048    -0.00026556611344633    0.00496545619865694    0.0049680942130325
82.000000000005    -0.000263689065206089    0.00495539936564227    0.00495801342419383
82.5000000000053    -0.000262501129314018    0.00490178203820007    0.00490435616055145
83.0000000000056    -0.000267930071743246    0.00483816798658939    0.00484076126279758
83.5000000000058    -0.000267985736746207    0.00480757327870798    0.00481015069155197
84.0000000000061    -0.000272438340343711    0.00481470375196019    0.00481732788667395
84.5000000000063    -0.000271234169658768    0.00482784937280425    0.00483046903877892
85.0000000000066    -0.000269432195221624    0.00480841408587082    0.00481100586730556
85.5000000000068    -0.00026875065066417    0.00475337793847322    0.00475593357212906
86.0000000000071    -0.000276405366346167    0.00470045177757078    0.00470305095618884
86.5000000000073    -0.000275285405841735    0.00468056220673681    0.00468313989727069
87.0000000000076    -0.000276737509840696    0.00468943194112502    0.00469202814302738
87.5000000000079    -0.00027638654497247    0.00469389387273044    0.00469648924827722
88.0000000000081    -0.000275575861255953    0.00466600348668288    0.00466857587142895
88.5000000000084    -0.000276220647148188    0.00461297577052509    0.00461552487294503
89.0000000000086    -0.000282677351647584    0.0045712825195482    0.00457386764637752
89.5000000000089    -0.000283460426074064    0.0045602530464697    0.00456283908205156
90.0000000000091    -0.000283026000729765    0.00456742158637967    0.0045700077164522
90.5000000000094    -0.000281954220812662    0.0045599810579659    0.00456255319500303
91.0000000000096    -0.000281412786951182    0.00452257040102359    0.00452511653581994
91.5000000000099    -0.0002853440188034    0.00447501388673636    0.00447756845255973
92.0000000000102    -0.00028783993774384    0.00444759894503041    0.00445016007543292
92.5000000000104    -0.00028944122969724    0.00444458565714691    0.00444715929473994
93.0000000000107    -0.000288728103141303    0.00444573296760375    0.00444830092513887
93.5000000000109    -0.000288121255530361    0.00442602562745783    0.00442857682663413
94.0000000000112    -0.000288660690145986    0.0043851876904324    0.00438772008404516
94.5000000000114    -0.000293380883073779    0.00434791465883228    0.0043504665976066
95.0000000000117    -0.00029442505727055    0.00433224952174711    0.00433480131868717
95.500000000012    -0.000295026387972636    0.00433099079284741    0.00433354706015364
96.0000000000122    -0.000294478323562441    0.00432105844503885    0.00432360411077605
96.5000000000125    -0.000294483624620384    0.00429034493085311    0.00429287254784715
97.0000000000127    -0.000297547572659532    0.00425267786278077    0.00425520936397355
97.500000000013    -0.000300053205870922    0.00422901761601991    0.00423155623832842
98.0000000000132    -0.000300790943245279    0.00422167931623017    0.00422421976618172
98.5000000000135    -0.00030092694739137    0.00421522645106013    0.00421776416518366
99.0000000000137    -0.000300953452993508    0.00419370750595245    0.00419623248736384
99.500000000014    -0.000302425972433814    0.00416014090560653    0.00416265793613962
100.000000000014    -0.000305729220270778    0.00413224500980666    0.00413477247861736
100.500000000015    -0.0003069189708805    0.00411888345714569    0.00412141256031913
101.000000000015    -0.000307228693628477    0.00411131987075048    0.00411384687798557
101.500000000015    -0.000307197209544945    0.00409451297528602    0.00409702939424381
102.000000000015    -0.000308279695064459    0.00406586734595915    0.00406837496769918
102.500000000016    -0.000311231435789771    0.00403800292426909    0.00404051721369069
103.000000000016    -0.000312748251663235    0.00402116747820108    0.00402368349127667
103.500000000016    -0.000313447818789573    0.00401135803875629    0.00401387353008683
104.000000000016    -0.000313788552372508    0.0039969016225007    0.00399941077379185
104.500000000017    -0.000314675256278536    0.00397268429925358    0.0039751852971557
105.000000000017    -0.00031685560330922    0.0039463432266846    0.00394884486126945
105.500000000017    -0.000319167422714558    0.00392746156907864    0.00392996940507182
106.000000000017    -0.000320039077401049    0.0039152935422936    0.0039178004384644
106.500000000018    -0.000320335322738112    0.00390115957922691    0.00390365973854198
107.000000000018    -0.000321207297747593    0.00387968165381822    0.00388217481876128
107.500000000018    -0.000323261502826592    0.00385553587270259    0.00385802937139555
108.000000000018    -0.000325124875416832    0.00383646642127556    0.00383896189395032
108.500000000019    -0.000326288184780618    0.00382289061190264    0.00382538615424537
109.000000000019    -0.000327057191211127    0.00380861566135702    0.00381110774669266
109.500000000019    -0.000328036623250503    0.00378917308899211    0.00379165987984063
110.000000000019    -0.000329710241387738    0.00376713642104079    0.00376962136727045
110.50000000002    -0.000331870427385932    0.00374827607909737    0.00375076478899525
111.00000000002    -0.000333131973469941    0.00373368874529795    0.00373617719648069
111.50000000002    -0.000333836252461615    0.00371903790766892    0.00372152183625004
112.00000000002    -0.000334820908290704    0.00370076078275679    0.00370323979695587
112.500000000021    -0.000336390547170952    0.0036805366848217    0.00368301371356934
113.000000000021    -0.000338263654369218    0.00366248547307342    0.00366496408293744
113.500000000021    -0.000339592662652553    0.00364755573072838    0.00365003393863515
114.000000000021    -0.000340612980842046    0.00363276040851159    0.00363523598242706
114.500000000022    -0.000341768449766713    0.00361548402271462    0.00361795618436067
115.000000000022    -0.000343421845218634    0.00359671665505375    0.00359918788586921
115.500000000022    -0.000345111586329093    0.00357943855881858    0.00358191002318797
116.000000000022    -0.000346364042250301    0.0035644263060958    0.00356689633983404
116.500000000023    -0.000347458773859663    0.00354953966245437    0.00355200715720484
117.000000000023    -0.000348583790838436    0.00353293672345991    0.00353540063128996
117.500000000023    -0.000350201723073621    0.00351539855501888    0.00351786161484919
118.000000000023    -0.000352110713833994    0.00349900028350921    0.00350146522241567
118.500000000024    -0.000353507827727021    0.00348416852539542    0.00348663275821471
119.000000000024    -0.000354767441425652    0.00346944487489184    0.00347190744069287
119.500000000024    -0.000355929945339119    0.00345360492963463    0.00345606428782151
120.000000000024    -0.000357330685240017    0.00343714856669877    0.00343960584206388
120.500000000025    -0.000359177686247365    0.0034214236335668    0.00342388231471896
121.000000000025    -0.000360612909666335    0.00340683690895473    0.00340929489407689
121.500000000025    -0.000361803758134867    0.00339234654492575    0.00339480216083451
122.000000000026    -0.000363098139397758    0.00337711710916204    0.00337957044984321
122.500000000026    -0.000364775976479366    0.00336154247755127    0.00336399579234102
123.000000000026    -0.000366323221380284    0.00334661372251487    0.00334906650566539
123.500000000026    -0.000367683826027924    0.00333239016624184    0.00333484159952649
124.000000000027    -0.00036904751121355    0.0033182840214577    0.00332073413458508
124.500000000027    -0.000370405406826855    0.00330372179015081    0.00330617012985652
125.000000000027    -0.000371975010182696    0.00328893213296911    0.00329137984458396
125.500000000027    -0.000373434689178571    0.00327460466292002    0.00327705127852012
126.000000000028    -0.000374986855360684    0.00326081527516702    0.00326326171828292
126.500000000028    -0.000376555371400246    0.00324708831919894    0.00324953465747677
127.000000000028    -0.000377691713378324    0.00323307399487332    0.00323551712813771
127.500000000028    -0.000379154890262133    0.00321904585410871    0.00322148781394485
128.000000000029    -0.000380821948740579    0.0032053707650372    0.00320781304619382
128.500000000028    -0.000382254087439835    0.00319201793670947    0.00319445919369691
129.000000000028    -0.00038369577302345    0.00317873803406756    0.00318117830708445
129.500000000027    -0.000385091183198186    0.00316531402040052    0.00316775282860667
130.000000000027    -0.000386571097965829    0.00315193351464753    0.0031543713498431
130.500000000026    -0.000388163083691699    0.00313878472502014    0.00314122239194826
131.000000000026    -0.000389656577572612    0.00312589800230058    0.00312833500532968
131.500000000025    -0.000391132291989635    0.00311308750633159    0.0031155237173154
132.000000000025    -0.000392592462337232    0.00310020148157996    0.00310263666908301
132.500000000024    -0.000394017151911326    0.00308742483874383    0.00308985879444753
133.000000000024    -0.00039560141928208    0.00307480542400104    0.0030772391815785
133.500000000024    -0.000397045702864612    0.00306238629382819    0.00306481907439021
134.000000000023    -0.000398653074405117    0.00305005910948678    0.00305249191021249
134.500000000023    -0.000400131475434678    0.00303771805149962    0.00304014999780969
135.000000000022    -0.000401578647249195    0.00302543153858955    0.0030278624121857
135.500000000022    -0.000403164790777829    0.00301327139222342    0.00301570206204471
136.000000000021    -0.000404545743026541    0.00300132760709639    0.00300375693848582
136.500000000021    -0.000405966341654064    0.00298949230204683    0.00299192055434206
137.00000000002    -0.00040752882768901    0.00297763831585422    0.00298006625221256
137.50000000002    -0.000409055162795434    0.00296584113880377    0.00296826851699507
138.000000000019    -0.000410402610499593    0.00295416197992607    0.00295658776705224
138.500000000019    -0.0004121444041276    0.00294270309941449    0.00294512973677036
139.000000000019    -0.0004134990772566    0.00293129471850074    0.00293371989663219
139.500000000018    -0.000415033670874704    0.00291986738165763    0.00292229207454257
140.000000000018    -0.000416587372654463    0.00290855515940856    0.00291097950406409
140.500000000017    -0.000418135305184106    0.00289739429390677    0.00289981831316944
141.000000000017    -0.000419608356183188    0.00288632089111897    0.00288874415667052
141.500000000016    -0.000421098066940425    0.002875296068495    0.00287771865187283
142.000000000016    -0.000422531368119536    0.00286433548500528    0.0028667570513755
142.500000000015    -0.000424117295979783    0.00285349284220808    0.0028559143005271
143.000000000015    -0.000425579016750421    0.00284273673269498    0.0028451573810793
143.500000000014    -0.000427010793482145    0.00283207810751056    0.00283449779658369
144.000000000014    -0.000428593851769709    0.00282150885458406    0.0028239284543052
144.500000000014    -0.000430173495022916    0.00281095865177687    0.00281337809237129
145.000000000013    -0.00043158641414762    0.00280050424427244    0.0028029226071742
145.500000000013    -0.000433140239332602    0.00279016301601347    0.00279258112714777
146.000000000012    -0.000434606079309554    0.00277989826730178    0.00278231563928
146.500000000012    -0.000436090701263756    0.00276968794954668    0.00277210467377805
147.000000000011    -0.000437629597090059    0.00275954962749349    0.00276196600615557
147.500000000011    -0.000439168612362162    0.00274951210814553    0.00275192816803761
148.00000000001    -0.000440512280783886    0.0027395591708096    0.0027419738534243
148.50000000001    -0.000442127108036569    0.00272965633260383    0.00273207111036307
149.000000000009    -0.000443691997019951    0.00271984048051118    0.00272225509476495
149.500000000009    -0.000445232637334327    0.00271011017933927    0.00271252451328477
150.000000000009    -0.000446639615448668    0.00270041431999756    0.00270282762190066
150.500000000008    -0.000448071696647126    0.00269077968749671    0.00269319209286703
151.000000000008    -0.000449612672177042    0.00268124778779088    0.00268365991828059
151.500000000007    -0.000451156911387335    0.00267182692576189    0.00267423884028097
152.000000000007    -0.000452637023620039    0.00266243933617324    0.00266485066486327
152.500000000006    -0.000454164290707776    0.00265308641657123    0.00265549738576848
153.000000000006    -0.000455704555945828    0.00264383670219564    0.00264624741763038
153.500000000005    -0.000457104766622    0.00263465462441252    0.00263706435228506
154.000000000005    -0.000458690814475731    0.00262552606657312    0.00262793578126692
154.500000000004    -0.00046022208939284    0.00261647784403025    0.00261888727470392
155.000000000004    -0.000461625562725641    0.00260748795564137    0.00260989643364604
155.500000000004    -0.000463208136926199    0.00259853930734535    0.00260094775205911
156.000000000003    -0.000464609006707839    0.00258964535720493    0.0025920528208485
156.500000000003    -0.000466220254446353    0.00258086078564091    0.00258326840726722
157.000000000002    -0.000467707575092796    0.00257216309449941    0.0025745702606766
157.500000000002    -0.000469209861179796    0.00256348707709841    0.00256589383320327
158.000000000001    -0.00047062809668295    0.00255483785579217    0.00255724374502605
158.500000000001    -0.000472227539757583    0.00254629071579876    0.00254869670917555
159    -0.000473818493536152    0.0025378162067405    0.00254022227528418
159.5    -0.000475176680384382    0.00252937526019271    0.00253178020324473
159.999999999999    -0.000476844444814482    0.00252097723451171    0.00252338260948097
160.499999999999    -0.000478182805433934    0.00251266410349502    0.00251506827867049
160.999999999999    -0.000479673474268999    0.00250441275043457    0.00250681650418149
161.499999999998    -0.000481205379931061    0.00249621561808184    0.00249861915944866
161.999999999998    -0.000482685988009791    0.00248808947978452    0.00249049257158087
162.499999999997    -0.000484140149113806    0.00247998136369523    0.00248238384392681
162.999999999997    -0.000485739311582631    0.00247193642280988    0.00247433902323995
163.499999999996    -0.000487223587351044    0.00246396226533673    0.00246636443679936
163.999999999996    -0.000488725095815793    0.00245603268979629    0.00245843451325099
164.499999999995    -0.000490239165406941    0.00244814984173193    0.00245055137692895
164.999999999995    -0.000491634321120664    0.00244034090468519    0.00244274159563521
165.499999999994    -0.00049318966334635    0.00243257409937518    0.00243497472414077
165.999999999994    -0.00049459248282066    0.00242484782455962    0.0024272476344996
166.499999999994    -0.000496273846631046    0.00241719458923741    0.00241959496139305
166.999999999993    -0.000497672290194401    0.00240957631741159    0.00241197587033115
167.499999999993    -0.000499167170233751    0.00240200357599901    0.00240440277625685
167.999999999992    -0.000500719427620328    0.00239449449657571    0.00239689363769981
168.499999999992    -0.000502161599038326    0.00238704667849281    0.00238944524931707
168.999999999991    -0.000503640388179286    0.00237961249923184    0.00238201064496054
169.499999999991    -0.000505182828997801    0.00237223171098796    0.0023746297438866
169.99999999999    -0.00050661018728739    0.002364907298894    0.00236730468569379
170.49999999999    -0.000508065990624078    0.00235765048885159    0.00236004739069823
170.999999999989    -0.000509584178389923    0.00235041852836621    0.0023528152218726
171.499999999989    -0.000511125272505623    0.00234325162262222    0.00234564823784115
171.999999999989    -0.000512551177677605    0.00233612421455808    0.00233852020906264
172.499999999988    -0.000514092914859801    0.0023290207733053    0.00233141667117566
172.999999999988    -0.000515656419346019    0.00232196857519349    0.00232436448666325
173.499999999987    -0.000516941410145819    0.00231497075058766    0.00231736539696805
173.999999999987    -0.000518657531763618    0.00230802629186722    0.00231042168469532
174.499999999986    -0.000520120275939611    0.00230111739177705    0.00230351235307054
174.999999999986    -0.000521595723822198    0.00229424288511077    0.00229663746867189
175.499999999985    -0.000523041828852678    0.00228742621078851    0.00228982030217576
175.999999999985    -0.000524556053580452    0.00228065251328586    0.00228304642919286
176.499999999984    -0.000526007405565806    0.00227390368231495    0.00227629712163464
176.999999999984    -0.000527472109963421    0.00226720296621692    0.00226959600114071
177.499999999984    -0.000529058088923158    0.00226055056606601    0.002262943757328
177.999999999983    -0.000530483506663846    0.00225395187849815    0.00225634451634578
178.499999999983    -0.000531968555429025    0.00224737331614966    0.00224976565267046
178.999999999982    -0.000533464922483587    0.00224082841502996    0.00224322049783567
179.499999999982    -0.000534961839098762    0.00223432826695977    0.00223672010722072
179.999999999981    -0.000536505273567865    0.00222789288713786    0.00223028472293616
180.499999999981    -0.000537922752770504    0.00222148582347106    0.00222387708532403
180.99999999998    -0.000539359152050108    0.00221510156700033    0.00221749232708443
181.49999999998    -0.000540935344641734    0.00220877675377024    0.00221116765792388
181.999999999979    -0.000542375427456688    0.0022024843632623    0.002204874806576
182.499999999979    -0.000543898803829635    0.00219621014749314    0.00219860047973635
182.999999999979    -0.000545338692922592    0.00218999015042078    0.00219238002644494
183.499999999978    -0.000546838352029474    0.0021838114860577    0.00218620117658048
183.999999999978    -0.000548314546757389    0.00217767889380993    0.00218006830999287
184.499999999977    -0.000549850430976597    0.00217157591376855    0.00217396531148408
184.999999999977    -0.000551293595434053    0.00216550461408257    0.00216789358875826
185.499999999976    -0.000552809675546187    0.00215946462179086    0.0021618534882532
185.999999999976    -0.000554201478618332    0.0021534499699204    0.00215583818378698
186.499999999975    -0.000555756878518616    0.00214749114488365    0.00214987943814471
186.999999999975    -0.000557235235265077    0.00214157149563062    0.00214395954452802
187.499999999974    -0.00055863949587285    0.00213568867997119    0.00213807617381459
187.999999999974    -0.000560266238036283    0.00212982416767982    0.00213221204267377
188.499999999974    -0.000561569569530714    0.0021239936156974    0.00212638049645791
188.999999999973    -0.000563085755507587    0.00211821492313867    0.00212060174042213
189.499999999973    -0.00056467621776054    0.00211245789256807    0.00211484494994851
189.999999999972    -0.00056599123707706    0.00210671642905782    0.00210910254565461
190.499999999972    -0.000567603813285719    0.00210101477118318    0.00210340121372886
190.999999999971    -0.000569069687329681    0.00209536305625147    0.00209774922934877
191.499999999971    -0.000570517400706736    0.0020897550651949    0.00209214090961647
191.99999999997    -0.000571940621183954    0.00208416102327697    0.00208654642028302
192.49999999997    -0.000573408756152512    0.0020785892405142    0.00208097437071065
192.999999999969    -0.000574959825401315    0.0020730444617966    0.00207542966775781
193.499999999969    -0.000576416209790956    0.00206753528727007    0.00206992018367081
193.999999999969    -0.000577928724335053    0.00206208941495909    0.00206447427464811
194.499999999968    -0.000579362061115349    0.00205665591787379    0.00205904039617322
194.999999999968    -0.000580849117668414    0.0020512343718607    0.00205361867212946
195.499999999967    -0.00058229363857852    0.00204585394924851    0.0020482379128956
195.999999999967    -0.000583832220891882    0.00204051590785923    0.00204289993760111
196.499999999966    -0.000585219388002891    0.00203519999417931    0.00203758346602336
196.999999999966    -0.000586690207393293    0.00202989855958658    0.00203228180102481
197.499999999965    -0.000588221088078303    0.00202463050377677    0.00202701376637787
197.999999999965    -0.000589671833194285    0.00201940868067751    0.00202179166269229
198.499999999964    -0.000591179911285718    0.00201421584278376    0.00201659877941452
198.999999999964    -0.000592621618347393    0.00200903787428025    0.00201142048481951
199.499999999964    -0.000594060982566209    0.00200389370938388    0.00200627599473856
199.999999999963    -0.000595532996426562    0.00199877439527607    0.00200115648609936
200.499999999963    -0.000597098196728178    0.00199369144584483    0.00199607372743517
200.999999999962    -0.000598424799972373    0.00198863349419166    0.00199101501455446
201.499999999962    -0.000599995773368127    0.00198359616370707    0.00198597789136219
201.999999999961    -0.000601421129286971    0.00197858287879172    0.00198096423408782
202.499999999961    -0.000602883036232593    0.00197359878826387    0.00197597992226872
202.99999999996    -0.000604329249715414    0.0019686406665782    0.00197102151967135
203.49999999996    -0.000605914219602136    0.00196372851819382    0.00196610966302856
203.999999999959    -0.000607239637772956    0.00195882859644159    0.00196120899865089
204.499999999959    -0.000608805957832825    0.00195394437932383    0.00195632497460323
204.999999999959    -0.000610253144904826    0.00194910597275922    0.00195148632147377
205.499999999958    -0.000611648110580282    0.00194427873567749    0.00194665862015958
205.999999999958    -0.000613108670373927    0.00193946365340657    0.00194184331636212
206.499999999957    -0.000614656161320286    0.00193469419798081    0.00193707400416146
206.999999999957    -0.000616115850499072    0.00192997175188248    0.00193235139039019
207.499999999956    -0.000617498195876082    0.00192524395764699    0.00192762309610163
207.999999999956    -0.000619044341152647    0.00192052895782542    0.00192290821585837
208.499999999955    -0.000620498710758785    0.00191584847694864    0.00191822751615931
208.999999999955    -0.000621954661670837    0.00191120539337595    0.00191358423911779
209.499999999954    -0.000623356591811226    0.00190657849993532    0.00190895693910254
209.999999999954    -0.00062486489892719    0.00190197429066149    0.00190435273081105
210.499999999954    -0.000626333869062909    0.00189738765175734    0.00189976593765642
210.999999999953    -0.000627831945570023    0.00189284130483839    0.00189521957046767
211.499999999953    -0.000629190841635406    0.00188831023277159    0.00189068794381485
211.999999999952    -0.000630705716243881    0.00188380207942827    0.00188617982856778
212.499999999952    -0.000632147071061818    0.00187931880756691    0.00188169632226545
212.999999999951    -0.000633693256771112    0.00187485499477032    0.00187723266742067
213.499999999951    -0.000635027149754649    0.00187041114405927    0.00187278817725524
213.99999999995    -0.000636577921080356    0.00186598618302994    0.00186836338751615
214.49999999995    -0.000638019610567965    0.0018615874714389    0.00186396444662281
214.999999999949    -0.000639465318169632    0.00185721346677593    0.00185959023383692
215.499999999949    -0.000640936612480075    0.00185286190105506    0.00185523855840228
215.999999999949    -0.000642356504492673    0.0018485357059513    0.0018509120702934
216.499999999948    -0.000643837648264787    0.00184423444096232    0.00184661074604763
216.999999999948    -0.000645276300207816    0.00183993733126449    0.00184231340039305
217.499999999947    -0.00064674533301616    0.00183566951542231    0.00183804547344619
217.999999999947    -0.000648213895447532    0.00183143778379145    0.00183381365070159
218.499999999946    -0.00064963867160116    0.00182721808049493    0.00182959368683375
218.999999999946    -0.000651082684051063    0.00182298749088309    0.00182536286862752
219.499999999945    -0.000652616952359628    0.00181879144505603    0.00182116694360636
219.999999999945    -0.000654017490669024    0.00181464092159528    0.00181701608880019
220.499999999944    -0.000655479465476986    0.00181051431469418    0.00181288938141211
220.999999999944    -0.000656885775767006    0.00180638978557353    0.00180876452901999
221.499999999944    -0.000658398308728017    0.00180229060007673    0.00180466541381593
221.999999999943    -0.000659830457398528    0.0017982088905619    0.00180058348338008
222.499999999943    -0.000661290964160419    0.00179413902283308    0.00179651348889453
222.999999999942    -0.000662700345548232    0.00179008200199595    0.00179245615126805
223.499999999942    -0.000664193107460788    0.00178605644953647    0.00178843059919694
223.999999999941    -0.000665621127124275    0.00178206302463678    0.00178443696237803
224.499999999941    -0.000667060995538529    0.00177808334237262    0.00178045710590671
224.99999999994    -0.000668545802419533    0.00177411697325056    0.00177649071711799
225.49999999994    -0.000670014570426715    0.00177017004323335    0.00177254371306893
225.999999999939    -0.000671374812803278    0.00176623308298548    0.00176860628510452
226.499999999939    -0.000672957292608437    0.00176231109648936    0.00176468461397372
226.999999999939    -0.000674291308400555    0.00175842617713904    0.00176079916019631
227.499999999938    -0.000675823387612347    0.00175455878505603    0.00175693193260841
227.999999999938    -0.000677162844800608    0.00175070450848928    0.00175307713923741
228.499999999937    -0.000678721644476168    0.00174686402555255    0.00174923690492534
228.999999999937    -0.000680098997370195    0.00174303537484259    0.00174540786159008
229.499999999936    -0.000681559394577735    0.00173922462610672    0.00174159701279557
229.999999999936    -0.000683057386936864    0.00173545100517851    0.00173782345095263
230.499999999935    -0.000684437641108789    0.00173169017927576    0.00173406227070729
230.999999999935    -0.000685920309810757    0.0017279458780741    0.00173031797148519
231.499999999934    -0.00068736394066875    0.0017242071876834    0.00172657913376771
231.999999999934    -0.000688848192141544    0.00172049769137938    0.00172286964874651
232.499999999934    -0.000690259433330756    0.00171680518545202    0.00171917690450236
232.999999999933    -0.000691630620018893    0.00171311944099382    0.00171549077280179
233.499999999933    -0.000693136039995964    0.00170944284644457    0.00171181424303538
233.999999999932    -0.000694617187060743    0.00170580210913023    0.00170817351527515
234.499999999932    -0.000696010031068293    0.00170217693420565    0.00170454804896703
234.999999999931    -0.000697449011260514    0.00169856067719277    0.00170093164975498
235.499999999931    -0.00069894429907635    0.00169495831091486    0.00169732933102302
235.99999999993    -0.00070034101843704    0.00169137494231897    0.00169374568114394
236.49999999993    -0.000701849449385837    0.00168781081363543    0.00169018165579012
236.999999999929    -0.000703215104955598    0.00168426745592188    0.00168663792750488
237.499999999929    -0.000704691158917273    0.00168073815070797    0.00168310862378991
237.999999999929    -0.000706093916652234    0.00167721981438673    0.00167959003740244
238.499999999928    -0.000707539850215095    0.00167370919493672    0.00167607930378936
238.999999999928    -0.000709022992352668    0.00167022502009586    0.00167259515646034
239.499999999927    -0.000710460010530233    0.00166676127281608    0.00166913129108216
239.999999999927    -0.000711834334810637    0.00166331459297432    0.00166568428867882
240.499999999926    -0.000713313191090336    0.00165986572294411    0.00166223542151259
240.999999999926    -0.000714718742368744    0.00165642776476682    0.00165879721819732
241.499999999925    -0.000716262711629045    0.00165302728280292    0.00165539698373929
241.999999999925    -0.000717585762875625    0.0016496462472086    0.00165201547265261
242.499999999924    -0.000719033725125294    0.00164626017402276    0.00164862931068283
242.999999999924    -0.0007205000855936    0.00164288200152164    0.00164525110170396
243.499999999924    -0.000721907830757502    0.00163953245034928    0.00164190134310088
243.999999999923    -0.000723400412046127    0.00163620075702043    0.00163856972733817
244.499999999923    -0.000724802919549487    0.00163288691885236    0.00163525567814817
244.999999999922    -0.000726208054158738    0.00162957806921858    0.00163194661471289
245.499999999922    -0.000727710462621209    0.00162628891425006    0.001628657572864
245.999999999921    -0.000729030369832625    0.0016230084414125    0.00162537661276991
246.499999999921    -0.000730613156018722    0.00161974206605902    0.0016221106062713
246.99999999992    -0.000731919978468264    0.0016164940061288    0.00161886202784752
247.49999999992    -0.00073341705285885    0.00161324653938974    0.00161561464124093
247.999999999919    -0.000734812426095724    0.00161001538152996    0.00161238324007895
248.499999999919    -0.000736306325852232    0.00160681322267889    0.00160918117970127
248.999999999919    -0.0007377028284844    0.0016036310048413    0.00160599875779558
249.499999999918    -0.000739128234737548    0.00160045103801976    0.00160281866510082
249.999999999918    -0.000740545277076542    0.00159728597547316    0.00159965345386866
250.499999999917    -0.000742019138892488    0.0015941261714898    0.00159649367247895
250.999999999917    -0.000743375249533657    0.00159097563688063    0.00159334278037865
251.499999999916    -0.000744938850295381    0.00158784576451696    0.00159021322412613
251.999999999916    -0.000746259919856264    0.00158473578524585    0.00158710280125521
252.499999999915    -0.000747704600708414    0.00158163121210233    0.00158399816775379
252.999999999915    -0.000749183891766769    0.00157854775348224    0.0015809147719129
253.499999999914    -0.000750548714099917    0.00157547349625244    0.00157784021180118
253.999999999914    -0.000752047084213184    0.00157241253237303    0.00157477936886582
254.499999999914    -0.000753403842325175    0.0015693589290697    0.00157172543409798
254.999999999913    -0.000754891182901781    0.00156631651476689    0.00156868309833322
255.499999999913    -0.000756255845405908    0.00156328374679336    0.00156565002124532
255.999999999912    -0.000757755848769592    0.00156027143052104    0.00156263783328086
256.499999999912    -0.000759120508188722    0.00155727408180357    0.00155964019535362
256.999999999911    -0.000760580540409012    0.00155428604995368    0.00155665216902545
257.499999999911    -0.000761990407628532    0.00155131298326099    0.00155367895733549
257.99999999991    -0.000763423367623109    0.00154834909871321    0.00155071499666138
258.49999999991    -0.000764846261280818    0.00154539531655085    0.00154776110567594
258.999999999909    -0.000766268972552304    0.00154245123615752    0.0015448169139509
259.499999999909    -0.000767680910029835    0.00153952210566784    0.00154188764510949
259.999999999909    -0.000769166371550569    0.00153661185601769    0.0015389774959199
260.499999999908    -0.000770483053998934    0.00153370559032259    0.00153607080101168
260.999999999908    -0.000771975816909723    0.00153080901682442    0.00153317433787766
261.499999999907    -0.000773421543117849    0.00152793320247374    0.00153029850475996
261.999999999907    -0.000774824569730177    0.00152506911975033    0.00152743427437929
262.499999999906    -0.000776223977534878    0.00152221175376381    0.00152457674405029
262.999999999906    -0.000777651051403931    0.001519359325246    0.00152172422706786
263.499999999905    -0.000779107287810496    0.00151652532747333    0.00151889024186494
263.999999999905    -0.000780512800660762    0.00151370233546703    0.00151606710930172
264.499999999904    -0.000781914368489    0.00151089428307498    0.00151325891191065
264.999999999904    -0.000783345406193659    0.00150808999310393    0.00151045455610995
265.499999999904    -0.000784760046305966    0.00150530230407356    0.00150766676181723
265.999999999903    -0.000786180459126818    0.00150252502085004    0.00150488939129336
266.499999999903    -0.000787590365134268    0.00149975808361236    0.0015021223357079
266.999999999902    -0.000789053762043648    0.00149700333802543    0.00149936763581482
267.499999999902    -0.000790465954848949    0.00149426485994588    0.00149662905976398
267.999999999901    -0.000791861426828016    0.00149153565480319    0.00149389970590762
268.499999999901    -0.000793269260150365    0.00148880466980221    0.00149116859098607
268.9999999999    -0.000794697001228447    0.00148608238920749    0.00148844623818775
269.4999999999    -0.000796141475596131    0.00148338269009762    0.00148574653702174
269.999999999899    -0.000797537499265957    0.00148069769841752    0.00148306140744323
270.499999999899    -0.000798947843780944    0.00147801471915018    0.00148037832089058
270.999999999899    -0.00080034825416601    0.00147533848950421    0.00147770195026466
271.499999999898    -0.000801771820476819    0.00147267539513837    0.00147503878930628
271.999999999898    -0.000803233727200819    0.00147003793833905    0.00147240140485975
272.499999999897    -0.000804603849851042    0.00146741040087323    0.00146977367048477
272.999999999897    -0.000806022672664712    0.00146477393182636    0.00146713711860724
273.499999999896    -0.000807434548596585    0.00146214010581003    0.00146450317870937
273.999999999896    -0.000808859233951035    0.0014595226369656    0.00146188564503064
274.499999999895    -0.000810279968111044    0.00145692439105963    0.00145928733900728
274.999999999895    -0.000811732054424584    0.00145434287659059    0.0014567058681687
275.499999999894    -0.00081305505324382    0.00145176401071725    0.00145412665981109
275.999999999894    -0.000814498275526704    0.00144918984292392    0.00145155249255392
276.499999999894    -0.000815907743894263    0.00144662528103787    0.00144898783420191
276.999999999893    -0.000817350662464929    0.00144408093221281    0.00144644350427585
277.499999999893    -0.000818732994854393    0.00144154786422953    0.00144391028402077
277.999999999892    -0.00082016652703274    0.00143902149289715    0.00144138390498878
278.499999999892    -0.000821525957037836    0.0014364919824723    0.00143885415395885
278.999999999891    -0.000822993416570049    0.00143397319680591    0.0014363354419191
279.499999999891    -0.000824408740184951    0.0014314776519994    0.00143383984478716
279.99999999989    -0.000825796028183064    0.00142898613812075    0.00143134819084889
280.49999999989    -0.000827177309730284    0.00142649352421193    0.00142885540405676
280.999999999889    -0.000828641180161095    0.00142401165879482    0.00142637360540406
281.499999999889    -0.000830029029209957    0.0014215449445253    0.00142390675203466
281.999999999889    -0.000831437423813224    0.00141908925483076    0.00142145098629107
282.499999999888    -0.000832839898973079    0.00141664484104606    0.00141900648460964
282.999999999888    -0.000834248512630836    0.00141420795549498    0.00141656952739967
283.499999999887    -0.000835664956909291    0.0014117841416075    0.00141414567212352
283.999999999887    -0.000837062291160826    0.00140936724730431    0.00141172868032508
284.499999999886    -0.000838463834692562    0.00140696148094435    0.00140932283349021
284.999999999886    -0.00083984984522593    0.00140455551094338    0.00140691672546598
285.499999999885    -0.000841272417107063    0.00140215905625989    0.00140452023813393
285.999999999885    -0.000842725942130563    0.00139977265188302    0.00140213389121431
286.499999999884    -0.000844100320339578    0.00139739186953735    0.00139975294036743
286.999999999884    -0.000845483036934498    0.00139501219600799    0.00139737311041716
287.499999999884    -0.000846949376940313    0.00139265177091694    0.00139501278167288
287.999999999883    -0.000848326759785748    0.00139030730210595    0.00139266817467473
288.499999999883    -0.000849692216102837    0.00138796806503925    0.00139032876222741
288.999999999882    -0.000851149373446863    0.0013856365888398    0.00138799736564233
289.499999999882    -0.000852489444436227    0.0013833102090277    0.00138567073605523
289.999999999881    -0.000853950700864126    0.00138098916600237    0.00138334977517862
290.499999999881    -0.00085531479577807    0.0013786826370046    0.00138104307123514
290.99999999988    -0.000856761355682675    0.00137638834866078    0.00137874884373683
291.49999999988    -0.000858136546373313    0.00137410018473894    0.00137646054142108
291.999999999879    -0.000859500784754401    0.00137181096349422    0.00137417113726475
292.499999999879    -0.000860969795070111    0.00136953221088727    0.00137189249475428
292.999999999879    -0.000862357993308745    0.00136726783845416    0.00136962802247668
293.499999999878    -0.000863722863415015    0.00136500385143587    0.00136736385989941
293.999999999878    -0.000865174335355162    0.00136274749133048    0.00136510756151277
294.499999999877    -0.000866521109111395    0.00136050213124958    0.00136286198374302
294.999999999877    -0.000867976796895121    0.00135826853904228    0.00136062847856671
295.499999999876    -0.000869338836607389    0.00135604252268647    0.0013584022949863
295.999999999876    -0.000870735664014851    0.00135382188642774    0.00135618158309826
296.499999999875    -0.000872145423783332    0.00135160972848606    0.00135396938693025
296.999999999875    -0.000873560635473184    0.00134941116621    0.00135177081245582
297.499999999874    -0.000874909835621088    0.00134721301411418    0.00134957245824851
297.999999999874    -0.000876333346410109    0.00134501981167358    0.00134737925075383
298.499999999874    -0.000877747343120818    0.00134283809741978    0.00134519751353551
298.999999999873    -0.000879142299372585    0.0013406645278051    0.00134302387179552
299.499999999873    -0.000880545783941409    0.00133850113655341    0.00134086043709073
