#t    a    aDot    H
0    1    0.241667658682306    0.241667658682306
0.5    1.11988855712776    0.235935700521847    0.210677838451144
1    1.23398964699867    0.21867125041902    0.177206713971124
1.5    1.33721184761343    0.193547796093038    0.144739815488824
2    1.42786081223402    0.170476857332061    0.119393190058444
2.49999999999999    1.51005764579523    0.16123489160411    0.106773997703379
2.99999999999998    1.59165721175448    0.166732824344412    0.104754229185204
3.49999999999997    1.67686973243587    0.172829905157994    0.103066983567612
3.99999999999996    1.76255805037828    0.167957738098513    0.0952920319773101
4.49999999999995    1.84351053940882    0.155384447682942    0.0842872575780181
4.99999999999994    1.91828777531096    0.144704967506205    0.0754344417811594
5.49999999999993    1.98948068695442    0.141387935708299    0.0710677598608617
5.99999999999992    2.06076809523306    0.144497527075265    0.0701182861912095
6.49999999999991    2.13425604177415    0.149269927486037    0.0699400280773967
6.9999999999999    2.20946658638693    0.150709019353442    0.0682105899595848
7.49999999999988    2.28400632517921    0.146542618508672    0.0641603383025544
7.99999999999987    2.35537186244051    0.138667575848873    0.0588729015830194
8.49999999999986    2.42289107308078    0.132068166673654    0.0545085035563422
8.99999999999985    2.48835835718201    0.130784858652573    0.0525586912653059
9.49999999999984    2.55440645937408    0.133720702685281    0.0523490309048338
9.99999999999983    2.62189309709508    0.135612947170279    0.0517232938751513
10.4999999999998    2.68922543054542    0.132937934990267    0.0494335407810363
10.9999999999998    2.75431123187385    0.127231945702788    0.0461937431871954
11.4999999999998    2.81664042718904    0.122561561383808    0.0435133857345515
11.9999999999998    2.87748959687819    0.121477516630815    0.0422164920292352
12.4999999999998    2.93863035554035    0.123393520938775    0.0419901471126286
12.9999999999998    3.00092977474329    0.125592665665216    0.0418512511429762
13.4999999999998    3.06381493376922    0.125414323773732    0.0409340402357274
13.9999999999997    3.12582018492474    0.122184609491343    0.0390888158188423
14.4999999999997    3.18579426252224    0.117765682270689    0.0369658780719418
14.9999999999997    3.24388995245576    0.115113466272885    0.035486242739443
15.4999999999997    3.30144701047033    0.115580703039936    0.0350091043937338
15.9999999999997    3.35971626571002    0.117471812370776    0.0349648015130677
16.4999999999998    3.4186453730691    0.117794426061886    0.0344564624894497
16.9999999999999    3.47703886364206    0.115389193784915    0.0331860523595211
17.4999999999999    3.53383656797352    0.111824813836468    0.0316440253207845
18    3.58908406309273    0.109530941407164    0.0305177977115366
18.5000000000001    3.64377253094845    0.109594563660725    0.0300772242860612
19.0000000000002    3.69892593824203    0.111104874258646    0.030037063762204
19.5000000000002    3.75478770499    0.112096554395662    0.0298542988853109
20.0000000000003    3.81068729228951    0.111137121750627    0.0291645871797195
20.5000000000004    3.86562819448288    0.108453710533806    0.0280559084002423
21.0000000000005    3.91914264002567    0.105782076348112    0.0269911269030564
21.5000000000006    3.97171482933903    0.104875779643649    0.0264056671110756
22.0000000000006    4.02433888603747    0.105823814933952    0.0262959501996987
22.5000000000007    4.07756385839308    0.1069219070809    0.0262220067653426
23.0000000000008    4.1309836618904    0.106421716660922    0.0257618343162902
23.5000000000009    4.18369770662818    0.104252124389984    0.0249186561029059
24.000000000001    4.23520579828919    0.101901808170606    0.0240606508925184
24.500000000001    4.28582990396347    0.100886836238924    0.0235396267466484
25.0000000000011    4.33636622193122    0.101465564570507    0.0233987535594536
25.5000000000012    4.38738564523648    0.102572646620118    0.0233789903405195
26.0000000000013    4.43878368089418    0.102777964622009    0.0231545333160513
26.5000000000013    4.48990107233328    0.101456576334865    0.0225966173197088
27.0000000000014    4.54009811591579    0.0993106266575979    0.021874114638504
27.5000000000015    4.5893195851385    0.0977914666919295    0.021308489173124
28.0000000000016    4.6381503871402    0.0977830024299111    0.0210823268475782
28.5000000000017    4.68726716191095    0.0987280654994047    0.0210630335521892
29.0000000000017    4.73679130383377    0.0991720524798306    0.0209365467293365
29.5000000000018    4.78619836670418    0.0982232387037941    0.0205221829891333
30.0000000000019    4.83485874782413    0.0963683813554817    0.0199319952002426
30.500000000002    4.88263191877079    0.0948878120836288    0.0194337426335256
31.000000000002    4.92995895861056    0.0946407851013957    0.0191970736259575
31.5000000000021    4.97744239910313    0.0953826430035957    0.0191629827842473
32.0000000000022    5.02533022432054    0.0960600624744515    0.0191151741649853
32.5000000000021    5.0733273339142    0.0957194969185901    0.0188672030441884
33.000000000002    5.12086440157569    0.0943024711894904    0.0184153423708063
33.5000000000019    5.1675988430366    0.0927066508197459    0.0179399859849162
34.0000000000018    5.21372478549439    0.0920024971455056    0.0176462128191873
34.5000000000017    5.25979670054395    0.0924296716632675    0.0175728601171427
35.0000000000016    5.30620472735018    0.0931490353025958    0.0175547382901513
35.5000000000015    5.35280804707375    0.0930731525610661    0.0173877246750791
36.0000000000014    5.3990933267351    0.0919277103079477    0.0170265088496882
36.5000000000013    5.44467921727717    0.0904518220869317    0.0166128836020142
37.0000000000012    5.48965942894073    0.0896376822048444    0.0163284596002963
37.5000000000011    5.53449159196167    0.0898395676928963    0.0162326685658679
38.000000000001    5.57958231982379    0.0905276320835311    0.0162248044556837
38.5000000000009    5.62494494024388    0.0907847679553862    0.0161396722847655
39.0000000000008    5.67020336685392    0.0900905627668059    0.0158884182696947
39.5000000000007    5.71492678120711    0.088765628148718    0.0155322424148309
40.0000000000006    5.75901437903225    0.087704025288676    0.0152289991856929
40.5000000000005    5.80278947969549    0.0875618956155673    0.0150896212798956
41.0000000000004    5.84669854820288    0.0881281582034615    0.0150731489706357
41.5000000000003    5.89088806912538    0.0885238262518667    0.0150272463528593
42.0000000000002    5.93507491730616    0.0880656295984553    0.0148381664638577
42.5000000000001    5.97883322389644    0.0869075304385283    0.0145358679836014
43    6.02199860353236    0.0858411634388829    0.0142545970350326
43.4999999999999    6.06480500768418    0.0855333724009918    0.014103235354248
43.9999999999998    6.1076576781634    0.0859572053920838    0.0140736776554136
44.4999999999997    6.15077536979544    0.0864592667412321    0.0140566451452295
44.9999999999996    6.19401035032374    0.0863423867915629    0.0139396581387776
45.4999999999995    6.23698629210894    0.0854622275385855    0.0137024876336048
45.9999999999994    6.27943379081032    0.0843577977113763    0.0134339815533735
46.4999999999993    6.32143462351382    0.0837783612414502    0.0132530614063175
46.9999999999992    6.36334808051195    0.0839863429478921    0.0131984518032424
47.4999999999991    6.4054735533449    0.0844995647325727    0.0131917748202157
47.999999999999    6.44776920895477    0.0845595177265676    0.0131145385304936
48.4999999999989    6.48990274315223    0.0838645255591702    0.0129223085272979
48.9999999999988    6.53157543241606    0.0828303389444969    0.0126815252769511
49.4999999999987    6.57279642018296    0.0821623966961166    0.012500371446744
49.9999999999986    6.61386074947859    0.0822082631942434    0.0124296936854506
50.4999999999985    6.65507779330811    0.0826797942183118    0.012423565401662
50.9999999999984    6.69650288598521    0.0829328211780312    0.0123844971905556
51.4999999999983    6.73789743569444    0.0825286075770128    0.0122484214645079
51.9999999999982    6.77894376483922    0.0816154370182596    0.0120395506806797
52.4999999999981    6.81953038973352    0.080804164090985    0.0118489337935398
52.999999999998    6.85985497293992    0.0806142546449772    0.0117515975137924
53.4999999999979    6.90024104117698    0.0809835150524969    0.01173633132078
53.9999999999978    6.94083348047934    0.0813241564711785    0.0117167710045051
54.4999999999977    6.9814659123717    0.0810907939153724    0.0116151528823872
54.9999999999976    7.02182768609062    0.0802978689937778    0.0114354656057479
55.4999999999975    7.06175928950085    0.0794781321484158    0.0112547212231633
55.9999999999974    7.10139268155208    0.0791638611206531    0.0111476529563425
56.4999999999973    7.14102086599393    0.0794188495081468    0.0111214980320734
56.9999999999972    7.18083429213342    0.0798072456268746    0.0111139238673566
57.4999999999971    7.22075858425624    0.0797910832380938    0.011050235554484
57.999999999997    7.26052572663591    0.0791957162335567    0.010907710986137
58.4999999999969    7.29991497701339    0.0783722084916947    0.0107360440140029
58.9999999999968    7.33895618777206    0.0778832601545111    0.0106123075491686
59.4999999999967    7.37789996728217    0.0779774719325007    0.0105690606105121
59.9999999999966    7.41698299267996    0.0783534625013846    0.0105640612333497
60.4999999999965    7.45620393426973    0.0784457945185103    0.0105208756640846
60.9999999999964    7.49533082689014    0.0779758868319942    0.0104032615281302
61.4999999999963    7.53412773127294    0.0772047325132758    0.0102473352280466
61.9999999999962    7.57257585090832    0.0766634418941672    0.0101238262123147
62.4999999999961    7.6108825494954    0.0766511499778604    0.0100712564514535
62.999999999996    7.64928672203567    0.0769856632283807    0.0100644237856328
63.4999999999959    7.68784587195511    0.0771873338868415    0.0100401770759241
63.9999999999958    7.72639055951466    0.0769010999673187    0.00995304332274775
64.4999999999961    7.76467863952246    0.0762163327893891    0.00981577426803546
64.9999999999963    7.80261848595235    0.0755994344713531    0.00968898256495054
65.4999999999966    7.84035527160944    0.0754394078998678    0.00962193743605472
65.9999999999969    7.87813030846474    0.0757006313254747    0.0096089590247241
66.4999999999971    7.9160510444054    0.0759372198160925    0.00959281583584033
66.9999999999974    7.9539915496156    0.0757402887375594    0.00952229937197002
67.4999999999976    7.99171903537447    0.0751263295131307    0.00940052186276723
67.9999999999979    8.02911865563176    0.0745164959058166    0.00928078150315408
68.4999999999981    8.06630242475925    0.0742965655646366    0.0092107339462733
68.9999999999984    8.10348954936234    0.0744943919347318    0.00919287813983715
69.4999999999986    8.14080717068968    0.0747451300945095    0.00918153796390403
69.9999999999989    8.17817604504977    0.0746519999871874    0.00912819674900176
70.4999999999992    8.21538761843114    0.0741395558599535    0.00902447447441458
70.9999999999994    8.25229833942616    0.0735280264645432    0.00891000584809882
71.4999999999997    8.28897162870945    0.0732351667442985    0.00883525363877989
71.9999999999999    8.32560770767686    0.0733624662855181    0.00881166502931337
72.5000000000002    8.36235405825093    0.0736026654589532    0.00880166816021515
73.0000000000004    8.39916016923089    0.0735482534487358    0.00875661994376166
73.5000000000007    8.43583189128861    0.0730858864902001    0.00866374382894867
74.000000000001    8.47222550765606    0.0725079520178723    0.00855831232919253
74.5000000000012    8.50838965479241    0.0722106677243149    0.00848699585398534
75.0000000000015    8.54450319560453    0.0722982182167854    0.00846137178039527
75.5000000000017    8.58070922024561    0.072516632403584    0.00845112339111618
76.000000000002    8.6169785634821    0.0724990384042119    0.00841351035866047
76.5000000000022    8.65314200795    0.0721006699570085    0.00833231095603962
77.0000000000025    8.68905286062152    0.0715527921382659    0.00823482067447657
77.5000000000027    8.72473768367427    0.0712438142333139    0.00816572564314745
78.000000000003    8.76035598671279    0.07128818405047    0.0081375898603431
78.5000000000033    8.79604790044522    0.0714709345060342    0.00812534621399875
79.0000000000035    8.83178838864626    0.0714317560783211    0.00808802848697671
79.5000000000038    8.86741835866592    0.0710393735947365    0.00801128025332327
80.000000000004    8.90280855155571    0.0705374749853251    0.00792305872656322
80.5000000000043    8.93799864366608    0.070274659697753    0.00786246032242948
81.0000000000045    8.97313541700384    0.0703201787262804    0.00783674551406252
81.5000000000048    9.00833478361393    0.0704659932070566    0.00782231066003825
82.000000000005    9.04356352753088    0.0703945975600562    0.00778394460831257
82.5000000000053    9.07867565832387    0.0700127276871861    0.00771177761185842
83.0000000000056    9.1135631450908    0.0695569406068826    0.00763224432634241
83.5000000000058    9.14827453343496    0.0693366661926284    0.00757920697932904
84.0000000000061    9.18294641651026    0.0693880663512119    0.00755618765524509
84.5000000000063    9.21766908042956    0.0694827271543385    0.00753799323321992
85.0000000000066    9.25238836306712    0.069342729149283    0.00749457614923291
85.5000000000068    9.28696698955169    0.0689447455465115    0.00742381722946554
86.0000000000071    9.32133548489621    0.0685598408514108    0.0073551521627455
86.5000000000073    9.35556852219581    0.0684146344486091    0.00731271801241126
87.0000000000076    9.3897871630806    0.0684794271378275    0.00729296904695343
87.5000000000079    9.42404200590639    0.068511998020277    0.00726991645170279
88.0000000000081    9.45825807506571    0.0683081509534761    0.00722206461394336
88.5000000000084    9.49231772897201    0.0679188911167216    0.00715514303839859
89.0000000000086    9.52619158894866    0.0676112603014335    0.00709740715060459
89.5000000000089    9.55996770093297    0.0675296456859482    0.00706379433471913
90.0000000000091    9.59374518650919    0.0675827018280541    0.00704445453930646
90.5000000000094    9.62753157078693    0.0675276318107328    0.00701401302236533
91.0000000000096    9.66123404998614    0.0672500587436441    0.0069608145704472
91.5000000000099    9.69476811136313    0.0668955445955586    0.00690016964069012
92.0000000000102    9.72815607029741    0.0666903212245256    0.00685539178674862
92.5000000000104    9.76148974994807    0.0666677257535227    0.00682966713701434
93.0000000000107    9.79482920634537    0.0666763298900273    0.00680729888039625
93.5000000000109    9.82813884551403    0.0665283821196475    0.00676917401813201
94.0000000000112    9.8613297659412    0.0662207496969975    0.00671519473222658
94.5000000000114    9.8943642033738    0.0659387189656599    0.00666427044834028
95.0000000000117    9.92729687034244    0.065819826205689    0.00663018614889257
95.500000000012    9.96020315572219    0.0658102635828745    0.0066073214124218
96.0000000000122    9.99309554009455    0.0657347582717001    0.00657801759304286
96.5000000000125    10.0259101985375    0.0655007246589922    0.00653314495760663
97.0000000000127    10.0585868463483    0.0652125590878074    0.00648327246003568
97.500000000013    10.0911415593803    0.0650308973951606    0.00644435488418166
98.0000000000132    10.1236393715151    0.0649744512576303    0.0064180922367157
98.5000000000135    10.1561171923832    0.0649247753254498    0.00639267685628336
99.0000000000137    10.1885438414601    0.0647588411412098    0.00635604480374196
99.500000000014    10.2208596410426    0.0644991543014831    0.00631054104710354
100.000000000014    10.2530506756551    0.0642825404741183    0.00626960136135398
100.500000000015    10.2851617815159    0.0641785280070032    0.00623991429306853
101.000000000015    10.3172370801531    0.0641195747861016    0.00621480094796368
101.500000000015    10.3492686593247    0.063988381564828    0.00618288921383584
102.000000000015    10.3812091636366    0.0637641540833025    0.00614226657783336
102.500000000016    10.4130338353297    0.0635452824706059    0.00610247536649763
103.000000000016    10.4447695645095    0.0634126760056779    0.00607123743745855
103.500000000016    10.4764560829291    0.0633352827321098    0.00604548735094799
104.000000000016    10.5080983519045    0.0632210536332692    0.00601641243887015
104.500000000017    10.5396635314915    0.0630292336876594    0.00598019410195913
105.000000000017    10.5711245737819    0.0628199269872594    0.00594259641429851
105.500000000017    10.6024937973558    0.0626694628114734    0.00591082286953119
106.000000000017    10.6338032796784    0.0625723065124948    0.00588428287290896
106.500000000018    10.6650633113587    0.0624592633580233    0.0058564362474531
107.000000000018    10.6962521643631    0.0622870905872013    0.00582326310469046
107.500000000018    10.7273465629985    0.0620929615391519    0.00578828708241113
108.000000000018    10.758352271716    0.0619392155364884    0.00575731431469561
108.500000000019    10.7892934560719    0.0618295286404695    0.00573063740384904
109.000000000019    10.8201807107548    0.0617139827053563    0.00570360000032305
109.500000000019    10.8510000094056    0.0615562595435437    0.00567286512673366
110.000000000019    10.8817331885296    0.0613770023790734    0.00564037008771457
110.50000000002    10.912381514203    0.0612231661962804    0.00561043124423346
111.00000000002    10.9429624131006    0.0611039175937022    0.00558385520181904
111.50000000002    10.9734852943483    0.0609839151553007    0.00555738796922698
112.00000000002    11.0039410341163    0.0608338785772927    0.00552837191590586
112.500000000021    11.0343163096259    0.060667426884793    0.00549806849671958
113.000000000021    11.064611558051    0.0605184721640708    0.00546955235134624
113.500000000021    11.0948392458229    0.0603949975637749    0.00544352164331834
114.000000000021    11.1250066697027    0.0602723851237994    0.00541773923497431
114.500000000022    11.1551079303813    0.0601288950731229    0.00539025668316124
115.000000000022    11.1851332972057    0.0599726325506372    0.00536181652529967
115.500000000022    11.215082695755    0.0598284092954057    0.005334638265133
116.000000000022    11.2449650040963    0.0597028165675272    0.00530929322997261
116.500000000023    11.2747856562647    0.0595780132469552    0.00528418145260716
117.000000000023    11.304540432447    0.0594385121235375    0.00525793264031623
117.500000000023    11.3342227191774    0.0592907965456603    0.00523113035756224
118.000000000023    11.3638328662016    0.0591523480811134    0.00520531661962795
118.500000000024    11.3933773050898    0.0590268458025281    0.00518080321768673
119.000000000024    11.4228598060932    0.0589019938108367    0.00515650150756619
119.500000000024    11.4522775802706    0.0587673798091648    0.00513150151987289
120.000000000024    11.4816262242481    0.0586271998879255    0.00510617561858182
120.500000000025    11.5109058124183    0.0584929366126099    0.00508152334540917
121.000000000025    11.5401208327322    0.0583681155165621    0.00505784266582442
121.500000000025    11.5692740008166    0.0582438541386621    0.0050343568779295
122.000000000026    11.5983634931411    0.0581129685110135    0.00501044552926623
122.500000000026    11.6273863648133    0.0579788105910364    0.00498640096509489
123.000000000026    11.6563432503393    0.0578499241357745    0.00496295646870991
123.500000000026    11.6852372789902    0.0577268582744795    0.00494015285237479
124.000000000027    11.7140702285815    0.0576045486177758    0.00491755192633428
124.500000000027    11.7428410750546    0.0574780113621793    0.0048947278597068
125.000000000027    11.7715478307296    0.0573492121390443    0.00487184973154801
125.500000000027    11.8001909615614    0.057224161530948    0.00484942673532597
126.000000000028    11.8287727503375    0.0571035487090515    0.00482751253357389
126.500000000028    11.8572945330764    0.0569832284027409    0.00480575296867121
127.000000000028    11.8857555055927    0.0568601265815802    0.00478388829004813
127.500000000028    11.9141546226693    0.0567366359075748    0.00476212015912743
128.000000000029    11.9424926376624    0.056615993897813    0.00474071834210442
128.500000000028    11.9707710483062    0.0564979463052373    0.00471965808027309
129.000000000028    11.9989906501009    0.0563802982793419    0.00469875341380216
129.500000000027    12.0271510576225    0.056261123525935    0.00467784292858599
130.000000000027    12.055251814439    0.0561420832766965    0.00465706433518488
130.500000000026    12.0832934544357    0.0560248580990629    0.00463655528274013
131.000000000026    12.1112770399489    0.0559097308373112    0.00461633654757409
131.500000000025    12.1392032616606    0.0557950491202543    0.00459626945175821
132.000000000025    12.1670719116705    0.0556794529569029    0.00457624096916004
132.500000000024    12.1948828746882    0.0555646005901584    0.00455638657305096
133.000000000024    12.222636693453    0.0554509280715936    0.00453674026826762
133.500000000024    12.2503340865294    0.0553388316991621    0.00451733245055033
134.000000000023    12.2779756132388    0.0552273402354918    0.00449808192939744
134.500000000023    12.3055613376879    0.0551154973804975    0.00447890964646179
135.000000000022    12.3330911712917    0.0550039229381828    0.00445986510390989
135.500000000022    12.3605653966514    0.054893272741051    0.00444100014679928
136.000000000021    12.3879847578214    0.0547843737492398    0.00442237981562339
136.500000000021    12.4153499322868    0.0546762498901198    0.00440392338422383
137.00000000002    12.4426609324436    0.0545677406152593    0.00438553625398379
137.50000000002    12.4699177185775    0.054459536711248    0.00436727314007174
138.000000000019    12.4971206109576    0.0543522030825437    0.00434917808466112
138.500000000019    12.5242702590949    0.0542466874510738    0.00433132520528936
139.000000000019    12.5513673235493    0.0541414325493955    0.00431358840465243
139.500000000018    12.578411619197    0.0540357972242256    0.00429591580082789
140.000000000018    12.6054032742621    0.0539310222358946    0.00427840514599099
140.500000000017    12.6323428512294    0.0538274492606399    0.00426108204111965
141.000000000017    12.6592308176664    0.0537244906082782    0.0042438984944728
141.500000000016    12.6860673751703    0.0536217872556949    0.00422682504119799
142.000000000016    12.7128526695126    0.0535194869650792    0.00420987235173637
142.500000000015    12.7395870232271    0.0534180947077681    0.00419307899152265
143.000000000015    12.7662708462673    0.0533173211320203    0.00417642095910959
143.500000000014    12.7929044693817    0.0532172726425411    0.00415990542022026
144.000000000014    12.8194882341883    0.0531178769773799    0.00414352554540514
144.500000000014    12.846022308884    0.0530184746270286    0.00412722890807704
145.000000000013    12.8725068453762    0.052919790667315    0.00411107108374339
145.500000000013    12.89894225214    0.0528219936770042    0.00409506397070976
146.000000000012    12.9253289178612    0.0527247405617304    0.00407917979471078
146.500000000012    12.9516670501485    0.0526278248604926    0.00406340161901314
147.000000000011    12.9779568304652    0.0525314156243052    0.00404774159064776
147.500000000011    13.0041985959418    0.0524357903358529    0.00403222005177747
148.00000000001    13.0303927410418    0.0523407983394369    0.00401682431064255
148.50000000001    13.0565394377343    0.0522461130860835    0.00400152837857545
149.000000000009    13.0826389571455    0.052152089895911    0.00398635856777402
149.500000000009    13.1086916405681    0.0520587185718134    0.00397131307984276
150.000000000009    13.1346976980855    0.0519655108701681    0.00395635377872019
150.500000000008    13.1606572339958    0.0518727258537346    0.00394149964788537
151.000000000008    13.186570558967    0.051780766581723    0.00392678038237256
151.500000000007    13.2124381544941    0.05168971779534    0.00391220130538574
152.000000000007    13.2382602882139    0.0515988307636252    0.00389770480714631
152.500000000006    13.2640370028304    0.0515081199091098    0.0038832913311474
153.000000000006    13.2897685614142    0.0514182526170974    0.00386901038791498
153.500000000005    13.3154553373498    0.0513288868417436    0.00385483526783842
154.000000000005    13.3410975029875    0.0512398874566789    0.00384075503872186
154.500000000004    13.3666953314827    0.0511515184919299    0.00382678868810993
155.000000000004    13.3922490974953    0.0510635677919334    0.00381291950442317
155.500000000004    13.4177589353104    0.0509758698537392    0.00379913442322995
156.000000000003    13.4432250262699    0.0508885582150343    0.00378544271300904
156.500000000003    13.4686476616614    0.0508021730405394    0.00377188373448568
157.000000000002    13.4940273165585    0.0507164972617333    0.00375844038788177
157.500000000002    13.51936416002    0.0506308905422215    0.00374506448254047
158.000000000001    13.5446582177291    0.0505454039037395    0.00373175927300836
158.500000000001    13.5699097240276    0.0504607839395977    0.00371857919218498
159    13.5951190843478    0.0503767427166595    0.00370550212941194
159.5    13.6202864967619    0.050292894728706    0.00369249903375106
159.999999999999    13.6454120194884    0.0502093341373067    0.00367957626091449
160.499999999999    13.6704959584172    0.0501264810603639    0.00366676389889863
160.999999999999    13.6955385877317    0.0500441080491457    0.00365404454367165
161.499999999998    13.7205401218811    0.049962141848422    0.00364141217507495
161.999999999998    13.7455008369888    0.0498807525984174    0.00362887851013689
162.499999999997    13.7704208722255    0.0497994112786008    0.00361640444694357
162.999999999997    13.7953003349993    0.0497185722121008    0.00360402245726847
163.499999999996    13.8201395447069    0.0496383144892807    0.00359173757462471
163.999999999996    13.8449387053137    0.0495583765855611    0.00357953022692261
164.499999999995    13.8696979699813    0.0494787817324955    0.00356740152810712
164.999999999995    13.8944176042252    0.0493998067272048    0.00355537080677514
165.499999999994    13.9190978256846    0.0493211323813148    0.00354341445106474
165.999999999994    13.9437387840822    0.0492427438772417    0.00353153086412203
166.499999999994    13.9683406765301    0.0491649731947187    0.00351974327754812
166.999999999993    13.9929037778383    0.0490874354332306    0.00350802351052926
167.499999999993    14.0174281784848    0.0490102395015471    0.00349637885619933
167.999999999992    14.0419141021442    0.0489335722850449    0.00348482207832142
168.499999999992    14.066361846281    0.0488574117048049    0.0034733509800704
168.999999999991    14.090771509862    0.0487812720132618    0.00346193052517531
169.499999999991    14.1151431941536    0.0487055613969079    0.00345058925205104
169.99999999999    14.1394771450547    0.0486303125518847    0.00343932891244803
170.49999999999    14.1637736220025    0.0485556432235389    0.00342815724957018
170.999999999989    14.1880327977043    0.0484811151724691    0.00341704278977375
171.499999999989    14.2122548378426    0.0484071443345114    0.00340601437891608
171.999999999989    14.2364399893827    0.048333468886043    0.00339505304149697
172.499999999988    14.2605883260082    0.0482599292716566    0.00338414714515258
172.999999999988    14.2846999837063    0.0481868091410241    0.00337331614916574
173.499999999987    14.308775218831    0.048114142937266    0.00336256193849112
173.999999999987    14.3328141997659    0.0480419222332664    0.00335188341686946
174.499999999986    14.3568171676717    0.0479699634331427    0.00334126727901502
174.999999999986    14.3807842059761    0.0478982555539424    0.00333071234975056
175.499999999985    14.4047155170936    0.0478270447632771    0.00332023528729341
175.999999999985    14.4286113094097    0.0477561777499609    0.00330982495306505
176.499999999984    14.4524717113715    0.0476854661539022    0.00329946787692947
176.999999999984    14.4762968510388    0.0476151547956837    0.00328918060230761
177.499999999984    14.5000869237656    0.047545247565514    0.00327896293418678
177.999999999983    14.5238421807928    0.0474758030842887    0.00326881843614863
178.499999999983    14.5475627422865    0.0474064691381847    0.00325872243880308
178.999999999982    14.5712486936019    0.047337389186878    0.00324868445953183
179.499999999982    14.5949001903279    0.0472686816714806    0.00323871222516518
179.999999999981    14.6185174785069    0.0472005602417795    0.00322881990675026
180.499999999981    14.6421007793949    0.0471326407436615    0.00321898076333343
180.99999999998    14.6656501434601    0.0470648655262111    0.00320919052792208
181.49999999998    14.6891657407103    0.0469976249801013    0.00319947543718223
181.999999999979    14.7126478057362    0.0469306335271782    0.00318981560265996
182.499999999979    14.7360963824088    0.0468637402209122    0.00318020044147212
182.999999999979    14.759511634873    0.046797330590759    0.00317065576073591
183.499999999978    14.7828937662545    0.0467312688256771    0.00316117193051555
183.999999999978    14.8062429733224    0.0466656071835558    0.00315175208644334
184.499999999977    14.8295594053651    0.0466001707482767    0.0031423840368054
184.999999999977    14.8528431850815    0.046534982691332    0.00313306900984942
185.499999999976    14.8760944301711    0.0464700400450748    0.00312380647106045
185.999999999976    14.8993132526841    0.0464052795479179    0.00311459184466491
186.499999999975    14.9224998055021    0.046341030900096    0.00310544690930467
186.999999999975    14.9456543282784    0.04627711632795    0.00309635933706763
187.499999999974    14.9687769825077    0.0462135118766275    0.00308732716979029
187.999999999974    14.9918678477828    0.0461500180680335    0.00307833677141563
188.499999999974    15.0149270468236    0.0460868052233761    0.00306939921050937
188.999999999973    15.0379547490158    0.0460240689546097    0.00306052716095731
189.499999999973    15.0609511253529    0.0459614827063713    0.00305169854970194
189.999999999972    15.0839162448083    0.045898980697373    0.00304290874812905
190.499999999972    15.1068501687198    0.0458368276736423    0.00303417503726567
190.999999999971    15.1297531414838    0.0457751357862701    0.00302550447176569
191.499999999971    15.1526253762436    0.0457138388805283    0.00301689230383791
191.99999999997    15.1754669880984    0.0456526124474489    0.00300831681049768
192.49999999997    15.1982780203731    0.0455915479065385    0.00299978378112466
192.999999999969    15.2210585678434    0.045530698015697    0.00299129642086043
193.499999999969    15.2438087630512    0.0454701582059055    0.00298286070841552
193.999999999969    15.2665288429851    0.0454102346939441    0.00297449637445317
194.499999999968    15.289218997653    0.0453503684425362    0.00296616645032672
194.999999999968    15.3118792176833    0.0452905549961655    0.00295787044505032
195.499999999967    15.3345096207711    0.0452311170462162    0.0029496291805086
195.999999999967    15.3571104009155    0.0451720699975021    0.00294144333264734
196.499999999966    15.3796817177821    0.0451131909110774    0.00293329808372544
196.999999999966    15.4022236071857    0.0450543955634361    0.00292518773343977
197.499999999965    15.4247361594949    0.044995894299111    0.0029171257021089
197.999999999965    15.4472195769539    0.0449378312858722    0.00290912102737997
198.499999999964    15.4696740307009    0.0448800160737913    0.00290116107066788
198.999999999964    15.4920996008756    0.0448222921578119    0.00289323547566648
199.499999999964    15.514496382735    0.0447648713768271    0.00288535768564443
199.999999999963    15.5368645035657    0.0447076547727128    0.00287752105725402
200.499999999963    15.5592040909811    0.0446507720632559    0.00286973368317327
200.999999999962    15.5815153111294    0.044594097077883    0.00286198718079947
201.499999999962    15.6037982150466    0.0445375814757276    0.00285427822520676
201.999999999961    15.6260529202858    0.0444812643569371    0.00284660909468643
202.499999999961    15.6482795280787    0.0444252044256847    0.00283898331097483
202.99999999996    15.6704781574233    0.0443693663080532    0.00283139836974501
203.49999999996    15.6926489726407    0.0443139765558658    0.00282386846434435
203.999999999959    15.7147921402964    0.0442586556104181    0.00281636913904374
204.499999999959    15.7369076450918    0.0442034430709173    0.00280890274428877
204.999999999959    15.7589956649009    0.0441486803059754    0.00280149073232536
205.499999999958    15.7810563330852    0.0440939761835729    0.00279410802755512
205.999999999958    15.8030896516275    0.0440393421091479    0.00278675519028094
206.499999999957    15.8250957487719    0.0439851588377354    0.00277945609530665
206.999999999957    15.8470748931651    0.0439314437718872    0.00277221153228947
207.499999999956    15.8690271637899    0.0438776020042913    0.00276498373538685
207.999999999956    15.8909525092263    0.043823840062521    0.00275778560392002
208.499999999955    15.9128510556437    0.0437704064060255    0.00275063257067951
208.999999999955    15.9347229816989    0.0437173351586753    0.00274352652436349
209.499999999954    15.9565684093373    0.0436643847996891    0.00273645207914115
209.999999999954    15.9783874045265    0.0436116302224704    0.00272941374610279
210.499999999954    16.000180053464    0.0435590134387516    0.00272240770373837
210.999999999953    16.0219464912076    0.0435067960764567    0.00271545009218024
211.499999999953    16.0436868641238    0.0434546917233523    0.00270852280347878
211.999999999952    16.0654012207537    0.0434027888439012    0.00270163117917231
212.499999999952    16.0870896896971    0.0433511107996889    0.0026947764720584
212.999999999951    16.1087523544906    0.0432995957806805    0.00268795464898994
213.499999999951    16.1303893171346    0.0432482501849412    0.00268116592443312
213.99999999995    16.1520006309009    0.0431970622036955    0.00267440939304162
214.49999999995    16.1735864173578    0.0431461176867502    0.00266769018159417
214.999999999949    16.1951467881801    0.0430953996010703    0.00266100703900524
215.499999999949    16.2166818486056    0.0430448824026162    0.00265435819759376
215.999999999949    16.2381917106266    0.0429946008930342    0.00264774561473478
216.499999999948    16.2596764930932    0.0429445507714578    0.00264116883196906
216.999999999948    16.281136250135    0.0428944906866195    0.00263461284443608
217.499999999947    16.3025710347905    0.0428447139729315    0.00262809552441139
217.999999999947    16.3239810267255    0.042795300954561    0.00262162158143266
218.499999999946    16.3453663511009    0.0427459715118855    0.00261517365800777
218.999999999946    16.3667269576014    0.0426964575917381    0.00260873525307442
219.499999999945    16.3880628704272    0.0426472911807542    0.00260233875827464
219.999999999945    16.409374330569    0.042598602343214    0.00259599186934612
220.499999999944    16.4306615125819    0.0425501388328426    0.00258967898524716
220.999999999944    16.4519244571771    0.0425016445043428    0.00258338437031915
221.499999999944    16.4731632036691    0.0424533932692868    0.00257712454762976
221.999999999943    16.4943778724576    0.0424052931903778    0.00257089376260661
222.499999999943    16.5155685120187    0.0423572782746139    0.00256468787276621
222.999999999942    16.5367351653938    0.0423093606899932    0.00255850748450839
223.499999999942    16.557877927773    0.0422617610794494    0.00255236578405754
223.999999999941    16.5789969819724    0.0422144883261278    0.00254626310457929
224.499999999941    16.6000924326228    0.0421673255302327    0.00254018618880487
224.99999999994    16.6211643233169    0.0421202679627107    0.00253413462158139
225.49999999994    16.6422127311199    0.042073388777627    0.00252811266490738
225.999999999939    16.6632377257343    0.0420265759131704    0.00252211344547198
226.499999999939    16.6842393229348    0.0419798891910086    0.00251614043520111
226.999999999939    16.7052176873306    0.041933592466411    0.00251020928019476
227.499999999938    16.7261729383497    0.0418874537905568    0.0025043059129514
227.999999999938    16.7471051585932    0.0418414209664212    0.00249842707561622
228.499999999937    16.7680143796217    0.0417955024560365    0.00249257315206211
228.999999999937    16.7889006739231    0.0417496751465517    0.00248674263773555
229.499999999936    16.8097640818731    0.041704012110428    0.00248093976258713
229.999999999936    16.8306047573703    0.0416587446423738    0.00247517812003344
230.499999999935    16.8514228379088    0.041613581668438    0.00246944024066766
230.999999999935    16.8722183706608    0.0415685683909621    0.00246372868568641
231.499999999934    16.8929914008365    0.0415235738789834    0.00245803557781527
231.999999999934    16.9137420017335    0.0414788824750545    0.00245237762706817
232.499999999934    16.9344703066014    0.0414343478946154    0.00244674602420031
232.999999999933    16.9551763583802    0.0413898470762314    0.00244113338613398
233.499999999933    16.9758601592722    0.041345409012907    0.00243554132898086
233.999999999932    16.9965218372102    0.0413013572310914    0.00242998877221286
234.499999999932    17.0171615377345    0.0412574470151226    0.00242446114903692
234.999999999931    17.0377792954196    0.0412135982073001    0.00241895363783588
235.499999999931    17.0583751533142    0.0411698713978422    0.00241346969027372
235.99999999993    17.0789491985014    0.0411263290644688    0.00240801284590023
236.49999999993    17.099501512408    0.0410829747418006    0.00240258318126931
236.999999999929    17.120032209772    0.0410398276789983    0.00239718168611698
237.499999999929    17.1405413614945    0.0409968065915868    0.00239180348665558
237.999999999929    17.1610290315431    0.0409538742292683    0.00238644629957752
238.499999999928    17.1814952409297    0.0409109911263064    0.00238110772971891
238.999999999928    17.2019400727025    0.0408683865609577    0.00237580100780673
239.499999999927    17.2223636582487    0.040825987713907    0.00237052175439074
239.999999999927    17.2427660952565    0.0407837540323879    0.00236526748707724
240.499999999926    17.2631473956911    0.0407414496912433    0.00236002443571863
240.999999999926    17.2835075575512    0.0406992354322145    0.00235480184196945
241.499999999925    17.3038467050958    0.0406574382223342    0.00234961849323139
241.999999999925    17.3241650287503    0.0406158373939108    0.00234446146908129
242.499999999924    17.3444625229141    0.04057413183326    0.00233931329838885
242.999999999924    17.3647391664518    0.0405324808212086    0.00233418310708152
243.499999999924    17.3849950626665    0.040491140393292    0.00232908552733758
243.999999999923    17.4052303320471    0.0404499784551294    0.00232401282163164
244.499999999923    17.4254450732083    0.0404089955189727    0.00231896490156809
244.999999999922    17.4456393270815    0.040368032763792    0.00231393255397222
245.499999999922    17.4658131437158    0.0403272725863039    0.00230892614357401
245.999999999921    17.4859666093091    0.0402865789241591    0.00230393777045825
246.499999999921    17.5060997434399    0.0402460192573007    0.00229897120701498
246.99999999992    17.5262126634383    0.0402056464458513    0.00229402936150175
247.49999999992    17.5463053805333    0.0401652404373451    0.00228909958913096
247.999999999919    17.5663779313433    0.0401249969661053    0.00228419296925812
248.499999999919    17.5864304338055    0.0400850748119408    0.00227931841898326
248.999999999919    17.606463042093    0.0400453618393104    0.00227446942316417
249.499999999918    17.6264757889079    0.0400056375779685    0.00226963336614024
249.999999999918    17.6464687095971    0.0399660602946195    0.00226481915177079
250.499999999917    17.6664418490673    0.0399265096331973    0.00226001987125128
250.999999999917    17.6863952333513    0.0398870359500506    0.00225523830174481
251.499999999916    17.7063289214185    0.0398477824291008    0.00225048244647138
251.999999999916    17.7262430527741    0.0398087400610199    0.00224575167690651
252.499999999915    17.7461376632687    0.0397697273325118    0.00224103566010467
252.999999999915    17.7660128211755    0.0397309420160438    0.00223634545443354
253.499999999914    17.785868615112    0.0396922347097319    0.00223167254682219
253.999999999914    17.8057050805189    0.0396536572383056    0.00222701977029207
254.499999999914    17.8255222789559    0.0396151351009901    0.00222238285538249
254.999999999913    17.8453202356138    0.0395767168265242    0.00221776445051074
255.499999999913    17.8650990073257    0.039538383209147    0.0022131633971317
255.999999999912    17.884858658729    0.0395002712714867    0.00220858727626612
256.499999999912    17.9045993030801    0.0394623121700131    0.0022040321317453
256.999999999911    17.9243209830917    0.0394244346814723    0.00219949390097745
257.499999999911    17.9440237656784    0.039386710744374    0.00219497651467165
257.99999999991    17.9637077064219    0.0393490673169417    0.00219047581713182
258.49999999991    17.9833728487383    0.0393115163349221    0.00218599239784322
258.999999999909    18.0030192363001    0.0392740529632163    0.00218152591227735
259.499999999909    18.0226469279718    0.0392367443306379    0.00217708000869401
259.999999999909    18.0422560164482    0.03919964101899    0.00217265739845692
260.499999999908    18.061846568704    0.0391625534193391    0.00216824748623414
260.999999999908    18.0814185856917    0.0391255545241779    0.00216385425395434
261.499999999907    18.1009721626591    0.0390887861473561    0.00215948545725037
261.999999999907    18.1205073898871    0.039052133357223    0.00215513465031435
262.499999999906    18.1400243061597    0.0390155322117207    0.00215079823230845
262.999999999906    18.1595229240755    0.0389789600328946    0.00214647489341348
263.499999999905    18.1790033034401    0.0389425901484908    0.00214217410594351
263.999999999905    18.1984655276101    0.0389063277047196    0.00213789056256926
264.499999999904    18.2179096629173    0.0388702236046434    0.0021336269815721
264.999999999904    18.2373357480312    0.0388341343807729    0.00212937541520917
265.499999999904    18.2567438317468    0.0387982255273815    0.00212514487166737
265.999999999903    18.2761339885514    0.0387624176342245    0.00212093091780276
266.499999999903    18.2955062669673    0.0387267102090063    0.0021167334559595
266.999999999902    18.3148607181209    0.0386911273811637    0.00211255373309403
267.499999999902    18.3341974243002    0.0386557222147754    0.00210839456564054
267.999999999901    18.3535164567544    0.038620404643183    0.00210425096107237
268.499999999901    18.3728178168058    0.0385850316807206    0.00210011507573033
268.9999999999    18.3921015015523    0.0385497391587477    0.00209599425902984
269.4999999999    18.4113676020947    0.0385147074517985    0.00209189823831536
269.999999999899    18.4306162357525    0.0384798349582937    0.00208782139816079
270.499999999899    18.4498474331483    0.0384449570054406    0.00208375473806725
270.999999999899    18.469061202884    0.0384101352445447    0.00207970155183344
271.499999999898    18.4882575899044    0.0383754530284448    0.00207566628936411
271.999999999898    18.5074367098627    0.0383410737765527    0.00207165770050266
272.499999999897    18.5265986807089    0.0383067931426429    0.00206766464815424
272.999999999897    18.5457434744866    0.0382723651193176    0.00206367381129631
273.499999999896    18.5648710467105    0.0382379406585923    0.00205969330798921
273.999999999896    18.5839814476989    0.038203699257606    0.00205573274839533
274.499999999895    18.6030747828938    0.0381696789488677    0.00205179409287576
274.999999999895    18.6221511586776    0.0381358476579529    0.0020478755291481
275.499999999894    18.6412106291179    0.0381020210844156    0.0020439670921855
275.999999999894    18.6602531871598    0.0380682261594092    0.00204007018434262
276.499999999894    18.6792788684761    0.0380345274854029    0.00203618821439576
276.999999999893    18.6982877572816    0.0380010648826163    0.00203232859478364
277.499999999893    18.7172799513275    0.03796772134629    0.0020284849852661
277.999999999892    18.7362554907413    0.0379344367678914    0.002024654114406
278.499999999892    18.7552143729425    0.0379010815475271    0.00202082902353842
278.999999999891    18.774156590985    0.0378678385547143    0.00201701942620942
279.499999999891    18.7930822618051    0.0378348734899352    0.00201323407000833
279.99999999989    18.8119914659088    0.0378019329945012    0.0020094593952483
280.49999999989    18.8308841865484    0.0377689492071454    0.00200569175791146
280.999999999889    18.8497604347089    0.0377360790066326    0.00200193944837343
281.499999999889    18.8686202944926    0.0377033810755124    0.00199820551195878
281.999999999889    18.8874638349449    0.037670801090908    0.00199448700048394
282.499999999888    18.9062911174388    0.0376383426979199    0.00199078404453441
282.999999999888    18.9251021875422    0.0376059563831979    0.0019870939670779
283.499999999887    18.9438971009934    0.0375737161005868    0.00198342061827481
283.999999999887    18.9626759110824    0.0375415402894489    0.00197975963231584
284.499999999886    18.9814386655918    0.0375094852130011    0.0019761139223338
284.999999999886    19.0001853867944    0.0374774000024465    0.00197247549113359
285.499999999885    19.0189160851521    0.0374454143555642    0.00196885112631616
285.999999999885    19.0376308177173    0.0374135356773858    0.00196524116029012
286.499999999884    19.0563296295455    0.0373817050111061    0.00196164244310449
286.999999999884    19.0750125179804    0.0373498620614319    0.00195805177198313
287.499999999884    19.093679533518    0.0373182498372705    0.00195448183634591
287.999999999883    19.1123307984899    0.0372868247790818    0.00195093027492115
288.499999999883    19.1309663646921    0.0372554434282999    0.00194738952116178
288.999999999882    19.1495862554956    0.0372241398670245    0.00194386131221722
289.499999999882    19.1681905116725    0.0371928784719293    0.00194034374028579
289.999999999881    19.1867791401114    0.0371616625839368    0.00193683693925717
290.499999999881    19.2053522043923    0.0371306158985358    0.00193334730357322
290.99999999988    19.2239097792554    0.0370997082018279    0.00192987319581901
291.49999999988    19.2424519218765    0.0370688573433137    0.00192641028772277
291.999999999879    19.2609786283421    0.0370379665140275    0.0019229535128359
292.499999999879    19.2794899082583    0.0370071913401607    0.00191951091632921
292.999999999879    19.2979858498372    0.0369765850025953    0.00191608519616089
293.499999999878    19.3164664867218    0.036945958526419    0.00191266650926119
293.999999999878    19.3349318221651    0.0369154099439581    0.00190925989724149
294.499999999877    19.3533819175639    0.0368849851735036    0.00190586768403662
294.999999999877    19.3718168308202    0.0368546949389393    0.00190249036839458
295.499999999876    19.3902366241489    0.0368244826533444    0.00189912497547774
295.999999999876    19.4086413219822    0.0367943186705195    0.00189576993361438
296.499999999875    19.427030956504    0.0367642452457011    0.00189242737750376
296.999999999875    19.4454055970714    0.036734332254854    0.00188910085065988
297.499999999874    19.4637652825064    0.0367044004734334    0.00188578108812392
297.999999999874    19.4821100055903    0.0366745117441744    0.00188247123815905
298.499999999874    19.5004398174383    0.0366447553876374    0.00187917584068374
298.999999999873    19.5187547737071    0.0366150860685196    0.00187589251942661
299.499999999873    19.5370549245596    0.0365855317926828    0.00187262266160147
