#t    <phi>    <pi>    <phi^2>    <pi^2>    rms(phi)    rms(pi)
0    0.614708829568782    -0.341766687938782    0.3778669463162    0.116804673168662    3.41522797399964e-05    0.000451867255900898
0.5    0.438688552998149    -0.361050362981056    0.192447647607754    0.130357479428247    3.28046421670644e-05    0.00033885025525105
1    0.255738382784247    -0.367630109353638    0.065402121315101    0.135151973409197    2.97657313139673e-05    0.000275872848704449
1.5    0.0755736396054757    -0.346895967361445    0.00571137577255709    0.12033686590671    2.77369565448958e-05    0.000231808276461196
2    -0.0833394156274461    -0.279461165847216    0.00694545886965473    0.0780985845778216    2.59331933371254e-05    0.00020337437524774
2.49999999999999    -0.194226639652893    -0.15527667048943    0.0377239881429076    0.0241108778406808    2.43321347695225e-05    0.000182872627023265
2.99999999999998    -0.232971730499668    0.0014707720226252    0.0542758277445432    2.1902296677667e-06    2.30766785171016e-05    0.000164497189123972
3.49999999999997    -0.196754466657844    0.134857695643024    0.0387123206303535    0.0181866200136025    2.19212433738022e-05    0.000148119735147649
3.99999999999996    -0.109144433947341    0.203610720185625    0.0119125078951327    0.0414573434264028    2.08193972378767e-05    0.000134357336125832
4.49999999999995    -0.00424209001581207    0.20642972238994    1.79957255747109e-05    0.0426132453110903    1.99467405471891e-05    0.000122576925195118
4.99999999999994    0.0896396495841398    0.163323878983426    0.00803526714672631    0.0266747022423163    1.92135090728032e-05    0.00011311995223706
5.49999999999993    0.154986711414256    0.0954626259111605    0.0240208810589066    0.00911312400393023    1.8544563016319e-05    0.000105157387039236
5.99999999999992    0.183774815030154    0.0195011468880502    0.0337731829600889    0.000380304334044768    1.79086985974274e-05    9.80004870375154e-05
6.49999999999991    0.175286300637232    -0.0517582518513475    0.0307252874887848    0.00267892499334697    1.72539454346363e-05    9.14255952140445e-05
6.9999999999999    0.134506683154168    -0.108132021562943    0.0180920480920998    0.0116925413550146    1.67022157989239e-05    8.52509580507179e-05
7.49999999999988    0.0710448281618855    -0.141202812100636    0.0050473678672313    0.0199382405374932    1.60835151617357e-05    7.99522701702608e-05
7.99999999999987    -0.00166937044721361    -0.144209783675643    2.78703853720175e-06    0.0207964673987055    1.55192516437739e-05    7.54382503168951e-05
8.49999999999986    -0.0675889439717803    -0.114021855402963    0.00456826557279611    0.0130009886101897    1.50191763075215e-05    7.14188741788362e-05
8.99999999999985    -0.110927343628305    -0.0556455403275176    0.012304875778459    0.00309643074583224    1.46296616908782e-05    6.77310184442048e-05
9.49999999999984    -0.121178936323481    0.0148423003255386    0.014684334809962    0.000220298041229805    1.41940710302061e-05    6.4515706003035e-05
9.99999999999983    -0.0977610866085784    0.075480379808031    0.00955723024709052    0.0056972914695128    1.38636414207583e-05    6.11027673989661e-05
10.4999999999998    -0.0501675539773305    0.109735577368066    0.00251678365520335    0.0120419003009852    1.35327374657288e-05    5.7971393015123e-05
10.9999999999998    0.0067501768186391    0.112960558948714    4.55650611332515e-05    0.0127600909445995    1.31928146673836e-05    5.53768331804342e-05
11.4999999999998    0.058416148618387    0.0900456909626671    0.0034124465868228    0.0081082292614273    1.29389845349875e-05    5.29195914230792e-05
11.9999999999998    0.0939625255951193    0.0501405235044034    0.00882895637708283    0.00251407466499811    1.26834296278594e-05    5.06725022441349e-05
12.4999999999998    0.107385736345736    0.00318211692375749    0.011531696526076    1.01282209566249e-05    1.24723752502667e-05    4.85060837532042e-05
12.9999999999998    0.0975310310494758    -0.0414954810494183    0.00951230216611785    0.0017218771216071    1.21878643160692e-05    4.66270786021344e-05
13.4999999999998    0.0676512819104791    -0.0756526629035592    0.00457669608630398    0.0057233274045492    1.19236263557301e-05    4.47230324173271e-05
13.9999999999997    0.0247645348969014    -0.0925648664266676    0.000613282323723842    0.00856825635398368    1.16217035783106e-05    4.30975273285061e-05
14.4999999999997    -0.0213067079969434    -0.0879681958535874    0.00045397593384644    0.00773840522367482    1.13216353163392e-05    4.1736551207538e-05
14.9999999999997    -0.059586914018953    -0.0618751170176352    0.00355060044604137    0.00382853172681236    1.11238156257453e-05    4.02599840004323e-05
15.4999999999997    -0.0805869673375431    -0.020409861782657    0.00649425942448186    0.000416563977089012    1.09462149821683e-05    3.8975657116552e-05
15.9999999999997    -0.0793771983799948    0.0247270823563912    0.00630073973918524    0.000611430020850462    1.07948228512033e-05    3.76694931084032e-05
16.4999999999998    -0.0574369791813734    0.0605527151121794    0.00329900668980713    0.00366663263020163    1.05983773248818e-05    3.63695596678071e-05
16.9999999999999    -0.021885994861995    0.0782401212081058    0.000478996879836507    0.00612151779570078    1.04277148416196e-05    3.50576909478135e-05
17.4999999999999    0.0173813109004848    0.0755739785330799    0.000302110072797281    0.00571142738984584    1.02067609880567e-05    3.40371475541456e-05
18    0.0508182060698774    0.0557774272813511    0.00258249017019018    0.00311112247628779    1.01009730044662e-05    3.2896221411568e-05
18.5000000000001    0.0713311551638033    0.0250413897070475    0.00508813379724094    0.00062707221738923    1.00119104223669e-05    3.19206674047729e-05
19.0000000000002    0.0752410650255617    -0.00941300385420289    0.00566121796450394    8.86056023871994e-05    9.91580200270584e-06    3.0997225053095e-05
19.5000000000002    0.0624907085881481    -0.0404586958329407    0.00390508875596973    0.00163690697178665    9.80412573323123e-06    3.00546875255771e-05
20.0000000000003    0.0364101344034603    -0.0617855511469491    0.00132569797941458    0.00381745519017318    9.59877782551801e-06    2.93196336721786e-05
20.5000000000004    0.00312768260589749    -0.0686593842826807    9.78248652041617e-06    0.00471411186430234    9.38281314229777e-06    2.85346370945116e-05
21.0000000000005    -0.0294738332433423    -0.0590087056431725    0.000868706929737177    0.00348202812839142    9.14772248660465e-06    2.80483304523296e-05
21.5000000000006    -0.0534121593515382    -0.0346942954050068    0.0028528588497725    0.00120369487682318    9.12021855964868e-06    2.72612050092931e-05
22.0000000000006    -0.0627505616026625    -0.00197531205843492    0.00393763306300244    3.90256872895259e-06    9.03066490686691e-06    2.66645973938052e-05
22.5000000000007    -0.055510699022793    0.0300218691232423    0.00308143778633007    0.000901313295315854    8.96275404353679e-06    2.58778431611041e-05
23.0000000000008    -0.0343112306858922    0.0526494177069379    0.00117726062908717    0.00277196182251911    8.82647507180503e-06    2.5251524204318e-05
23.5000000000009    -0.00529745272949323    0.0608136145970477    2.80630804910838e-05    0.00369829632481472    8.66428696169523e-06    2.45856965240068e-05
24.000000000001    0.0239776533262724    0.0539455280049146    0.000574927931878769    0.00291012060157288    8.53486175001576e-06    2.46950167347382e-05
24.500000000001    0.046638657895214    0.0350802468943619    0.00217516449065146    0.00123062428566632    8.96574895760289e-06    2.37380903065222e-05
25.0000000000011    0.0579022493324342    0.0093001789095181    0.00335267056116809    8.64938669979575e-05    9.13305627526651e-06    2.32217336176766e-05
25.5000000000012    0.0557620183606793    -0.0175479954940674    0.00310940277381108    0.000307932656227137    9.0639035727774e-06    2.25913109102522e-05
26.0000000000013    0.0411316076399543    -0.0397605342222337    0.00169180922607215    0.00158090057191185    8.88960124938319e-06    2.21421416035831e-05
26.5000000000013    0.0175841032073169    -0.0525300548829493    0.000309200760381865    0.0027594071385043    8.6473287502086e-06    2.1737033837303e-05
27.0000000000014    -0.00929532240082183    -0.0527661474395875    8.6403085760657e-05    0.00278426680279117    8.19911196217413e-06    2.20720384445588e-05
27.5000000000015    -0.0330056446268842    -0.0400586390169783    0.0010893726589459    0.00160469512904743    9.03934326588194e-06    2.38569665228216e-05
28.0000000000016    -0.0476763445898696    -0.0173889618702702    0.00227303395425138    0.000302376481623343    1.0990877767915e-05    2.20612246105976e-05
28.5000000000017    -0.0497301721419472    0.00922623491467653    0.00247309014525659    8.5123895759588e-05    1.11350297970634e-05    2.2024050303743e-05
29.0000000000017    -0.0390089519770384    0.0325343078412507    0.00152169844678193    0.00105848163649553    1.06035391087828e-05    2.1208165049265e-05
29.5000000000018    -0.018757629033273    0.0465801708246253    0.000351848746207311    0.00216971274442521    9.9628020705907e-06    2.07454558197279e-05
30.0000000000019    0.00553458618764006    0.0485151575370499    3.06317293747169e-05    0.00235372094856777    9.22530762262592e-06    2.09218306587698e-05
30.500000000002    0.0278117006882809    0.0388575386539941    0.000773490766498459    0.00150990883495999    8.44534998074718e-06    2.29066222755781e-05
31.000000000002    0.0429668920572999    0.0206925248497057    0.00184615391246876    0.000428181034366633    9.97021075366051e-06    2.12063892170195e-05
31.5000000000021    0.047834233577096    -0.00147951832934834    0.00228811402193117    2.18940996751031e-06    1.09555003384398e-05    2.08681727181389e-05
32.0000000000022    0.0416472498472096    -0.022703403633129    0.0017344935442758    0.000515444938740411    1.11552631765564e-05    2.00552146481127e-05
32.5000000000021    0.0260659238702584    -0.0383508275213081    0.000679432501055658    0.00147078637165293    1.06698431415577e-05    2.00020950660252e-05
33.000000000002    0.0048302766575147    -0.0448552223688681    2.33316690186425e-05    0.00201199136767088    9.81990382270361e-06    1.98471730122197e-05
33.5000000000019    -0.0169634541066812    -0.0404894475808521    0.000287758850456894    0.00163939585414346    8.67337381807109e-06    2.21074848990055e-05
34.0000000000018    -0.0339741756477745    -0.0261026943211184    0.00115424470367719    0.000681351112022619    9.62971230983669e-06    2.1475587862964e-05
34.5000000000017    -0.0419851798172604    -0.00529755326622119    0.00176275545781147    2.80644817620104e-05    1.15552488295681e-05    2.02769218482843e-05
35.0000000000016    -0.0391267302059861    0.0163703185491314    0.00153090116492024    0.000267987727094519    1.21781860442363e-05    1.9942278793791e-05
35.5000000000015    -0.0264369532986793    0.0331628308337292    0.000698912639652901    0.001099773722273    1.18294696689733e-05    1.93226929563639e-05
36.0000000000014    -0.0074660604845865    0.0410321435140026    5.57421757095614e-05    0.00168363716831506    1.07958351878076e-05    1.91562354122653e-05
36.5000000000013    0.0128685710317444    0.0386250166881601    0.000165600207234172    0.00149189244316689    9.31853635492744e-06    2.30001357577532e-05
37.0000000000012    0.0296489467343793    0.0272136894271647    0.000879060199815311    0.000740585652014745    1.25442117945121e-05    2.7564044817936e-05
37.5000000000011    0.0390998351599561    0.00993416557815601    0.00152879744354859    9.86881262903952e-05    1.82760183020867e-05    2.19215915388436e-05
38.000000000001    0.0392856505744782    -0.00912761383749635    0.00154336273303739    8.3313828228502e-05    1.97984190028633e-05    2.2223007158769e-05
38.5000000000009    0.0303882828659847    -0.0257123831354275    0.000923448094054736    0.000661127111412294    1.89344034940137e-05    2.15617549917217e-05
39.0000000000008    0.0146120535984268    -0.0361045951945806    0.000213512394986941    0.00130354226226007    1.68707925935137e-05    2.1635515538223e-05
39.5000000000007    -0.00425715311877036    -0.0378065136781266    1.81235456005398e-05    0.00142933300192443    1.38897042283163e-05    2.29222611958488e-05
40.0000000000006    -0.0216321725582603    -0.0302245031502304    0.000467951089666745    0.000913522564915467    1.41448362683263e-05    4.44323888315925e-05
40.5000000000005    -0.0332205313989842    -0.0151475026282821    0.00110360450330427    0.000229448088769066    2.82289457736873e-05    3.53962604184309e-05
41.0000000000004    -0.036172571889984    0.00353617683716382    0.00130845614059835    1.25056488770266e-05    3.44014867847385e-05    3.3200200792778e-05
41.5000000000003    -0.0299103009492848    0.0208747299302872    0.000894627153603378    0.000435755622811239    3.241491307718e-05    3.56812109182634e-05
42.0000000000002    -0.0162712169950697    0.0324279601082446    0.000264753270161901    0.0010515736364004    2.7706700593951e-05    3.22431154636467e-05
42.5000000000001    0.00110759742514981    0.0355872771930071    1.22729053501696e-06    0.00126645536725812    2.27701299615846e-05    3.26993301395686e-05
43    0.0178576262324558    0.030058179665852    0.000318895093272552    0.000903496959397218    1.66917482515567e-05    5.28637170534003e-05
43.4999999999999    0.0300167744614272    0.0176628116247766    0.000901007488083115    0.000311977388820283    2.71848290015471e-05    4.97426169223067e-05
43.9999999999998    0.0348947151522284    0.00152795785067998    0.00121764264415891    2.33607732886271e-06    3.87118037523301e-05    3.7711210642503e-05
44.4999999999997    0.0315463065596559    -0.0146087900358879    0.00099517105542774    0.000213418405416709    3.99733905685647e-05    4.07321009906713e-05
44.9999999999996    0.0208951040622568    -0.0271169846290866    0.000436606716511714    0.000735332306813841    3.66434055647376e-05    3.80977653003254e-05
45.4999999999995    0.00552326021816991    -0.0331082846051509    3.05073387618988e-05    0.00109616016356239    3.05830717971499e-05    4.06702191090656e-05
45.9999999999994    -0.0108587242978819    -0.031045007588482    0.000117912450557309    0.000963794374612797    2.36046583862331e-05    4.33410186134698e-05
46.4999999999993    -0.0242321866991122    -0.0213140946046513    0.000587199283572925    0.00045429309227145    2.02818218434839e-05    4.96332089104907e-05
46.9999999999992    -0.031287431624229    -0.00632424117320336    0.000978904162470255    3.99977608550577e-05    2.80148077320931e-05    4.16465870997866e-05
47.4999999999991    -0.0303300305565871    0.0100131347656185    0.000919911822236069    0.000100264400909187    3.26905576755691e-05    3.91544984630147e-05
47.999999999999    -0.0217656107950892    0.023435390354592    0.000473742842429126    0.000549218973216475    3.20803027062638e-05    3.81070121186952e-05
48.4999999999989    -0.0079426542043448    0.0306342084964077    6.30865478058001e-05    0.00093845634634782    2.81424235631466e-05    4.0201323861969e-05
48.9999999999988    0.00757387574965937    0.0301319497888932    5.73641584875977e-05    0.000907936097799591    2.37616564950616e-05    4.12276510307893e-05
49.4999999999987    0.0209842507519007    0.0224535976070866    0.000440339314199065    0.000504165902793416    2.31209952275945e-05    4.30963159640403e-05
49.9999999999986    0.0291803681647561    0.00972689000787764    0.000851494669511967    9.46140062888923e-05    2.79871623579625e-05    4.02127286109865e-05
50.4999999999985    0.0303812917606172    -0.00497000401701684    0.000923023940731098    2.47022688442423e-05    3.24297294535093e-05    3.64542875232563e-05
50.9999999999984    0.0244442808795003    -0.018272576496898    0.000597523958783876    0.000333888351291841    3.30313180512735e-05    3.60479798865184e-05
51.4999999999983    0.0128535960974835    -0.0271385628743844    0.000165215869971559    0.000736502871772551    3.06159160635655e-05    3.57335365561807e-05
51.9999999999982    -0.00159313031943089    -0.0294481136835931    2.53873033067919e-06    0.000867192976090652    2.58092229490642e-05    3.97060301213369e-05
52.4999999999981    -0.0153797058017119    -0.0245299648910026    0.000236535899804964    0.000601722077392974    2.34362486878367e-05    5.38501546404192e-05
52.999999999998    -0.0251055633719106    -0.0135458683827795    0.000630290406751595    0.000183493109567317    3.30836905081263e-05    5.05897591501116e-05
53.4999999999979    -0.0283746554198429    0.000720048246168196    0.00080512287832782    5.20015761873865e-07    4.2522147186232e-05    3.93228313320652e-05
53.9999999999978    -0.0244575882696021    0.0145572313159863    0.000598175493922053    0.00021191453216726    4.32429956803712e-05    3.93520028349643e-05
54.4999999999977    -0.0144879963738025    0.0244201727873912    0.000209903506624613    0.000596346356256424    3.83105377026572e-05    3.89524117506914e-05
54.9999999999976    -0.00109917445402879    0.0279837380435369    1.20911507864754e-06    0.000783091615250674    3.05057086142511e-05    4.49484302518404e-05
55.4999999999975    0.0123333971158657    0.0246299106371009    0.000152113476050275    0.000606640516496467    2.81359668267671e-05    8.95461048226054e-05
55.9999999999974    0.0225714471118537    0.0155204707399949    0.000509473824386376    0.000240893787661296    5.99971929837918e-05    9.36785474881879e-05
56.4999999999973    0.0272811101167344    0.00298018944898286    0.000744267272057896    8.88547864545615e-06    9.11200115765712e-05    6.28449968363376e-05
56.9999999999972    0.0254745850642896    -0.0100277797626403    0.000648964095819218    0.000100560656383196    9.80388774388381e-05    6.5493626999405e-05
57.4999999999971    0.0176721148088842    -0.0205321212017159    0.000312311281739538    0.000421572974236808    8.74066425017018e-05    7.05208824106306e-05
57.999999999997    0.00577714327369307    -0.0260553580039431    3.33802663172266e-05    0.000678888175386519    6.98706837628677e-05    8.05895333101608e-05
58.4999999999969    -0.00731525000462349    -0.0251835130371758    5.35151769018067e-05    0.000634227918699684    4.78985559563743e-05    0.000136344439116708
58.9999999999968    -0.0183391442841485    -0.0180220874604248    0.000336337736559227    0.000324846110552873    0.000116290517290623    0.000224664464641813
59.4999999999967    -0.0245747092469001    -0.00642205555869632    0.000603961988714565    4.12699256224664e-05    0.000213668305766825    0.000164705869610537
59.9999999999966    -0.0245035944785928    0.00666091725217841    0.000600491352491133    4.43849474557472e-05    0.000255362722045262    0.000130877100285929
60.4999999999965    -0.0182438522299093    0.0178152889432208    0.0003328947038673    0.000317408836622319    0.000237822792290344    0.000155937461420938
60.9999999999964    -0.00749489472081319    0.0242593931824878    5.62092420524619e-05    0.000588557070782621    0.000189196132065234    0.00019726428994056
61.4999999999963    0.00498150920189278    0.0245421471050491    2.48325837947812e-05    0.00060238197365148    0.00013095749783364    0.00025492964835731
61.9999999999962    0.0160179813397346    0.018744848315151    0.000256610478985633    0.000351589875440334    0.000186420990091344    0.000469613758652496
62.4999999999961    0.0230042225947153    0.00866267030773589    0.000529334398393988    7.52193078971463e-05    0.000374354386613741    0.000421249375806362
62.999999999996    0.0243725452833829    -0.00325930508226481    0.000594275288838831    1.07013155227891e-05    0.000504306700608448    0.000279724692352861
63.4999999999959    0.0198928957004838    -0.0142631475828097    0.000396003745569243    0.000203530547846181    0.000525781531546488    0.000305235773084924
63.9999999999958    0.0106894491588164    -0.0217689486122937    0.000114483604836894    0.000474012774845975    0.000468275045217136    0.000354473075553589
64.4999999999961    -0.000994381270580406    -0.0239652321684402    1.11358863107295e-06    0.000574535514105227    0.000353262678175666    0.000450734087889967
64.9999999999963    -0.012210063412487    -0.0198722428470443    0.000149172688635649    0.000396150560106673    0.000295025589899728    0.0011155825091722
65.4999999999966    -0.0200940265330405    -0.0109683161386585    0.000404272327463747    0.000121381348453986    0.000708819549119306    0.00103797376480788
65.9999999999969    -0.022720834195807    0.000658906803824574    0.00051749009301332    1.03549967404802e-06    0.00111972606470029    0.000775462118946958
66.4999999999971    -0.0194967656783475    0.0119437184288461    0.000381791500706846    0.000143027270709388    0.00129136702391563    0.000612258770315942
66.9999999999974    -0.0113346805096758    0.0200026449497225    0.000129936500594688    0.000400696761355986    0.00120893272693933    0.000768736867416524
67.4999999999976    -0.000370549534325238    0.0228534080388561    1.02395730235556e-06    0.000523510038447795    0.000941621126019858    0.00110985560202387
67.9999999999979    0.0104862247619463    0.0195695787710041    0.000110396541506291    0.00038794468979844    0.000660024051255445    0.00223075693967478
68.4999999999981    0.0184553206689031    0.0117487544541888    0.000342428626816611    0.000142201432238688    0.00135268836934751    0.00204161725449863
68.9999999999984    0.0217361336560487    0.00118486039712977    0.000476814009137924    4.08063248707053e-06    0.00208674455176225    0.00163607405895455
69.4999999999986    0.0196153756557086    -0.00944915298415427    0.000390734173428093    9.08019754147464e-05    0.00244360621081346    0.00123104967275691
69.9999999999989    0.0126803192207948    -0.0176884058671923    0.000165888646464888    0.000315716096875287    0.00225790852862332    0.00168415995462566
70.4999999999992    0.00264754291278657    -0.0215422338891349    9.84169761459026e-06    0.000469659821552655    0.0016829183401294    0.00236473690258799
70.9999999999994    -0.0078882579931922    -0.0195977583152857    6.3632478536831e-05    0.000394541854684573    0.00118653460534043    0.0032356952421736
71.4999999999997    -0.0160967016521304    -0.0126468976626652    0.000262861810528523    0.000169268859972271    0.00193855782756809    0.00305366001420337
71.9999999999999    -0.0199931267273612    -0.00261659194984114    0.000407461261575589    1.20212803314016e-05    0.0027813926798032    0.00227480260669537
72.5000000000002    -0.0186165511140281    0.00796270374264626    0.000356171210125835    6.69321790372514e-05    0.00309761759173335    0.00187817148953407
73.0000000000004    -0.012393315820967    0.0163337719326934    0.000161573161843321    0.000272276378652051    0.0028246919841092    0.00234185249381916
73.5000000000007    -0.0030076977883981    0.020384737540334    1.3570814333561e-05    0.000424844066676065    0.00212710327610724    0.00305066256537185
74.000000000001    0.00703573648588481    0.0187785008266494    5.20778988763336e-05    0.000367090569803713    0.00160508908709856    0.00380243034219438
74.5000000000012    0.0149418627332836    0.0123373920436661    0.000229102095884961    0.000165987636467626    0.00241719547092762    0.00371165650734426
75.0000000000015    0.018909366457798    0.00318067911249032    0.000369096456357035    1.76076587827795e-05    0.0033959264600014    0.00273695801322331
75.5000000000017    0.0180287589050615    -0.00663426756499585    0.000339159527629675    4.95209348603591e-05    0.00375810856320576    0.00234679115738984
76.000000000002    0.0125676386016836    -0.0147459637868935    0.000169958912451456    0.000224948977057682    0.00346603122157449    0.00273962206395459
76.5000000000022    0.00392277119507443    -0.0190845858746437    2.25016063253916e-05    0.000376973358749051    0.00266710938592438    0.00357098596222404
77.0000000000025    -0.00562845312916292    -0.0181131456076422    3.54819394790309e-05    0.000347584316651081    0.00194998842351618    0.00441568486731498
77.5000000000027    -0.0132867914123331    -0.0119581296737758    0.000183851533787386    0.000164325854320578    0.00270420186978265    0.00461833184448022
78.000000000003    -0.0171840797889084    -0.00319189670544889    0.000310791961348896    2.14876469146387e-05    0.00393692305707459    0.00336146431431054
78.5000000000033    -0.0163646524508189    0.00638161220690761    0.000287157606199388    4.89222407269839e-05    0.00439951774212763    0.00286308685995232
79.0000000000035    -0.0110946190529949    0.0142036610804626    0.000139126958988279    0.000213051179594607    0.00400454579911395    0.00336261676465819
79.5000000000038    -0.00282670866860233    0.0180675189997693    1.70251445721411e-05    0.000345568551287189    0.00300580482982338    0.00437416374638228
80.000000000004    0.0060655849052431    0.016518287721423    4.18459689262777e-05    0.000301879761747471    0.00224825458602106    0.00538757204125908
80.5000000000043    0.0128824208371918    0.0103123432723927    0.000177365814646475    0.000134998374761851    0.00337772823358577    0.00535293853824117
81.0000000000045    0.0160728961420616    0.00212537015601947    0.00028141181651185    1.87769607887336e-05    0.00480352226166927    0.00377621006945262
81.5000000000048    0.0149219756424972    -0.00664157851259878    0.00024977119593149    5.57904502812345e-05    0.00520632681035391    0.00341758469422788
82.000000000005    0.00973262089104131    -0.0136341227703523    0.000116284297630495    0.000202963236098298    0.004643316511047    0.0041320615171195
82.5000000000053    0.00191330924651679    -0.0168774744073867    1.52948133918733e-05    0.000313607132492831    0.0034108739523862    0.00536264767823108
83.0000000000056    -0.00626217106055653    -0.0148775954440934    4.62472471767033e-05    0.000261345315956259    0.00265187872743677    0.00632475056884851
83.5000000000058    -0.0122173335509521    -0.00855252310216567    0.000165244189643954    0.000108115187650022    0.00399761810941642    0.00591350456471829
84.0000000000061    -0.01454458550223    -0.000517566886321573    0.00024125568277687    1.81765961228016e-05    0.00545075364928478    0.00423186963894033
84.5000000000063    -0.0127203453017118    0.00765351222177937    0.000193779743594191    7.66607706639459e-05    0.0056544282645914    0.00425258995613493
85.0000000000066    -0.00724403423769663    0.0137165630332093    7.54579048411168e-05    0.000214836005247075    0.00479394125998596    0.00516642079229635
85.5000000000068    0.000307115458258275    0.0156587822449745    1.19524243173413e-05    0.000285419572421526    0.00344355984595013    0.00634209043029179
86.0000000000071    0.00752906806141668    0.0124047092717705    6.68029560887596e-05    0.000202535019716766    0.00318058016960975    0.0069755435343504
86.5000000000073    0.0121806885398097    0.00595133044803952    0.000171721757830213    7.05210484335046e-05    0.0048324511923413    0.00592475436889517
87.0000000000076    0.0132819035341208    -0.00164829298563818    0.000213211823146585    2.28128958423764e-05    0.00606653621574087    0.00448285914075742
87.5000000000079    0.0106085487967785    -0.00880308005727238    0.000148766176360428    0.000101003362331441    0.00601870989388903    0.00484862288043671
88.0000000000081    0.00488995997348001    -0.0135053106933489    4.82528798525506e-05    0.000218733686061345    0.0049336772604533    0.00602828907215478
88.5000000000084    -0.00218285045167947    -0.0139586289550004    1.74832419827606e-05    0.000248164404005606    0.00356628740966896    0.00730212857338386
89.0000000000086    -0.00826658436801183    -0.00973270905744052    8.31603580834644e-05    0.000149954698669059    0.00385018713441396    0.00743162654284201
89.5000000000089    -0.0115407908092144    -0.00316331927952607    0.000163883142697575    4.48592849139708e-05    0.00554015254262257    0.00590361720047544
90.0000000000091    -0.0113083269854287    0.00407144537726468    0.000168560399143678    4.12235453593863e-05    0.0063782552421726    0.00496456220621077
90.5000000000094    -0.00766378674380256    0.0101354366766548    9.36553611231594e-05    0.000136182590265007    0.00590946138566583    0.00578407413840165
91.0000000000096    -0.00170267029444291    0.0130411177985028    2.38883107482946e-05    0.000220524352181817    0.00458139985339811    0.0071030696707403
91.5000000000099    0.00461420160929682    0.0114462160888338    3.48906994784534e-05    0.000194991803957951    0.00368779649482127    0.00799849618401313
92.0000000000102    0.00913573000508913    0.00628449216521686    0.000106827562857921    9.17647303180517e-05    0.00483383906765989    0.00722979173582335
92.5000000000104    0.01071091408349    -8.8588042608669e-05    0.000154384042901708    3.20136635282709e-05    0.00629764737007438    0.00565736826510151
93.0000000000107    0.00905648580086462    -0.0063725652433774    0.000125277864798434    7.16650464409891e-05    0.00657707607810428    0.00557274247205875
93.5000000000109    0.00465475729780687    -0.0107611601243349    5.40184725827415e-05    0.000161178844921007    0.00568785610588517    0.00673619163173309
94.0000000000112    -0.0011022303684239    -0.0115629706433513    1.99588015854915e-05    0.000198290742660617    0.00432942141635757    0.00803669413139591
94.5000000000114    -0.00621060313298132    -0.00828239265954744    5.6461604876133e-05    0.000136774303162023    0.00422965880429327    0.00825689257500044
95.0000000000117    -0.00901105552767664    -0.00273761511167969    0.00011351724910031    5.43709626478239e-05    0.00568490346245551    0.00684663611915566
95.500000000012    -0.00887133327150812    0.00326949091897375    0.000122058576526661    4.49113504173419e-05    0.00658468089678567    0.0058499384225896
96.0000000000122    -0.00591049400920913    0.00825329710296518    7.34212807268444e-05    0.000111585009308597    0.0062038166715295    0.00659303391761208
96.5000000000125    -0.00108313230507182    0.0104673214046685    2.59765112931486e-05    0.000171667069229637    0.00498029474056089    0.00788049819751304
97.0000000000127    0.00391052650576605    0.00887511382636835    3.32146848373809e-05    0.000151872194227344    0.00423349350833116    0.00855011981181252
97.500000000013    0.00730317790567644    0.00439994723308107    8.04505011630811e-05    7.83983860056115e-05    0.00520711951477212    0.00768367427418118
98.0000000000132    0.00817323823866729    -0.000948379954286911    0.000107966878475283    4.10086938010354e-05    0.00641599993526103    0.00633318792262966
98.5000000000135    0.00642647533415231    -0.00584998442560433    8.39126270596049e-05    7.57330929157893e-05    0.00652786656107008    0.0064428856218294
99.0000000000137    0.00264303062664301    -0.00883418343645266    3.81310738578989e-05    0.000136643560929604    0.00558081203450949    0.0076551135811763
99.500000000014    -0.00186810615933118    -0.00862799987523672    2.38462410579366e-05    0.00014873995283738    0.00451180899810769    0.00861960387664623
100.000000000014    -0.00545928699582246    -0.00533360866858432    5.29063223736565e-05    9.73158202181879e-05    0.0048065068262617    0.00829870103019684
100.500000000015    -0.00696648581280122    -0.000606186593720374    8.41681084766148e-05    4.92712541919885e-05    0.005969605003403    0.00699312462391328
101.000000000015    -0.00608302679440689    0.00401846440489135    7.79762368165753e-05    5.98178652798584e-05    0.00640101725002387    0.00660831363560171
101.500000000015    -0.00318327513708769    0.00723016007312137    4.32578700870563e-05    0.000109391786116843    0.00575540002855194    0.00755755062397102
102.000000000015    0.000701157844871468    0.00779821978275719    2.30269314578637e-05    0.000133173580539316    0.00474713694077166    0.00850654740533026
102.500000000016    0.0041194012473342    0.00545490150033251    3.90603715889837e-05    0.000101153194712797    0.00470009627055076    0.00844968900815096
103.000000000016    0.00587964815084792    0.00145699926046184    6.66867824502707e-05    5.65032453614072e-05    0.00566714390786941    0.0073743066464869
103.500000000016    0.0055604670543018    -0.00265610357318136    6.99338391096274e-05    5.27557977878652e-05    0.00624620246611104    0.00676024493612461
104.000000000016    0.00339308447675186    -0.00574853329033005    4.57696478764345e-05    8.81045952621239e-05    0.00585291599205559    0.00742017252306785
104.500000000017    0.000165448781429279    -0.00673955759933482    2.44985214691274e-05    0.0001148968404985    0.00494683213479606    0.00833517869417019
105.000000000017    -0.00291562078948728    -0.00519296036179557    2.99474947932314e-05    9.90889421290353e-05    0.00463105281821974    0.00849247342120394
105.500000000017    -0.00473320499299449    -0.00190023041305588    5.05615174858056e-05    6.25732681838021e-05    0.00530643835167221    0.00767869732188342
106.000000000017    -0.00475900559750828    0.00174982216642814    5.73502656408019e-05    5.19434384487562e-05    0.00589085149733778    0.0069915349412438
106.500000000018    -0.00311950715480694    0.00458784192557822    4.18585315336456e-05    7.56500775557674e-05    0.0056680866828899    0.00738930199827251
107.000000000018    -0.00046210279280724    0.00569074228546087    2.4481005454255e-05    9.91957638971632e-05    0.00492620203230996    0.00817381282741603
107.500000000018    0.00220184910663943    0.00461786166916479    2.60887998814208e-05    9.06243138838179e-05    0.00460875909470347    0.00832464218379844
108.000000000018    0.00388571946165583    0.00194442893392164    4.12392447684754e-05    6.27762196723764e-05    0.00511277116970675    0.00768084733563328
108.500000000019    0.00407594884964203    -0.0011602421689041    4.8190590044573e-05    5.14797713939637e-05    0.00561936215416615    0.00708050912741876
109.000000000019    0.00282862873592482    -0.00365202426623136    3.81313159578496e-05    6.69156971019233e-05    0.00548909604872696    0.00731972785428397
109.500000000019    0.0006638230258123    -0.00471938182726085    2.43563057860768e-05    8.53338237219082e-05    0.004890362438151    0.0079411119429478
110.000000000019    -0.00158580140104971    -0.00398665961762381    2.315557651162e-05    8.2205351439189e-05    0.00454321586852845    0.0081432116841205
110.50000000002    -0.0030835889068243    -0.00183741357684855    3.31715827446204e-05    6.21140196406991e-05    0.00486446936451763    0.00766406752242644
111.00000000002    -0.0033431744063892    0.000793139653006686    3.8953805209118e-05    5.17801876095681e-05    0.00527038804051298    0.0071520009158554
111.50000000002    -0.00236953636422669    0.00295244183617593    3.25780724565773e-05    6.16533460981924e-05    0.00519262649101442    0.00727574280071736
112.00000000002    -0.000596049167002017    0.00389582396786128    2.2734010899251e-05    7.50580421385246e-05    0.00473061690372062    0.00773825547200157
112.500000000021    0.00127127567585274    0.00333015712051418    2.1476391087776e-05    7.3234620062508e-05    0.00445648395529044    0.00788318930479262
113.000000000021    0.00253238366554724    0.00157108722515142    2.84546865197531e-05    5.88227443005383e-05    0.0046948609660162    0.00750695872051421
113.500000000021    0.0027729919257377    -0.000602524479291774    3.28498729829928e-05    5.06921723469378e-05    0.0050160132339126    0.00709430310874803
114.000000000021    0.00199861494456299    -0.00237415537622836    2.8589008177201e-05    5.69012598651809e-05    0.00495928890876207    0.00715993338758866
114.500000000022    0.000565561601518694    -0.0031609176406584    2.13079251539648e-05    6.6516918679088e-05    0.00458127331959712    0.0075183454528282
115.000000000022    -0.000961412453777666    -0.00274994068612989    1.97537577851851e-05    6.57219783005496e-05    0.00433929071149955    0.00762625756995638
115.500000000022    -0.00201204638009257    -0.0013282310159478    2.42015939339181e-05    5.56500194825839e-05    0.00448923861008462    0.0073406962783416
116.000000000022    -0.00222801179072157    0.000465793841707908    2.71941880594293e-05    4.95654821683848e-05    0.00471488616191684    0.00702485005287741
116.500000000023    -0.00159885072435065    0.00194573204195928    2.42863228120127e-05    5.35677864129101e-05    0.00466154471964563    0.00705562989631706
117.000000000023    -0.000424385956566801    0.00258704013018393    1.9366834451625e-05    5.99540043484011e-05    0.00438026608911991    0.00729802902934889
117.500000000023    0.000815035991836189    0.00220696925206379    1.84435253911458e-05    5.90201947828283e-05    0.00421654381255043    0.00735863312737313
118.000000000023    0.00165199575661572    0.00104801960443319    2.15632539670252e-05    5.18219131381656e-05    0.00433983455757808    0.00712204802334899
118.500000000024    0.00181384518453141    -0.00039948381249481    2.35452343983312e-05    4.74172285594479e-05    0.00450057774567704    0.00687441933860617
119.000000000024    0.00129821704829246    -0.00157939638170788    2.14250606842954e-05    5.0120978329456e-05    0.00444293744946046    0.00690119449073159
119.500000000024    0.00035013545120503    -0.00207716020646225    1.79151332233875e-05    5.42371100473243e-05    0.00421812024356786    0.00706558670769908
120.000000000024    -0.000644010722531662    -0.00176920311738497    1.70412572467593e-05    5.36957359961356e-05    0.00407756145705046    0.00711095326419538
120.500000000025    -0.00130953040693991    -0.00082022408029459    1.89566044874064e-05    4.85934019054492e-05    0.00415231677509149    0.00692247313924396
121.000000000025    -0.00142894975704687    0.000344059033378695    2.01670045317994e-05    4.5662300058977e-05    0.00425735917249591    0.00674862381827047
121.500000000025    -0.000999922102504057    0.00130019069046606    1.87141355445311e-05    4.71572363475218e-05    0.00420883491401777    0.00674290297393839
122.000000000026    -0.000227049258031596    0.00167848214607176    1.63883326418206e-05    4.9825052411399e-05    0.00404187843412539    0.0068562198109977
122.500000000026    0.00056711888904483    0.00139495190048367    1.5943441066078e-05    4.8924865418308e-05    0.00395244446283139    0.00685412099496682
123.000000000026    0.00108376173153545    0.000612776929873749    1.72416405230811e-05    4.5452078271663e-05    0.00400837885339452    0.00671390964385711
123.500000000026    0.00115378104643163    -0.000324665325871076    1.79753363441073e-05    4.34284769157713e-05    0.00407972127001373    0.0065820262337633
124.000000000027    0.000794598724483433    -0.00105366602044314    1.69415772801658e-05    4.42173269778325e-05    0.00403858764263141    0.00656560087845705
124.500000000027    0.00017517006474174    -0.00133786787325908    1.52821802081268e-05    4.59413655197413e-05    0.0039053163324557    0.00664465763402769
125.000000000027    -0.000454703852566    -0.00109666498058446    1.48576166535836e-05    4.52642661011769e-05    0.00382764432256254    0.00663789063042896
125.500000000027    -0.000854139352982201    -0.000456348386226539    1.56139633263954e-05    4.28398343105506e-05    0.00385803178992638    0.00652928636689639
126.000000000028    -0.000893992730634864    0.000288680355248282    1.60034850719102e-05    4.12167365591939e-05    0.00389926429849045    0.00641353258444109
126.500000000028    -0.000593318243295922    0.000866661239828946    1.52022129856455e-05    4.18108655786466e-05    0.00385359396509515    0.00640778931254959
127.000000000028    -8.99765160148829e-05    0.00107500758209909    1.41508060681978e-05    4.28172033117919e-05    0.00376067949907509    0.00645457682657983
127.500000000028    0.000408201884450895    0.000851854597587551    1.40169954579839e-05    4.18751228877069e-05    0.00372160807709713    0.00641478500280998
128.000000000029    0.000711909374185396    0.000330413694515759    1.45019986903339e-05    4.02564399926135e-05    0.00374101373069933    0.00633618708554994
128.500000000028    0.000725697351722776    -0.000267449594181134    1.46540340827371e-05    3.91952867803772e-05    0.00375864303126004    0.00625489867983084
129.000000000028    0.000469518439397066    -0.000717777780960204    1.40551681052005e-05    3.94767152287708e-05    0.00371950541608244    0.00624191559426517
129.500000000027    6.04050035383837e-05    -0.000856660563562622    1.33181336478256e-05    3.99946418460006e-05    0.00364890187362899    0.00626584188476195
130.000000000027    -0.000329169393005274    -0.000653651590454398    1.31660793191019e-05    3.92625932398429e-05    0.00361354767919429    0.00623180012822454
130.500000000026    -0.000556978126795638    -0.00023198908116189    1.34142307015177e-05    3.80611882048766e-05    0.00361994558906469    0.0061650117008079
131.000000000026    -0.000551065153435242    0.000247896742126487    1.34449823303352e-05    3.73304245816161e-05    0.00362509441628829    0.00610483183935964
131.500000000025    -0.000332547260417733    0.00058923376290367    1.3010259106432e-05    3.74240290277815e-05    0.00359161125764199    0.00608907485587391
132.000000000025    -3.76920739324422e-06    0.00068199721844182    1.25586659588084e-05    3.74763525844917e-05    0.0035438188091216    0.00608368575606345
132.500000000024    0.000303547320252636    0.000504517830605099    1.24680940493287e-05    3.68405933105241e-05    0.00351794728125595    0.00604864076211554
133.000000000024    0.000470077148215549    0.000146316307235225    1.25715662004708e-05    3.6111070614732e-05    0.00351434114382715    0.00600746719949173
133.500000000024    0.000447478535683067    -0.000229282478702539    1.25635789435583e-05    3.55456821526474e-05    0.00351615441976903    0.00595760956236706
134.000000000023    0.000258694011299797    -0.000495078650614549    1.2280465355845e-05    3.53429497553638e-05    0.00349478794268875    0.0059243435826317
134.500000000023    -9.8461422768714e-06    -0.000540789262403021    1.19087121244615e-05    3.52622063357938e-05    0.00345088614386853    0.00591352291865546
135.000000000022    -0.000247408265774776    -0.000377717446252807    1.17312839316452e-05    3.49686060085073e-05    0.00341614886702432    0.00590135031491129
135.500000000022    -0.000365963502008783    -8.78446753894172e-05    1.18004301522308e-05    3.43009102474239e-05    0.00341562598471031    0.00585603906752931
136.000000000021    -0.000334841450146014    0.000204149948595537    1.18376693306303e-05    3.36243043552046e-05    0.00342425912189694    0.00579505195435667
136.500000000021    -0.000178708794690047    0.000398787226556334    1.15814151090475e-05    3.35683584030187e-05    0.00339845233536502    0.00578008020281329
137.00000000002    3.66264473901635e-05    0.000428746169722913    1.12608886843327e-05    3.35544852591772e-05    0.00335552487514014    0.00577673454307233
137.50000000002    0.000220692208102542    0.000284968340069748    1.11625563056999e-05    3.31545530634904e-05    0.00333374432957639    0.0057509430625462
138.000000000019    0.00030728833934641    5.405736716186e-05    1.12554244668174e-05    3.25147651557957e-05    0.00334080803748421    0.00570191572691593
138.500000000019    0.000273786549179981    -0.000180564185887137    1.12539052587797e-05    3.1960630953328e-05    0.00334349311114407    0.0056504891406057
139.000000000019    0.000142838366458817    -0.00031968181231718    1.09750447081048e-05    3.21167478361325e-05    0.00330977973725929    0.00565814027530302
139.500000000018    -2.31260741552177e-05    -0.000325074772389454    1.07651750130978e-05    3.19551499230898e-05    0.00328095111176499    0.00564353402713634
140.000000000018    -0.000163304285666701    -0.000217623882486585    1.07504374736966e-05    3.1459759149937e-05    0.00327471665705286    0.00560467652908787
140.500000000017    -0.00022739591724093    -3.18499608050069e-05    1.07575252222223e-05    3.10123485171141e-05    0.00327197437628176    0.0055687821017805
141.000000000017    -0.000197495948137004    0.000143030492599322    1.0651862432307e-05    3.07384956182251e-05    0.00325773813907387    0.0055423855781073
141.500000000016    -9.53670157920346e-05    0.000249494435927835    1.04830788535924e-05    3.06215925657379e-05    0.00323635350137949    0.00552805074978323
142.000000000016    3.35792532671235e-05    0.000249119087002471    1.03733544263253e-05    3.03267506000294e-05    0.00322059417810989    0.00550133531794967
142.500000000015    0.000138845883758854    0.000159171081541589    1.0315853909127e-05    3.00020311996291e-05    0.00320882778124508    0.00547509778601533
143.000000000015    0.000185666280549134    2.56783075825538e-05    1.02668585575587e-05    2.97533419800613e-05    0.00319881018346286    0.00545460196573325
143.500000000014    0.000163243661171974    -0.000111918941502459    1.02203919058309e-05    2.93733032215253e-05    0.00319276422758056    0.00541855860649844
144.000000000014    8.30081411029089e-05    -0.000195667388412013    1.00954308922978e-05    2.91030569991485e-05    0.00317624629725223    0.00539117531455438
144.500000000014    -1.84140968030355e-05    -0.000196437543577144    9.93583740081201e-06    2.90322847816713e-05    0.00315206255043439    0.00538457956326626
145.000000000013    -0.000101700544619572    -0.00012753872301376    9.88411008108667e-06    2.87480140410402e-05    0.0031422550947227    0.00536020036147645
145.500000000013    -0.000138566217284023    -1.4181092736121e-05    9.88510540218727e-06    2.83377436991676e-05    0.00314100378949387    0.00532330185089822
146.000000000012    -0.000115480046273279    9.84260938714945e-05    9.81936851716906e-06    2.80999856449401e-05    0.0031314585860397    0.0053000281083203
146.500000000012    -4.93064520243139e-05    0.000158072943866974    9.69941356078294e-06    2.79954681515137e-05    0.00311399782186368    0.00528871261234064
147.000000000011    3.25883568503232e-05    0.000158794420221919    9.61995380243681e-06    2.77596623798269e-05    0.00310143382993005    0.00526635041674339
147.500000000011    9.96255758481916e-05    0.000101476354581304    9.58107942934478e-06    2.7438735262519e-05    0.00309372819975862    0.0052372166092286
148.00000000001    0.00012778298522495    8.19905630513001e-06    9.51061084655193e-06    2.72642721906615e-05    0.00308127933742446    0.00522151366618313
148.50000000001    0.000108934866327093    -7.97187567344307e-05    9.44947615055195e-06    2.70628772972177e-05    0.00307206922862266    0.00520158843210826
149.000000000009    5.38594535350183e-05    -0.000133435202728743    9.40669595115738e-06    2.67665202010387e-05    0.00306656079516162    0.0051719160132113
149.500000000009    -1.5517583471119e-05    -0.000133714526606126    9.32784174516755e-06    2.65334770796684e-05    0.00305411213772035    0.00514932981125145
150.000000000009    -7.11054680882885e-05    -8.27470796333745e-05    9.22535997023465e-06    2.64173200751765e-05    0.00303649534540111    0.00513911208245049
150.500000000008    -9.4661532396081e-05    -9.55730938024342e-06    9.17762473557451e-06    2.62013598929019e-05    0.00302798017329357    0.00511871747127533
151.000000000008    -8.0344352838607e-05    6.39717631387958e-05    9.16719232604461e-06    2.59059228315755e-05    0.00302667096180136    0.00508938409290322
151.500000000007    -3.47558368739076e-05    0.000113623516226703    9.10374824156985e-06    2.57279043043439e-05    0.00301704164263158    0.0050709953658926
152.000000000007    2.35277728165475e-05    0.000107569227519404    9.00327193870517e-06    2.5615422145848e-05    0.00300045302956261    0.00506002480301617
152.500000000006    6.74484768709064e-05    6.63500494963328e-05    8.95978764404381e-06    2.53340609042432e-05    0.00299253042541118    0.00503285789340163
153.000000000006    8.5580977612341e-05    1.00028195612049e-06    8.92726079989601e-06    2.509474735229e-05    0.00298662630674929    0.00500946567527176
153.500000000005    6.81580291861069e-05    -6.42729280348653e-05    8.8525047367846e-06    2.502364466229e-05    0.00297453512667813    0.00500195098466707
154.000000000005    2.94482274037869e-05    -8.56016595112485e-05    8.80920485212005e-06    2.47657746782725e-05    0.00296788437342542    0.00497578607198515
154.500000000004    -1.46125681671902e-05    -8.65240129064409e-05    8.76575025602088e-06    2.45140353786359e-05    0.00296066491330452    0.00495040897036057
155.000000000004    -4.95812223205741e-05    -4.63464102236645e-05    8.67928854065101e-06    2.43958954325578e-05    0.00294564598060327    0.00493900267693967
155.500000000004    -5.91122626645095e-05    7.204039639104e-06    8.59933238766821e-06    2.42489097278947e-05    0.00293186598057805    0.00492431292970985
156.000000000003    -4.36808361778911e-05    5.26741741204611e-05    8.56831810836651e-06    2.40669413759248e-05    0.00292684302498739    0.00490552411137745
156.500000000003    -9.61669157479836e-06    7.90027949384569e-05    8.5712531703249e-06    2.37420271143407e-05    0.00292765446895088    0.00487193859492631
157.000000000002    2.93725323220333e-05    7.07406956457135e-05    8.49736364939048e-06    2.36606733978454e-05    0.00291487579559327    0.00486370940248541
157.500000000002    5.68127326858729e-05    3.73015688221289e-05    8.40304316729132e-06    2.35858261200361e-05    0.00289824351645891    0.00485638082454408
158.000000000001    6.58867939561031e-05    -3.2251672634025e-06    8.38320293621094e-06    2.33660796985683e-05    0.00289462637772012    0.00483384622188837
158.500000000001    5.14460860814149e-05    -5.19899210496803e-05    8.39850613748292e-06    2.30788307321182e-05    0.00289756094633225    0.00480376183633488
159    2.01588374958428e-05    -6.69967988564758e-05    8.34906667363444e-06    2.29445686626473e-05    0.00288940483402815    0.00478958036696226
159.5    -1.10378516335664e-05    -5.48778210978126e-05    8.26201038736312e-06    2.28796805297904e-05    0.00287435010971079    0.00478295608954775
159.999999999999    -3.35633164765811e-05    -3.38921391231526e-05    8.21528876956996e-06    2.26478885432099e-05    0.00286603598605409    0.00475885909290405
160.499999999999    -4.25293388293694e-05    6.01382338459536e-07    8.17047478406338e-06    2.25191855547969e-05    0.00285808782919667    0.00474543835626764
160.999999999999    -3.32273609429626e-05    3.39219967427489e-05    8.12616372131389e-06    2.23844368533647e-05    0.00285044902845125    0.00473109777446014
161.499999999998    -1.12279088100557e-05    5.13249741507115e-05    8.10079258952118e-06    2.21417762570234e-05    0.00284616698800069    0.0047052249684847
161.999999999998    1.48029998280545e-05    4.87573942483969e-05    8.04968369166363e-06    2.20065150804788e-05    0.00283715783185563    0.00469085682972577
162.499999999997    3.51239703705394e-05    3.19604877663623e-05    7.98891779473102e-06    2.18706138266244e-05    0.00282624912232387    0.0046764935960446
162.999999999997    4.5013555783826e-05    5.19784190419393e-06    7.95335283574277e-06    2.16808390087178e-05    0.00281980967718363    0.0046562658849294
163.499999999996    3.99846610368802e-05    -2.34264413175508e-05    7.90618015821435e-06    2.15446294356027e-05    0.00281150873822155    0.00464156015122608
163.999999999996    2.38456811681187e-05    -3.96060356522666e-05    7.85710845143115e-06    2.13957267362741e-05    0.00280295198583935    0.004625381940793
164.499999999995    1.41060796136174e-06    -4.9020891967801e-05    7.82415868709315e-06    2.12373064606333e-05    0.00279716940804062    0.00460813448293167
164.999999999995    -2.13785445056953e-05    -3.57016818186762e-05    7.78310627190174e-06    2.11039230431824e-05    0.00278973999321381    0.00459376190426732
165.499999999994    -2.97893155995313e-05    2.30860466362649e-06    7.73231582192602e-06    2.0966150907864e-05    0.00278054462625618    0.00457888038478933
165.999999999994    -2.16359402411078e-05    2.7641499101614e-05    7.69717891985626e-06    2.08333020761984e-05    0.00277429465016716    0.00456426752324245
166.499999999994    -3.8074319986142e-06    4.16923549940866e-05    7.6698758783513e-06    2.05795817431315e-05    0.00276945145864896    0.00453628079936268
166.999999999993    1.61944753757173e-05    3.43397996085334e-05    7.59751414157939e-06    2.05319308323323e-05    0.00275631128150409    0.00453108724375234
167.499999999993    2.91843202227568e-05    1.77733880252413e-05    7.5485548713353e-06    2.04373120459965e-05    0.00274730834577927    0.0045207296040213
167.999999999992    3.37139824611408e-05    -7.28693815708541e-07    7.54248686649422e-06    2.02097361481312e-05    0.00274615189563156    0.00449552395357165
168.499999999992    2.87892591484939e-05    -1.69654725792574e-05    7.50880781236406e-06    2.00463514616283e-05    0.00274006915805454    0.00447728306390923
168.999999999991    1.78927403818401e-05    -2.51487563039115e-05    7.44254211100786e-06    1.99729487602453e-05    0.00272804361417656    0.00446903975147924
169.499999999991    6.09802335615811e-06    -2.07155844258721e-05    7.39411308456068e-06    1.98456576182592e-05    0.00271920501225484    0.00445479836612401
169.99999999999    -3.04460079501773e-06    -1.69117973943792e-05    7.3693889601095e-06    1.96906049820507e-05    0.00271466014272791    0.00443737748824231
170.49999999999    -1.06734408904903e-05    -1.14613800194367e-05    7.34290461484342e-06    1.95615058580729e-05    0.00270975841958337    0.00442282426678259
170.999999999989    -1.26374945507599e-05    3.77075014985119e-06    7.31278641051627e-06    1.9424014144725e-05    0.00270418688412021    0.00440726671829245
171.499999999989    -8.75357844373211e-06    9.725337994859e-06    7.27354846873838e-06    1.92384952858745e-05    0.0026969374934549    0.00438616013201472
171.999999999989    -2.47537964559701e-06    1.6465140257382e-05    7.19549275846215e-06    1.92175027353736e-05    0.00268244042449367    0.00438374630134203
172.499999999988    6.60792355415895e-06    1.77029708767914e-05    7.15556728510249e-06    1.90713515703612e-05    0.00267498105048406    0.0043670399786564
172.999999999988    1.47355435811909e-05    1.56613714421338e-05    7.1554871747877e-06    1.88302167934806e-05    0.00267493365124129    0.00433935150856958
173.499999999987    2.15021341051383e-05    8.68703105355107e-06    7.12290888724284e-06    1.87933652921952e-05    0.00266879121429005    0.00433512281575582
173.999999999987    2.08141351357525e-05    -1.22112273889528e-05    7.07941384560904e-06    1.86348110220708e-05    0.00266063537851161    0.00431678837887572
174.499999999986    1.09856567445132e-05    -2.38940256314886e-05    7.02406809258428e-06    1.85815885615522e-05    0.00265027308176538    0.00431057045379046
174.999999999986    5.40902400190298e-09    -1.80969181760892e-05    7.01035105070514e-06    1.8413091735008e-05    0.00264770675314996    0.00429100969895903
175.499999999985    -7.08722751486889e-06    -1.09477238304445e-05    6.9958932948615e-06    1.82370406371469e-05    0.0026449656077287    0.0042704707919022
175.999999999985    -9.88314542175013e-06    1.89694776185959e-06    6.93583434310732e-06    1.81885951899388e-05    0.00263357868053033    0.00426480850584502
176.499999999984    -4.81359877391085e-06    1.63357644746688e-05    6.87383768983423e-06    1.8102768461742e-05    0.00262179604834188    0.00425470346846182
176.999999999984    3.82950327747616e-06    1.67455852502032e-05    6.84772784975453e-06    1.79908845805511e-05    0.00261681355557846    0.00424153323291539
177.499999999984    1.12041939288691e-05    1.19832218906745e-05    6.84989533433573e-06    1.77903805416094e-05    0.00261720648791304    0.00421784743014757
177.999999999983    1.56228432510532e-05    6.26090119845925e-06    6.81901539654648e-06    1.77070999497823e-05    0.00261127771853459    0.0042079758496097
178.499999999983    1.70046547580881e-05    -2.58830483557373e-06    6.76722445579756e-06    1.7665678451328e-05    0.00260133336916169    0.00420305504984244
178.999999999982    1.23873126054779e-05    -1.40770426607119e-05    6.73874452823661e-06    1.75335386774457e-05    0.00259587963563857    0.00418728319012646
179.499999999982    4.90715045097384e-06    -1.55826809534952e-05    6.73006328875901e-06    1.73916155023295e-05    0.00259423191111232    0.00417029647415909
179.999999999981    -3.12203741274409e-06    -1.47535939521795e-05    6.70350651062058e-06    1.72464679921939e-05    0.0025891111917998    0.00415286049894039
180.499999999981    -7.69478266863591e-06    -3.11415205668362e-06    6.64160204165283e-06    1.72485732393135e-05    0.00257711909541886    0.00415313899856126
180.99999999998    -7.29189219265447e-06    3.48150556153374e-06    6.6181658995913e-06    1.712430227798e-05    0.00257256928534482    0.00413815057206707
181.49999999998    -3.94584338898453e-06    1.13178742029457e-05    6.61403578656753e-06    1.69449377187113e-05    0.00257177374916369    0.0041164073686207
181.999999999979    4.03943299720483e-06    1.86871276648098e-05    6.57194371072367e-06    1.69046937947981e-05    0.00256357706997561    0.00411148933916381
182.499999999979    1.14779929391494e-05    8.10306870183611e-06    6.53938272204954e-06    1.67739100617303e-05    0.00255719592087263    0.00409558840729973
182.999999999979    1.20568102074517e-05    -3.90027187745655e-06    6.51274835597111e-06    1.6696430033411e-05    0.00255198020942537    0.00408612467030685
183.499999999978    9.3603233052338e-06    -5.12739836476498e-06    6.49228048550745e-06    1.66045756325021e-05    0.0025479781925784    0.00407486801532125
183.999999999978    8.09173994992478e-06    1.61968350519947e-07    6.47768814303496e-06    1.65036093159403e-05    0.00254511741709092    0.0040624634508764
184.499999999977    9.36822337308922e-06    4.46788137957332e-06    6.46209486929753e-06    1.63804135110171e-05    0.00254204781734891    0.00404726988833869
184.999999999977    1.12935299486189e-05    1.73932825276078e-06    6.43155739277155e-06    1.62873656666073e-05    0.00253602638964047    0.00403576047868857
185.499999999976    9.78255695633211e-06    -8.53884490464088e-06    6.38531503416387e-06    1.62427799529348e-05    0.00252689915424879    0.00403022419240698
185.999999999976    3.53930421486544e-06    -1.52576181300566e-05    6.3535737759179e-06    1.61722586424497e-05    0.00252062715395268    0.00402144574096664
186.499999999975    -5.0296136458376e-06    -1.76818250725016e-05    6.34564950578577e-06    1.60228661752419e-05    0.00251905224415302    0.00400281819825782
186.999999999975    -1.14454514104296e-05    -5.51965840702022e-06    6.32687634011876e-06    1.59210751742754e-05    0.00251530223666278    0.00399011838266066
187.499999999974    -9.5881819514525e-06    1.28136814848977e-05    6.28978022374095e-06    1.58382065588579e-05    0.00250792509667012    0.00397970380410712
187.999999999974    4.02132498269299e-07    2.48606059620453e-05    6.25074814083138e-06    1.5768104098028e-05    0.00250014959134865    0.00397082939047993
188.499999999974    1.18409314949912e-05    1.80771241698834e-05    6.22663974575129e-06    1.56916264026321e-05    0.00249529548111894    0.00396122451020058
188.999999999973    1.77370654135201e-05    5.94551014319885e-06    6.20651644602789e-06    1.55802100445871e-05    0.00249122496827131    0.00394717300045188
189.499999999973    1.77189014147249e-05    -7.14253721312131e-06    6.17065162434416e-06    1.5479951758295e-05    0.00248401643812532    0.00393445050069984
189.999999999972    9.74779680581353e-06    -2.36999802525898e-05    6.13702433073966e-06    1.54289151763676e-05    0.00247728264661041    0.00392789428158443
190.499999999972    -2.98958446917684e-06    -2.34362921046253e-05    6.13051401055272e-06    1.5270812088972e-05    0.0024759856770461    0.00390771836615491
190.999999999971    -1.05931512827883e-05    -5.80978616399896e-06    6.10945733999503e-06    1.52003943378497e-05    0.00247170894830701    0.00389876398160166
191.499999999971    -9.26468136818447e-06    1.05708677810836e-05    6.06912932413344e-06    1.5146676241373e-05    0.0024635428735487    0.00389185874591143
191.99999999997    -5.81038743160032e-07    2.28371131754955e-05    6.02902679837327e-06    1.5062314566892e-05    0.00245540759564828    0.00388095259352054
192.49999999997    1.13402046377503e-05    2.15526483764275e-05    6.00263711646134e-06    1.49672121139405e-05    0.00245000173800349    0.00386868809770037
192.999999999969    1.81657084447727e-05    5.05657958885632e-06    5.985259048884e-06    1.48833399904686e-05    0.00244641146496674    0.00385788989234678
193.499999999969    1.70098026142931e-05    -8.7031361578699e-06    5.9793117855938e-06    1.47713988496451e-05    0.00244520396944893    0.00384334790320446
193.999999999969    1.08320878658416e-05    -1.43910653088998e-05    5.95069688294147e-06    1.46712109243879e-05    0.00243938097656228    0.00383027464049605
194.499999999968    4.02427957114036e-06    -1.15479268935754e-05    5.89097366158769e-06    1.46928665226263e-05    0.00242712947053956    0.00383311011686473
194.999999999968    6.55485706745128e-07    -1.05096763716217e-06    5.87672909783595e-06    1.45879998287577e-05    0.00242419649949719    0.00381942387333806
195.499999999967    2.78570738454657e-06    8.51838587012709e-06    5.89135011449318e-06    1.44418332921522e-05    0.00242720875787962    0.00380023166784005
195.999999999967    7.18121397071274e-06    6.52426321093647e-06    5.87573750875698e-06    1.43322035111497e-05    0.00242398142297397    0.0037857840594967
196.499999999966    8.60888144837324e-06    5.92171557780298e-07    5.81436732133427e-06    1.4347704830411e-05    0.00241128455568696    0.00378783638502825
196.999999999966    8.63659974107733e-06    -9.95921468299469e-07    5.77277299554839e-06    1.42935150906279e-05    0.00240264404452538    0.00378067640757158
197.499999999965    7.03120413780344e-06    -5.34594026459537e-06    5.77334132917482e-06    1.41398770526462e-05    0.00240276754833737    0.00376029898725738
197.999999999965    4.15128053540677e-06    -4.91938564531245e-06    5.76642549680643e-06    1.40425739162265e-05    0.00240133468381156    0.00374733901800616
198.499999999964    2.88100800343913e-06    -6.68266164551285e-08    5.72975799318493e-06    1.40084447796821e-05    0.00239368955651685    0.00374278569720687
198.999999999964    3.81602695106678e-06    3.4410318473297e-06    5.69653662937033e-06    1.39330857862519e-05    0.00238673879327182    0.00373270330264163
199.499999999964    5.69406620393e-06    3.27173880013069e-06    5.67662052091323e-06    1.38548996803919e-05    0.00238255914900833    0.00372221560043439
199.999999999963    7.05176524958814e-06    2.83782425705486e-06    5.66176335307433e-06    1.37832722256442e-05    0.00237943556871818    0.00371258187416758
200.499999999963    8.2888432097806e-06    6.06646967432247e-07    5.64824608580574e-06    1.36715673336977e-05    0.00237658944306415    0.00369750821035967
200.999999999962    6.4525809015843e-06    -7.66884511577092e-06    5.61420258888764e-06    1.36649448262689e-05    0.00236942207153714    0.00369660466037193
201.499999999962    2.42007693170578e-06    -6.6369744538319e-06    5.59253576010476e-06    1.3553951917915e-05    0.00236485304053601    0.00368156323706182
201.999999999961    1.56588038069856e-07    -3.11836209784044e-06    5.57227893310864e-06    1.34874275144785e-05    0.00236056749714742    0.00367252199316714
202.499999999961    -9.62942898335338e-07    -5.7896066556689e-07    5.55096592120905e-06    1.34234978547313e-05    0.00235604859753572    0.00366380915435504
202.99999999996    3.12121243221687e-07    5.35634716141215e-06    5.5329100448922e-06    1.33514688264343e-05    0.0023522138396567    0.00365396225158107
203.49999999996    2.91796651203107e-06    3.55627710145498e-06    5.51127011601906e-06    1.32449596614836e-05    0.00234760763363269    0.00363936079749958
203.999999999959    4.13027830527154e-06    2.8334438433726e-06    5.47294639938376e-06    1.32577746834075e-05    0.00233942927659395    0.00364112162046306
204.499999999959    6.26840137098208e-06    4.63102817407152e-06    5.47203528345829e-06    1.31040951633196e-05    0.00233922978576337    0.00361995493299263
204.999999999959    7.52541261301369e-06    3.00396569712779e-07    5.45369108755993e-06    1.29961716435892e-05    0.00233530179114498    0.00360502032634368
205.499999999958    7.54635386086771e-06    6.20317440804152e-07    5.39440911248842e-06    1.30238179872322e-05    0.00232257446921123    0.00360885267120154
205.999999999958    7.83905490137899e-06    -4.30796910427649e-07    5.36599777863288e-06    1.29834928577742e-05    0.00231644907732744    0.00360326139381925
206.499999999957    6.76169430811343e-06    -3.09296873576434e-06    5.38331083796684e-06    1.28071007972973e-05    0.00232018644023641    0.00357869965641735
206.999999999957    5.47993170969742e-06    -2.2514931764926e-06    5.36548281233054e-06    1.27209959138835e-05    0.00231634470290564    0.00356664980684423
207.499999999956    4.12699600719738e-06    -2.84290983755508e-06    5.30835625940589e-06    1.2747138875507e-05    0.00230398333919971    0.00357031242237576
207.999999999956    3.58265441856069e-06    1.19056412070997e-06    5.28398695083896e-06    1.26683067335726e-05    0.00229868965182912    0.0035592562869411
208.499999999955    4.74914119860782e-06    2.52749725968518e-06    5.28573895531152e-06    1.25620026868622e-05    0.00229906859422884    0.00354429066226514
208.999999999955    5.50526509658176e-06    2.65403352329289e-07    5.27579209511158e-06    1.25011674268357e-05    0.00229690265078165    0.00353569899120341
209.499999999954    4.94633652958461e-06    -2.64529104302056e-06    5.24848176457205e-06    1.24524143383341e-05    0.00229095117763932    0.00352879686873152
209.999999999954    2.8844336318834e-06    -4.98274097869889e-06    5.22042091639398e-06    1.24018199512557e-05    0.00228482222425216    0.00352161825352324
210.499999999954    9.26661789322537e-07    -2.26982003676944e-06    5.20426717260973e-06    1.23256377259233e-05    0.00228128610961178    0.00351078802747194
210.999999999953    4.09232122886743e-07    -4.26930332961078e-07    5.18832702686288e-06    1.22374656750752e-05    0.0022777899067719    0.00349820889782268
211.499999999953    3.52313365122666e-07    8.05354948292739e-07    5.15580433279059e-06    1.22315881521892e-05    0.00227063960343025    0.00349736865423029
211.999999999952    1.73002696000475e-06    4.53632048466108e-06    5.13900310042857e-06    1.21407481669694e-05    0.00226693628217365    0.00348435468756639
212.499999999952    4.27104357843495e-06    5.04663129156821e-06    5.12394345169955e-06    1.20848170496556e-05    0.0022636088906625    0.00347631868233743
212.999999999951    6.5318334633621e-06    3.85369034004056e-06    5.11073223811849e-06    1.19920304417077e-05    0.00226068343057362    0.00346294897316991
213.499999999951    7.64403549659674e-06    -2.82339715597622e-08    5.0860493764136e-06    1.19652456247632e-05    0.00225521416835185    0.00345908161568443
213.99999999995    6.55486443594778e-06    -3.45236934191613e-06    5.06682376243213e-06    1.18936418609201e-05    0.00225095108702618    0.00344871424476804
214.49999999995    5.06212718514325e-06    -2.34088775021699e-06    5.04896749081858e-06    1.18291827229248e-05    0.0022469850612959    0.00343935709736127
214.999999999949    3.71169282412799e-06    -3.28628752267194e-06    5.02986554103381e-06    1.17686795529768e-05    0.00224273310145683    0.00343054933695627
215.499999999949    2.59694475196773e-06    -2.10841283051677e-07    5.01107336367473e-06    1.1716100349952e-05    0.00223854118111611    0.00342287894987509
215.999999999949    2.85772006610957e-06    -5.571479580461e-07    4.99408433461819e-06    1.16483959517308e-05    0.00223474297583731    0.00341297460308701
216.499999999948    1.6664781271944e-06    -2.41606626625317e-06    4.96717568132283e-06    1.15904619185451e-05    0.00222871552787104    0.00340447588935051
216.999999999948    2.37489768708711e-06    5.64263518720448e-06    4.94086106388076e-06    1.15596099614683e-05    0.00222280350542771    0.00339993795857166
217.499999999947    5.98412751693682e-06    6.7222643163939e-06    4.93686341278851e-06    1.14748085689342e-05    0.00222189729803301    0.00338744201132604
217.999999999947    7.57023350196598e-06    -8.5151971542209e-07    4.92389032319464e-06    1.13920167405117e-05    0.00221897116131764    0.00337520607006829
218.499999999946    5.63063361000892e-06    -5.97079079584203e-06    4.88117847278333e-06    1.13842632407156e-05    0.00220933174710103    0.00337405210249826
218.999999999946    2.31747055911597e-06    -6.76578559980224e-06    4.85719217488764e-06    1.13511921463788e-05    0.00220390263038498    0.00336914623762816
219.499999999945    -4.50442748840365e-07    -3.35939385099252e-06    4.8718478109825e-06    1.12228486938777e-05    0.00220722622494475    0.00335005035907681
219.999999999945    -3.34332401264535e-07    3.65689729838928e-06    4.863787465966e-06    1.11701177567178e-05    0.00220539959059302    0.00334217060962182
220.499999999944    2.08614163468092e-06    4.79679265766573e-06    4.82128115015163e-06    1.11788553636528e-05    0.00219574060356972    0.00334347608850923
220.999999999944    4.00555694269931e-06    3.00460797683327e-06    4.79231098040674e-06    1.11440449344942e-05    0.00218913109153388    0.00333826839945878
221.499999999944    5.16713838061622e-06    1.43999483053636e-06    4.79470325122049e-06    1.10308126621704e-05    0.00218967498773253    0.00332126641337085
221.999999999943    4.88337574581974e-06    -3.10895395236601e-06    4.78632869181948e-06    1.09550913227147e-05    0.00218776252012434    0.00330984616819574
222.499999999943    2.35564367226028e-06    -5.8151585140594e-06    4.75638959333071e-06    1.09220811562112e-05    0.00218091358019377    0.00330485209050914
222.999999999942    4.1450551405449e-07    -1.04451726614304e-06    4.72487514040881e-06    1.09020682790126e-05    0.00217367775178245    0.00330182785559699
223.499999999942    1.50879201606721e-06    4.91074237628835e-06    4.71067590728917e-06    1.08227190687916e-05    0.00217040863222478    0.00328978646015223
223.999999999941    4.03742030707627e-06    3.64185724382074e-06    4.69195256111634e-06    1.07801916566614e-05    0.00216608777761974    0.00328331819864253
224.499999999941    4.45360849733056e-06    -1.68745739974158e-06    4.67101662493568e-06    1.07469061096133e-05    0.00216124889596433    0.00327824698003382
224.99999999994    2.93060978470534e-06    -4.01542410830947e-06    4.66168654751809e-06    1.06568081283354e-05    0.00215909192927128    0.00326447423097573
225.49999999994    5.27546054950858e-07    -5.43109006398807e-06    4.64633377888114e-06    1.05883654872273e-05    0.00215553554843716    0.00325397234015412
225.999999999939    -1.8622704026963e-06    -3.22709837362288e-06    4.61911215182287e-06    1.05909003505664e-05    0.00214921117710006    0.00325436475159169
226.499999999939    -2.0566331817906e-06    2.52849430623388e-06    4.61461287876191e-06    1.04994096952922e-05    0.00214816401818433    0.00324027827539684
226.999999999939    2.53509409573638e-07    6.40118339078342e-06    4.60525196404838e-06    1.0458801787541e-05    0.00214598506513474    0.00323400074403087
227.499999999938    4.30289121130244e-06    9.50548879339597e-06    4.58457264311288e-06    1.04203478424831e-05    0.00214115719372495    0.00322804236158169
227.999999999938    8.84242067596336e-06    7.20093080001933e-06    4.56033007923423e-06    1.03843657395047e-05    0.00213547462893634    0.00322247015286415
228.499999999937    1.02701633942267e-05    -1.76409468254176e-06    4.54237605741029e-06    1.03123994403613e-05    0.00213126032693196    0.00321129200296879
228.999999999937    7.91901695544372e-06    -6.37414153633295e-06    4.52347202951722e-06    1.02925717101582e-05    0.002126830815718    0.00320819748152727
229.499999999936    4.6155861345662e-06    -6.6606804984354e-06    4.5209517706621e-06    1.02181647007438e-05    0.00212624797872373    0.00319657947438807
229.999999999936    1.27561615701763e-06    -6.63696670508347e-06    4.51059350059113e-06    1.01636705992432e-05    0.00212381540473614    0.00318804431429618
230.499999999935    -1.44214478756297e-06    -3.13158175444061e-06    4.48336672583507e-06    1.01579058413992e-05    0.00211739572259261    0.00318714543668703
230.999999999935    -1.09737098915525e-06    4.34424420382527e-06    4.46512933881085e-06    1.01120496675973e-05    0.00211308498044631    0.00317994194839144
231.499999999934    1.95160110538948e-06    6.78511914077267e-06    4.46420421631345e-06    1.00394975356664e-05    0.0021128654494706    0.00316850934949301
231.999999999934    5.1485500912131e-06    5.91345490573398e-06    4.46226153048429e-06    9.94787221735992e-06    0.00211240029892922    0.00315401922131286
232.499999999934    7.91276621744848e-06    5.04848778558258e-06    4.42400428063413e-06    9.94322855358936e-06    0.00210331682557929    0.00315328448864996
232.999999999933    9.71962313899131e-06    1.5831118341456e-06    4.37810883042659e-06    9.97116805730866e-06    0.00209237051196786    0.00315771524223854
233.499999999933    9.18810190477628e-06    -3.7362437073699e-06    4.37557350630809e-06    9.88271089749143e-06    0.00209176697676665    0.00314367570496296
233.999999999932    6.42435202184692e-06    -6.28411951403461e-06    4.38972524297696e-06    9.7688448990666e-06    0.00209515726633541    0.00312550882400107
234.499999999932    3.8949278752993e-06    -3.4946566811239e-06    4.37328808333574e-06    9.7403630530965e-06    0.00209123717279332    0.00312095351462837
234.999999999931    2.52392076254229e-06    -2.57933407399538e-06    4.34004916645526e-06    9.73143879850554e-06    0.00208327693701035    0.0031195243460408
235.499999999931    1.39993994737698e-06    -1.20970820364443e-06    4.31582178282421e-06    9.69536103227135e-06    0.00207745513140293    0.00311373723504046
235.99999999993    1.86560772029816e-06    3.17571329616883e-06    4.30700050697673e-06    9.66103050198889e-06    0.00207533058245778    0.00310821820611648
236.49999999993    4.22085382362556e-06    5.43867311247334e-06    4.31222133641526e-06    9.58122329758172e-06    0.00207658458070175    0.00309535033855887
236.999999999929    6.33237726834157e-06    2.27166043450999e-06    4.30545543990516e-06    9.5345288675973e-06    0.00207494947912071    0.00308780240740177
237.499999999929    6.38813670616044e-06    -1.47863287072889e-06    4.27998593690055e-06    9.49529683575886e-06    0.00206880282497148    0.00308144359828372
237.999999999929    5.70636616360921e-06    -7.75188112809369e-07    4.24295994818301e-06    9.49682118201313e-06    0.00205983673760039    0.00308169118847047
238.499999999928    5.17809941445749e-06    -2.12738933336863e-06    4.22720187914379e-06    9.45979624741221e-06    0.00205600950056906    0.0030756774410895
238.999999999928    3.6349761018573e-06    -3.13415852836159e-06    4.23436983640312e-06    9.38046112779359e-06    0.00205775523893194    0.00306275224346402
239.499999999927    2.59764558406229e-06    -1.41227667841949e-06    4.23485219035829e-06    9.31068040498317e-06    0.00205787401037957    0.00305134042847693
239.999999999927    1.66199506416095e-06    -2.17369768694837e-06    4.2077362446428e-06    9.28923486548708e-06    0.00205127606197099    0.00304782383685892
240.499999999926    1.23245207739728e-06    1.02017020607688e-06    4.17306646315745e-06    9.28214685654562e-06    0.00204280810264188    0.00304666142126072
240.999999999926    2.2716561280954e-06    2.17462848714241e-06    4.16678125588198e-06    9.23553373645502e-06    0.00204126825661411    0.00303900131744722
241.499999999925    2.81721288638164e-06    9.60154955753348e-08    4.1731809362372e-06    9.13576214528484e-06    0.00204283455021417    0.00302254232990472
241.999999999925    2.92569342962786e-06    8.50818137507669e-07    4.14387180938379e-06    9.14551828125699e-06    0.00203564811539267    0.00302415567677418
242.499999999924    3.54189307199563e-06    1.0972243595348e-06    4.11172981861948e-06    9.13171680036006e-06    0.00202773698334201    0.00302187286239159
242.999999999924    4.09831443325774e-06    1.95563555539719e-06    4.10903577088795e-06    9.05888468704269e-06    0.00202707152678606    0.00300979747865737
243.499999999924    6.02468439591651e-06    5.16386072097317e-06    4.11189630985864e-06    8.99461602179532e-06    0.00202777217976689    0.00299909809048283
243.999999999923    7.67335638924475e-06    -2.07181737655852e-07    4.0962040806643e-06    8.95642379743164e-06    0.00202389357434279    0.00299272847991718
244.499999999923    5.48911925336244e-06    -7.33118440136854e-06    4.06297656547113e-06    8.95848783562014e-06    0.00201567518093589    0.0029930643309751
244.999999999922    2.19793266072613e-06    -4.38016408172145e-06    4.04077682015474e-06    8.93083982206293e-06    0.00201016715455376    0.00298844786406348
245.499999999922    1.10727800440376e-06    -1.24369346476904e-06    4.03862611321636e-06    8.85797762106817e-06    0.00200963302300489    0.00297623521824044
245.999999999921    -1.46284248019996e-07    -3.61051470038551e-06    4.03505030827377e-06    8.82799493814927e-06    0.00200874345969681    0.00297119200024718
246.499999999921    -1.09827320808259e-06    1.14624737214038e-06    4.03248451072779e-06    8.7462021412951e-06    0.00200810440578267    0.00295739764445231
246.99999999992    8.57672391035918e-07    5.46493706187828e-06    4.00297136618083e-06    8.75294908679567e-06    0.00200074251981081    0.00295853328885422
247.49999999992    3.33136799524502e-06    3.89615679813199e-06    3.97472025406353e-06    8.74026957160858e-06    0.00199366726312362    0.00295639212412203
247.999999999919    4.65254302579882e-06    1.52822989615659e-06    3.97175651098421e-06    8.689819655674e-06    0.00199292118881495    0.00294784960949289
248.499999999919    4.88618529464683e-06    -7.38319043745007e-07    3.9781477034389e-06    8.60730139267351e-06    0.0019945234590328    0.00293382017982672
248.999999999919    3.94675672270383e-06    -2.58398635012595e-06    3.96058635755831e-06    8.60251979945501e-06    0.00199011828308513    0.002933004112249
249.499999999918    2.97585345041207e-06    -7.55141962042678e-07    3.93897962712367e-06    8.5741512600783e-06    0.00198468404826056    0.00292816507216361
249.999999999918    3.14708351249801e-06    8.83326434087902e-07    3.92206680623866e-06    8.5283882536267e-06    0.00198041836542283    0.00292034030095143
250.499999999917    3.44986564676039e-06    4.27752886900432e-07    3.90612192860393e-06    8.50203715642331e-06    0.00197638812661657    0.00291582526456075
250.999999999917    3.96519567918167e-06    1.82584826499769e-06    3.89963890889066e-06    8.46505691135057e-06    0.00197474635994446    0.00290947651264427
251.499999999916    4.95578399870998e-06    1.44113062921027e-06    3.89829447278246e-06    8.38176947435295e-06    0.00197440368541679    0.0028951282177989
251.999999999916    4.84612765622727e-06    -1.86580259285311e-06    3.87350981379458e-06    8.39362272940066e-06    0.00196811745809068    0.00289717435584767
252.499999999915    3.82081507855812e-06    -1.11588064941666e-06    3.85331551383469e-06    8.36718804776909e-06    0.00196298265789763    0.00289260899579937
252.999999999915    4.4639692783215e-06    3.60838259002788e-06    3.8452880747221e-06    8.30451047906559e-06    0.00196093552869552    0.00288175249781113
253.499999999914    6.49967408135843e-06    3.0794389910644e-06    3.83397400159744e-06    8.28394648086033e-06    0.00195804283809989    0.00287818293336539
253.999999999914    6.41612553076801e-06    -3.62668804045629e-06    3.82410786350766e-06    8.22707607678535e-06    0.00195552210338846    0.00286828571169596
254.499999999914    3.63153719021664e-06    -6.35455468844709e-06    3.80639745150911e-06    8.20580664631818e-06    0.00195099571077098    0.00286457086942405
254.999999999913    8.23919209040643e-07    -4.63394867821672e-06    3.79010762818225e-06    8.1772235877716e-06    0.00194681970129218    0.00285958075848388
255.499999999913    -1.13979540908674e-06    -3.47191018932433e-06    3.77939311677784e-06    8.14522879017926e-06    0.00194406579560576    0.00285398260962097
255.999999999912    -2.4724206549184e-06    -1.19953823413589e-06    3.77279285031592e-06    8.09242284787482e-06    0.00194236627273334    0.00284471815985043
256.499999999912    -1.76953578748789e-06    3.99232460417213e-06    3.75565668116225e-06    8.08668397479149e-06    0.00193795086364576    0.00284370674228827
256.999999999911    9.36396123208832e-07    6.27318061526047e-06    3.74456133705406e-06    8.04607328062763e-06    0.00193508668028498    0.00283655317733206
257.499999999911    4.45476698269513e-06    7.89405126327173e-06    3.73711973561605e-06    8.00483127109308e-06    0.00193315800975171    0.00282927003925884
257.99999999991    8.24153590415082e-06    6.00557964675473e-06    3.72714964705376e-06    7.96415148686891e-06    0.00193056513076863    0.00282207643763985
258.49999999991    9.58869397967821e-06    -5.85240302549346e-07    3.71263476132036e-06    7.93764953087405e-06    0.00192679599809324    0.00281738339392562
258.999999999909    8.12228389354768e-06    -4.90290291626562e-06    3.69884836024633e-06    7.91446476147203e-06    0.0019232218771506    0.00281326158097946
259.499999999909    5.10823205392574e-06    -6.53418777559489e-06    3.68893891366945e-06    7.87409551735301e-06    0.00192065426863731    0.0028060742723141
259.999999999909    2.02613727686584e-06    -5.54931740114653e-06    3.6721510096287e-06    7.84139440751579e-06    0.00191628466162949    0.00280024349166143
260.499999999908    3.60233002375726e-08    -1.75150441832966e-06    3.65102731052772e-06    7.84409834956165e-06    0.00191076615765249    0.00280073120484525
260.999999999908    4.50250786570706e-07    2.85155101665622e-06    3.65132513514122e-06    7.78396234119298e-06    0.00191084403665381    0.0027899738726106
261.499999999907    1.97899178453612e-06    2.46523884834904e-06    3.65417336674859e-06    7.73393172150161e-06    0.00191158820103601    0.00278099364330432
261.999999999907    2.6782055770763e-06    6.71416311322002e-07    3.64210277249342e-06    7.71870249002095e-06    0.00190842752016112    0.00277825521491836
262.499999999906    3.16987308516167e-06    1.67278744352054e-06    3.62290203354623e-06    7.71153098856319e-06    0.0019033896042195    0.00277696384390315
262.999999999906    4.38920356757873e-06    2.76590709659655e-06    3.61384125388905e-06    7.67273860084664e-06    0.00190100552044992    0.00276996948550062
263.499999999905    5.06681156157682e-06    -7.83074637678198e-07    3.60951388434592e-06    7.62977893488612e-06    0.00189986531411217    0.00276220533662511
263.999999999905    3.87645784080728e-06    -2.84443301654812e-06    3.59898403172321e-06    7.60332872617014e-06    0.0018970948855547    0.00275741194517086
264.499999999904    3.22855375315431e-06    6.71346334836365e-07    3.58179427928246e-06    7.58722937438149e-06    0.00189256013265712    0.00275449249838797
264.999999999904    4.33945029809496e-06    3.14226291413929e-06    3.56788491531237e-06    7.55596585695034e-06    0.00188887958443186    0.00274880992124485
265.499999999904    5.78077478040899e-06    2.35070192952863e-06    3.55971851552605e-06    7.51765502343681e-06    0.00188671277574754    0.00274183323665705
265.999999999903    6.62344842018523e-06    7.74578097265582e-07    3.54975444030743e-06    7.49658183132852e-06    0.00188406755989228    0.00273798853747734
266.499999999903    6.05579084926046e-06    -3.35254535333242e-06    3.54371523038248e-06    7.47702160909558e-06    0.00188246608409811    0.00273441225303268
266.999999999902    3.58036282768951e-06    -5.82469572764798e-06    3.54501080803529e-06    7.42481024453616e-06    0.0018828165043459    0.00272484427398261
267.499999999902    8.37312809774282e-07    -4.8279880310394e-06    3.53766747418473e-06    7.38043384817043e-06    0.00188086862196486    0.00271669110108271
267.999999999901    -1.13406069719475e-06    -2.99202651937412e-06    3.51048333769178e-06    7.37893443153283e-06    0.00187362804515681    0.00271641776597602
268.499999999901    -2.03338644593377e-06    -4.83291039584753e-07    3.48583952997962e-06    7.37806933938157e-06    0.0018670392056192    0.00271626013220592
268.9999999999    -1.56094291827386e-06    2.32777567205966e-06    3.48702632908592e-06    7.32634835962519e-06    0.00186735746244342    0.00270672180711015
269.4999999999    1.89419712341401e-07    4.55014438767009e-06    3.49403403234887e-06    7.2614036683276e-06    0.001869233531817    0.00269469533797675
269.999999999899    2.59810528418674e-06    4.33322495505788e-06    3.47674519543931e-06    7.24296439391574e-06    0.00186460141727079    0.00269127211873441
270.499999999899    3.98906684656341e-06    1.2925136224288e-06    3.44549118885786e-06    7.23877848193578e-06    0.00185619914777578    0.00269049750257166
270.999999999899    4.2351578990566e-06    -1.46418539112748e-07    3.42551669906932e-06    7.23318570114367e-06    0.001850810298898    0.00268945825022537
271.499999999898    3.63289582665122e-06    -2.59340007163566e-06    3.43157822052059e-06    7.18952759657866e-06    0.00185244838594453    0.00268132819156006
271.999999999898    1.70503714716696e-06    -4.50456725198473e-06    3.44295673184296e-06    7.11629277410092e-06    0.00185551982600329    0.00266763424835092
272.499999999897    -4.58787388807389e-08    -1.8673988432746e-06    3.42394467520272e-06    7.10567046334758e-06    0.00185039041099382    0.00266564569591856
272.999999999897    -6.70621611873542e-08    1.38445680406348e-06    3.39323075028689e-06    7.1104307833436e-06    0.00184207240514307    0.00266653874275679
273.499999999896    8.01600772753872e-07    1.75362201264424e-06    3.38165643311861e-06    7.07385051883776e-06    0.0018389278916137    0.00265967055171267
273.999999999896    1.75919935748524e-06    2.31857568902615e-06    3.38548479358223e-06    7.03460332034586e-06    0.00183996785265391    0.00265228164879838
274.499999999895    2.97098853769735e-06    1.90302697887225e-06    3.38822473286988e-06    6.98885849772803e-06    0.00184071070679153    0.00264364424161352
274.999999999895    3.16247585203016e-06    -9.84546248222021e-07    3.37302155496204e-06    6.96464237506806e-06    0.00183657604081849    0.00263906070520114
275.499999999894    2.86466680187067e-06    8.2652707225946e-07    3.34337784844252e-06    6.97449306967989e-06    0.00182848834891739    0.00264092642580835
275.999999999894    4.15648705395371e-06    3.4507227185658e-06    3.32606152327507e-06    6.95730372947674e-06    0.00182374456733679    0.00263766787560327
276.499999999894    5.11073872505417e-06    -3.21280973822788e-07    3.3288318089203e-06    6.91909118990743e-06    0.00182450149061873    0.00263041652342095
276.999999999893    4.20192477715151e-06    -2.29451107398364e-06    3.3374835356772e-06    6.87087730073272e-06    0.00182687325217306    0.0026212348303713
277.499999999893    3.61136905068447e-06    1.6304106712364e-07    3.33053881051922e-06    6.83733037226124e-06    0.00182497281309416    0.00261482893239287
277.999999999892    3.98127198137075e-06    5.63310002966094e-07    3.30551585619512e-06    6.82772199491809e-06    0.00181810340895905    0.00261299094479869
278.499999999892    3.70950930087711e-06    -1.52964632056255e-06    3.28212729321982e-06    6.83698146870309e-06    0.00181166043528046    0.00261476177287439
278.999999999891    2.98309935079542e-06    -8.11965170093052e-07    3.28582274389495e-06    6.77860164378665e-06    0.00181268139644374    0.00260357465506546
279.499999999891    2.89485446013054e-06    -2.17253465302391e-07    3.28858291835673e-06    6.73121809368215e-06    0.00181344273087803    0.00259445910480067
279.99999999989    2.14569593956401e-06    -2.66544543356657e-06    3.271365641133e-06    6.72795059040488e-06    0.00180869042047608    0.00259382795994752
280.49999999989    1.090490038179e-06    -6.74429250198286e-07    3.2534939567809e-06    6.71451079954653e-06    0.00180374409704159    0.00259123722277442
280.999999999889    1.50704139728162e-06    1.71392665446584e-06    3.24531937779276e-06    6.67449691865952e-06    0.00180147636859854    0.00258350420574749
281.499999999889    2.33891449838238e-06    1.53125400886514e-06    3.23540267050338e-06    6.65872731637317e-06    0.00179872099003218    0.0025804505365603
281.999999999889    3.08391901377089e-06    1.42604345289703e-06    3.22556295975833e-06    6.6381310759433e-06    0.00179598258599627    0.00257645668357599
282.499999999888    3.77477577236033e-06    1.51785298290955e-06    3.21821103155609e-06    6.61458045839796e-06    0.00179393332725159    0.00257188222018822
282.999999999888    4.72823279484543e-06    2.09070112979671e-06    3.21488711615034e-06    6.58231750784085e-06    0.00179300439485378    0.00256560190536444
283.499999999887    5.34368737372162e-06    -1.13402004389008e-07    3.20932327093993e-06    6.55579262444033e-06    0.00179145045031817    0.00256042820863627
283.999999999887    4.63990369817425e-06    -2.24950325282119e-06    3.19780344015411e-06    6.53077390085052e-06    0.00178823429993046    0.00255553689869382
284.499999999886    3.35953635501227e-06    -3.02938481548834e-06    3.17955948080487e-06    6.52032598849346e-06    0.00178312876549069    0.00255349110265164
284.999999999886    1.41235247942878e-06    -4.61512259802441e-06    3.16492539333536e-06    6.51214343458673e-06    0.00177902315853275    0.00255188599573534
285.499999999885    -6.13376825735317e-07    -2.60117905924321e-06    3.16459998472917e-06    6.46694383430327e-06    0.00177893215398959    0.0025430173157434
285.999999999885    -6.83983710510836e-07    2.14825856691039e-06    3.16230323730992e-06    6.41770964492351e-06    0.00177828647002563    0.00253331897516058
286.499999999884    8.35313783168444e-07    3.15850367470955e-06    3.14554263285806e-06    6.4123223628934e-06    0.00177356757274961    0.00253225440798272
286.999999999884    2.31209796107311e-06    3.32487684661481e-06    3.13203054964698e-06    6.40018464642526e-06    0.0017697528651905    0.00252985643695827
287.499999999884    4.83392460424479e-06    6.82549332139261e-06    3.12884396799283e-06    6.35470983369788e-06    0.00176884725207287    0.00252084574029011
287.999999999883    8.25524017936726e-06    5.47888955212031e-06    3.11751789775614e-06    6.34258798730147e-06    0.00176563012796161    0.00251844356082695
288.499999999883    9.27426664213647e-06    -1.84271259871498e-06    3.10365437954899e-06    6.32941957154411e-06    0.0017616947430038    0.00251583309779373
288.999999999882    6.61117450025893e-06    -8.02772862848954e-06    3.0947018534926e-06    6.29075877838688e-06    0.00175916404745672    0.00250812566151697
289.499999999882    2.34590010970296e-06    -7.92947409072138e-06    3.08440999645693e-06    6.28239229836628e-06    0.00175624727564475    0.00250645754438549
289.999999999881    -5.80271011616973e-07    -3.47443400327666e-06    3.08194725642767e-06    6.24936563998209e-06    0.00175554747008254    0.00249987071031492
290.499999999881    -1.19255642404413e-06    7.01598683064859e-07    3.08000081966639e-06    6.2229113549897e-06    0.00175499270581834    0.00249457628922208
290.99999999988    -2.49990462856831e-07    2.79101155448008e-06    3.07008219626832e-06    6.19576390516858e-06    0.00175216498474689    0.00248912758118645
291.49999999988    1.38335954469163e-06    3.47343034163308e-06    3.05043267590448e-06    6.19667793808463e-06    0.00174654824216821    0.00248931032082509
291.999999999879    2.93449394633545e-06    2.55992421738936e-06    3.04001322097043e-06    6.18540291852783e-06    0.00174356089934241    0.00248704571033904
292.499999999879    3.90139885568187e-06    1.22602727252188e-06    3.04585312933097e-06    6.12475709486743e-06    0.00174523290950461    0.00247482435573205
292.999999999879    3.89966602408841e-06    -1.5445114576458e-06    3.04005011929164e-06    6.10182546141516e-06    0.00174356958906048    0.00247018685040211
293.499999999878    2.37919276182842e-06    -4.01252322138452e-06    3.02149502988008e-06    6.10693026865222e-06    0.00173824318474772    0.00247121714309156
293.999999999878    6.14811894859206e-07    -2.48940102981872e-06    3.00960016281795e-06    6.0810291739021e-06    0.00173481981335938    0.00246597302839764
294.499999999877    1.16643582645832e-07    5.41086365134136e-07    3.00303392821415e-06    6.06301941917888e-06    0.00173292640195954    0.00246231986679319
294.999999999877    1.08663145781976e-06    3.03199608659262e-06    2.99932328570051e-06    6.02501881795355e-06    0.00173185510506295    0.00245458950233095
295.499999999876    2.62242700386204e-06    2.55095609612868e-06    2.98950527810459e-06    6.01091925170788e-06    0.00172901659939435    0.00245171628544799
295.999999999876    3.23230042879519e-06    -3.46192741851357e-07    2.97936980955931e-06    5.99915095931867e-06    0.00172608208431501    0.00244931640248239
296.499999999875    2.26138318539556e-06    -3.28442204492527e-06    2.97431850819883e-06    5.96140723386752e-06    0.00172461978254481    0.00244159710977044
296.999999999875    4.67115913415351e-07    -3.19870742391885e-06    2.9621459856308e-06    5.94066282569693e-06    0.00172108854142764    0.00243734539898795
297.499999999874    -3.20087028468409e-07    4.17358870883967e-07    2.94404512632413e-06    5.94906710814347e-06    0.00171582196741632    0.00243907091613898
297.999999999874    8.60144586811955e-07    3.81757556537085e-06    2.94030540287889e-06    5.91664369882065e-06    0.00171473165919049    0.00243241220292479
298.499999999874    2.76221825948205e-06    3.23215113577748e-06    2.94328492887872e-06    5.87967919588062e-06    0.00171559823357015    0.00242480282684586
298.999999999873    4.06266301857857e-06    2.2242554559947e-06    2.94124147924742e-06    5.84914025359022e-06    0.00171499999242467    0.00241849856445645
299.499999999873    5.00481785359297e-06    1.28534468577405e-06    2.9272128376083e-06    5.83131589581184e-06    0.00171090262417431    0.00241481143025721
