#t    rhoGW_over_rho    rhoGW
0    0    0
9.99999999999983    7.14295315678325e-15    5.73389078124508e-17
20.0000000000003    1.30311877351826e-14    3.32598260355424e-17
30.0000000000019    3.06845605490759e-13    3.65823544610874e-16
40.0000000000006    2.60031976742139e-12    1.8098664979259e-15
49.9999999999986    5.81377167781837e-12    2.69576619888651e-15
59.9999999999966    2.29456214413496e-10    7.68570031433375e-14
69.9999999999989    7.23348275473293e-08    1.80903886673837e-11
80.000000000004    6.85964662005948e-07    1.2925149085083e-10
90.0000000000091    2.58898015180357e-06    3.85647526814975e-10
100.000000000014    6.90894627461394e-06    8.152268582947e-10
110.000000000019    1.43551512978525e-05    1.37097840192213e-09
120.000000000024    2.20481316797834e-05    1.7258176943411e-09
130.000000000027    2.90867292680843e-05    1.89398436638876e-09
140.000000000018    3.49966186898744e-05    1.92341500366038e-09
150.000000000009    4.01283495248457e-05    1.88603929766097e-09
159.999999999999    4.40817271827263e-05    1.79221313380738e-09
169.99999999999    4.75043127323021e-05    1.68749211128104e-09
179.999999999981    5.06224306476147e-05    1.5849585013828e-09
189.999999999972    5.32328734800433e-05    1.48037122842577e-09
199.999999999963    5.53424217688246e-05    1.37636528059058e-09
209.999999999954    5.74005201294308e-05    1.28445407877519e-09
219.999999999945    5.89689781201862e-05    1.19376704303138e-09
229.999999999936    6.04623504494099e-05    1.11278814873233e-09
239.999999999927    6.1776123127347e-05    1.0382948985619e-09
249.999999999918    6.28417057576208e-05    9.68455136467822e-10
259.999999999909    6.36880335563057e-05    9.0329515657497e-10
269.999999999899    6.46661590419822e-05    8.46988945041733e-10
279.99999999989    6.53647777557898e-05    7.93123450397991e-10
289.999999999881    6.5861527184535e-05    7.42473405894615e-10
