1:binCentralValue 2:valuesAverage 3:valuesAverage 4:multiplicity
0.5 2.044521655924658e-12 8.791928335691996e-13 18
1 5.088593147065007e-12 5.828139318533811e-12 62
1.5 1.421428848556261e-11 3.515023802662242e-11 98
2 2.721987016332855e-11 8.248533894268253e-11 210
2.5 4.039402089405961e-11 2.974978554073893e-10 350
3 5.762197384223279e-11 4.965781840589843e-10 450
3.5 7.958834901053576e-11 9.499050585479769e-10 602
4 9.787132218283788e-11 1.467904586180983e-09 762
4.5 1.512761690676223e-10 2.929311844029416e-09 1142
5 1.618336878618558e-10 3.977384080337881e-09 1250
5.5 2.01491366965079e-10 5.38372918242376e-09 1458
6 2.369378119935611e-10 8.821436103453365e-09 1814
6.5 3.031182878326068e-10 1.162457512326669e-08 2178
7 3.200143576337618e-10 1.563089607533135e-08 2498
7.5 3.44368820369691e-10 1.854902025302299e-08 2622
8 4.51779085758668e-10 2.834274952610399e-08 3338
8.5 4.932658641871062e-10 3.560526724257742e-08 3722
9 5.40728410667866e-10 4.376297941033742e-08 4170
9.5 5.719781761085943e-10 4.988838449757888e-08 4358
10 6.942777523040785e-10 6.576448133946622e-08 5034
10.5 7.678736922574183e-10 8.167608727510592e-08 5714
11 7.94439068259603e-10 9.493030935444738e-08 5982
11.5 8.744251861918766e-10 1.130244362769617e-07 6602
12 9.353378404601183e-10 1.321209732973957e-07 7130
12.5 1.049270232979733e-09 1.613730963609683e-07 8034
13 1.109914377722464e-09 1.897192452896105e-07 8606
13.5 1.224548189982205e-09 2.139148290199007e-07 9066
14 1.322904337079128e-09 2.539927453958364e-07 9962
14.5 1.39815435633329e-09 2.900976321609756e-07 10550
15 1.473801868648809e-09 3.264066800183772e-07 11226
15.5 1.58681739790354e-09 3.74422601535615e-07 12146
16 1.609831873319468e-09 4.042269645934772e-07 12303
16.5 1.641135962970199e-09 4.401968367158493e-07 12584
17 1.609207589478765e-09 4.475651115141823e-07 12120
17.5 1.46636958181807e-09 4.390109204989852e-07 11180
18 1.456658922669657e-09 4.598093072727436e-07 11096
18.5 1.346655458546208e-09 4.406250936690317e-07 10056
19 1.290290273543469e-09 4.492746328290517e-07 9716
19.5 1.098258366880492e-09 4.164236640691203e-07 8604
20 5.183617023682797e-10 2.035708665129524e-07 8060
20.5 1.156124865132144e-32 2.887406730305218e-33 7320
21 1.09471703081281e-32 3.171438155883758e-33 6356
21.5 8.581740363283415e-33 2.870425476888914e-33 5348
22 9.187321674280824e-33 1.709721276895954e-33 4308
22.5 7.182852073696867e-33 1.979852239438973e-33 3563
23 4.268657441175981e-33 1.078102867066996e-33 2448
23.5 3.265172506827522e-33 8.837692510465043e-34 1868
24 3.195521061881353e-33 7.472670624633884e-34 1358
24.5 2.289252527436522e-33 6.000571661466159e-34 1062
25 1.495710891372922e-33 3.814320048188227e-34 776
25.5 8.75098160130408e-34 3.040683663738213e-34 432
26 9.089739766400073e-34 1.758806428747349e-34 200
26.5 5.175449795976094e-34 2.047842894141979e-34 168
27 3.976263534013857e-34 9.122260822078027e-35 56
27.5 1.38682590560681e-34 1.471854256923537e-35 7

0.5 2.356629370638076e-13 7.233985374079963e-14 18
1 8.603222505364212e-13 3.667775370641546e-13 62
1.5 1.156516364181204e-12 1.779978606862668e-12 98
2 2.325876476156142e-12 3.288373722436475e-12 210
2.5 4.297198901343342e-12 8.80275460868839e-12 350
3 5.897349859418698e-12 1.585757371982323e-11 450
3.5 8.560203310276766e-12 2.767786586737525e-11 602
4 1.121760437605254e-11 4.024664052356867e-11 762
4.5 1.836871587589049e-11 7.498811530477317e-11 1142
5 2.053284912051017e-11 9.936754526323186e-11 1250
5.5 2.408697742858159e-11 1.408526617344454e-10 1458
6 3.269644998045445e-11 2.006110789434356e-10 1814
6.5 3.935346968810701e-11 2.78753582417621e-10 2178
7 4.624885939684866e-11 3.348899009125377e-10 2498
7.5 4.719230180736906e-11 4.182225966692329e-10 2622
8 6.589769590778914e-11 6.02775583448794e-10 3338
8.5 7.12123570336418e-11 7.661927413181509e-10 3722
9 8.102164654143195e-11 9.053307966348214e-10 4170
9.5 8.595544288080298e-11 1.026823782306426e-09 4358
10 1.039917857227489e-10 1.365042121617719e-09 5034
10.5 1.1776526866426e-10 1.65919252173176e-09 5714
11 1.262933586368282e-10 1.872311725057598e-09 5982
11.5 1.398658707389928e-10 2.219861321744396e-09 6602
12 1.509367436333753e-10 2.579133169383539e-09 7130
12.5 1.706637582340329e-10 3.134745586771214e-09 8034
13 1.872447382955215e-10 3.580415094426336e-09 8606
13.5 2.068180687877158e-10 4.028313101508918e-09 9066
14 2.341240495444501e-10 4.607189942396915e-09 9962
14.5 2.417104228483683e-10 5.419551868478931e-09 10550
15 2.612904617474596e-10 5.96669825308715e-09 11226
15.5 2.901497331404127e-10 6.689324025834961e-09 12146
16 3.027983161573597e-10 7.069245596631825e-09 12303
16.5 3.103044922503104e-10 7.659551954512742e-09 12584
17 2.988293518380003e-10 7.875427402739288e-09 12120
17.5 2.763400518322798e-10 7.627463324059059e-09 11180
18 2.715909649878817e-10 8.114121475718902e-09 11096
18.5 2.553588424475028e-10 7.591906343296251e-09 10056
19 2.493241410290535e-10 7.671643048039033e-09 9716
19.5 2.223489215070863e-10 6.879287969887539e-09 8604
20 1.058177804733883e-10 3.357990671609236e-09 8060
20.5 6.509679450890532e-14 2.040443509514075e-12 7320
21 5.580461322612519e-14 2.00974133617166e-12 6356
21.5 4.064303656958615e-14 1.79071780996574e-12 5348
22 3.295652371111904e-14 1.322855418413256e-12 4308
22.5 2.216436692393346e-14 1.119037606564611e-12 3563
23 1.246167967442906e-14 6.309435653043172e-13 2448
23.5 7.720293444213671e-15 5.244339520195291e-13 1868
24 5.615111000559028e-15 3.459166546881884e-13 1358
24.5 3.705382547316019e-15 4.236163420265029e-13 1062
25 4.729536174120114e-15 3.158488168801922e-13 776
25.5 5.021153062710943e-15 1.404519416407221e-13 432
26 3.006365591961574e-15 4.876852478121104e-14 200
26.5 2.889395209587901e-15 1.568542896138145e-14 168
27 1.172962317633007e-15 4.71193493067732e-15 56
27.5 4.357821888447665e-17 2.366263922809346e-16 7

0.5 6.111431866489463e-13 4.166552320422954e-14 18
1 1.965683827084589e-12 1.943531768880472e-13 62
1.5 1.805131259155828e-12 5.265544336681593e-13 98
2 3.242338517531993e-12 1.325268190499669e-12 210
2.5 3.897880373846706e-12 3.379320308678854e-12 350
3 3.275978031057737e-12 5.26785051491727e-12 450
3.5 4.761291395245245e-12 7.481693789919998e-12 602
4 5.434947131329876e-12 1.05741517488842e-11 762
4.5 8.382890024043333e-12 1.953594741295031e-11 1142
5 9.469831100188631e-12 2.361264946229115e-11 1250
5.5 1.081381314763188e-11 3.385846919877681e-11 1458
6 1.453543696989005e-11 4.914694475188952e-11 1814
6.5 1.777904079297427e-11 6.61026737494471e-11 2178
7 2.013495406406284e-11 8.245779897624687e-11 2498
7.5 2.229924910354453e-11 9.545426545557565e-11 2622
8 3.015805220697969e-11 1.42615619801091e-10 3338
8.5 3.449715809350904e-11 1.722986184829376e-10 3722
9 3.721642774023998e-11 2.148303939610258e-10 4170
9.5 3.877360799858588e-11 2.476597820714004e-10 4358
10 4.889141502555964e-11 3.148816686798907e-10 5034
10.5 5.393965424871857e-11 3.905710405419348e-10 5714
11 5.83969304894979e-11 4.37017160539328e-10 5982
11.5 6.295858040939997e-11 5.299402595640078e-10 6602
12 7.228683422966385e-11 5.814473212423825e-10 7130
12.5 8.036521947833193e-11 7.113009766605372e-10 8034
13 8.803103331329869e-11 8.161419757230559e-10 8606
13.5 9.615401108979926e-11 9.289338873014015e-10 9066
14 1.074530642072404e-10 1.075074012196028e-09 9962
14.5 1.139244194297122e-10 1.231011142020281e-09 10550
15 1.229189581470556e-10 1.363702197421243e-09 11226
15.5 1.365107898960891e-10 1.521609030198335e-09 12146
16 1.421375573103417e-10 1.609879837376519e-09 12303
16.5 1.446136970944868e-10 1.749701673007906e-09 12584
17 1.382314635213135e-10 1.80962780762845e-09 12120
17.5 1.292724762500281e-10 1.733997460350699e-09 11180
18 1.27380254546283e-10 1.839586146942097e-09 11096
18.5 1.188265245005242e-10 1.740923317454276e-09 10056
19 1.170311205168872e-10 1.738453872853897e-09 9716
19.5 1.006369646677216e-10 1.614605601786238e-09 8604
20 4.848265928931898e-11 7.741564859712333e-10 8060
20.5 7.734687624988699e-14 1.506455793176883e-12 7320
21 6.548776066108389e-14 1.20286106285992e-12 6356
21.5 4.847991550077958e-14 8.790063008441178e-13 5348
22 3.573755659924066e-14 6.218768040939033e-13 4308
22.5 2.540117728864198e-14 4.305392753696946e-13 3563
23 1.417668657501243e-14 2.205619764187607e-13 2448
23.5 8.999339712752137e-15 1.677556931772794e-13 1868
24 6.104798421330054e-15 1.095259463649399e-13 1358
24.5 4.657224493745626e-15 1.135271474654537e-13 1062
25 2.672117317594625e-15 1.195549569229033e-13 776
25.5 8.824510651936412e-16 1.259096506111976e-13 432
26 5.929392917149671e-16 6.828137350002367e-14 200
26.5 7.861348753853455e-16 4.798697207643446e-14 168
27 4.936575965444372e-16 1.884155299451034e-14 56
27.5 2.735853541450014e-17 1.662736892202854e-15 7

0.5 1.97037271500317e-12 2.990150348041311e-13 18
1 6.771694353373538e-12 1.966160331343024e-12 62
1.5 7.132039362828119e-12 3.317449134010582e-12 98
2 1.591424181668766e-11 1.033033208146273e-11 210
2.5 1.599352649423868e-11 1.766323750034856e-11 350
3 1.250906236347379e-11 2.391634898013469e-11 450
3.5 9.437294421883138e-12 2.83299294275472e-11 602
4 6.861301465819493e-12 3.596216510508669e-11 762
4.5 7.243146417702514e-12 4.554694080857902e-11 1142
5 5.999184321512008e-12 4.155546748656789e-11 1250
5.5 6.421515259080205e-12 3.823587627967043e-11 1458
6 8.465022577892254e-12 4.147205459314682e-11 1814
6.5 1.013177291412767e-11 4.309448543657629e-11 2178
7 1.149923353368398e-11 4.633047875356302e-11 2498
7.5 1.303428746521762e-11 4.791830092159341e-11 2622
8 1.741591850196273e-11 6.610521643245533e-11 3338
8.5 2.011482513694532e-11 7.49678966955715e-11 3722
9 2.223820073301644e-11 8.83125998907494e-11 4170
9.5 2.29881159683793e-11 1.010429879719081e-10 4358
10 2.898926945874495e-11 1.296424916318693e-10 5034
10.5 3.271373162481882e-11 1.608601661257935e-10 5714
11 3.529619606920374e-11 1.895852857309629e-10 5982
11.5 3.932992574110775e-11 2.401767028436411e-10 6602
12 4.52118806180616e-11 2.981720172654635e-10 7130
12.5 5.616938937139596e-11 3.675043025005974e-10 8034
13 6.86126486397957e-11 4.088838834402916e-10 8606
13.5 8.117294987738324e-11 4.426844106469984e-10 9066
14 1.002113870426613e-10 4.791793588054698e-10 9962
14.5 1.112662168133625e-10 5.382994078675179e-10 10550
15 1.193744026430058e-10 5.931052887518959e-10 11226
15.5 1.281927629458014e-10 7.000379378756698e-10 12146
16 1.259805521309952e-10 7.562725904661578e-10 12303
16.5 1.304502399992693e-10 8.076390094281776e-10 12584
17 1.236486451948533e-10 8.186523500623092e-10 12120
17.5 1.069677576134312e-10 8.108176673635828e-10 11180
18 9.972610984859563e-11 8.574378447673717e-10 11096
18.5 8.42530206010241e-11 8.306983519111075e-10 10056
19 7.870998017020397e-11 8.255555874546583e-10 9716
19.5 6.665522328225867e-11 7.582523787537266e-10 8604
20 3.342203122181694e-11 4.188623067246759e-10 8060
20.5 2.497497365686578e-12 8.75734095712797e-11 7320
21 1.659979888146986e-12 7.345114545918977e-11 6356
21.5 1.076031408390502e-12 5.884028524130923e-11 5348
22 5.944266377678276e-13 4.585050828652968e-11 4308
22.5 3.44460146409552e-13 3.615388628803017e-11 3563
23 9.880504573139304e-14 2.047311590942311e-11 2448
23.5 3.614106378824746e-14 1.380321103155441e-11 1868
24 1.686954008060461e-14 8.53044601240311e-12 1358
24.5 1.019114213222091e-14 4.95858650952815e-12 1062
25 4.085079974489708e-15 2.722468665752988e-12 776
25.5 1.547112110789741e-15 1.373761750643206e-12 432
26 7.934489949834488e-16 5.547072648705145e-13 200
26.5 6.494178102469543e-16 4.996648379911636e-13 168
27 1.614256488575412e-16 2.36475259910537e-13 56
27.5 7.296615477377989e-18 4.29154427208637e-14 7

0.5 6.648664105206545e-12 1.006959065011932e-11 18
1 2.069868989067782e-11 5.598217244663066e-11 62
1.5 1.702901189050866e-11 8.409480714916887e-11 98
2 1.812108225248115e-11 2.162794531490344e-10 210
2.5 9.641768457813214e-12 3.167321057965239e-10 350
3 1.430408268476575e-11 2.681204980120443e-10 450
3.5 1.85276846660139e-11 3.058796587956341e-10 602
4 1.982001108495094e-11 2.961900950608658e-10 762
4.5 2.027802322070959e-11 3.597841145848813e-10 1142
5 1.838405711825383e-11 3.606201584563661e-10 1250
5.5 2.813329713179434e-11 4.191711916232377e-10 1458
6 4.443192092203603e-11 4.673304400891351e-10 1814
6.5 6.638588398109995e-11 5.150237972330319e-10 2178
7 8.213579969623384e-11 5.007431919983453e-10 2498
7.5 8.875266292446195e-11 4.550562153369559e-10 2622
8 1.060771706685795e-10 5.036177303774222e-10 3338
8.5 1.013972121450826e-10 4.62187236246344e-10 3722
9 1.052820879641428e-10 5.001211327147937e-10 4170
9.5 1.012901930236485e-10 4.775021594179991e-10 4358
10 1.08405420994702e-10 5.212249863971285e-10 5034
10.5 1.134179023141461e-10 5.699692567536035e-10 5714
11 9.993131855206083e-11 5.314504142712554e-10 5982
11.5 9.859098159062867e-11 5.950128843972729e-10 6602
12 9.090726418334943e-11 6.598246005741558e-10 7130
12.5 9.463867764663548e-11 8.879923629761167e-10 8034
13 9.869169035532341e-11 1.10463620487039e-09 8606
13.5 1.168299808465163e-10 1.212694814971112e-09 9066
14 1.442925032842725e-10 1.326377825635251e-09 9962
14.5 1.568889404610239e-10 1.341049273896718e-09 10550
15 1.558888924126583e-10 1.501993451270324e-09 11226
15.5 1.542034229304003e-10 1.71781426843626e-09 12146
16 1.45239803513996e-10 1.913109966088042e-09 12303
16.5 1.441893443756813e-10 2.212317760262633e-09 12584
17 1.341451600973073e-10 2.47085869164667e-09 12120
17.5 1.27147911931968e-10 2.697917506843126e-09 11180
18 1.277727042785093e-10 3.018570313668365e-09 11096
18.5 1.342394631134017e-10 3.06500640365882e-09 10056
19 1.57922707657621e-10 3.339505473531837e-09 9716
19.5 1.649416162142956e-10 3.058718456512778e-09 8604
20 1.54972337200385e-10 2.629409722938698e-09 8060
20.5 1.496047948340273e-10 1.994470281485238e-09 7320
21 1.448185670521731e-10 1.561307672065554e-09 6356
21.5 1.3300572523263e-10 1.20363165355749e-09 5348
22 1.205745937901254e-10 8.544653007251444e-10 4308
22.5 1.073633654631557e-10 6.485077980389948e-10 3563
23 8.120001504333354e-11 3.713663946351204e-10 2448
23.5 6.114682870798304e-11 2.375490759125187e-10 1868
24 4.488363638098611e-11 1.574985635903636e-10 1358
24.5 2.722519681333314e-11 7.97445495637432e-11 1062
25 1.561658037529445e-11 4.021871073870848e-11 776
25.5 5.949584541976368e-12 1.163869918550049e-11 432
26 2.342349167222694e-12 3.918417344686562e-12 200
26.5 2.348831673688972e-12 3.357733602334958e-12 168
27 1.133372714551422e-12 1.529262559088453e-12 56
27.5 1.5535119072887e-13 2.135599655224793e-13 7

0.5 1.484046340086388e-12 4.151136367759222e-11 18
1 1.502790102590637e-12 2.187136478156518e-10 62
1.5 5.944387067793931e-12 2.834511300880657e-10 98
2 6.669706185332936e-11 5.965014263679152e-10 210
2.5 2.48398662696997e-10 6.579648427916313e-10 350
3 3.574833295625842e-10 4.180843933864814e-10 450
3.5 5.501250346512223e-10 3.141576921681891e-10 602
4 6.612599037363151e-10 1.832027259430619e-10 762
4.5 7.920586943022803e-10 1.114200507187331e-10 1142
5 6.176119800678803e-10 1.307364267151598e-10 1250
5.5 4.167790328168304e-10 2.535246770523799e-10 1458
6 2.521524682654133e-10 3.262418432458987e-10 1814
6.5 2.006546275405809e-10 2.921866682122959e-10 2178
7 1.749117624890079e-10 2.011056106187624e-10 2498
7.5 1.412071647679212e-10 1.503935577326773e-10 2622
8 1.301847217808303e-10 1.638962483120573e-10 3338
8.5 1.032622709978406e-10 1.599096163142923e-10 3722
9 1.017680113988713e-10 1.556607194209463e-10 4170
9.5 9.345913844604187e-11 1.269076599601112e-10 4358
10 1.036917468262502e-10 1.243201553643897e-10 5034
10.5 1.166030436316942e-10 1.207275629437636e-10 5714
11 1.201348997722388e-10 1.3036630330719e-10 5982
11.5 1.372581938573236e-10 1.410053491683454e-10 6602
12 1.522120155162704e-10 1.401641378995738e-10 7130
12.5 1.510043676269474e-10 1.686155283618284e-10 8034
13 1.549554775127424e-10 2.066186870174214e-10 8606
13.5 1.807088343348993e-10 2.541867403888233e-10 9066
14 2.164806119207789e-10 3.270143071014469e-10 9962
14.5 2.381759875955242e-10 3.778806219248653e-10 10550
15 2.574471142379381e-10 4.570130912704242e-10 11226
15.5 2.803233271615022e-10 5.518968986250093e-10 12146
16 2.896087988186226e-10 6.441849253876449e-10 12303
16.5 3.100759276821663e-10 7.813272130370249e-10 12584
17 3.16659963932794e-10 9.52836776628973e-10 12120
17.5 3.499933541474899e-10 1.063790490738841e-09 11180
18 3.900335232055651e-10 1.255890532073796e-09 11096
18.5 4.011159719846064e-10 1.45390879391672e-09 10056
19 4.158014652469643e-10 2.046302151789976e-09 9716
19.5 3.773861463608385e-10 2.390665587332516e-09 8604
20 3.49402832465037e-10 2.557045083427539e-09 8060
20.5 2.933949330764727e-10 2.90719697929545e-09 7320
21 2.592996298144694e-10 2.91399014450709e-09 6356
21.5 2.558847475373121e-10 2.629716070194009e-09 5348
22 2.534675474106448e-10 2.275686089267486e-09 4308
22.5 2.873270213162798e-10 1.678702367957333e-09 3563
23 2.654706334148814e-10 9.917125741828337e-10 2448
23.5 2.451926303853589e-10 4.800975461362195e-10 1868
24 1.947739589484654e-10 1.888430196213004e-10 1358
24.5 1.308441816347663e-10 4.482282745027697e-11 1062
25 7.954276990659292e-11 2.635747810533417e-11 776
25.5 2.393349716064629e-11 2.303245799047896e-11 432
26 7.793279339778057e-12 1.215970397288734e-11 200
26.5 6.35918329450017e-12 1.663510180153722e-11 168
27 2.435126794991112e-12 8.418044119825486e-12 56
27.5 6.644393242131282e-13 1.697513424789203e-12 7

0.5 1.909192424271525e-10 3.713461400480732e-10 18
1 1.053162779140237e-09 1.591733724563151e-09 62
1.5 2.339092743992184e-09 2.656460802714972e-09 98
2 5.814688284887592e-09 4.778249619022946e-09 210
2.5 1.043980430420443e-08 5.986238243438904e-09 350
3 1.096577819999824e-08 5.063557993894877e-09 450
3.5 1.334791710228735e-08 5.231882019812515e-09 602
4 1.683708975593392e-08 6.320063686061984e-09 762
4.5 2.120484032659371e-08 7.306979711965364e-09 1142
5 2.296554343169175e-08 7.232235232513829e-09 1250
5.5 2.630333565236835e-08 6.996104319932361e-09 1458
6 3.144663174533019e-08 5.995321287356395e-09 1814
6.5 3.724082432454614e-08 4.330844135321722e-09 2178
7 4.092603812320496e-08 2.568293482232561e-09 2498
7.5 3.653860611816011e-08 1.256283749829325e-09 2622
8 4.197804004840058e-08 6.880750977419498e-10 3338
8.5 3.898299354621601e-08 3.573008031302047e-10 3722
9 4.062707251336088e-08 2.580096657598008e-10 4170
9.5 3.553675338140224e-08 2.486321637167057e-10 4358
10 3.768389635151086e-08 3.783064421559316e-10 5034
10.5 3.795425915631249e-08 6.322485226190576e-10 5714
11 3.76919981185099e-08 1.014212031432187e-09 5982
11.5 3.780148778382157e-08 1.554703366360047e-09 6602
12 3.704316586570515e-08 1.992024406673359e-09 7130
12.5 3.919139319518437e-08 2.616058664794464e-09 8034
13 3.969873400254079e-08 3.365545984198706e-09 8606
13.5 3.819730341569176e-08 4.028736302200572e-09 9066
14 3.939093811670596e-08 4.715606468894635e-09 9962
14.5 4.033612606407606e-08 5.636678360843234e-09 10550
15 4.255355460901371e-08 7.052262861471846e-09 11226
15.5 4.351170216036187e-08 8.464348256936182e-09 12146
16 4.125397031819801e-08 9.598528884103823e-09 12303
16.5 3.971916304704478e-08 1.128650186134069e-08 12584
17 3.443081399419401e-08 1.220134869851044e-08 12120
17.5 3.047048040244967e-08 1.268926570904794e-08 11180
18 2.814526062157936e-08 1.403077751722449e-08 11096
18.5 2.451036351321783e-08 1.380522829535871e-08 10056
19 2.157221817606229e-08 1.396220452698308e-08 9716
19.5 1.8669302305074e-08 1.374907866939875e-08 8604
20 1.640890785396729e-08 1.355273654260917e-08 8060
20.5 1.432461742343004e-08 1.442398937678513e-08 7320
21 1.202958049557121e-08 1.435078486825592e-08 6356
21.5 1.007847105116247e-08 1.405212541944714e-08 5348
22 7.873920512726909e-09 1.328610940589995e-08 4308
22.5 6.179531238061383e-09 1.227872247478066e-08 3563
23 3.855591173568217e-09 9.331828776093907e-09 2448
23.5 2.650555646426837e-09 7.17379639719407e-09 1868
24 1.593128596136357e-09 4.804577175271801e-09 1358
24.5 9.783548088216768e-10 3.750652772849187e-09 1062
25 5.289677315450457e-10 2.519480526860153e-09 776
25.5 2.783549586189646e-10 1.732180551889844e-09 432
26 1.462563773609598e-10 9.520151103704505e-10 200
26.5 1.125205680100946e-10 8.700643884882399e-10 168
27 5.502725224206632e-11 4.358188049913374e-10 56
27.5 8.182312351049614e-12 6.094342418756356e-11 7

0.5 5.767865022314865e-08 8.516979863776234e-09 18
1 2.237211311282734e-07 2.797853327816586e-08 62
1.5 4.404396841257649e-07 4.271279092359089e-08 98
2 9.205843201375108e-07 6.06897400535723e-08 210
2.5 1.763498505155583e-06 6.667138222310039e-08 350
3 1.932768934369443e-06 3.495168606802682e-08 450
3.5 2.568914974202517e-06 1.61229493989532e-08 602
4 2.986684933740826e-06 2.499730982746331e-08 762
4.5 4.026304760407515e-06 1.099646512277609e-07 1142
5 3.856014886963748e-06 2.708808275273789e-07 1250
5.5 3.921545635249274e-06 5.249666471352112e-07 1458
6 3.920799064639494e-06 9.050445949662895e-07 1814
6.5 3.828751797217523e-06 1.375457054722688e-06 2178
7 3.693982166136653e-06 1.920636499246489e-06 2498
7.5 3.140770997632504e-06 2.174252663270548e-06 2622
8 2.920050014832232e-06 2.752546696248148e-06 3338
8.5 2.373226938912374e-06 2.930453423092186e-06 3722
9 1.963544023115836e-06 3.003703732854594e-06 4170
9.5 1.415463927295009e-06 2.602746440213877e-06 4358
10 1.159058862355589e-06 2.570155308179588e-06 5034
10.5 9.577537494516939e-07 2.513133337081983e-06 5714
11 8.24165598173289e-07 2.492952224099202e-06 5982
11.5 7.4599179146282e-07 2.595986052788107e-06 6602
12 6.512754416437718e-07 2.565278376899575e-06 7130
12.5 6.22778542799321e-07 2.738166112447927e-06 8034
13 5.349955129444238e-07 2.658424051979524e-06 8606
13.5 4.621195369823422e-07 2.483905692272369e-06 9066
14 4.195759937518835e-07 2.405018903378741e-06 9962
14.5 3.635632650938355e-07 2.171424855290875e-06 10550
15 3.301337233783667e-07 2.133602172491309e-06 11226
15.5 3.193929066727609e-07 2.164382017731321e-06 12146
16 2.830153173163902e-07 2.064950970297514e-06 12303
16.5 2.272738121548656e-07 1.892716578377422e-06 12584
17 1.597160526296478e-07 1.625984219323384e-06 12120
17.5 1.150654417891007e-07 1.301278999794903e-06 11180
18 9.115291936830956e-08 1.171985916405897e-06 11096
18.5 6.981664819384585e-08 9.592467305887565e-07 10056
19 5.990152514197972e-08 8.632049100977474e-07 9716
19.5 4.716520040378349e-08 7.087631646016393e-07 8604
20 3.916475299927123e-08 6.296807479743059e-07 8060
20.5 3.188348036734426e-08 5.374203350047344e-07 7320
21 2.497712059544261e-08 4.643144156738727e-07 6356
21.5 2.012147665175702e-08 3.557939080797321e-07 5348
22 1.501937093656275e-08 2.748074847216562e-07 4308
22.5 1.153660181028195e-08 2.181449413932082e-07 3563
23 7.099759568750842e-09 1.338678790785399e-07 2448
23.5 5.1624751281243e-09 9.503333131495026e-08 1868
24 3.411036840922214e-09 7.011261905495712e-08 1358
24.5 2.893088640565349e-09 4.953835387395334e-08 1062
25 2.223929524149347e-09 3.588543139064783e-08 776
25.5 1.091664165022933e-09 2.110322121511508e-08 432
26 5.214868393320494e-10 9.342474200636622e-09 200
26.5 4.743290923522675e-10 9.43250394880536e-09 168
27 1.73404372983215e-10 3.286168163610493e-09 56
27.5 1.024306374250897e-11 4.90124156134594e-10 7

0.5 1.350551617180299e-07 1.403940234442511e-07 18
1 4.078614017507626e-07 5.334207907594385e-07 62
1.5 7.578276880919533e-07 1.277826607859807e-06 98
2 1.280896668762142e-06 3.030002769934837e-06 210
2.5 1.903241792359619e-06 7.083080217368876e-06 350
3 1.556624862922609e-06 9.031692076849714e-06 450
3.5 1.346364349676617e-06 1.299892753638605e-05 602
4 1.043639706595008e-06 1.633943216722713e-05 762
4.5 1.539435089305098e-06 2.162633795172523e-05 1142
5 1.915678027144879e-06 1.991369628670622e-05 1250
5.5 2.817025247600667e-06 1.859558167135669e-05 1458
6 3.756530370307658e-06 1.65033904486422e-05 1814
6.5 4.232652437657233e-06 1.589932802854368e-05 2178
7 3.889307240800794e-06 1.397028271060807e-05 2498
7.5 3.179537380507106e-06 1.257758823076808e-05 2622
8 2.551039642985692e-06 1.342477730289909e-05 3338
8.5 1.845741269242613e-06 1.355121584696241e-05 3722
9 1.447295055429205e-06 1.355272130351255e-05 4170
9.5 1.275327444722165e-06 1.185388970876289e-05 4358
10 1.330403717762718e-06 1.239984442091818e-05 5034
10.5 1.346165500827803e-06 1.240454135028414e-05 5714
11 1.314009842592936e-06 1.165458437621263e-05 5982
11.5 1.402265495618448e-06 1.147810271665244e-05 6602
12 1.420482590189875e-06 1.128102075761666e-05 7130
12.5 1.48261963288817e-06 1.14728015663732e-05 8034
13 1.548012271731254e-06 1.070158593397166e-05 8606
13.5 1.472588312293769e-06 9.911473600876705e-06 9066
14 1.524034132462321e-06 9.83780880663671e-06 9962
14.5 1.472901716382586e-06 9.385527907834057e-06 10550
15 1.485159422456182e-06 9.256216282334826e-06 11226
15.5 1.5307859964306e-06 9.380385620373024e-06 12146
16 1.505518376272314e-06 8.968290091035906e-06 12303
16.5 1.410920058092276e-06 8.396681973227516e-06 12584
17 1.248613720937458e-06 6.982475073313363e-06 12120
17.5 1.103991437230254e-06 5.932495446352532e-06 11180
18 1.020754050346996e-06 5.519506481996347e-06 11096
18.5 8.850645220171203e-07 4.768828737838386e-06 10056
19 7.959532261680325e-07 4.458342877343363e-06 9716
19.5 6.762813391406648e-07 3.868911089585688e-06 8604
20 6.377333101568825e-07 3.496734660239046e-06 8060
20.5 5.613479366427578e-07 3.11030968117303e-06 7320
21 5.110700242206421e-07 2.728666087085949e-06 6356
21.5 4.250355676524968e-07 2.343623822360648e-06 5348
22 3.596003634970708e-07 1.86789989313225e-06 4308
22.5 2.966190786795108e-07 1.561064519749718e-06 3563
23 1.921672769659121e-07 1.023040438721771e-06 2448
23.5 1.494022614945922e-07 7.832797537791236e-07 1868
24 1.071484489204617e-07 6.383606374058921e-07 1358
24.5 9.172006995147485e-08 5.151839586496624e-07 1062
25 6.844904308070431e-08 4.025272235566457e-07 776
25.5 3.280987548151945e-08 2.234318867504762e-07 432
26 1.802985024933846e-08 1.314493403624741e-07 200
26.5 1.61869336475448e-08 9.786614671622746e-08 168
27 4.41374184239843e-09 2.844003396329363e-08 56
27.5 3.789135159542759e-10 3.976929257370826e-09 7

0.5 1.168095143190208e-07 2.699465854643452e-07 18
1 4.644720532411242e-07 8.603225186360196e-07 62
1.5 1.067458931720224e-06 1.687901985756321e-06 98
2 3.053122730408934e-06 3.310841305262368e-06 210
2.5 7.851032597206896e-06 5.513447411700916e-06 350
3 1.022455936377335e-05 5.742477291841902e-06 450
3.5 1.598774182134573e-05 6.803488895893679e-06 602
4 2.056078373020076e-05 7.122073071802334e-06 762
4.5 2.799968853834718e-05 9.105623451059665e-06 1142
5 2.67353576561278e-05 8.531014855494961e-06 1250
5.5 2.677255987189453e-05 8.877811167411034e-06 1458
6 2.955856990304136e-05 7.969190259766813e-06 1814
6.5 2.906810954914244e-05 8.35724511799162e-06 2178
7 2.873751068400196e-05 8.239607011961382e-06 2498
7.5 2.396677930398985e-05 8.673071433279434e-06 2622
8 2.479151356656811e-05 1.036992505065502e-05 3338
8.5 2.224257861585863e-05 1.079969680873897e-05 3722
9 1.995126506971805e-05 1.087653419977891e-05 4170
9.5 1.757691250409268e-05 9.853213630637894e-06 4358
10 1.666625047986266e-05 9.736481675802601e-06 5034
10.5 1.638972943903377e-05 9.436473508886674e-06 5714
11 1.453856070446023e-05 9.363456462440872e-06 5982
11.5 1.358597968473653e-05 9.746892220290726e-06 6602
12 1.389240568069053e-05 1.018260188601272e-05 7130
12.5 1.441437655400674e-05 1.140668188639867e-05 8034
13 1.370185936065307e-05 1.216270055058315e-05 8606
13.5 1.334812398473493e-05 1.280410215216322e-05 9066
14 1.375300903642153e-05 1.373635440284768e-05 9962
14.5 1.328382872525997e-05 1.449828597809796e-05 10550
15 1.359861563572589e-05 1.544109598626755e-05 11226
15.5 1.410736325743642e-05 1.71081813963726e-05 12146
16 1.373496446386864e-05 1.74886122924661e-05 12303
16.5 1.275393793716109e-05 1.825214872699104e-05 12584
17 1.088676007816336e-05 1.748999053791389e-05 12120
17.5 9.262833937813562e-06 1.613502877663512e-05 11180
18 8.450920370962774e-06 1.631913071104306e-05 11096
18.5 7.067151781857984e-06 1.492034721536165e-05 10056
19 6.581463225622769e-06 1.460586478686089e-05 9716
19.5 5.511314633565434e-06 1.370959452155712e-05 8604
20 4.994345064610961e-06 1.301949756542471e-05 8060
20.5 4.467006916743342e-06 1.229671362479233e-05 7320
21 3.745439768590553e-06 1.109012071323018e-05 6356
21.5 3.121352005476823e-06 9.138156136121179e-06 5348
22 2.354598536737339e-06 7.449219272391977e-06 4308
22.5 1.946600117356078e-06 6.281037769963954e-06 3563
23 1.258267107404754e-06 4.870692145159753e-06 2448
23.5 9.898801306651811e-07 3.389913999748216e-06 1868
24 6.95028364883259e-07 2.64209121301646e-06 1358
24.5 6.176189897565518e-07 2.093643308587964e-06 1062
25 4.01710821728253e-07 1.464139974343167e-06 776
25.5 2.478188632521724e-07 8.982359445226253e-07 432
26 1.15961285155485e-07 3.921671622280679e-07 200
26.5 9.780325439935993e-08 3.5897202812582e-07 168
27 3.938367411083566e-08 9.058401961432731e-08 56
27.5 1.545055448149246e-09 2.01701629989021e-08 7

0.5 6.646809480452453e-08 4.340255964081379e-07 18
1 2.563006936296754e-07 1.539085574144975e-06 62
1.5 4.216700777254733e-07 2.983841848397138e-06 98
2 9.874489727366106e-07 7.447737944541054e-06 210
2.5 1.472553918653917e-06 1.428951208480293e-05 350
3 2.104688562891203e-06 1.636959526136377e-05 450
3.5 3.287517455635768e-06 2.377767188957162e-05 602
4 5.228881910345861e-06 2.715227775472587e-05 762
4.5 8.030638668873134e-06 3.480187097593472e-05 1142
5 8.988304913488619e-06 3.030745300852516e-05 1250
5.5 1.062721720370286e-05 2.922950068972868e-05 1458
6 1.199210794147866e-05 3.362787269162098e-05 1814
6.5 1.302575872332317e-05 2.985654693398865e-05 2178
7 1.369123321836055e-05 2.915598468528485e-05 2498
7.5 1.220024750850369e-05 2.571417899056312e-05 2622
8 1.335788538193977e-05 2.768001885093292e-05 3338
8.5 1.277548528499994e-05 2.740059079554803e-05 3722
9 1.234362803830766e-05 2.628843964173679e-05 4170
9.5 1.149714524400535e-05 2.538148552278044e-05 4358
10 1.239808168752142e-05 2.699204314136368e-05 5034
10.5 1.292498540897601e-05 2.742319238438185e-05 5714
11 1.291262106552021e-05 2.724555310170876e-05 5982
11.5 1.311838865003894e-05 2.843845011142449e-05 6602
12 1.327386545333795e-05 2.959925196451776e-05 7130
12.5 1.418376935101263e-05 3.147254712248568e-05 8034
13 1.490208059019141e-05 3.248457876837622e-05 8606
13.5 1.46265588805733e-05 3.289477018677363e-05 9066
14 1.571973825315534e-05 3.602975477850159e-05 9962
14.5 1.604592808338103e-05 3.804233825391323e-05 10550
15 1.721302729366793e-05 4.048660168082411e-05 11226
15.5 1.821471678279306e-05 4.396682400522161e-05 12146
16 1.834658071437879e-05 4.372989767659811e-05 12303
16.5 1.780790872848943e-05 4.488137835502611e-05 12584
17 1.622174853927949e-05 4.021279492952385e-05 12120
17.5 1.451702368654594e-05 3.839158839303734e-05 11180
18 1.370671503988673e-05 3.784614939715874e-05 11096
18.5 1.214699049207366e-05 3.443951173755868e-05 10056
19 1.163228243755563e-05 3.351761587029594e-05 9716
19.5 1.009458133070885e-05 2.958825828282806e-05 8604
20 9.295342876194107e-06 2.831893533936697e-05 8060
20.5 8.340480682673251e-06 2.657937300321773e-05 7320
21 7.649195209976622e-06 2.365426504610303e-05 6356
21.5 6.026513419881271e-06 2.021707919578589e-05 5348
22 4.928545261884706e-06 1.642889138234953e-05 4308
22.5 3.802219785200982e-06 1.333983534492152e-05 3563
23 2.682115911810896e-06 9.546055654005662e-06 2448
23.5 1.914708228257952e-06 7.236383423035998e-06 1868
24 1.432722932888403e-06 5.155800721127579e-06 1358
24.5 1.19170024649991e-06 4.23553832646664e-06 1062
25 8.523237601984534e-07 3.477612266049961e-06 776
25.5 4.541364761831114e-07 1.942716543688716e-06 432
26 2.077358527685902e-07 7.335807276390559e-07 200
26.5 1.493113801805234e-07 7.597361282549352e-07 168
27 6.472314217261839e-08 2.946234781866673e-07 56
27.5 9.560579279720812e-09 2.388485614612873e-08 7

0.5 8.761694831864567e-08 1.307431009765237e-07 18
1 3.146700918955585e-07 6.774933123124161e-07 62
1.5 5.766597054027736e-07 1.108246905851151e-06 98
2 1.206115131539021e-06 2.901062615851056e-06 210
2.5 1.743252137714537e-06 5.9215010538839e-06 350
3 1.970586854856635e-06 7.525796575042928e-06 450
3.5 2.334096418928628e-06 1.034177388648576e-05 602
4 3.420928547891085e-06 1.264724838620184e-05 762
4.5 4.999304347302782e-06 1.750796670101006e-05 1142
5 5.32711753054741e-06 1.771843035523833e-05 1250
5.5 5.896830069025852e-06 1.712234491402883e-05 1458
6 6.79715715828942e-06 2.207594593902608e-05 1814
6.5 7.654551513262351e-06 2.146507097963346e-05 2178
7 7.730307408590493e-06 2.329632833459661e-05 2498
7.5 7.581526008125382e-06 2.280019385882429e-05 2622
8 8.906913663780532e-06 2.683648255868288e-05 3338
8.5 9.175381493560479e-06 2.790887010539728e-05 3722
9 9.753222757308702e-06 2.946790440123642e-05 4170
9.5 9.520981588607322e-06 2.832780430813158e-05 4358
10 1.060726841024981e-05 3.15034649001328e-05 5034
10.5 1.117715139192121e-05 3.459682477673564e-05 5714
11 1.184341676471343e-05 3.529776012700192e-05 5982
11.5 1.246111991614664e-05 3.563764304528446e-05 6602
12 1.35477512510153e-05 3.864851568606188e-05 7130
12.5 1.483208994012539e-05 4.298482599743758e-05 8034
13 1.525347400175632e-05 4.600073339776156e-05 8606
13.5 1.58482983232226e-05 4.878652838538675e-05 9066
14 1.709161178679415e-05 5.237422312135714e-05 9962
14.5 1.779532105949927e-05 5.706101733816992e-05 10550
15 1.875840660326924e-05 6.064928645606181e-05 11226
15.5 2.085095637988379e-05 6.546991456962048e-05 12146
16 2.047166016584234e-05 6.731974058722066e-05 12303
16.5 2.067616435155032e-05 6.955123324339579e-05 12584
17 1.960337589530072e-05 6.692503221922216e-05 12120
17.5 1.756934298050479e-05 6.113871685022917e-05 11180
18 1.727688931426581e-05 5.947097744293487e-05 11096
18.5 1.580357037350697e-05 5.455867429930876e-05 10056
19 1.483891674776977e-05 5.349323058575029e-05 9716
19.5 1.280316524538828e-05 4.810270546756348e-05 8604
20 1.242350703926954e-05 4.501895359292134e-05 8060
20.5 1.084279602814509e-05 4.192421753164224e-05 7320
21 9.439079925718742e-06 3.696442558007188e-05 6356
21.5 8.245758810723428e-06 3.115921153768622e-05 5348
22 6.5823064797647e-06 2.632592735840249e-05 4308
22.5 5.316288742485718e-06 2.14072328658575e-05 3563
23 3.628763887476779e-06 1.427405365751014e-05 2448
23.5 2.803925616858367e-06 1.196202807863105e-05 1868
24 1.924201200038678e-06 8.534105735664265e-06 1358
24.5 1.572671991162816e-06 6.381196820968155e-06 1062
25 1.191905826183555e-06 4.884076940593728e-06 776
25.5 6.798295014379951e-07 2.916672348809732e-06 432
26 3.477842462111132e-07 1.225250508250831e-06 200
26.5 2.866655849672039e-07 1.215866373246357e-06 168
27 7.114845651990102e-08 2.555398693200532e-07 56
27.5 8.47142392937435e-09 5.973916215892376e-08 7

0.5 1.865380311696173e-08 3.304691079688217e-08 18
1 1.058812883924239e-07 1.466235079747659e-07 62
1.5 1.899555463037552e-07 2.658611273186985e-07 98
2 3.659286809612883e-07 9.071603864542533e-07 210
2.5 6.110879370723281e-07 1.613913644553245e-06 350
3 7.462130826231959e-07 2.334761899808058e-06 450
3.5 1.113423204526196e-06 3.264548313749163e-06 602
4 1.523717843042962e-06 4.094164963146953e-06 762
4.5 2.325701373132582e-06 6.050413782409537e-06 1142
5 2.590693607290245e-06 6.631683907427434e-06 1250
5.5 2.871634721838481e-06 7.592273053458883e-06 1458
6 3.576413128629659e-06 9.323119944286639e-06 1814
6.5 4.267990866998515e-06 1.069814082927872e-05 2178
7 4.539843846387836e-06 1.185776942990241e-05 2498
7.5 4.768101251670811e-06 1.263381089972111e-05 2622
8 5.87371478374883e-06 1.585069846241394e-05 3338
8.5 6.320064376210373e-06 1.681601775704596e-05 3722
9 7.193110833498424e-06 1.905282092276279e-05 4170
9.5 7.535359371226148e-06 1.992227568431217e-05 4358
10 8.386318054618874e-06 2.251113353531224e-05 5034
10.5 9.518705027224804e-06 2.479990534690748e-05 5714
11 9.712419995909456e-06 2.813625210583509e-05 5982
11.5 1.047013174346489e-05 3.027462963602986e-05 6602
12 1.169994675605113e-05 3.316162565533863e-05 7130
12.5 1.305487236086997e-05 3.744329476664746e-05 8034
13 1.449906782346599e-05 4.150718655997926e-05 8606
13.5 1.42082880660014e-05 4.389435311856345e-05 9066
14 1.658494994912692e-05 4.890811791212903e-05 9962
14.5 1.734131809029834e-05 5.371202871848397e-05 10550
15 1.84158075841143e-05 5.882399689767701e-05 11226
15.5 2.078797259074381e-05 6.236253192767642e-05 12146
16 2.115897293135913e-05 6.571150474004981e-05 12303
16.5 2.160660685909143e-05 6.922186315555019e-05 12584
17 2.018404575926138e-05 6.548152529983426e-05 12120
17.5 1.8564791789382e-05 6.187109422133232e-05 11180
18 1.866870393052733e-05 6.372477001489958e-05 11096
18.5 1.683387374033065e-05 5.819322832863577e-05 10056
19 1.582238949580159e-05 5.694017704265414e-05 9716
19.5 1.42468991691225e-05 5.00192522562961e-05 8604
20 1.360016480873081e-05 4.994423618465295e-05 8060
20.5 1.225276985984192e-05 4.447685049060767e-05 7320
21 1.046943334338774e-05 4.075800744101493e-05 6356
21.5 9.183523586966784e-06 3.583517749621516e-05 5348
22 7.243832522340635e-06 2.8618090275558e-05 4308
22.5 5.93184761086883e-06 2.351783035870914e-05 3563
23 4.118266636196134e-06 1.566915162556618e-05 2448
23.5 3.031800128828294e-06 1.302661843389161e-05 1868
24 2.116512942055332e-06 9.673239819833168e-06 1358
24.5 1.747698543711854e-06 6.919711576196932e-06 1062
25 1.400914109613618e-06 5.54095827718407e-06 776
25.5 7.377801511854064e-07 3.397933719529089e-06 432
26 3.576049484752211e-07 1.323276271621664e-06 200
26.5 3.250644117545015e-07 1.35747776285089e-06 168
27 7.567827082090467e-08 4.155236181761445e-07 56
27.5 9.842748672909155e-09 1.034406713740854e-07 7

0.5 3.102726221875745e-09 8.938147308895132e-09 18
1 3.108486623538997e-08 4.446673861517714e-08 62
1.5 5.010564118588972e-08 9.851022635547262e-08 98
2 1.108668629716775e-07 2.980616968599928e-07 210
2.5 2.017592096112043e-07 5.98257037636007e-07 350
3 3.18148998509673e-07 9.205758116606428e-07 450
3.5 4.957941440536205e-07 1.192922529836705e-06 602
4 7.354332592263348e-07 1.693366148498563e-06 762
4.5 1.071990482347849e-06 2.631279753218927e-06 1142
5 1.388383996878389e-06 2.902805424633655e-06 1250
5.5 1.538969837582674e-06 3.693168478048217e-06 1458
6 1.9337052902227e-06 4.71085913087198e-06 1814
6.5 2.355118242106424e-06 5.736530653151235e-06 2178
7 2.614806065753338e-06 6.670239343063599e-06 2498
7.5 3.085081548640386e-06 7.263364487676028e-06 2622
8 3.878767943762897e-06 9.566993099221186e-06 3338
8.5 4.622481115541677e-06 1.08349183573613e-05 3722
9 5.175673928485501e-06 1.250335849247077e-05 4170
9.5 5.407403222053799e-06 1.311457347270158e-05 4358
10 6.169024442197216e-06 1.56336499884444e-05 5034
10.5 7.049915144493597e-06 1.877244025511571e-05 5714
11 7.666507670664808e-06 1.987021411485727e-05 5982
11.5 8.758027087986261e-06 2.374954707100411e-05 6602
12 9.456652083021642e-06 2.566820276330698e-05 7130
12.5 1.061257817041724e-05 3.009900863967671e-05 8034
13 1.15261837668411e-05 3.311439630583655e-05 8606
13.5 1.218296597796762e-05 3.602653094070296e-05 9066
14 1.396691734409609e-05 3.988945922328647e-05 9962
14.5 1.474794559617941e-05 4.448663465335526e-05 10550
15 1.637632617114039e-05 4.780924993631823e-05 11226
15.5 1.791289985475163e-05 5.387869799091808e-05 12146
16 1.801110552552828e-05 5.43564113544008e-05 12303
16.5 1.86055664311215e-05 5.855234933475535e-05 12584
17 1.844841890774297e-05 5.733828016123269e-05 12120
17.5 1.656169248726977e-05 5.384729003703843e-05 11180
18 1.64305445166925e-05 5.533450433246238e-05 11096
18.5 1.480456741649186e-05 5.182956039970515e-05 10056
19 1.493810646234538e-05 4.934410845638834e-05 9716
19.5 1.322704171015649e-05 4.612073264130711e-05 8604
20 1.233419693473271e-05 4.402798076859443e-05 8060
20.5 1.118348202063641e-05 3.903688434858145e-05 7320
21 1.009073076117119e-05 3.638384961147328e-05 6356
21.5 8.346705971724037e-06 3.061771003236568e-05 5348
22 6.695926786596475e-06 2.566953642590858e-05 4308
22.5 5.640364201128687e-06 2.077876506283986e-05 3563
23 3.78106591619404e-06 1.509599417290779e-05 2448
23.5 2.984869463920757e-06 1.227534597163417e-05 1868
24 2.074567270059145e-06 8.440396256568018e-06 1358
24.5 1.745717758247871e-06 6.885627043746374e-06 1062
25 1.288865174203236e-06 5.450509872063555e-06 776
25.5 6.740728685050516e-07 2.86216674265882e-06 432
26 3.912874440945304e-07 1.547457858274186e-06 200
26.5 2.459937039268611e-07 1.315029144606329e-06 168
27 9.860734844404136e-08 3.604375595662779e-07 56
27.5 5.608854243775758e-09 1.32429607444098e-08 7

0.5 1.620210254996912e-09 2.205184695389317e-09 18
1 1.168149771659595e-08 2.439860528505173e-08 62
1.5 2.433111507223234e-08 4.755698924216996e-08 98
2 5.041902111309508e-08 1.581526488733244e-07 210
2.5 1.186997508884504e-07 2.854139281575008e-07 350
3 1.624553047757717e-07 4.452327038941726e-07 450
3.5 3.331084157135127e-07 6.764753670075912e-07 602
4 4.11365695108246e-07 9.565186900470092e-07 762
4.5 6.961144453216605e-07 1.545028639114335e-06 1142
5 8.362060743240808e-07 1.700935815164768e-06 1250
5.5 1.048042274153124e-06 2.168460844874065e-06 1458
6 1.368086985348306e-06 3.010217624500638e-06 1814
6.5 1.65737955904447e-06 4.074131846292674e-06 2178
7 1.945827411705689e-06 4.566737783992038e-06 2498
7.5 2.142791417859951e-06 5.081649459484157e-06 2622
8 2.894796769893421e-06 6.934589324367754e-06 3338
8.5 3.509617783232105e-06 8.209859191674076e-06 3722
9 3.886246446284159e-06 9.483571579773628e-06 4170
9.5 4.191601798704722e-06 1.035233277207958e-05 4358
10 5.086198317954632e-06 1.243575756351428e-05 5034
10.5 5.871288333267878e-06 1.503121151555994e-05 5714
11 6.201764375155994e-06 1.635418942292498e-05 5982
11.5 6.989761275152153e-06 1.850511825714252e-05 6602
12 7.56657318073651e-06 2.043817630071233e-05 7130
12.5 8.974277267490791e-06 2.368990220675224e-05 8034
13 9.642386319521276e-06 2.710437355487527e-05 8606
13.5 1.042551503965259e-05 2.897851670256647e-05 9066
14 1.145285349181846e-05 3.385481224665384e-05 9962
14.5 1.249745871550108e-05 3.567870229765835e-05 10550
15 1.377382233220954e-05 3.953124930084371e-05 11226
15.5 1.47817991129761e-05 4.473713145277134e-05 12146
16 1.538193901102886e-05 4.606362059741567e-05 12303
16.5 1.592160222724143e-05 4.873155217753824e-05 12584
17 1.532410777674035e-05 4.759735651116972e-05 12120
17.5 1.432935630701734e-05 4.629202190580846e-05 11180
18 1.447977782370868e-05 4.637407591595438e-05 11096
18.5 1.302786139207365e-05 4.393064899618699e-05 10056
19 1.259703014531043e-05 4.286666690479442e-05 9716
19.5 1.168477304809671e-05 3.793106774013371e-05 8604
20 1.096531379291379e-05 3.743655112804627e-05 8060
20.5 9.839715009631799e-06 3.543401443983939e-05 7320
21 8.806006531997465e-06 3.086034684199506e-05 6356
21.5 7.651105247339447e-06 2.709694937061802e-05 5348
22 6.120536399861868e-06 2.161683259054444e-05 4308
22.5 5.02305805410782e-06 1.892802592263524e-05 3563
23 3.283881356742247e-06 1.275821342104792e-05 2448
23.5 2.713219213345951e-06 9.867129867416348e-06 1868
24 2.113120310909109e-06 7.192168117933871e-06 1358
24.5 1.566210283631483e-06 6.057063022767932e-06 1062
25 1.194795285368203e-06 4.649184441834588e-06 776
25.5 6.129213712244088e-07 2.42935722478423e-06 432
26 3.332645824573566e-07 1.129580529397363e-06 200
26.5 2.546385500349637e-07 9.306710661410279e-07 168
27 9.610556763872786e-08 2.917217951682368e-07 56
27.5 1.438087169530382e-08 1.619032108338134e-08 7

0.5 5.356999697373388e-10 2.316891593759632e-09 18
1 6.110757589501499e-09 1.359634383099077e-08 62
1.5 1.641199362613617e-08 2.760634158939791e-08 98
2 4.314289225345939e-08 1.119959047555789e-07 210
2.5 9.373446948552878e-08 1.913162256941231e-07 350
3 1.59858716084483e-07 2.699070324568213e-07 450
3.5 2.318005908895003e-07 4.809110287937023e-07 602
4 3.165334398644253e-07 6.599608613423152e-07 762
4.5 4.998459581707527e-07 1.123085157079577e-06 1142
5 6.268316396970508e-07 1.311907125526043e-06 1250
5.5 7.985510891334085e-07 1.690070314574294e-06 1458
6 1.012976058203584e-06 2.38034370782021e-06 1814
6.5 1.271567463123424e-06 3.180506452199485e-06 2178
7 1.636671379954199e-06 3.780075618441655e-06 2498
7.5 1.766118393442671e-06 4.288931680508411e-06 2622
8 2.389077128372687e-06 5.616811042442325e-06 3338
8.5 2.839711866808174e-06 6.780822304065486e-06 3722
9 3.254477919542112e-06 7.52112110060877e-06 4170
9.5 3.582911085379261e-06 8.466531232791299e-06 4358
10 4.043790972142433e-06 1.018361131282564e-05 5034
10.5 5.032872655104156e-06 1.209317970256411e-05 5714
11 5.263380875324855e-06 1.345691232861597e-05 5982
11.5 5.929697268754442e-06 1.498350938703285e-05 6602
12 6.745163781986228e-06 1.703484567154954e-05 7130
12.5 7.799331362178696e-06 1.97975876708175e-05 8034
13 8.463829936721369e-06 2.243413507422569e-05 8606
13.5 8.8960012279347e-06 2.422148790403892e-05 9066
14 9.859384430535855e-06 2.783580726028136e-05 9962
14.5 1.099049279771929e-05 3.089976284069609e-05 10550
15 1.155723243823953e-05 3.387912602738879e-05 11226
15.5 1.308582864850225e-05 3.853243384360673e-05 12146
16 1.344297252692017e-05 3.962230962255012e-05 12303
16.5 1.400313650139244e-05 4.140435311022705e-05 12584
17 1.33937181915034e-05 4.193986535669829e-05 12120
17.5 1.256165642788124e-05 3.84507958554647e-05 11180
18 1.259009272347869e-05 3.981536227500131e-05 11096
18.5 1.155181912263617e-05 3.757684380544122e-05 10056
19 1.136220630088934e-05 3.626820450323857e-05 9716
19.5 1.028187965094984e-05 3.397053348835046e-05 8604
20 9.589364635079886e-06 3.077227226616607e-05 8060
20.5 8.914475111839981e-06 3.00489078966223e-05 7320
21 7.81020490178127e-06 2.696357233150532e-05 6356
21.5 6.68419006519848e-06 2.323463673700622e-05 5348
22 5.058335626569908e-06 1.927076200877238e-05 4308
22.5 4.536372863336128e-06 1.636958088664899e-05 3563
23 3.080984367422812e-06 1.046573555821261e-05 2448
23.5 2.368491582224654e-06 8.804148562606296e-06 1868
24 1.746431902619996e-06 6.695571850396089e-06 1358
24.5 1.440280275163562e-06 4.749841895311777e-06 1062
25 1.067856523756514e-06 3.882525452719668e-06 776
25.5 5.929279513557862e-07 2.260055170528481e-06 432
26 2.593600241718208e-07 8.55273015332693e-07 200
26.5 2.241354695582884e-07 6.740575186590123e-07 168
27 1.024660716600134e-07 2.683010573529118e-07 56
27.5 6.49375200442222e-09 1.940877517319679e-08 7

0.5 3.992645833882919e-10 9.545328890800309e-10 18
1 6.843137381301599e-09 9.241613136536918e-09 62
1.5 1.162347636272382e-08 2.733274748496515e-08 98
2 3.419001905397164e-08 9.361378857329247e-08 210
2.5 6.699805871147067e-08 1.361393239285624e-07 350
3 1.251713732196724e-07 2.513052999804585e-07 450
3.5 1.745340052392968e-07 3.957900314265819e-07 602
4 2.695141494071315e-07 5.481827763442273e-07 762
4.5 4.273978469108432e-07 9.440635046915035e-07 1142
5 5.521906294116376e-07 1.118939845068204e-06 1250
5.5 6.480286244103713e-07 1.442967479184273e-06 1458
6 8.941086260956611e-07 1.84002159630488e-06 1814
6.5 1.125422472220575e-06 2.400927446392153e-06 2178
7 1.448266855233986e-06 3.099454793242965e-06 2498
7.5 1.596465320860899e-06 3.565733631901226e-06 2622
8 2.198416452576219e-06 4.725432601370662e-06 3338
8.5 2.309401447814537e-06 5.454431593324968e-06 3722
9 2.774334037920528e-06 6.624043033354375e-06 4170
9.5 3.036979655605214e-06 7.058532548625917e-06 4358
10 3.688439439036446e-06 8.706615780432886e-06 5034
10.5 4.349472144309231e-06 1.059115390785791e-05 5714
11 4.639868974584609e-06 1.148396966483251e-05 5982
11.5 5.321596986233984e-06 1.303217830145484e-05 6602
12 5.843073845035728e-06 1.497220698847453e-05 7130
12.5 6.570622069687882e-06 1.755515212094643e-05 8034
13 7.472562005230121e-06 1.979989666371385e-05 8606
13.5 8.026807293580157e-06 2.110412650065053e-05 9066
14 9.032498488727853e-06 2.376694085294615e-05 9962
14.5 9.854887930883277e-06 2.561263896123543e-05 10550
15 1.045505593967027e-05 2.974894279492547e-05 11226
15.5 1.160137489738759e-05 3.233759452467627e-05 12146
16 1.195188333917336e-05 3.329398530788157e-05 12303
16.5 1.269255021317537e-05 3.517189113511031e-05 12584
17 1.215604538995865e-05 3.57511283021938e-05 12120
17.5 1.123650569197658e-05 3.338232075603219e-05 11180
18 1.138198868286704e-05 3.455466592777488e-05 11096
18.5 1.035982683901162e-05 3.179079328403817e-05 10056
19 1.026550196544132e-05 3.228831570589043e-05 9716
19.5 9.093509607984628e-06 2.877861684933865e-05 8604
20 8.87934295098852e-06 2.751502422892426e-05 8060
20.5 8.067990742994908e-06 2.619631965225566e-05 7320
21 7.374535106860449e-06 2.299677968066816e-05 6356
21.5 6.047990181725165e-06 1.985290390468658e-05 5348
22 4.859734136498943e-06 1.59073440448799e-05 4308
22.5 4.057448254573912e-06 1.423870745897997e-05 3563
23 2.833314106536106e-06 9.51544941317827e-06 2448
23.5 2.131588996469389e-06 7.424994435676519e-06 1868
24 1.569103747639899e-06 5.779815944498613e-06 1358
24.5 1.212593955700758e-06 4.677356494145277e-06 1062
25 8.988373557442397e-07 3.106387957935353e-06 776
25.5 5.739602801821858e-07 1.959169884956353e-06 432
26 2.3887506837876e-07 8.44639910394474e-07 200
26.5 2.093002941005021e-07 7.359448926834536e-07 168
27 6.554263320155842e-08 2.806552444622615e-07 56
27.5 7.559015126478278e-09 3.385246963444185e-08 7

0.5 3.873862627163757e-10 1.266847720117554e-09 18
1 4.910816787140667e-09 8.566095749954166e-09 62
1.5 1.504587986038547e-08 2.645790335180937e-08 98
2 3.384727508562656e-08 7.110351612513798e-08 210
2.5 6.435240523967247e-08 1.488713125328338e-07 350
3 1.044375479941306e-07 2.061912852161751e-07 450
3.5 1.717662068998936e-07 3.379687399604931e-07 602
4 2.491540567009691e-07 4.832127482581664e-07 762
4.5 3.952629564832656e-07 8.269268083766154e-07 1142
5 4.487224652879568e-07 9.738270043579083e-07 1250
5.5 5.748264731763329e-07 1.324208841337913e-06 1458
6 8.05637000450541e-07 1.573899451463092e-06 1814
6.5 1.020300644629839e-06 2.155389391534027e-06 2178
7 1.238206172090048e-06 2.547087218906882e-06 2498
7.5 1.4068924616429e-06 3.017271898279832e-06 2622
8 1.857234973049145e-06 4.099857792463143e-06 3338
8.5 2.113709648895017e-06 4.503007802212812e-06 3722
9 2.478295818849767e-06 5.581665077443872e-06 4170
9.5 2.74771961844565e-06 5.951898760870389e-06 4358
10 3.318803815414059e-06 7.567834529768688e-06 5034
10.5 3.772117045850176e-06 8.974491102360481e-06 5714
11 4.220678797352538e-06 9.548780567005616e-06 5982
11.5 4.656025918163832e-06 1.128928629175908e-05 6602
12 5.095657696971427e-06 1.265878976914963e-05 7130
12.5 5.954159638423368e-06 1.493757642590984e-05 8034
13 6.776577718783577e-06 1.682310018856245e-05 8606
13.5 7.149662377359509e-06 1.82424475743802e-05 9066
14 8.067892420513738e-06 2.098452709341166e-05 9962
14.5 8.736829933519145e-06 2.276810163352252e-05 10550
15 9.384276098571494e-06 2.488374979962792e-05 11226
15.5 1.046701558639785e-05 2.844643372641346e-05 12146
16 1.082812037057953e-05 2.93772428970144e-05 12303
16.5 1.147515300577485e-05 3.134979150472266e-05 12584
17 1.093266865878346e-05 3.107273261743832e-05 12120
17.5 1.010904414892419e-05 2.96796102614836e-05 11180
18 1.031376921114731e-05 3.029290493233896e-05 11096
18.5 9.334275792087841e-06 2.813934008097248e-05 10056
19 9.279861520154948e-06 2.787625507699372e-05 9716
19.5 8.22111548389947e-06 2.563468369230364e-05 8604
20 7.805523133517363e-06 2.368110464532025e-05 8060
20.5 7.391944423387324e-06 2.321628044088273e-05 7320
21 6.473112883143233e-06 1.957081918933452e-05 6356
21.5 5.48952569378249e-06 1.819926269763306e-05 5348
22 4.520434531254439e-06 1.462620612857352e-05 4308
22.5 3.635563794255985e-06 1.175355237057891e-05 3563
23 2.653000236099383e-06 8.364104662744004e-06 2448
23.5 1.919378189080955e-06 6.57139479102471e-06 1868
24 1.472847915589806e-06 4.797100719418923e-06 1358
24.5 1.112033102115422e-06 4.017435984317914e-06 1062
25 9.147882154763702e-07 2.831174642987658e-06 776
25.5 4.861142529281658e-07 1.665602891427098e-06 432
26 2.256853240795696e-07 8.826437517771493e-07 200
26.5 1.88378499235517e-07 6.745020367584242e-07 168
27 6.044286405352631e-08 2.315847208439135e-07 56
27.5 5.768938993560202e-09 2.99232816281656e-08 7

0.5 6.39532375640405e-10 5.848555322095845e-10 18
1 4.122408103696915e-09 6.508001961289329e-09 62
1.5 9.536287562144909e-09 2.081148413586832e-08 98
2 2.886868448556861e-08 6.261891481749273e-08 210
2.5 5.614331636784584e-08 1.122320273389563e-07 350
3 9.835778061132492e-08 1.714766878691308e-07 450
3.5 1.301101079051197e-07 2.606204238375203e-07 602
4 2.103217893314697e-07 4.265665922870551e-07 762
4.5 3.266577037338351e-07 6.195641604822681e-07 1142
5 4.045947978057575e-07 8.659021935048857e-07 1250
5.5 5.071411346549325e-07 1.003100537490895e-06 1458
6 7.215086253034174e-07 1.412746418943274e-06 1814
6.5 8.65150088217304e-07 1.879897113054486e-06 2178
7 1.094099854329201e-06 2.311747895767385e-06 2498
7.5 1.208780409005871e-06 2.500776853451766e-06 2622
8 1.616426773049254e-06 3.642602497334938e-06 3338
8.5 1.854104161364038e-06 4.077360622642595e-06 3722
9 2.232161185253825e-06 4.863148416051884e-06 4170
9.5 2.478009242148368e-06 5.622527918237497e-06 4358
10 2.849546493763822e-06 6.855070536610112e-06 5034
10.5 3.477788015553427e-06 7.769782875119417e-06 5714
11 3.742576038480817e-06 8.885037246078872e-06 5982
11.5 4.208605777656645e-06 9.860807512050688e-06 6602
12 4.744182741303484e-06 1.120673896980107e-05 7130
12.5 5.353520745312829e-06 1.286503137403082e-05 8034
13 6.13318583345256e-06 1.461388301153811e-05 8606
13.5 6.5019865879548e-06 1.630637134233069e-05 9066
14 7.316603836924155e-06 1.859148688571708e-05 9962
14.5 8.155292567183703e-06 2.014262487949811e-05 10550
15 8.695676071728134e-06 2.185990393370289e-05 11226
15.5 9.696817873825606e-06 2.446211357845461e-05 12146
16 9.985090356078055e-06 2.556483935344863e-05 12303
16.5 1.025104206927064e-05 2.734650248845687e-05 12584
17 1.012107366736065e-05 2.833618482761411e-05 12120
17.5 9.363088498277442e-06 2.566134604593973e-05 11180
18 9.475922553025591e-06 2.637258412132984e-05 11096
18.5 8.656986633050677e-06 2.457331628702559e-05 10056
19 8.739877620711247e-06 2.431126431243902e-05 9716
19.5 7.597404479894911e-06 2.263512088894185e-05 8604
20 7.159896603183283e-06 2.0573938451444e-05 8060
20.5 6.768357826478297e-06 1.94348312723068e-05 7320
21 5.915355012748912e-06 1.780991633002501e-05 6356
21.5 5.026984343769917e-06 1.49932158514974e-05 5348
22 4.032408952845039e-06 1.239462343422374e-05 4308
22.5 3.502131995329523e-06 1.045425738867516e-05 3563
23 2.297853290432931e-06 7.436627477279432e-06 2448
23.5 1.752531876129334e-06 5.772276098305571e-06 1868
24 1.310709020960331e-06 4.190941990912202e-06 1358
24.5 1.084448772914745e-06 3.560265598408989e-06 1062
25 7.737977269693512e-07 2.429553564774136e-06 776
25.5 4.200814360628665e-07 1.503155872358915e-06 432
26 2.159126994714005e-07 6.249932122418071e-07 200
26.5 1.929122154992312e-07 5.941801893958447e-07 168
27 4.188536038223439e-08 1.343011856568406e-07 56
27.5 5.556863160088895e-09 1.22652144942679e-08 7

0.5 7.269214539033162e-10 1.136790355211026e-09 18
1 4.900457998711405e-09 6.829720039271175e-09 62
1.5 6.326445589338695e-09 1.934897423302038e-08 98
2 2.834882023008502e-08 4.608949075719858e-08 210
2.5 5.296846017438235e-08 1.001004691474929e-07 350
3 7.450930123814502e-08 1.56588522716526e-07 450
3.5 1.365057427617923e-07 2.434256837573421e-07 602
4 1.849743517746702e-07 3.469691019638941e-07 762
4.5 3.042329353660812e-07 5.903153086587015e-07 1142
5 4.071791257090665e-07 7.435212777341569e-07 1250
5.5 4.75352880526576e-07 9.316785685156477e-07 1458
6 6.239178825267426e-07 1.250994896650751e-06 1814
6.5 8.405688381782112e-07 1.582796325017692e-06 2178
7 9.792751728534736e-07 2.097109574668704e-06 2498
7.5 1.092771492885114e-06 2.255003924403918e-06 2622
8 1.494409123666577e-06 3.173501048599987e-06 3338
8.5 1.733088492944346e-06 3.798734740970474e-06 3722
9 2.058780934272525e-06 4.624631740432942e-06 4170
9.5 2.293434491104479e-06 4.949818655414456e-06 4358
10 2.723160020952042e-06 5.785300998324096e-06 5034
10.5 3.126180831745059e-06 6.910835863351284e-06 5714
11 3.410109577027975e-06 7.777922905085279e-06 5982
11.5 3.872451036649468e-06 8.937955157008626e-06 6602
12 4.334686505476304e-06 1.04412277295546e-05 7130
12.5 5.076389393160272e-06 1.220053836638409e-05 8034
13 5.618076480084546e-06 1.32242723599444e-05 8606
13.5 5.98657480592195e-06 1.426458401071437e-05 9066
14 6.594273003156998e-06 1.625796096045982e-05 9962
14.5 7.305041898517783e-06 1.799046449487699e-05 10550
15 7.902339601787582e-06 1.99634892725492e-05 11226
15.5 8.948404942807372e-06 2.177795555536331e-05 12146
16 9.142863744299485e-06 2.273059221882779e-05 12303
16.5 9.541133438135626e-06 2.39922906517129e-05 12584
17 9.216076637376795e-06 2.398233719164151e-05 12120
17.5 8.671440727500849e-06 2.321151505141026e-05 11180
18 8.512017392909953e-06 2.326994621474922e-05 11096
18.5 7.974742033580521e-06 2.200710780715436e-05 10056
19 7.871089797756106e-06 2.214936164942336e-05 9716
19.5 6.841502743565459e-06 1.988041152563342e-05 8604
20 6.484150596202201e-06 1.906740065606733e-05 8060
20.5 5.913076990645029e-06 1.81467602134548e-05 7320
21 5.279666164195767e-06 1.544944417731589e-05 6356
21.5 4.664605785477402e-06 1.358758747590045e-05 5348
22 3.773109256447576e-06 1.151870695089272e-05 4308
22.5 3.205130269733646e-06 9.035521351509629e-06 3563
23 2.105082439971301e-06 6.513420812940105e-06 2448
23.5 1.693288871102366e-06 5.371303204307558e-06 1868
24 1.18953837790365e-06 3.969573585794206e-06 1358
24.5 9.604145169321878e-07 2.907122700984228e-06 1062
25 7.234884088226561e-07 2.232201012690955e-06 776
25.5 3.713995771692079e-07 1.372476312475963e-06 432
26 2.042056390633103e-07 6.396696466402211e-07 200
26.5 1.664668626702006e-07 5.784950418188136e-07 168
27 6.529547454609719e-08 1.548639351273602e-07 56
27.5 4.16984191793004e-09 6.031642565304959e-08 7

0.5 3.823482642784671e-10 4.017672356202882e-10 18
1 3.446643614759651e-09 1.033114398171661e-08 62
1.5 8.991058918361432e-09 1.403860081166731e-08 98
2 2.53396555776587e-08 4.154445562748379e-08 210
2.5 4.930150839724162e-08 8.741661201926835e-08 350
3 7.941986051352979e-08 1.417277327139754e-07 450
3.5 1.116511751358131e-07 2.139759929239164e-07 602
4 1.698153020593562e-07 2.991907912745954e-07 762
4.5 3.127286523664012e-07 5.504307951549077e-07 1142
5 3.487496913261279e-07 6.631329335066641e-07 1250
5.5 4.325628633584261e-07 8.539465001147759e-07 1458
6 5.900033177951125e-07 1.225002614534405e-06 1814
6.5 7.3918466280426e-07 1.442039429987276e-06 2178
7 8.940605903963325e-07 1.838449006269988e-06 2498
7.5 1.023907100557179e-06 2.169972598746566e-06 2622
8 1.323890647351375e-06 2.763604088127211e-06 3338
8.5 1.544653969971018e-06 3.331062750421843e-06 3722
9 1.851836351390057e-06 4.095684524273685e-06 4170
9.5 2.061258904203703e-06 4.535355120326335e-06 4358
10 2.357055124957523e-06 5.229682599487971e-06 5034
10.5 2.927787250566554e-06 6.11282166849259e-06 5714
11 3.106411940225241e-06 6.858587059655344e-06 5982
11.5 3.592648348092662e-06 7.921916315118222e-06 6602
12 3.978959724194714e-06 8.80571019311237e-06 7130
12.5 4.700623013636058e-06 1.025182125724284e-05 8034
13 5.046228687040778e-06 1.171952976516902e-05 8606
13.5 5.425204534623181e-06 1.264504498764445e-05 9066
14 6.079594075042595e-06 1.507718829950722e-05 9962
14.5 6.785176794145205e-06 1.649344624869762e-05 10550
15 7.3607878652778e-06 1.740476430509083e-05 11226
15.5 8.100202544107426e-06 1.957603994881956e-05 12146
16 8.33946843374939e-06 2.095077755026692e-05 12303
16.5 8.921206882063091e-06 2.125455255937595e-05 12584
17 8.625001515585613e-06 2.172037117694501e-05 12120
17.5 7.968238955634665e-06 2.043029750686599e-05 11180
18 7.944258936355792e-06 2.130145400849391e-05 11096
18.5 7.35871798934661e-06 1.949798653921894e-05 10056
19 7.411916724301331e-06 1.910876158741336e-05 9716
19.5 6.513288474167667e-06 1.756332187123956e-05 8604
20 5.979589821475491e-06 1.71020200317448e-05 8060
20.5 5.830978909279357e-06 1.634488263503025e-05 7320
21 5.022059978445433e-06 1.409845577340828e-05 6356
21.5 4.272679830712931e-06 1.240146229270056e-05 5348
22 3.480746317174556e-06 1.014882655103992e-05 4308
22.5 2.950000943305599e-06 8.248685583689315e-06 3563
23 2.026546044321189e-06 6.036497177892826e-06 2448
23.5 1.572916101160284e-06 4.661389584736916e-06 1868
24 1.091856445783072e-06 3.337745070223499e-06 1358
24.5 9.384649654459126e-07 2.808976803915571e-06 1062
25 6.647464076915579e-07 1.985350470741916e-06 776
25.5 3.440365763092186e-07 1.096283778746481e-06 432
26 2.042567651976236e-07 5.520463032189901e-07 200
26.5 1.533883353941663e-07 5.286652198837777e-07 168
27 5.843947177242372e-08 2.227694255685505e-07 56
27.5 4.914660572358609e-09 1.162511672082099e-08 7

0.5 6.735504784310414e-10 8.630286166236982e-10 18
1 2.902246261124313e-09 4.659555887127631e-09 62
1.5 8.292257332011367e-09 1.219332438699061e-08 98
2 2.313149912627541e-08 4.484802745050467e-08 210
2.5 4.185836072785686e-08 8.979743743892262e-08 350
3 7.860721678182007e-08 1.305501300908869e-07 450
3.5 1.054669825477974e-07 2.143300165141606e-07 602
4 1.604726790271333e-07 3.011975415494586e-07 762
4.5 2.530969830401716e-07 4.971136855287281e-07 1142
5 3.331376579826067e-07 6.284072351740847e-07 1250
5.5 3.949978899569035e-07 7.275211275049062e-07 1458
6 5.159848214388297e-07 9.938719072467627e-07 1814
6.5 6.847545541607509e-07 1.325432390501885e-06 2178
7 8.325327536296042e-07 1.636540190815914e-06 2498
7.5 9.504995331718767e-07 1.81491740267385e-06 2622
8 1.248260637676266e-06 2.57728368528424e-06 3338
8.5 1.479768499330594e-06 2.945868965727483e-06 3722
9 1.7352696142838e-06 3.500928924777642e-06 4170
9.5 1.84801227415725e-06 3.965296490788301e-06 4358
10 2.234793640852778e-06 4.708859945036946e-06 5034
10.5 2.69213504418365e-06 5.732910000615811e-06 5714
11 2.968316679691955e-06 6.339084118290372e-06 5982
11.5 3.263614061779834e-06 7.360551445057897e-06 6602
12 3.645685488924575e-06 8.417321361638278e-06 7130
12.5 4.215566747271525e-06 9.832281988092287e-06 8034
13 4.720873160940102e-06 1.045083864272508e-05 8606
13.5 4.923737626631059e-06 1.135060758876572e-05 9066
14 5.735960007596092e-06 1.308175641415172e-05 9962
14.5 6.089732618723957e-06 1.40365327268706e-05 10550
15 6.767706760690483e-06 1.574608407736443e-05 11226
15.5 7.47984562374765e-06 1.789128811850068e-05 12146
16 7.791645335308466e-06 1.912131572090739e-05 12303
16.5 7.925928630043682e-06 1.966733475896291e-05 12584
17 7.746437164067865e-06 1.938663025425279e-05 12120
17.5 7.396457697652071e-06 1.817017199799602e-05 11180
18 7.507412465177017e-06 1.869371942679561e-05 11096
18.5 6.949960277407704e-06 1.769095248017767e-05 10056
19 6.659142498948106e-06 1.758994702271278e-05 9716
19.5 6.042346422559148e-06 1.564037706094008e-05 8604
20 5.709321215416095e-06 1.554114977787693e-05 8060
20.5 5.392307623461688e-06 1.399021134713866e-05 7320
21 4.745371183869384e-06 1.256756716876819e-05 6356
21.5 3.904351750994904e-06 1.06104652857954e-05 5348
22 3.182944749114168e-06 8.99953922223343e-06 4308
22.5 2.615085397835834e-06 7.636787158324897e-06 3563
23 1.903156359226027e-06 5.400690563894431e-06 2448
23.5 1.466576237944958e-06 4.324722436019705e-06 1868
24 1.086689575218187e-06 3.169339215579946e-06 1358
24.5 8.013892784995084e-07 2.420643906942168e-06 1062
25 6.300403818781779e-07 1.674643652603433e-06 776
25.5 3.474885298841611e-07 1.028494744826609e-06 432
26 1.810481101799256e-07 5.334733196049351e-07 200
26.5 1.267253768448258e-07 4.735725950147731e-07 168
27 4.491862674918566e-08 1.438530030797577e-07 56
27.5 3.619617026972117e-09 8.593398646517965e-09 7

0.5 4.174842435915168e-10 1.053693794654864e-09 18
1 2.662956926703869e-09 4.096869243631085e-09 62
1.5 6.652310608564607e-09 1.273386194551979e-08 98
2 1.99431125274931e-08 3.409801595894759e-08 210
2.5 4.121725498492568e-08 6.652548731125573e-08 350
3 6.83976699217647e-08 1.204607133811941e-07 450
3.5 9.869343093367111e-08 1.731991596250001e-07 602
4 1.525161253984054e-07 2.716607701039948e-07 762
4.5 2.3299357473132e-07 4.428409481420099e-07 1142
5 3.253671931725184e-07 5.116807628276327e-07 1250
5.5 3.871835239044673e-07 6.975097543175662e-07 1458
6 4.894637695074484e-07 9.537966826833319e-07 1814
6.5 6.477547535770788e-07 1.209962274089147e-06 2178
7 7.592973291994219e-07 1.489325908875173e-06 2498
7.5 8.599538259162484e-07 1.617282088896917e-06 2622
8 1.212469747627584e-06 2.272352289103361e-06 3338
8.5 1.402713055671901e-06 2.74908209370798e-06 3722
9 1.55962120283432e-06 3.108750564620314e-06 4170
9.5 1.779834041420689e-06 3.61318615261714e-06 4358
10 2.099454433428735e-06 4.37452212594507e-06 5034
10.5 2.473478055186902e-06 5.102361461882483e-06 5714
11 2.756253735893752e-06 5.610481220297784e-06 5982
11.5 3.042951311730848e-06 6.555414531138968e-06 6602
12 3.361231014872365e-06 7.426479152246231e-06 7130
12.5 3.923870270567206e-06 8.575409419138598e-06 8034
13 4.404678467999488e-06 9.740058891269904e-06 8606
13.5 4.789394795529471e-06 1.025831005269122e-05 9066
14 5.417008152447082e-06 1.192276684683539e-05 9962
14.5 5.630103612673059e-06 1.296357739233528e-05 10550
15 6.279446875649207e-06 1.433854438325433e-05 11226
15.5 6.860578036039345e-06 1.599249457420182e-05 12146
16 7.228556805308608e-06 1.653956438847654e-05 12303
16.5 7.4163810678131e-06 1.772794244153972e-05 12584
17 7.319110498005857e-06 1.73120614600398e-05 12120
17.5 6.852936512960362e-06 1.68911418439409e-05 11180
18 6.914961905068261e-06 1.684373724036155e-05 11096
18.5 6.379706842206984e-06 1.586350255275461e-05 10056
19 6.226616435958777e-06 1.60927490438377e-05 9716
19.5 5.61802154769026e-06 1.431871664869827e-05 8604
20 5.264180465192338e-06 1.34595590208634e-05 8060
20.5 4.851772249339614e-06 1.235855704373284e-05 7320
21 4.251661828158392e-06 1.173053592993872e-05 6356
21.5 3.794764435111552e-06 9.917508246413631e-06 5348
22 2.99861324091962e-06 7.986579074271027e-06 4308
22.5 2.622489158674148e-06 6.82487556308836e-06 3563
23 1.703583318124072e-06 4.739908934628449e-06 2448
23.5 1.329525705483049e-06 3.712150573133864e-06 1868
24 9.826786439828399e-07 2.907341509322356e-06 1358
24.5 7.573648835899597e-07 2.193271936062963e-06 1062
25 5.735428654532745e-07 1.600385667535402e-06 776
25.5 3.431388465320538e-07 9.653340383126444e-07 432
26 1.303975935472161e-07 4.527271947399695e-07 200
26.5 1.189609225526959e-07 3.257356461633231e-07 168
27 4.929551541789261e-08 1.091328932443374e-07 56
27.5 8.613825562386911e-09 1.506763900530532e-08 7

0.5 5.4569880110203e-10 4.602399068157875e-10 18
1 3.002412496909322e-09 4.838987221238184e-09 62
1.5 8.371980418186137e-09 1.0442738398217e-08 98
2 1.782276846299917e-08 3.79488539739885e-08 210
2.5 4.108073747716991e-08 5.911130229856252e-08 350
3 5.853594879582074e-08 1.107354266559962e-07 450
3.5 9.791349171249977e-08 1.555919566377115e-07 602
4 1.360361826060004e-07 2.580057615393616e-07 762
4.5 2.23988293725183e-07 3.902590733037705e-07 1142
5 2.723415763776533e-07 4.63232626104066e-07 1250
5.5 3.464738447652453e-07 6.038883208272884e-07 1458
6 4.460183961884928e-07 8.538151714601794e-07 1814
6.5 6.591185737049874e-07 1.158938320285833e-06 2178
7 7.209591355936974e-07 1.288050818111886e-06 2498
7.5 8.28482371649091e-07 1.517201344667487e-06 2622
8 1.083638361480757e-06 2.061191589830804e-06 3338
8.5 1.258810389113274e-06 2.556835796346636e-06 3722
9 1.451835244037374e-06 2.900762158842098e-06 4170
9.5 1.644519761135622e-06 3.206085251613679e-06 4358
10 1.833754335949782e-06 3.913777255120914e-06 5034
10.5 2.280144386190732e-06 4.505723138809263e-06 5714
11 2.470091637088788e-06 5.136861937367659e-06 5982
11.5 2.708310215797719e-06 5.898251793200366e-06 6602
12 3.085963566573268e-06 6.562257398190065e-06 7130
12.5 3.540928981112592e-06 7.784163476614985e-06 8034
13 3.962987057115553e-06 8.737721383080281e-06 8606
13.5 4.384705906804764e-06 9.588549330914372e-06 9066
14 4.833741280578322e-06 1.098660664649449e-05 9962
14.5 5.428078054508022e-06 1.175450757160058e-05 10550
15 5.898232222050994e-06 1.292497684398433e-05 11226
15.5 6.509331247559115e-06 1.447109164309409e-05 12146
16 6.659368605289439e-06 1.531236756473466e-05 12303
16.5 6.890451197931687e-06 1.648592716353376e-05 12584
17 7.01411261208981e-06 1.600787483539618e-05 12120
17.5 6.507435925974126e-06 1.525812818930979e-05 11180
18 6.520394175353193e-06 1.510422193622331e-05 11096
18.5 5.952548789171255e-06 1.444219394395735e-05 10056
19 5.857235206661109e-06 1.433019668403619e-05 9716
19.5 5.238675574927198e-06 1.297505699807892e-05 8604
20 4.851163272979324e-06 1.237766474202476e-05 8060
20.5 4.525586410036857e-06 1.199813893132904e-05 7320
21 4.04678996324806e-06 1.010399444563058e-05 6356
21.5 3.572575955711493e-06 8.83215071656784e-06 5348
22 2.908695142587201e-06 7.624766723844651e-06 4308
22.5 2.303830924597665e-06 6.158197872958839e-06 3563
23 1.534295371016229e-06 4.210579818802525e-06 2448
23.5 1.169634204763912e-06 3.288944906578745e-06 1868
24 9.289368946757194e-07 2.366794019499468e-06 1358
24.5 7.43551461813975e-07 2.221922739058656e-06 1062
25 5.281375305332197e-07 1.535910909415586e-06 776
25.5 2.773540468484651e-07 8.300972857555219e-07 432
26 1.476104025821797e-07 4.37569256430192e-07 200
26.5 1.588111395202865e-07 4.11293672391557e-07 168
27 3.728433318656332e-08 1.18236440882348e-07 56
27.5 6.283321433557589e-09 4.358881646767556e-09 7

0.5 2.33912928147769e-10 9.580680026057355e-10 18
1 2.637785681463297e-09 4.39107751833779e-09 62
1.5 6.400057669212731e-09 1.398322895924155e-08 98
2 1.716513088279591e-08 2.741467091441674e-08 210
2.5 3.445555015666605e-08 5.615264210711042e-08 350
3 5.963106881792026e-08 8.75785097725497e-08 450
3.5 8.354590935854993e-08 1.46357205303881e-07 602
4 1.318225236741506e-07 2.230356757911488e-07 762
4.5 2.070826376338644e-07 3.69362899562699e-07 1142
5 2.574169162909455e-07 4.540943409987269e-07 1250
5.5 3.014537054658588e-07 5.653181166854699e-07 1458
6 4.246949841779195e-07 7.478771851737115e-07 1814
6.5 5.522894402652781e-07 9.847799361938794e-07 2178
7 6.663021983175082e-07 1.249234948163037e-06 2498
7.5 7.386345339148655e-07 1.448823262674172e-06 2622
8 1.014456583997457e-06 1.941726603892334e-06 3338
8.5 1.184839184182937e-06 2.241842198255014e-06 3722
9 1.368178001891268e-06 2.696550118888799e-06 4170
9.5 1.463581647053589e-06 2.90710845802751e-06 4358
10 1.830088276168264e-06 3.474763628833625e-06 5034
10.5 2.132357020637211e-06 4.208316957775678e-06 5714
11 2.336109641889585e-06 4.868616604280652e-06 5982
11.5 2.51049381836578e-06 5.331562395043582e-06 6602
12 2.897411271799887e-06 5.940931939525792e-06 7130
12.5 3.344855307402086e-06 7.144612585917078e-06 8034
13 3.734567398332687e-06 7.939311429894463e-06 8606
13.5 3.989041079354014e-06 8.69920006802859e-06 9066
14 4.587193583626941e-06 9.736923236098834e-06 9962
14.5 4.986652904945544e-06 1.092030106553169e-05 10550
15 5.376703790002382e-06 1.178683290925778e-05 11226
15.5 5.990094299012277e-06 1.338190192780074e-05 12146
16 6.203306047123657e-06 1.382264333922537e-05 12303
16.5 6.596278416707602e-06 1.498293425715654e-05 12584
17 6.357556325553514e-06 1.477329151780419e-05 12120
17.5 6.026233310497392e-06 1.388647526907616e-05 11180
18 6.112223219023763e-06 1.397769859757592e-05 11096
18.5 5.49800846275834e-06 1.325996699042693e-05 10056
19 5.503922672316655e-06 1.312113005225028e-05 9716
19.5 5.025060648095551e-06 1.173686972973744e-05 8604
20 4.727818409532971e-06 1.13979126390637e-05 8060
20.5 4.332274297705691e-06 1.052106512908401e-05 7320
21 3.905672765927696e-06 9.31608099909152e-06 6356
21.5 3.155040129610339e-06 8.104112588773629e-06 5348
22 2.661239857617225e-06 6.763775465828829e-06 4308
22.5 2.202607179758188e-06 6.03344764473244e-06 3563
23 1.513130820903367e-06 3.971879530834359e-06 2448
23.5 1.132465020773432e-06 3.073926632518529e-06 1868
24 8.845952763272848e-07 2.297919956492433e-06 1358
24.5 6.89388266496032e-07 1.670642097431649e-06 1062
25 5.159648024268148e-07 1.510513672638944e-06 776
25.5 2.69658122701968e-07 7.84438085915288e-07 432
26 1.269927089897087e-07 4.500012072967901e-07 200
26.5 1.066306251743942e-07 2.971029550172873e-07 168
27 3.855774276516836e-08 9.178164339499361e-08 56
27.5 5.488801594153588e-09 7.214662301319696e-09 7

0.5 4.451632939455563e-10 4.758880055866941e-10 18
1 2.298694100057454e-09 3.942388610848161e-09 62
1.5 5.601995414742309e-09 1.005885899684902e-08 98
2 1.646965470068454e-08 2.402387171704163e-08 210
2.5 3.521815454646121e-08 4.858091639746528e-08 350
3 5.350888862540892e-08 8.889777480887494e-08 450
3.5 7.84415610184289e-08 1.30858572855676e-07 602
4 1.163243585837099e-07 1.908444300590084e-07 762
4.5 1.873924156971445e-07 3.605096772725693e-07 1142
5 2.35978956849085e-07 4.007383904367587e-07 1250
5.5 2.771155346016645e-07 5.212095674336858e-07 1458
6 3.820348132331884e-07 6.564257607761238e-07 1814
6.5 5.173718634551908e-07 8.835877811904277e-07 2178
7 5.975411806176421e-07 1.243068298659782e-06 2498
7.5 6.930272919778341e-07 1.326784706422234e-06 2622
8 9.338150978051522e-07 1.684499960674508e-06 3338
8.5 1.076074483171219e-06 2.126422281690513e-06 3722
9 1.281890335086713e-06 2.341888701733074e-06 4170
9.5 1.375052934495551e-06 2.683179097568857e-06 4358
10 1.7077971293895e-06 3.17890354403555e-06 5034
10.5 2.040635425913396e-06 3.906653808131094e-06 5714
11 2.187270801621116e-06 4.307255329732674e-06 5982
11.5 2.363314273586554e-06 4.941690206936378e-06 6602
12 2.747492999828122e-06 5.631537407441491e-06 7130
12.5 3.18056078475646e-06 6.639688761053399e-06 8034
13 3.513989590730256e-06 7.138562070253792e-06 8606
13.5 3.802972158072423e-06 7.948105784338707e-06 9066
14 4.32055830031086e-06 9.195869989121485e-06 9962
14.5 4.621897358450672e-06 9.94211568359152e-06 10550
15 5.085944446313879e-06 1.126634010904039e-05 11226
15.5 5.520619165579664e-06 1.229557191767152e-05 12146
16 5.827141261871733e-06 1.251788817567251e-05 12303
16.5 6.044856823995531e-06 1.351430518424689e-05 12584
17 5.919824690608538e-06 1.325064734152477e-05 12120
17.5 5.650658560366381e-06 1.285889048491933e-05 11180
18 5.592007917335353e-06 1.316110437048459e-05 11096
18.5 5.185533648979594e-06 1.222127813459309e-05 10056
19 5.059152104309287e-06 1.196429697361745e-05 9716
19.5 4.564165261709261e-06 1.087335400645795e-05 8604
20 4.376785963675424e-06 1.056189994097455e-05 8060
20.5 3.991371356887503e-06 9.631809840810106e-06 7320
21 3.444646143009761e-06 8.616801599566115e-06 6356
21.5 3.080744644490474e-06 7.29866618466987e-06 5348
22 2.454286854753827e-06 6.09989306432617e-06 4308
22.5 2.024791704413561e-06 5.44490148734863e-06 3563
23 1.455762392300776e-06 3.571621200919359e-06 2448
23.5 1.039106257259042e-06 2.856604754389522e-06 1868
24 8.342405647069304e-07 2.032135300451861e-06 1358
24.5 6.797763267524278e-07 1.696666402429284e-06 1062
25 4.643480735236051e-07 1.4165411369871e-06 776
25.5 3.196839299652873e-07 7.029918721561787e-07 432
26 1.469736529855413e-07 3.409772405783499e-07 200
26.5 1.062080245999341e-07 2.710997135440747e-07 168
27 2.9625173899332e-08 9.60158723452983e-08 56
27.5 1.023096549593188e-09 1.872303721172077e-08 7

0.5 1.868763694974785e-10 7.356920671690455e-10 18
1 2.305188903144927e-09 3.751146045092712e-09 62
1.5 5.619097834085195e-09 1.077710318178393e-08 98
2 1.508872361826607e-08 2.835452506383404e-08 210
2.5 2.983831163190833e-08 5.762218437133772e-08 350
3 4.854553132680015e-08 8.050912529230248e-08 450
3.5 7.091658958522265e-08 1.222578368479818e-07 602
4 9.817986800244239e-08 1.820386684276689e-07 762
4.5 1.780877693566471e-07 2.980659392220243e-07 1142
5 2.238820192604242e-07 3.986116116562142e-07 1250
5.5 2.872635644287066e-07 4.887464225146944e-07 1458
6 3.661156417674438e-07 6.521487664588418e-07 1814
6.5 4.639378647835938e-07 7.988093987031066e-07 2178
7 5.612083933913808e-07 1.123756101126102e-06 2498
7.5 6.39332491499599e-07 1.173240982153784e-06 2622
8 8.666974382038405e-07 1.588989219071221e-06 3338
8.5 1.038843435448222e-06 1.883894708162309e-06 3722
9 1.192810094426013e-06 2.229583067913419e-06 4170
9.5 1.261836914401968e-06 2.4912654435906e-06 4358
10 1.572693995503773e-06 3.008346951190226e-06 5034
10.5 1.797010057295202e-06 3.622536941051459e-06 5714
11 1.984511900016986e-06 3.944026202990097e-06 5982
11.5 2.275126834927666e-06 4.662869324730322e-06 6602
12 2.548457738291347e-06 5.141002804758244e-06 7130
12.5 2.968326148410354e-06 5.886686108972265e-06 8034
13 3.195559872412151e-06 6.472149559239864e-06 8606
13.5 3.618739777193009e-06 7.341041299444611e-06 9066
14 4.014044752019603e-06 8.379477122445825e-06 9962
14.5 4.295874019018162e-06 9.253956860045275e-06 10550
15 4.795560830153807e-06 9.909317964001167e-06 11226
15.5 5.315755966752274e-06 1.126183471618371e-05 12146
16 5.424823988024075e-06 1.18224378779862e-05 12303
16.5 5.67304194027868e-06 1.248645244178561e-05 12584
17 5.509746523818587e-06 1.246122246369688e-05 12120
17.5 5.276601350793223e-06 1.151547214902701e-05 11180
18 5.296272247042608e-06 1.189938810539778e-05 11096
18.5 4.918461995525884e-06 1.090722440867013e-05 10056
19 4.806332299140648e-06 1.109390485455306e-05 9716
19.5 4.228377976271055e-06 9.859696981944286e-06 8604
20 4.150300061618872e-06 9.631048974884752e-06 8060
20.5 3.745370961941098e-06 9.111277565764855e-06 7320
21 3.336449290378376e-06 7.901471395921065e-06 6356
21.5 2.863329162778802e-06 7.114179534577345e-06 5348
22 2.337706031516517e-06 5.629783140288682e-06 4308
22.5 1.95360787003612e-06 4.82867384542174e-06 3563
23 1.374940267336827e-06 3.406530434744574e-06 2448
23.5 1.006597077340151e-06 2.574135491815006e-06 1868
24 7.397345864328942e-07 1.999125380449228e-06 1358
24.5 6.236892728321745e-07 1.521400959366109e-06 1062
25 4.44106746294099e-07 1.179001693736151e-06 776
25.5 2.653065462974642e-07 7.517358717344149e-07 432
26 1.337762076185623e-07 2.983804547509619e-07 200
26.5 1.035936923466348e-07 3.106669695986401e-07 168
27 2.775653258786592e-08 1.019195574703985e-07 56
27.5 5.109428244847474e-09 6.866980403754575e-09 7

0.5 3.322955458601055e-10 3.592719398732148e-10 18
1 2.022087556511372e-09 3.13172037969199e-09 62
1.5 4.739480278382279e-09 8.412245963625021e-09 98
2 1.272185331933009e-08 2.35631214925335e-08 210
2.5 2.827569600117053e-08 5.053236343392133e-08 350
3 4.819196740112087e-08 7.480776289819882e-08 450
3.5 6.479420149134802e-08 1.088911512585268e-07 602
4 8.503071067618588e-08 1.689005486090617e-07 762
4.5 1.610127843435226e-07 2.901451014838713e-07 1142
5 2.012053875547835e-07 3.625773331129303e-07 1250
5.5 2.638764166939968e-07 4.490253674657762e-07 1458
6 3.529219398528541e-07 5.821374131509854e-07 1814
6.5 4.70048541492609e-07 7.586545380899389e-07 2178
7 5.629520780739758e-07 9.975426248741903e-07 2498
7.5 6.176343370171058e-07 1.045800435222335e-06 2622
8 8.049698889837155e-07 1.509788139934409e-06 3338
8.5 9.639596941585126e-07 1.669537814417969e-06 3722
9 1.157889661958853e-06 2.180127309012852e-06 4170
9.5 1.232744789067775e-06 2.244821255933687e-06 4358
10 1.452563605169531e-06 2.761375418743208e-06 5034
10.5 1.766010697745713e-06 3.331847782098725e-06 5714
11 1.88889322362584e-06 3.552072553610221e-06 5982
11.5 2.151254911796892e-06 4.18507658889087e-06 6602
12 2.412650046077666e-06 4.635230690879397e-06 7130
12.5 2.878327449606087e-06 5.583249958976553e-06 8034
13 3.126178300757068e-06 6.191813034139656e-06 8606
13.5 3.267218667180625e-06 6.831797839517124e-06 9066
14 3.869055507412189e-06 7.691693727082583e-06 9962
14.5 4.068643942223423e-06 8.624299488684766e-06 10550
15 4.400249322111631e-06 9.106340457153838e-06 11226
15.5 4.966668829156907e-06 1.045083524695255e-05 12146
16 5.210174132757211e-06 1.085861843483363e-05 12303
16.5 5.356291560004464e-06 1.143987005201646e-05 12584
17 5.229430197552929e-06 1.161810266846176e-05 12120
17.5 4.896638320227161e-06 1.074313352537594e-05 11180
18 5.157081611864336e-06 1.110971795027571e-05 11096
18.5 4.633214569834128e-06 1.015432646933006e-05 10056
19 4.421798019855103e-06 1.043090265610002e-05 9716
19.5 4.079504604614532e-06 9.367269617237667e-06 8604
20 3.848557547029129e-06 8.941237860516841e-06 8060
20.5 3.636052266186749e-06 8.250727703295177e-06 7320
21 3.136307975056125e-06 7.497840708944206e-06 6356
21.5 2.662180727413402e-06 6.199956466621406e-06 5348
22 2.156957682341906e-06 5.373649519318313e-06 4308
22.5 1.914353278501183e-06 4.204264094047704e-06 3563
23 1.273686018281267e-06 3.239978891528418e-06 2448
23.5 9.504938273003378e-07 2.349895629678162e-06 1868
24 6.870653822381082e-07 1.744787698322292e-06 1358
24.5 5.571002244583982e-07 1.397797882040827e-06 1062
25 4.234311698866762e-07 1.057724236255364e-06 776
25.5 2.544677745899215e-07 5.150735754997329e-07 432
26 1.421116465555355e-07 2.644704359053422e-07 200
26.5 9.50463490320022e-08 2.511429802360138e-07 168
27 2.912150218292601e-08 8.503933485675129e-08 56
27.5 2.747044890245664e-09 9.30170012709256e-09 7

0.5 2.170275048084872e-10 6.299715872080992e-10 18
1 1.64749760296347e-09 3.015887220727987e-09 62
1.5 4.956147104290555e-09 8.284047431537896e-09 98
2 1.37812670179825e-08 1.80344341796942e-08 210
2.5 2.860239242757735e-08 4.617743409563478e-08 350
3 4.376038154527726e-08 6.875453603987562e-08 450
3.5 6.594175696071116e-08 1.000058678518173e-07 602
4 9.606176606996482e-08 1.552522757478399e-07 762
4.5 1.682846674432374e-07 2.410390617169229e-07 1142
5 1.949806584285462e-07 3.233946421493442e-07 1250
5.5 2.456397411101169e-07 4.141898328470611e-07 1458
6 3.270077415525262e-07 5.356301988109e-07 1814
6.5 4.260236566229366e-07 7.116792676785686e-07 2178
7 5.176229233530267e-07 9.138858556036975e-07 2498
7.5 6.014926792326544e-07 1.016023381219934e-06 2622
8 7.718437792585871e-07 1.338152727468111e-06 3338
8.5 8.837563223266532e-07 1.631852277853956e-06 3722
9 1.069277842126016e-06 1.913950803214922e-06 4170
9.5 1.171843101973179e-06 2.045826842707791e-06 4358
10 1.414330018400394e-06 2.562523336493912e-06 5034
10.5 1.619027023757712e-06 3.038689796977162e-06 5714
11 1.756988496107309e-06 3.356735563319817e-06 5982
11.5 2.003566590872035e-06 3.972471800316655e-06 6602
12 2.240565006711127e-06 4.409486760992663e-06 7130
12.5 2.599190536962077e-06 5.243960216979439e-06 8034
13 2.993966515296056e-06 5.769137393136682e-06 8606
13.5 3.138938152839289e-06 6.287997356203247e-06 9066
14 3.571425317596014e-06 7.265958712444183e-06 9962
14.5 3.932383713534766e-06 7.814626800013228e-06 10550
15 4.096613249545565e-06 8.580012039215505e-06 11226
15.5 4.703315338713242e-06 9.833751885765646e-06 12146
16 4.791657409719167e-06 1.014136878677061e-05 12303
16.5 5.002437468672602e-06 1.071830971547587e-05 12584
17 5.014697131733807e-06 1.052517418098019e-05 12120
17.5 4.633952792502378e-06 1.002336927062327e-05 11180
18 4.740570191599174e-06 1.005650175587695e-05 11096
18.5 4.378203266077988e-06 9.578480287040735e-06 10056
19 4.221615499143496e-06 9.643043017112132e-06 9716
19.5 3.837001038542113e-06 8.509741025038653e-06 8604
20 3.630138020958057e-06 8.191616789716457e-06 8060
20.5 3.485300153936452e-06 7.580438000446342e-06 7320
21 2.915312018013088e-06 6.896733412917305e-06 6356
21.5 2.506133510212688e-06 6.059901799196551e-06 5348
22 2.144630693785776e-06 4.891710448775983e-06 4308
22.5 1.726734986243697e-06 4.307716601245627e-06 3563
23 1.182685548452665e-06 2.863196910491432e-06 2448
23.5 9.202969478242664e-07 2.205963724560263e-06 1868
24 6.305434111922478e-07 1.671466689720798e-06 1358
24.5 5.182591649273451e-07 1.445967000766043e-06 1062
25 4.11754679565728e-07 1.01487643745663e-06 776
25.5 2.239199798537201e-07 4.940055099187876e-07 432
26 9.663965611007005e-08 2.231068227731912e-07 200
26.5 8.936692178808652e-08 1.959728076600408e-07 168
27 2.077115602328459e-08 7.720588009130554e-08 56
27.5 3.822287322681692e-09 1.632196907932533e-08 7

0.5 2.081616695108819e-10 6.849921219721063e-10 18
1 1.750186894525646e-09 2.234303617456639e-09 62
1.5 4.279607890786086e-09 7.148277178650601e-09 98
2 1.414013131538215e-08 2.034753696810533e-08 210
2.5 2.812704092160536e-08 4.694129749989683e-08 350
3 4.356752006897953e-08 6.946646402910101e-08 450
3.5 6.244675185401188e-08 1.04395762091201e-07 602
4 8.136744162007672e-08 1.430481426139414e-07 762
4.5 1.413648837118568e-07 2.283111382343589e-07 1142
5 1.818509317627541e-07 3.060140532005194e-07 1250
5.5 2.234841929834532e-07 3.743077583505264e-07 1458
6 2.99034198705818e-07 4.953956058324821e-07 1814
6.5 3.812114164716789e-07 6.944789095984323e-07 2178
7 4.810544910426867e-07 8.505041597163481e-07 2498
7.5 5.33035772903269e-07 9.587698264808251e-07 2622
8 7.384809812625525e-07 1.316310804562726e-06 3338
8.5 8.302476505466639e-07 1.500107085134252e-06 3722
9 9.737014195155867e-07 1.839839420490378e-06 4170
9.5 1.051889558798124e-06 1.919467274554593e-06 4358
10 1.288523849328827e-06 2.322884609888805e-06 5034
10.5 1.499851360314957e-06 2.916574661784756e-06 5714
11 1.66956777593468e-06 3.161770565900428e-06 5982
11.5 1.982940823831791e-06 3.624316090176003e-06 6602
12 2.110049714567551e-06 4.088575691825933e-06 7130
12.5 2.489659148790301e-06 4.778018949065189e-06 8034
13 2.794384108520063e-06 5.370573433092319e-06 8606
13.5 3.045606334363217e-06 5.750512240116783e-06 9066
14 3.341150854517993e-06 6.484272333934143e-06 9962
14.5 3.725753094200503e-06 7.425414229728663e-06 10550
15 3.981081124966618e-06 7.926909309975534e-06 11226
15.5 4.407836205171402e-06 9.022210073296409e-06 12146
16 4.609262176263508e-06 9.293007651374448e-06 12303
16.5 4.81071480508917e-06 9.947639745286665e-06 12584
17 4.649150967380242e-06 9.904324626185562e-06 12120
17.5 4.364318604284342e-06 9.148883752842192e-06 11180
18 4.354509699777733e-06 9.752400003072881e-06 11096
18.5 4.07615247465834e-06 8.846266991724724e-06 10056
19 4.135642951170279e-06 8.937337590920207e-06 9716
19.5 3.622338310880383e-06 8.25083523610265e-06 8604
20 3.488531994286446e-06 7.512600572939806e-06 8060
20.5 3.165502924435255e-06 6.999230243188231e-06 7320
21 2.700942318775558e-06 6.465234858294116e-06 6356
21.5 2.415361441590941e-06 5.511765468502119e-06 5348
22 1.937071013586222e-06 4.51643717704138e-06 4308
22.5 1.652857442578938e-06 3.68081283790778e-06 3563
23 1.120129828642532e-06 2.71524913327574e-06 2448
23.5 8.946324404276608e-07 2.013356000361356e-06 1868
24 6.286179533158431e-07 1.520138975815096e-06 1358
24.5 5.007424684268432e-07 1.175639730179127e-06 1062
25 3.647401242665338e-07 9.805021944419813e-07 776
25.5 2.294938300288996e-07 5.045480920042701e-07 432
26 1.082264860617009e-07 2.738925264878941e-07 200
26.5 8.133409706830239e-08 1.674857477978575e-07 168
27 3.866823875485117e-08 5.915810092223505e-08 56
27.5 6.877429088419991e-09 1.572750794550386e-09 7

