1:binCentralValue 2:valuesAverage 3:valuesAverage 4:multiplicity
0.5 4.530998094751548e-15 9.428944362550704e-11 18
1 3.18729244439008e-14 1.214456025483236e-09 62
1.5 1.085492242525033e-13 2.853468321295568e-09 98
2 3.02147488433013e-13 8.003976239013389e-09 210
2.5 5.936792104971878e-13 2.237029697760332e-08 350
3 7.528325691059799e-13 3.253348468711021e-08 450
3.5 1.527874667001009e-12 5.460908959897709e-08 602
4 2.16460386341516e-12 7.023720940514897e-08 762
4.5 3.373793258209039e-12 1.332999044229736e-07 1142
5 4.025753627558916e-12 1.633665416791054e-07 1250
5.5 5.274296031475819e-12 2.045398656314305e-07 1458
6 6.887824704095805e-12 2.947857731324939e-07 1814
6.5 9.242335907508446e-12 3.618120616258925e-07 2178
7 1.171027366547983e-11 4.254674785446294e-07 2498
7.5 1.242059292371883e-11 4.935123441970191e-07 2622
8 1.723226028083423e-11 7.00928028524679e-07 3338
8.5 2.076000686248581e-11 8.13597456962326e-07 3722
9 2.449703905639674e-11 9.719819013409874e-07 4170
9.5 2.666700433554696e-11 1.048791777537626e-06 4358
10 3.430620624112749e-11 1.294468722248306e-06 5034
10.5 3.958604092299187e-11 1.520900460815516e-06 5714
11 4.310157711854547e-11 1.7339924907316e-06 5982
11.5 5.009796573569044e-11 1.905785900131872e-06 6602
12 5.698088703863515e-11 2.154117162224138e-06 7130
12.5 6.750715897606786e-11 2.600210700595095e-06 8034
13 7.385934540152533e-11 2.934701448058015e-06 8606
13.5 7.966283347361615e-11 3.219353925690421e-06 9066
14 8.814774805302312e-11 3.654082461015514e-06 9962
14.5 1.01699165747509e-10 3.9704384134498e-06 10550
15 1.069663968799652e-10 4.421454775889129e-06 11226
15.5 1.237407293428967e-10 4.956584360356764e-06 12146
16 1.294139231749706e-10 5.13687472666298e-06 12303
16.5 1.398558914969478e-10 5.473137768671419e-06 12584
17 1.328199968343891e-10 5.403719850174575e-06 12120
17.5 1.30400501299619e-10 5.059130065485996e-06 11180
18 1.288666536606608e-10 5.22612049840269e-06 11096
18.5 1.243037907648049e-10 4.851093268723933e-06 10056
19 1.198260404902437e-10 4.85534520903703e-06 9716
19.5 1.087664709752736e-10 4.275348455838567e-06 8604
20 5.416368159676698e-11 2.081691016837126e-06 8060
20.5 8.48470479006811e-42 3.312252989670721e-37 7320
21 7.140297747959176e-42 2.84728422439766e-37 6356
21.5 5.809554858688347e-42 2.364313289970963e-37 5348
22 4.774905974573389e-42 1.845551137490251e-37 4308
22.5 3.812358973518242e-42 1.563126172981004e-37 3563
23 2.66224704062217e-42 1.05220251466819e-37 2448
23.5 1.784179154797076e-42 7.043572215170141e-38 1868
24 1.275157062791712e-42 5.43492555628891e-38 1358
24.5 9.351279372298709e-43 3.758930223881368e-38 1062
25 6.362953650856225e-43 2.556193559746633e-38 776
25.5 3.41121602505579e-43 1.157619213384603e-38 432
26 1.603969673346621e-43 5.320937726132992e-39 200
26.5 1.064699430146311e-43 4.719170786507979e-39 168
27 3.078121864732736e-44 1.520749467658687e-39 56
27.5 4.135385222988459e-45 1.56500607880085e-40 7

0.5 2.179386657147876e-14 3.307479898934111e-10 18
1 2.103578245055647e-13 3.557262990004665e-09 62
1.5 4.351107666540809e-13 8.445082942359681e-09 98
2 8.060218648228728e-13 1.973768071636707e-08 210
2.5 1.108487191259548e-12 3.94293918188653e-08 350
3 5.388349902203447e-13 3.744931493617282e-08 450
3.5 1.396663728610926e-13 3.443084830122559e-08 602
4 4.570659231294814e-14 2.078639158813175e-08 762
4.5 4.29002731645626e-13 9.765122520266912e-09 1142
5 7.106691999327302e-13 3.615348382265468e-09 1250
5.5 5.056552973849467e-13 1.557843720190569e-08 1458
6 2.045723384888291e-13 4.989181687982671e-08 1814
6.5 1.571014243105483e-12 8.800047125757108e-08 2178
7 6.537467846681874e-12 1.069222103358943e-07 2498
7.5 1.382358673381775e-11 9.924100125049663e-08 2622
8 2.514640716989805e-11 7.99090734793566e-08 3338
8.5 2.599644885219176e-11 3.563627529873206e-08 3722
9 1.915191238539174e-11 1.234795183502511e-08 4170
9.5 8.950299858449046e-12 1.911880323703021e-08 4358
10 1.14124948131788e-11 4.795229933907684e-08 5034
10.5 3.473650239655078e-11 6.717234938057035e-08 5714
11 7.418488121611288e-11 5.866923056008331e-08 5982
11.5 1.026954331388263e-10 3.94555516225187e-08 6602
12 1.093271683338872e-10 5.171993042331513e-08 7130
12.5 9.574234946743964e-11 1.464209256274849e-07 8034
13 8.490994278995345e-11 3.066621883490636e-07 8606
13.5 1.293379203542324e-10 5.036411769085747e-07 9066
14 2.619592012710498e-10 6.845192205212882e-07 9962
14.5 4.57155307873121e-10 7.537619612668172e-07 10550
15 6.824753901251582e-10 7.489377969917714e-07 11226
15.5 8.823267606583698e-10 7.375319929536161e-07 12146
16 9.695835353966037e-10 6.345665402201637e-07 12303
16.5 1.023093947528639e-09 6.180283532692586e-07 12584
17 9.962112518641082e-10 5.06907604426555e-07 12120
17.5 8.724357321138268e-10 3.370960611559864e-07 11180
18 7.407318092881384e-10 1.744872084531682e-07 11096
18.5 5.155196617341579e-10 1.121737773567264e-07 10056
19 4.160678983525934e-10 1.075885926225978e-07 9716
19.5 3.593369556521289e-10 1.042729051828198e-07 8604
20 1.760766399913111e-10 5.470207191995462e-08 8060
20.5 1.279941538529491e-14 5.071773856422801e-12 7320
21 1.044070886514592e-14 4.234213748063286e-12 6356
21.5 8.082287077042725e-15 3.432437476396715e-12 5348
22 6.16157195522632e-15 2.778748399869015e-12 4308
22.5 5.170751560089571e-15 2.633502195091586e-12 3563
23 3.0767905048569e-15 2.210790324077523e-12 2448
23.5 2.152158263968955e-15 2.114677744292377e-12 1868
24 1.282649553341024e-15 1.80972162382946e-12 1358
24.5 6.543427479569203e-16 1.77067284601909e-12 1062
25 3.482142726841368e-16 1.349976812284972e-12 776
25.5 1.759647311817711e-16 7.104879482689698e-13 432
26 8.976931129906236e-17 2.845349004360804e-13 200
26.5 1.027294586794899e-16 3.181474909083047e-13 168
27 4.560089326930688e-17 1.115852841494786e-13 56
27.5 6.979104424013493e-18 6.511192639213074e-15 7

0.5 1.038488057537093e-12 1.004293908289378e-10 18
1 1.072044155186257e-11 1.14548311439707e-09 62
1.5 2.401603571243656e-11 2.90404867901606e-09 98
2 5.048608872452408e-11 7.401669913648857e-09 210
2.5 8.463993468006046e-11 1.628107805574303e-08 350
3 5.883823662313298e-11 1.702562025025367e-08 450
3.5 3.28477065129884e-11 1.681279215703815e-08 602
4 8.999401654005e-12 1.058080144504768e-08 762
4.5 6.602734643978401e-13 5.096607724161535e-09 1142
5 5.799009949075769e-13 1.236789140593197e-09 1250
5.5 8.920414579882111e-12 3.595159988291422e-09 1458
6 8.951037698244667e-11 7.539930943946041e-09 1814
6.5 3.372643302459547e-10 5.333164362703233e-09 2178
7 6.917099416145654e-10 7.755077230016752e-10 2498
7.5 9.064002096624834e-10 3.540961967283901e-09 2622
8 9.525704631053606e-10 1.503544050780146e-08 3338
8.5 5.089969477378719e-10 1.670612537615256e-08 3722
9 1.785608473190831e-10 9.9588059475839e-09 4170
9.5 1.813248690302148e-10 1.935227891891333e-08 4358
10 3.860632160512732e-10 6.506452447913153e-08 5034
10.5 4.371874046513474e-10 1.044095933413083e-07 5714
11 2.978788891957752e-10 9.234448399204805e-08 5982
11.5 1.878003014377662e-10 6.688342312029692e-08 6602
12 1.63143981677845e-10 1.081033043901456e-07 7130
12.5 1.474683461269833e-10 2.430746866285753e-07 8034
13 1.056082929301988e-10 3.361376676042412e-07 8606
13.5 1.043161016606852e-10 3.25217774160385e-07 9066
14 1.369033472646597e-10 2.813895607974233e-07 9962
14.5 1.489972773906573e-10 2.657316262229664e-07 10550
15 1.502090352710382e-10 3.162934432917837e-07 11226
15.5 1.842599557022039e-10 3.539261288470868e-07 12146
16 2.042201934170151e-10 3.691084152899995e-07 12303
16.5 2.265880801282028e-10 3.635956899227388e-07 12584
17 2.336753667472763e-10 2.720572636461765e-07 12120
17.5 2.338591281923045e-10 2.012210762141836e-07 11180
18 2.563470486395129e-10 1.589614732182428e-07 11096
18.5 2.188226371625347e-10 8.64819060077601e-08 10056
19 1.727396486937494e-10 4.775569046048756e-08 9716
19.5 1.627941846297839e-10 4.234697404484398e-08 8604
20 8.853942530694114e-11 2.18436887432154e-08 8060
20.5 1.622945988809287e-14 2.4710307273138e-12 7320
21 1.35589331975766e-14 1.918843636539351e-12 6356
21.5 1.191687018019952e-14 1.385117628735085e-12 5348
22 1.064311535533545e-14 9.849263579985767e-13 4308
22.5 1.007217227260234e-14 6.940666229803908e-13 3563
23 6.962048680270413e-15 3.53747443282343e-13 2448
23.5 5.309999133549847e-15 2.917558498851988e-13 1868
24 3.187642283120074e-15 2.413553715688444e-13 1358
24.5 1.793262492319727e-15 2.258390910112777e-13 1062
25 9.011569243016299e-16 1.90254045473253e-13 776
25.5 4.708951405847442e-16 9.729694453543128e-14 432
26 1.855785427802706e-16 3.966405464495593e-14 200
26.5 1.813854532630241e-16 3.503639804579157e-14 168
27 6.329955442290114e-17 1.003840119812383e-14 56
27.5 9.123844719544154e-18 8.314758495770532e-16 7

0.5 5.851233412582677e-12 1.707342543010919e-11 18
1 6.879767764003001e-11 1.83647828869078e-10 62
1.5 1.773661473224386e-10 4.252043903279655e-10 98
2 4.460264471524646e-10 9.079332233155823e-10 210
2.5 9.060637871426652e-10 1.462913935929051e-09 350
3 7.636098399098025e-10 8.349076984534657e-10 450
3.5 4.857887660524839e-10 2.545481790042182e-10 602
4 1.354649175170787e-10 1.549194642408106e-11 762
4.5 8.570226996126854e-12 1.293609135334921e-10 1142
5 2.464492463908163e-11 1.531757545023043e-10 1250
5.5 3.677137422764802e-10 1.051258946255871e-09 1458
6 2.956279781288737e-09 4.979822265828033e-09 1814
6.5 8.947632384370358e-09 9.013944880820513e-09 2178
7 1.372193589572739e-08 7.490384231613746e-09 2498
7.5 1.217127711146306e-08 2.946889143445382e-09 2622
8 6.888735077601971e-09 4.121299445255471e-10 3338
8.5 1.550931180701098e-09 1.95143633905005e-10 3722
9 1.554038675048925e-10 1.627503383677249e-10 4170
9.5 5.054561721382107e-10 9.020177399238102e-11 4358
10 3.420936614987317e-09 1.551333937062395e-09 5034
10.5 6.972226995193224e-09 8.881724427599514e-09 5714
11 6.630633534005179e-09 1.465539710272012e-08 5982
11.5 4.556013285795093e-09 1.722981765032131e-08 6602
12 4.785228224622135e-09 7.489539380973392e-08 7130
12.5 5.598073407367949e-09 2.626806276338214e-07 8034
13 4.345447809901981e-09 4.311226799122196e-07 8606
13.5 3.028591823134285e-09 4.476143852358711e-07 9066
14 2.504850810023327e-09 3.953821157966021e-07 9962
14.5 3.374452618270461e-09 3.616104186940948e-07 10550
15 5.944502998868965e-09 3.992421025577201e-07 11226
15.5 8.21707768302187e-09 4.147911334370876e-07 12146
16 9.687287122101846e-09 4.083382966836971e-07 12303
16.5 1.011135325637778e-08 3.872492110568924e-07 12584
17 9.332166172547156e-09 2.480436315984059e-07 12120
17.5 7.818549357342717e-09 1.527408862883718e-07 11180
18 6.41147639991715e-09 1.000420981652821e-07 11096
18.5 3.416025485646729e-09 3.717272428539147e-08 10056
19 1.291879577083624e-09 8.5495943843804e-09 9716
19.5 7.216944175100564e-10 4.128623724948998e-09 8604
20 3.955427877860505e-10 2.227582622524907e-09 8060
20.5 8.427554151008319e-13 2.28596581775622e-12 7320
21 6.441792127845511e-13 1.916641976158638e-12 6356
21.5 5.068812144748948e-13 1.651333697851147e-12 5348
22 3.454845259313281e-13 1.338919219075385e-12 4308
22.5 2.597954154575123e-13 1.178790015363025e-12 3563
23 1.467164936908591e-13 7.925065823807595e-13 2448
23.5 9.169273518100743e-14 6.253093809147351e-13 1868
24 6.387322670150219e-14 4.652354931993166e-13 1358
24.5 5.006941140439387e-14 3.833872307898636e-13 1062
25 3.392458532676207e-14 3.067714322696114e-13 776
25.5 1.928545944904041e-14 1.656994415912495e-13 432
26 8.039633925494367e-15 8.746572782169454e-14 200
26.5 8.4587205760431e-15 7.4210129179094e-14 168
27 2.616270620346356e-15 2.628996751061296e-14 56
27.5 4.044157953954956e-16 3.194806127331374e-15 7

0.5 1.007695770341514e-12 2.219400651142495e-10 18
1 1.286598869747628e-11 2.193926139867277e-09 62
1.5 3.55244371089425e-11 4.614981513313904e-09 98
2 9.889723932580893e-11 7.953799708410377e-09 210
2.5 2.2203139858599e-10 8.886291073350591e-09 350
3 2.01305200056546e-10 2.465760457789064e-09 450
3.5 1.26684768565075e-10 2.528520662218267e-10 602
4 2.784473245508776e-11 3.918356878562713e-10 762
4.5 4.622763047027803e-12 3.077333428921574e-10 1142
5 1.883914257124256e-11 5.841303334833081e-10 1250
5.5 2.089346584656317e-10 1.03336978232375e-08 1458
6 1.342221826475378e-09 1.196333492753348e-07 1814
6.5 3.113425056686259e-09 4.591688012961376e-07 2178
7 3.355184871361217e-09 7.811172855679811e-07 2498
7.5 1.895807242267307e-09 6.708986748390996e-07 2622
8 5.466889234051372e-10 3.117151905846059e-07 3338
8.5 5.027267186434196e-11 4.879826375263078e-08 3722
9 4.249165415640474e-12 4.797343827222683e-09 4170
9.5 4.125928651558544e-12 9.053372388671389e-09 4358
10 6.782511817529237e-11 1.619724684854677e-08 5034
10.5 2.649346127505201e-10 1.412919544675822e-07 5714
11 3.09660795588485e-10 3.120942177365001e-07 5982
11.5 2.070100269497435e-10 4.288668679733061e-07 6602
12 1.739688642989944e-10 1.93071439274532e-06 7130
12.5 4.473328276182721e-10 5.875320612684688e-06 8034
13 1.171656169368094e-09 8.137347572874812e-06 8606
13.5 1.587413464610041e-09 7.351740831808013e-06 9066
14 1.537577760393919e-09 5.919779613550612e-06 9962
14.5 1.236989715073424e-09 4.922228264003288e-06 10550
15 1.17037595211969e-09 4.785490915250094e-06 11226
15.5 1.261891109007548e-09 4.467140620056942e-06 12146
16 1.218919071505623e-09 4.08493449199432e-06 12303
16.5 1.323887024020352e-09 3.570021216405053e-06 12584
17 1.097159502463704e-09 1.542077539449242e-06 12120
17.5 8.314505135285417e-10 6.212198583278175e-07 11180
18 7.85114384909564e-10 5.161542120659652e-07 11096
18.5 7.048069952302254e-10 3.403210737216994e-07 10056
19 5.807311931229247e-10 1.535151142729533e-07 9716
19.5 6.097298860335221e-10 7.881588816290486e-08 8604
20 3.731243590058675e-10 3.743031980358496e-08 8060
20.5 1.673501331492736e-12 1.340562978310346e-10 7320
21 1.243895532990249e-12 8.979933619597849e-11 6356
21.5 9.199580980357744e-13 6.040630251134888e-11 5348
22 5.681077159247275e-13 3.62906752736869e-11 4308
22.5 3.787592219311297e-13 2.521776993006576e-11 3563
23 1.786560663227142e-13 1.213339424601279e-11 2448
23.5 9.279975106399255e-14 8.376830344574968e-12 1868
24 5.648564758245923e-14 5.937720453964243e-12 1358
24.5 3.28388545894534e-14 4.088422655366293e-12 1062
25 1.973950943373442e-14 3.298763781560193e-12 776
25.5 1.116903562940607e-14 1.659189007785e-12 432
26 4.690996734538672e-15 1.005534557060566e-12 200
26.5 3.61102752957063e-15 6.023218112861152e-13 168
27 1.063236071404186e-15 1.848665715998303e-13 56
27.5 7.177460309820632e-17 2.668182389735238e-14 7

0.5 5.232538416614528e-14 8.493209408715334e-11 18
1 2.314491225612466e-12 1.184274632985216e-09 62
1.5 1.141890840461619e-11 3.215008559143894e-09 98
2 6.620387612034753e-11 8.717064279200817e-09 210
2.5 2.607314475377917e-10 1.831129566154913e-08 350
3 3.643220022075559e-10 1.434530361284934e-08 450
3.5 3.15682119011739e-10 7.120054981132217e-09 602
4 8.712091921472299e-11 1.242000706794941e-09 762
4.5 2.056479467057945e-11 4.135951266855324e-10 1142
5 6.661563358196526e-11 5.690762395301989e-10 1250
5.5 5.913213893636647e-10 8.04814769917308e-10 1458
6 2.855281606786114e-09 2.957452551346361e-09 1814
6.5 3.92264893150919e-09 4.282632072634208e-08 2178
7 1.490690758856015e-09 1.286132498612279e-07 2498
7.5 2.076872244100759e-10 1.38588145393715e-07 2622
8 4.800208282004482e-10 6.822718111151258e-08 3338
8.5 2.375497004967972e-10 1.041826476477691e-08 3722
9 9.862460064717841e-11 1.396917101547729e-09 4170
9.5 1.768729624885584e-10 1.48358890821735e-09 4358
10 3.070397660378309e-10 3.593854799723473e-09 5034
10.5 2.454897508065467e-09 9.997863292722474e-09 5714
11 5.042085537024613e-09 8.464835294016828e-09 5982
11.5 5.457848640900563e-09 1.366878308953142e-08 6602
12 1.280593987239422e-08 1.231853774732853e-07 7130
12.5 2.091735335871587e-08 5.506737885066352e-07 8034
13 1.82097419478889e-08 9.05338529394144e-07 8606
13.5 1.451119561508617e-08 8.693697492477837e-07 9066
14 1.317686588582867e-08 7.006144022892838e-07 9962
14.5 1.222828672293838e-08 5.681360560608104e-07 10550
15 1.414792197522972e-08 5.369062117579606e-07 11226
15.5 2.016083609241907e-08 4.801202268289254e-07 12146
16 2.22489049933299e-08 4.326774515392779e-07 12303
16.5 2.371016848152625e-08 3.994763124586205e-07 12584
17 2.477956281381438e-08 1.755324123049553e-07 12120
17.5 2.339295428948582e-08 7.206453562399189e-08 11180
18 2.343829805111947e-08 8.75387972237565e-08 11096
18.5 1.873041010620116e-08 1.060761408395459e-07 10056
19 1.224392166394391e-08 1.179757014611443e-07 9716
19.5 8.718436330772749e-09 1.526350714061094e-07 8604
20 4.457254024793801e-09 9.548164454103909e-08 8060
20.5 9.256598623887379e-11 3.974270967886145e-09 7320
21 6.056764068010459e-11 3.144757768187306e-09 6356
21.5 4.162665925017161e-11 2.483603769250873e-09 5348
22 2.391074751136501e-11 1.769593198821536e-09 4308
22.5 1.377145078589526e-11 1.236727027729353e-09 3563
23 3.723921405658013e-12 6.707236029268264e-10 2448
23.5 1.477124804019879e-12 4.208268408088231e-10 1868
24 6.760898868742974e-13 2.567717369571794e-10 1358
24.5 3.573071550313059e-13 1.807102463842314e-10 1062
25 1.55813788254938e-13 9.677595801467908e-11 776
25.5 6.995424465335111e-14 4.982639848439615e-11 432
26 2.993611050976345e-14 2.39830434610692e-11 200
26.5 2.388942543833122e-14 1.755720313825463e-11 168
27 5.902415566922739e-15 4.446858343648279e-12 56
27.5 9.453394159702074e-16 1.257421687329576e-12 7

0.5 3.525044481792681e-11 3.748128241050198e-10 18
1 5.31619961100119e-10 4.316775588117773e-09 62
1.5 1.407088977611451e-09 1.157747234316454e-08 98
2 3.829096609731812e-09 2.887371917793461e-08 210
2.5 7.957105917068331e-09 5.227284781673448e-08 350
3 5.859862024055547e-09 3.762929602640503e-08 450
3.5 2.756270376503099e-09 1.476733868384814e-08 602
4 5.255550391609805e-10 6.33535497909192e-09 762
4.5 3.677880623350258e-10 1.054708256341122e-08 1142
5 3.96372184650356e-10 1.180594473065679e-08 1250
5.5 8.824779819629458e-10 1.856111647007018e-08 1458
6 1.334720276137689e-08 6.617212228888499e-08 1814
6.5 6.859902125294851e-08 1.647324048487909e-07 2178
7 1.151669925836445e-07 1.700143002200306e-07 2498
7.5 7.795152509101985e-08 9.573554684702821e-08 2622
8 2.243483591452064e-08 6.886869262352712e-08 3338
8.5 2.185742835302966e-09 8.082246454565157e-08 3722
9 7.170295589667803e-10 9.003682035688081e-08 4170
9.5 1.29387001199734e-09 1.069012944749977e-07 4358
10 2.314904335552782e-09 1.378449757673219e-07 5034
10.5 1.695005979549725e-08 1.760870871301187e-07 5714
11 4.751420477136179e-08 2.391593403337405e-07 5982
11.5 7.162760184993355e-08 3.767731571527729e-07 6602
12 2.62435412173231e-07 1.392549188297234e-06 7130
12.5 5.508790474029201e-07 3.348952925233553e-06 8034
13 5.375831187689589e-07 3.615445860992252e-06 8606
13.5 3.978789546367888e-07 2.775336414712871e-06 9066
14 3.190412125799325e-07 2.267731381406734e-06 9962
14.5 2.956269630815006e-07 2.241613381186487e-06 10550
15 3.011399768878822e-07 2.736380048561752e-06 11226
15.5 3.095783511827142e-07 4.063321386500534e-06 12146
16 2.864865031225517e-07 4.650787001869308e-06 12303
16.5 2.187543241202623e-07 5.27792471579644e-06 12584
17 1.206934368163248e-07 5.585565627716619e-06 12120
17.5 8.87319393401304e-08 5.271374812463915e-06 11180
18 8.000444848053116e-08 5.326260080052791e-06 11096
18.5 5.433171743957292e-08 4.199384215270504e-06 10056
19 2.473993368327193e-08 2.700547538522331e-06 9716
19.5 1.102208102854851e-08 1.702616367969197e-06 8604
20 5.781150568547527e-09 8.981546914362469e-07 8060
20.5 1.640447368809375e-09 1.65435581429856e-07 7320
21 1.349214877784124e-09 1.356739950989359e-07 6356
21.5 1.107236394515717e-09 1.107112241717225e-07 5348
22 8.80037233202192e-10 8.424770814471839e-08 4308
22.5 7.148023047465576e-10 6.907200587445142e-08 3563
23 4.484692434883285e-10 4.335885407329953e-08 2448
23.5 3.276126166875111e-10 2.99419863587298e-08 1868
24 2.394862750160557e-10 2.13070256440299e-08 1358
24.5 1.708559265148726e-10 1.606544364448022e-08 1062
25 1.249224247689444e-10 1.064311287472612e-08 776
25.5 6.593024675629015e-11 6.630298769637129e-09 432
26 3.950212264322223e-11 3.406585641586323e-09 200
26.5 3.202564766979033e-11 3.183539005367681e-09 168
27 7.886158072910076e-12 9.109089549299127e-10 56
27.5 3.616193483329575e-13 2.11372975196479e-11 7

0.5 2.768475868800847e-10 5.234246390703183e-09 18
1 1.7622470622544e-09 3.588218131609817e-08 62
1.5 4.034123233753933e-09 8.732499756904702e-08 98
2 1.205105300764603e-08 2.435896099616422e-07 210
2.5 2.464652142853028e-08 5.017409597907855e-07 350
3 3.717700679079195e-08 5.880576360771027e-07 450
3.5 5.400449063618899e-08 7.730223688873187e-07 602
4 6.94107355178852e-08 9.13635989885969e-07 762
4.5 1.104229143947639e-07 1.383508193308855e-06 1142
5 1.318237723871211e-07 1.464833075702281e-06 1250
5.5 1.522116847657015e-07 1.752879661906048e-06 1458
6 2.21349613866836e-07 2.578141019322326e-06 1814
6.5 4.128138955041955e-07 5.009027334796363e-06 2178
7 5.243089666300748e-07 6.394694697552766e-06 2498
7.5 4.294993823738718e-07 4.649263106121179e-06 2622
8 3.612627453182445e-07 3.295845188680663e-06 3338
8.5 3.465473584946176e-07 2.698446437411641e-06 3722
9 3.919845764520434e-07 2.827848883352395e-06 4170
9.5 3.973825624183634e-07 2.848363721302941e-06 4358
10 4.519967333230096e-07 3.070715241231828e-06 5034
10.5 5.063022601230425e-07 3.485995431349157e-06 5714
11 5.525181414228905e-07 3.652499998971554e-06 5982
11.5 6.016778927698541e-07 4.079768588441349e-06 6602
12 7.03444155109842e-07 4.229858599760814e-06 7130
12.5 8.461435189685239e-07 4.866113488509253e-06 8034
13 9.353150221934871e-07 5.374785847187564e-06 8606
13.5 9.278032708011579e-07 5.490983952940868e-06 9066
14 9.852707552954241e-07 6.064081267360732e-06 9962
14.5 1.016791937638299e-06 6.426838515186575e-06 10550
15 1.091568325142211e-06 6.913623214220285e-06 11226
15.5 1.215768838153175e-06 7.654871017187953e-06 12146
16 1.225338931546896e-06 7.932801847619484e-06 12303
16.5 1.225162626721269e-06 8.042026448050573e-06 12584
17 1.142089874586239e-06 7.783479077862621e-06 12120
17.5 1.030157571931147e-06 7.135086771581055e-06 11180
18 1.024630891937855e-06 7.09747258474426e-06 11096
18.5 8.688739551948796e-07 6.442330079454895e-06 10056
19 8.42420897521467e-07 6.101273453390203e-06 9716
19.5 7.16550408482317e-07 5.527350697401216e-06 8604
20 6.894798593759292e-07 5.466043183524202e-06 8060
20.5 5.972817860042014e-07 4.724818478407021e-06 7320
21 5.46429465371721e-07 4.12574100148265e-06 6356
21.5 4.67263708408532e-07 3.668498512259245e-06 5348
22 3.799429600767704e-07 2.844998836375531e-06 4308
22.5 3.245555504047509e-07 2.39163754383101e-06 3563
23 2.215828837352776e-07 1.617927207939309e-06 2448
23.5 1.724422885562364e-07 1.270137294088028e-06 1868
24 1.197144706523695e-07 9.628018711272631e-07 1358
24.5 9.632004086128484e-08 7.056315527204877e-07 1062
25 7.771645832155123e-08 5.295677967048863e-07 776
25.5 4.035652649276508e-08 3.019978805416496e-07 432
26 1.787970729004264e-08 1.558304007305959e-07 200
26.5 1.569242273999115e-08 1.095525623791803e-07 168
27 4.616231365396131e-09 2.730773963326956e-08 56
27.5 1.243618180761819e-09 5.939262564588476e-09 7

0.5 1.897857219399109e-09 1.692294448969385e-09 18
1 1.059663075471581e-08 9.737659481901329e-09 62
1.5 1.915065890611869e-08 2.10488686737475e-08 98
2 6.760279655091764e-08 5.651594160247783e-08 210
2.5 1.16912072236204e-07 1.098460530840078e-07 350
3 1.589720019374985e-07 1.633962085088721e-07 450
3.5 2.358487859001182e-07 2.290838154297703e-07 602
4 3.083901296129955e-07 3.220577001121864e-07 762
4.5 4.861864224375202e-07 4.516716097573076e-07 1142
5 5.627200589037847e-07 5.488873854166147e-07 1250
5.5 7.370208643898472e-07 6.691242374727182e-07 1458
6 9.327684530336727e-07 8.547196772804221e-07 1814
6.5 1.201932658613506e-06 1.074440383537648e-06 2178
7 1.392661215708625e-06 1.338794602678013e-06 2498
7.5 1.43441529872584e-06 1.464670719263198e-06 2622
8 1.911905449942352e-06 1.84842540056315e-06 3338
8.5 2.191203063127643e-06 2.153641303822275e-06 3722
9 2.515453799948405e-06 2.571151162291426e-06 4170
9.5 2.634637181481369e-06 2.747045662510136e-06 4358
10 2.990929301216561e-06 3.179802080437939e-06 5034
10.5 3.453527556067496e-06 3.804020993374801e-06 5714
11 3.624495451980507e-06 4.085122380934866e-06 5982
11.5 3.951977808475675e-06 4.685693005522778e-06 6602
12 4.351297310950217e-06 5.460452192809954e-06 7130
12.5 4.898305885332756e-06 6.191312951839123e-06 8034
13 5.109988558978464e-06 6.800373515593661e-06 8606
13.5 5.370722382249589e-06 7.434292369702373e-06 9066
14 5.884344863523158e-06 8.346887068630962e-06 9962
14.5 6.097880595953519e-06 9.011209491366231e-06 10550
15 6.571978414446349e-06 1.01008691317598e-05 11226
15.5 7.038122970195143e-06 1.091423969423626e-05 12146
16 7.234076798059941e-06 1.137355912523837e-05 12303
16.5 7.15390796011502e-06 1.196613454608987e-05 12584
17 6.556438876151165e-06 1.198101719746091e-05 12120
17.5 5.911124661411762e-06 1.116469646085624e-05 11180
18 5.847624528871057e-06 1.133898459510529e-05 11096
18.5 5.22537578083826e-06 1.048880986166487e-05 10056
19 4.8964048155325e-06 1.060703680556861e-05 9716
19.5 4.407408218475773e-06 9.359370101154509e-06 8604
20 4.079621756382934e-06 9.177416166367586e-06 8060
20.5 3.573096874026179e-06 8.71661341575293e-06 7320
21 3.139041362715195e-06 7.496640397466433e-06 6356
21.5 2.53020473457664e-06 6.447394071565002e-06 5348
22 2.090459528660055e-06 5.479851271322737e-06 4308
22.5 1.624693817703247e-06 4.515609493689155e-06 3563
23 1.159738794046593e-06 3.023778514023091e-06 2448
23.5 8.290742920933103e-07 2.645254142746445e-06 1868
24 6.910604668342082e-07 1.863812501123495e-06 1358
24.5 4.537032915007577e-07 1.545143039707538e-06 1062
25 3.223149754922191e-07 1.118001856999388e-06 776
25.5 2.067436717485654e-07 5.75901404783064e-07 432
26 9.325431589763783e-08 2.625467119263214e-07 200
26.5 9.055830855020599e-08 2.590508264575789e-07 168
27 1.53378920528067e-08 1.038079282793794e-07 56
27.5 5.178563158039273e-09 1.890946688523332e-08 7

0.5 8.693744967384333e-10 5.300204714699177e-09 18
1 5.426078228979344e-09 2.717122523155212e-08 62
1.5 1.014507864831873e-08 6.906602856868968e-08 98
2 3.528021761249556e-08 1.86451467692571e-07 210
2.5 5.744346561481748e-08 4.078257952174477e-07 350
3 9.932037429054907e-08 5.693147605347934e-07 450
3.5 1.618791743177139e-07 8.964040955245887e-07 602
4 2.286904164576277e-07 1.180851648861918e-06 762
4.5 3.453816076520831e-07 2.016583596297496e-06 1142
5 4.195571573591844e-07 2.497768026078654e-06 1250
5.5 5.058389651404846e-07 2.999244327572393e-06 1458
6 7.097396858658913e-07 4.012759860294967e-06 1814
6.5 8.785960477907909e-07 4.86789759117673e-06 2178
7 9.941675227877382e-07 5.860353188460205e-06 2498
7.5 1.113195454677038e-06 6.707270233884322e-06 2622
8 1.541255762236665e-06 8.98208110435823e-06 3338
8.5 1.736846865724301e-06 9.592600065635643e-06 3722
9 1.984764151407123e-06 1.133916683149763e-05 4170
9.5 2.075248685764376e-06 1.21484562616715e-05 4358
10 2.441544682529736e-06 1.444129137739032e-05 5034
10.5 2.835942459725718e-06 1.72431823355059e-05 5714
11 3.030596870910959e-06 1.786184921994761e-05 5982
11.5 3.344498357642788e-06 2.06622095280974e-05 6602
12 3.639215860629922e-06 2.355638336238058e-05 7130
12.5 4.274012023474373e-06 2.617841875414881e-05 8034
13 4.487362137541368e-06 2.882599332258269e-05 8606
13.5 4.902563785685643e-06 3.137170781315207e-05 9066
14 5.381612179419693e-06 3.489808852460505e-05 9962
14.5 5.592717193705837e-06 3.782425227846542e-05 10550
15 6.160244163529067e-06 4.020717826963015e-05 11226
15.5 6.632859925987516e-06 4.602158128024784e-05 12146
16 6.824951408018014e-06 4.72978297039795e-05 12303
16.5 6.973469619501644e-06 4.79659653797385e-05 12584
17 6.721279476338474e-06 4.604229076499318e-05 12120
17.5 6.122731617923164e-06 4.369818131423382e-05 11180
18 6.034654395599559e-06 4.400938787222784e-05 11096
18.5 5.576621807185534e-06 4.011069397590687e-05 10056
19 5.365352824380985e-06 3.950386242028143e-05 9716
19.5 4.681877303191372e-06 3.517660320011817e-05 8604
20 4.421576520563013e-06 3.271024616080613e-05 8060
20.5 4.054405689865785e-06 2.959683458545385e-05 7320
21 3.554879654686177e-06 2.580160357933069e-05 6356
21.5 2.89171904028048e-06 2.258456166078633e-05 5348
22 2.375934591201818e-06 1.846626022033838e-05 4308
22.5 1.954343360172513e-06 1.492804042976342e-05 3563
23 1.275627123470747e-06 1.047144929037652e-05 2448
23.5 1.027139183074606e-06 8.911635584813045e-06 1868
24 7.189968610662277e-07 6.319496485426903e-06 1358
24.5 6.009338676141718e-07 4.927941004526688e-06 1062
25 4.558406770003943e-07 3.405641877646069e-06 776
25.5 2.4146068352974e-07 2.053746947995611e-06 432
26 1.260625448004731e-07 9.63549500458995e-07 200
26.5 9.367919051849628e-08 6.269762350423122e-07 168
27 3.40568100103185e-08 1.819278593600623e-07 56
27.5 2.227302733245077e-09 2.470216000825161e-08 7

0.5 7.117779125739184e-09 1.938001014869676e-09 18
1 3.384678848067813e-08 1.559164385060159e-08 62
1.5 7.397186548358357e-08 4.388470997407084e-08 98
2 2.054308832851517e-07 1.341517602947899e-07 210
2.5 3.619876768175331e-07 3.068419284293468e-07 350
3 6.348676071017016e-07 4.165999543028057e-07 450
3.5 8.014107942906726e-07 7.392690892700271e-07 602
4 1.111213729904006e-06 1.049813645910731e-06 762
4.5 1.713715360336367e-06 1.65011740078197e-06 1142
5 2.174832667592681e-06 2.0857471120982e-06 1250
5.5 2.282922849730262e-06 2.528635532265144e-06 1458
6 2.763049138647459e-06 3.548213895129736e-06 1814
6.5 3.392306789963488e-06 4.541355806979401e-06 2178
7 3.834450772592477e-06 5.496430521818892e-06 2498
7.5 3.681764342838954e-06 6.167045996973311e-06 2622
8 4.775126349991904e-06 7.887323984358888e-06 3338
8.5 4.923555390058609e-06 9.244953215674187e-06 3722
9 5.351628880812276e-06 1.070985471172004e-05 4170
9.5 5.546854173314217e-06 1.20177758197381e-05 4358
10 6.216371301929516e-06 1.384548361242608e-05 5034
10.5 6.730954649336147e-06 1.637862198605506e-05 5714
11 7.001244288372915e-06 1.823033209378808e-05 5982
11.5 7.741956355823287e-06 2.04982270200448e-05 6602
12 8.246818100830459e-06 2.313846428117112e-05 7130
12.5 9.426976829502078e-06 2.605681767729371e-05 8034
13 1.011899328183493e-05 2.931259656204464e-05 8606
13.5 1.047791092336802e-05 3.069299479771169e-05 9066
14 1.154742493718911e-05 3.459885700714133e-05 9962
14.5 1.223483724118239e-05 3.812045962974995e-05 10550
15 1.312748768906853e-05 4.02949563741078e-05 11226
15.5 1.42411246670823e-05 4.596197798977588e-05 12146
16 1.423525102961311e-05 4.709623384435805e-05 12303
16.5 1.45638525295186e-05 4.853178584197191e-05 12584
17 1.403203263870695e-05 4.884833294870353e-05 12120
17.5 1.273437166251471e-05 4.430027701920745e-05 11180
18 1.272955023869292e-05 4.571601332115776e-05 11096
18.5 1.118432403329119e-05 4.13163100694386e-05 10056
19 1.08977299486657e-05 4.065177298582981e-05 9716
19.5 9.667388723119021e-06 3.626792476300855e-05 8604
20 8.848564774675935e-06 3.423723221231406e-05 8060
20.5 8.045486206730852e-06 3.288530858404631e-05 7320
21 6.944152307336013e-06 2.843465878891209e-05 6356
21.5 5.779341756034182e-06 2.43679624877556e-05 5348
22 4.536781592235283e-06 1.966053600816891e-05 4308
22.5 3.775181459502771e-06 1.596518633249317e-05 3563
23 2.596836625685304e-06 1.11252488127209e-05 2448
23.5 2.014738430396353e-06 8.973164572160384e-06 1868
24 1.322750739866034e-06 6.436259813054692e-06 1358
24.5 1.144540794061159e-06 5.14155576615233e-06 1062
25 8.204218854633136e-07 3.920016412295918e-06 776
25.5 4.268672966432037e-07 2.043251226636344e-06 432
26 1.772214680512176e-07 9.699238175474936e-07 200
26.5 1.869226208033389e-07 7.820839743866476e-07 168
27 6.734683237856074e-08 2.253248342508932e-07 56
27.5 9.217956982174095e-09 3.736924003987984e-08 7

0.5 3.793052684652936e-09 2.442485057119403e-09 18
1 3.000927963779536e-08 1.761337245175976e-08 62
1.5 8.212346021734131e-08 5.394556446532265e-08 98
2 2.08052595321114e-07 1.595967278873399e-07 210
2.5 4.383017704524676e-07 2.931304264402253e-07 350
3 7.91815732822796e-07 5.318448549657828e-07 450
3.5 1.037272276880891e-06 6.615669076478986e-07 602
4 1.511322184193287e-06 1.026083836738737e-06 762
4.5 2.253866025607476e-06 1.864051181470849e-06 1142
5 2.914878574621561e-06 2.099006415602563e-06 1250
5.5 3.370405118245922e-06 2.77416659932076e-06 1458
6 4.088498815787827e-06 3.927280330509727e-06 1814
6.5 5.026590268656157e-06 4.513063434942016e-06 2178
7 5.310243322832947e-06 5.555530067714549e-06 2498
7.5 5.884511201317481e-06 5.82595704385715e-06 2622
8 7.727677496622265e-06 7.918874577189653e-06 3338
8.5 8.432941765670463e-06 8.947690538429495e-06 3722
9 9.37234858305923e-06 1.035062211250304e-05 4170
9.5 9.364701690883778e-06 1.082824341633291e-05 4358
10 1.091967330968086e-05 1.280891749222096e-05 5034
10.5 1.170798853965859e-05 1.508810314228316e-05 5714
11 1.253342592327776e-05 1.693993406052321e-05 5982
11.5 1.29880056964188e-05 1.933545560578226e-05 6602
12 1.375946770181954e-05 2.107511816895261e-05 7130
12.5 1.564953528382891e-05 2.400857580131688e-05 8034
13 1.601403018012599e-05 2.786868055302773e-05 8606
13.5 1.738978240529711e-05 2.99979692653681e-05 9066
14 1.894486796306679e-05 3.451888359824032e-05 9962
14.5 2.021060987332046e-05 3.718342611620124e-05 10550
15 2.116415756587636e-05 4.039693997768754e-05 11226
15.5 2.284725176377225e-05 4.570931498685219e-05 12146
16 2.333384885911768e-05 4.75203700115604e-05 12303
16.5 2.36271458424245e-05 4.953091108105012e-05 12584
17 2.22636724878987e-05 4.792800683893132e-05 12120
17.5 2.02423605656584e-05 4.5767279106515e-05 11180
18 2.008148851342442e-05 4.800082462007459e-05 11096
18.5 1.742862503218662e-05 4.409687072996198e-05 10056
19 1.663110605956183e-05 4.323151976376394e-05 9716
19.5 1.462201961545054e-05 3.866532921670608e-05 8604
20 1.404309200154708e-05 3.686280236408651e-05 8060
20.5 1.236702766791204e-05 3.390827093231662e-05 7320
21 1.077568964430286e-05 3.014413980099679e-05 6356
21.5 9.402313639149087e-06 2.497032036123933e-05 5348
22 7.167380449100388e-06 2.072035789368126e-05 4308
22.5 5.749876737642167e-06 1.763592344626357e-05 3563
23 3.922378659223113e-06 1.203720407806377e-05 2448
23.5 3.060410858435774e-06 9.633942478050565e-06 1868
24 2.31281552250492e-06 7.058230428640006e-06 1358
24.5 1.809492582901471e-06 5.320813969516202e-06 1062
25 1.288494400601328e-06 4.25372621372546e-06 776
25.5 7.673812067544752e-07 2.455793673510647e-06 432
26 4.013459143819246e-07 1.142067702448619e-06 200
26.5 2.845943883780184e-07 8.647099733024108e-07 168
27 1.459439299661318e-07 2.522666282235996e-07 56
27.5 5.495756144396131e-09 8.800249460546168e-08 7

0.5 4.642461553561244e-09 3.962586983950725e-09 18
1 3.728117861625661e-08 2.676185653807233e-08 62
1.5 8.28325185634528e-08 5.491709876350744e-08 98
2 2.172028606576307e-07 1.527898280315395e-07 210
2.5 4.19669555033219e-07 3.058171021776321e-07 350
3 7.029903372748036e-07 5.111509387517866e-07 450
3.5 1.037818751870725e-06 6.325753141651314e-07 602
4 1.471675656977055e-06 9.540716824750937e-07 762
4.5 2.447667139634698e-06 1.715105201555342e-06 1142
5 2.721205402524711e-06 2.141827054556574e-06 1250
5.5 3.432741293489727e-06 2.642323349459484e-06 1458
6 4.098719230937443e-06 3.775053876219534e-06 1814
6.5 5.018089188868112e-06 4.696274676651043e-06 2178
7 5.729573303703709e-06 5.468486029063005e-06 2498
7.5 6.492483075902239e-06 5.96484875914262e-06 2622
8 8.2257886720439e-06 8.200899749144624e-06 3338
8.5 8.944765946469003e-06 9.465740927204424e-06 3722
9 9.799441677532979e-06 1.119352330763521e-05 4170
9.5 1.046145318415038e-05 1.21258964319789e-05 4358
10 1.216016381532173e-05 1.472760784741548e-05 5034
10.5 1.337538993737192e-05 1.650631613085195e-05 5714
11 1.3904117128472e-05 1.838873225215493e-05 5982
11.5 1.515573538902302e-05 2.064593992777057e-05 6602
12 1.616097559718018e-05 2.385816075297819e-05 7130
12.5 1.828073640266286e-05 2.721841115162953e-05 8034
13 1.943621459727835e-05 2.988433022027312e-05 8606
13.5 2.075475311841072e-05 3.22248972146214e-05 9066
14 2.249328751277908e-05 3.698457987056268e-05 9962
14.5 2.423036135499396e-05 3.989134823774262e-05 10550
15 2.560649205808936e-05 4.383121690678247e-05 11226
15.5 2.776462639360397e-05 4.901503089307637e-05 12146
16 2.781979317195246e-05 5.090364870890458e-05 12303
16.5 2.766204589905905e-05 5.246908400609513e-05 12584
17 2.651611023486582e-05 5.076738698872944e-05 12120
17.5 2.435678076868932e-05 4.85442467363173e-05 11180
18 2.321626676724553e-05 5.080130598243092e-05 11096
18.5 2.165043460840854e-05 4.728548409176274e-05 10056
19 2.023739550830952e-05 4.586419485195333e-05 9716
19.5 1.798125522009266e-05 4.102216677460816e-05 8604
20 1.628944179387516e-05 3.883377771273136e-05 8060
20.5 1.505757197402894e-05 3.603334691427099e-05 7320
21 1.309379296923678e-05 3.352272027648702e-05 6356
21.5 1.123320771144076e-05 2.837084262059316e-05 5348
22 8.48746511154939e-06 2.348526221790907e-05 4308
22.5 7.181116955365983e-06 1.915969640165471e-05 3563
23 4.637028118887675e-06 1.370651428867123e-05 2448
23.5 3.733443240160948e-06 1.061592665811343e-05 1868
24 2.638929596090454e-06 7.683286791975966e-06 1358
24.5 2.086001320340289e-06 6.431126691114996e-06 1062
25 1.526699808443e-06 4.874228674594474e-06 776
25.5 8.640967625990208e-07 2.890351073188517e-06 432
26 3.814761112380318e-07 1.266868595920724e-06 200
26.5 3.565395843237541e-07 1.174110999301375e-06 168
27 7.640901448276621e-08 2.858308009029148e-07 56
27.5 1.664184615737432e-08 3.788153016638714e-08 7

0.5 6.154673798758754e-09 3.20259811749344e-09 18
1 2.815596187290093e-08 1.761430333946005e-08 62
1.5 9.093305430863809e-08 4.000136379557476e-08 98
2 2.084965914043282e-07 1.358591299093165e-07 210
2.5 3.464275503353885e-07 2.794717848989046e-07 350
3 6.225616100884893e-07 3.935616623924373e-07 450
3.5 9.499039633889121e-07 6.22307491784653e-07 602
4 1.373463394799557e-06 9.057284022634209e-07 762
4.5 2.2745872596426e-06 1.524475802398653e-06 1142
5 2.728834140835771e-06 1.730412158648533e-06 1250
5.5 3.057411010413891e-06 2.221821562646704e-06 1458
6 4.061554904551823e-06 2.823686839341387e-06 1814
6.5 4.896460125516474e-06 3.869238473255301e-06 2178
7 5.52829042510342e-06 4.898646676617786e-06 2498
7.5 5.925283013591441e-06 5.381003872594015e-06 2622
8 7.742902267100326e-06 7.434973909573731e-06 3338
8.5 8.618506505867885e-06 8.503724614349959e-06 3722
9 9.828874958556104e-06 1.026009585753144e-05 4170
9.5 1.02335721979515e-05 1.106361717811927e-05 4358
10 1.217619791041486e-05 1.303648569474499e-05 5034
10.5 1.341654071188871e-05 1.569330479190152e-05 5714
11 1.4277511757915e-05 1.77169515993882e-05 5982
11.5 1.553813766392785e-05 1.968804874028055e-05 6602
12 1.677259461753312e-05 2.123829902870971e-05 7130
12.5 1.93854551632846e-05 2.571011189325964e-05 8034
13 2.033587678543359e-05 2.822060591647152e-05 8606
13.5 2.110736025076048e-05 3.018702678917819e-05 9066
14 2.327512893685921e-05 3.52226761638125e-05 9962
14.5 2.496674898295788e-05 3.686876216278993e-05 10550
15 2.71739290745344e-05 4.216392008504041e-05 11226
15.5 2.898304432691303e-05 4.494190408536403e-05 12146
16 2.953282989826627e-05 4.770884372215355e-05 12303
16.5 2.966672198194495e-05 5.105705207850937e-05 12584
17 2.810598073825071e-05 5.066708613686803e-05 12120
17.5 2.580641075593152e-05 4.844445892944283e-05 11180
18 2.505906659061558e-05 4.80391006544536e-05 11096
18.5 2.283134933960828e-05 4.431583122824898e-05 10056
19 2.223568695196456e-05 4.516276490836392e-05 9716
19.5 1.912423410508464e-05 4.027295862381908e-05 8604
20 1.831011325447147e-05 3.714420645851646e-05 8060
20.5 1.610833353149705e-05 3.631140334924534e-05 7320
21 1.396742490620435e-05 3.084306990546784e-05 6356
21.5 1.163052273296002e-05 2.646214552773166e-05 5348
22 9.538875527081936e-06 2.306085531714399e-05 4308
22.5 8.031286027999495e-06 1.910238847142646e-05 3563
23 5.456995769495877e-06 1.252784004910246e-05 2448
23.5 3.984599918706745e-06 9.77999450152948e-06 1868
24 3.084718238828956e-06 8.048376472931012e-06 1358
24.5 2.147176006501864e-06 6.196527911556586e-06 1062
25 1.504043913812764e-06 4.50607963296954e-06 776
25.5 1.044351117526485e-06 2.601386616412473e-06 432
26 4.398324910184509e-07 1.016402743764961e-06 200
26.5 3.777866603092512e-07 1.141352107971701e-06 168
27 9.381980094345018e-08 3.833412172251011e-07 56
27.5 6.654273643244327e-09 2.838571540222808e-08 7

0.5 2.520635524184727e-09 2.087450905403416e-09 18
1 3.270443850986251e-08 1.612483697043096e-08 62
1.5 9.090020358498391e-08 3.297554237284855e-08 98
2 1.601746056797792e-07 9.797952881316529e-08 210
2.5 3.837933159487083e-07 2.274731924981202e-07 350
3 5.960660697699004e-07 3.183997304493882e-07 450
3.5 9.208201734788635e-07 5.110619262610086e-07 602
4 1.316019630231803e-06 8.245935163896951e-07 762
4.5 2.084086907484363e-06 1.27092082466092e-06 1142
5 2.210296690721154e-06 1.551751587293592e-06 1250
5.5 2.850755376990309e-06 1.867877838005111e-06 1458
6 3.748912954334635e-06 2.42906113791816e-06 1814
6.5 4.620461526884491e-06 3.218293098270668e-06 2178
7 5.387485810864312e-06 3.830187319222794e-06 2498
7.5 5.533243650877837e-06 4.784149587989747e-06 2622
8 7.375755854849486e-06 5.793425044938615e-06 3338
8.5 7.7348770469483e-06 7.485358512765771e-06 3722
9 9.49494360921024e-06 8.601251677025972e-06 4170
9.5 9.765589234086808e-06 9.133968056293027e-06 4358
10 1.117704072445155e-05 1.148135539745093e-05 5034
10.5 1.313617142298123e-05 1.322684796413535e-05 5714
11 1.34106519455366e-05 1.497261995261067e-05 5982
11.5 1.465903495331689e-05 1.719965549341436e-05 6602
12 1.585439062846577e-05 1.941453309872545e-05 7130
12.5 1.915363293295201e-05 2.259149318411296e-05 8034
13 1.971217148789447e-05 2.570169699937766e-05 8606
13.5 2.088821608889416e-05 2.782800501750254e-05 9066
14 2.33588449998343e-05 3.058430732622539e-05 9962
14.5 2.406696228198808e-05 3.385416599356008e-05 10550
15 2.682639167339863e-05 3.636044939955518e-05 11226
15.5 2.845576143075566e-05 4.073588870810645e-05 12146
16 2.948418017569904e-05 4.340768720942442e-05 12303
16.5 2.936768010599421e-05 4.522915561324364e-05 12584
17 2.786539257508163e-05 4.52559932126337e-05 12120
17.5 2.588438193317877e-05 4.205922093815519e-05 11180
18 2.486707635349627e-05 4.366031249016186e-05 11096
18.5 2.30112572816687e-05 4.128954221992332e-05 10056
19 2.184622799036824e-05 4.101581098043524e-05 9716
19.5 1.955383736345354e-05 3.625293729954613e-05 8604
20 1.787405837691642e-05 3.525054225784088e-05 8060
20.5 1.670625188212591e-05 3.168509698745413e-05 7320
21 1.407010627409125e-05 2.894471922164183e-05 6356
21.5 1.179086106420182e-05 2.386787067148116e-05 5348
22 9.774678118104084e-06 1.979709891520029e-05 4308
22.5 7.473099481145489e-06 1.68565038660226e-05 3563
23 5.344271662940515e-06 1.196126915912344e-05 2448
23.5 4.123505829645103e-06 9.816592077786554e-06 1868
24 2.849219219174914e-06 6.91928779212136e-06 1358
24.5 2.260051234106762e-06 5.546032822251717e-06 1062
25 1.802317055876218e-06 4.20048673025529e-06 776
25.5 9.830118001330674e-07 2.378290799719451e-06 432
26 4.474597675803185e-07 1.284065452298807e-06 200
26.5 4.576928521790597e-07 8.53620921801876e-07 168
27 1.450484671877048e-07 3.394954519638902e-07 56
27.5 8.718469584957131e-09 6.581966607776833e-08 7

0.5 2.376314169049047e-09 1.236138041682724e-09 18
1 3.01623573271894e-08 1.557618014428742e-08 62
1.5 7.422345984149902e-08 2.188719485020912e-08 98
2 1.785197979222016e-07 7.922519737112689e-08 210
2.5 3.795396627460847e-07 1.5767126945537e-07 350
3 5.436266219785834e-07 2.841842657381815e-07 450
3.5 8.244133978322427e-07 4.595592308837622e-07 602
4 1.141012336754603e-06 6.185830611322478e-07 762
4.5 1.8761733148557e-06 1.077734312990763e-06 1142
5 2.191555369817751e-06 1.261764477409707e-06 1250
5.5 2.583982806312837e-06 1.682849217281678e-06 1458
6 3.427481488901915e-06 2.25096300949302e-06 1814
6.5 4.344266125288156e-06 2.943127088684526e-06 2178
7 4.820256905109137e-06 3.598832734105673e-06 2498
7.5 5.242182621903894e-06 3.799589204852242e-06 2622
8 6.667278471136545e-06 5.315731803253139e-06 3338
8.5 7.790209435035854e-06 6.256123757511177e-06 3722
9 8.363108205055928e-06 7.329726988323891e-06 4170
9.5 9.205351899632678e-06 8.274872668546279e-06 4358
10 1.061496635246526e-05 9.878576234780445e-06 5034
10.5 1.208176558744961e-05 1.185082429468146e-05 5714
11 1.278438655486421e-05 1.298821231780671e-05 5982
11.5 1.407251615705152e-05 1.482152967392647e-05 6602
12 1.514011727776514e-05 1.678881355102091e-05 7130
12.5 1.762122267835077e-05 1.975834154718143e-05 8034
13 1.911749763515643e-05 2.129082125608529e-05 8606
13.5 1.971147411949045e-05 2.404605300869267e-05 9066
14 2.173464800242487e-05 2.658302846496926e-05 9962
14.5 2.375537673114096e-05 2.912350967529389e-05 10550
15 2.511993025443003e-05 3.194508799220623e-05 11226
15.5 2.727899550401474e-05 3.587127602674135e-05 12146
16 2.758239961110614e-05 3.835243270606437e-05 12303
16.5 2.808000818359257e-05 3.913927431787115e-05 12584
17 2.719504140094044e-05 4.063639930842275e-05 12120
17.5 2.480339244262061e-05 3.722371982525395e-05 11180
18 2.463854247939972e-05 3.839043946845702e-05 11096
18.5 2.221470070638171e-05 3.619691293031104e-05 10056
19 2.121988706290944e-05 3.533262055854485e-05 9716
19.5 1.895457698441378e-05 3.142844508299482e-05 8604
20 1.744900906771617e-05 3.090989529449677e-05 8060
20.5 1.604190167910114e-05 2.899320924695653e-05 7320
21 1.39440544922303e-05 2.493920588004173e-05 6356
21.5 1.140029730382592e-05 2.194366162154911e-05 5348
22 9.245556530324668e-06 1.800587589812054e-05 4308
22.5 7.631401559446024e-06 1.539246794737077e-05 3563
23 5.34424436769055e-06 1.116536481371797e-05 2448
23.5 3.845292445012424e-06 8.178311879101185e-06 1868
24 2.912643598749333e-06 5.889315891062137e-06 1358
24.5 2.248768630639788e-06 5.076806246525159e-06 1062
25 1.586907366763563e-06 3.706545338683016e-06 776
25.5 9.852751555755171e-07 2.056884500330406e-06 432
26 4.581082682247368e-07 1.00801573916648e-06 200
26.5 3.792814327564407e-07 8.656525354194785e-07 168
27 1.566212050069755e-07 2.922472694914763e-07 56
27.5 1.697715681727486e-08 2.014283056553153e-08 7

0.5 3.07746778628763e-09 9.188293582815917e-10 18
1 2.772094326912964e-08 9.643003392399835e-09 62
1.5 5.553362739245328e-08 2.580734746474871e-08 98
2 1.661784517425785e-07 6.073697715656947e-08 210
2.5 3.756135607438635e-07 1.559767407868882e-07 350
3 5.206431544918987e-07 2.013705775073452e-07 450
3.5 8.128212205716522e-07 3.816221424477193e-07 602
4 1.066750333023128e-06 4.876870031837787e-07 762
4.5 1.643408675193606e-06 8.272878615834655e-07 1142
5 2.075031998440297e-06 1.096768938940801e-06 1250
5.5 2.470124333688345e-06 1.453368369633328e-06 1458
6 3.100458613833653e-06 1.768427301751324e-06 1814
6.5 3.875538872636644e-06 2.40667529368578e-06 2178
7 4.735511637481579e-06 2.949278567464295e-06 2498
7.5 4.953770136238869e-06 3.39682713275779e-06 2622
8 6.364677058790246e-06 4.445490534087346e-06 3338
8.5 7.296795595310932e-06 5.354954910779761e-06 3722
9 8.168380930464757e-06 6.106545972501074e-06 4170
9.5 8.665934071956786e-06 7.048480367036052e-06 4358
10 9.928510183568681e-06 8.610305679988622e-06 5034
10.5 1.135923580915013e-05 1.01614221497923e-05 5714
11 1.158608182952305e-05 1.089214353913591e-05 5982
11.5 1.364963416616821e-05 1.286505520177692e-05 6602
12 1.448468098197292e-05 1.429209763291242e-05 7130
12.5 1.655799267476575e-05 1.714501563889595e-05 8034
13 1.794439829532813e-05 1.84664078387311e-05 8606
13.5 1.888332851273188e-05 2.018764524515917e-05 9066
14 2.082466716327158e-05 2.330464000497189e-05 9962
14.5 2.236550846126299e-05 2.658338173157118e-05 10550
15 2.406412516518848e-05 2.748020308761338e-05 11226
15.5 2.557592517176119e-05 3.204287587203005e-05 12146
16 2.620268591743049e-05 3.295143295548918e-05 12303
16.5 2.7136012695928e-05 3.38633278281548e-05 12584
17 2.571459838839631e-05 3.428697451165483e-05 12120
17.5 2.310161708937716e-05 3.246051743625127e-05 11180
18 2.314566318199097e-05 3.380843718652553e-05 11096
18.5 2.085251966759292e-05 3.123533439751607e-05 10056
19 1.997928790816443e-05 3.171311674845494e-05 9716
19.5 1.760486034193721e-05 2.796864863258556e-05 8604
20 1.649183833574856e-05 2.640892651275053e-05 8060
20.5 1.535659490886956e-05 2.499316448762539e-05 7320
21 1.277699388935028e-05 2.239928746404358e-05 6356
21.5 1.075634533999725e-05 1.976420184194151e-05 5348
22 9.02968602039352e-06 1.577479547724469e-05 4308
22.5 7.17891159850398e-06 1.33105903258729e-05 3563
23 4.933645942542803e-06 9.161741394524946e-06 2448
23.5 3.732966859847728e-06 7.498163342241571e-06 1868
24 2.884153202528951e-06 5.956139570694345e-06 1358
24.5 2.157426463625769e-06 4.419250060804408e-06 1062
25 1.742314896689432e-06 3.320314331988587e-06 776
25.5 8.813504572256025e-07 1.859638063289086e-06 432
26 3.873064331748322e-07 7.951481195541217e-07 200
26.5 3.443344984865993e-07 8.578780540189133e-07 168
27 1.065193204520868e-07 3.202834090982595e-07 56
27.5 1.554955198241605e-08 6.619273791612324e-08 7

0.5 1.281173600756669e-09 1.658684841890061e-09 18
1 2.007841893252492e-08 7.472141372108985e-09 62
1.5 5.329214570017073e-08 2.375461881733218e-08 98
2 1.694444106077908e-07 5.027579999630028e-08 210
2.5 3.31648430987895e-07 1.217346883134606e-07 350
3 5.310335600487326e-07 1.887378995595822e-07 450
3.5 7.806856325562236e-07 3.321025173171063e-07 602
4 1.072238322082802e-06 4.503319767541758e-07 762
4.5 1.599757984942288e-06 7.751180905198673e-07 1142
5 1.875710416396584e-06 8.937564794909174e-07 1250
5.5 2.40032895856009e-06 1.192520297908934e-06 1458
6 2.857450112641842e-06 1.729010252583697e-06 1814
6.5 3.879462075404745e-06 2.1221399066828e-06 2178
7 4.374013140068842e-06 2.537399883134518e-06 2498
7.5 4.484403107530729e-06 2.925275106454829e-06 2622
8 5.995905221857532e-06 3.980342494120354e-06 3338
8.5 6.928910659277313e-06 4.763587197091009e-06 3722
9 7.638682326818614e-06 5.51460431108357e-06 4170
9.5 8.447336423434897e-06 6.187103175987353e-06 4358
10 9.852461902100678e-06 7.303347922748932e-06 5034
10.5 1.071026397903089e-05 8.92339216702192e-06 5714
11 1.121350904988192e-05 9.793530992526015e-06 5982
11.5 1.265539323976908e-05 1.107210886749183e-05 6602
12 1.352923547375662e-05 1.286752677728342e-05 7130
12.5 1.554312825274051e-05 1.496061328356433e-05 8034
13 1.739319201881264e-05 1.635573023473909e-05 8606
13.5 1.843971646578376e-05 1.777659436095674e-05 9066
14 1.991451414398173e-05 2.038946158616447e-05 9962
14.5 2.092837679985899e-05 2.2615627279743e-05 10550
15 2.286056905026292e-05 2.507394204784689e-05 11226
15.5 2.44110325212396e-05 2.727336598709332e-05 12146
16 2.477413344377371e-05 2.86460912522475e-05 12303
16.5 2.559436822469028e-05 3.003425276685581e-05 12584
17 2.434202317540301e-05 3.033331200164715e-05 12120
17.5 2.200464328896716e-05 2.84882805615911e-05 11180
18 2.19130926773688e-05 2.922082960173657e-05 11096
18.5 1.984209507393005e-05 2.738593801293579e-05 10056
19 1.950602515726815e-05 2.746357800955784e-05 9716
19.5 1.737526907645426e-05 2.448727219514839e-05 8604
20 1.572794770208686e-05 2.343052596376271e-05 8060
20.5 1.489748312677826e-05 2.133032798449715e-05 7320
21 1.228906665342588e-05 1.965087332056812e-05 6356
21.5 1.053312416898803e-05 1.733443242150834e-05 5348
22 8.452850336834118e-06 1.423210501089379e-05 4308
22.5 7.064276819757789e-06 1.121086186165157e-05 3563
23 4.841625366034235e-06 7.978532399756995e-06 2448
23.5 3.386094989914668e-06 6.517317014011545e-06 1868
24 2.776121875884789e-06 4.873596091059274e-06 1358
24.5 2.077296085426543e-06 3.673931984469856e-06 1062
25 1.539199221789426e-06 2.652771146439503e-06 776
25.5 8.053649712200499e-07 1.394580737407509e-06 432
26 3.826424527855252e-07 7.100908338719208e-07 200
26.5 3.486886327626037e-07 6.74177750355125e-07 168
27 1.44960040143124e-07 3.129162600468026e-07 56
27.5 5.661768539706024e-09 1.646056322081487e-08 7

0.5 3.504429723569215e-09 9.703377779104055e-10 18
1 1.871046181342244e-08 1.063093142644891e-08 62
1.5 5.545055233655096e-08 2.096071988641034e-08 98
2 1.453279314702094e-07 5.354379980303481e-08 210
2.5 3.194508979900362e-07 1.231842169827396e-07 350
3 4.254084351350787e-07 1.775069721424609e-07 450
3.5 7.618000854186554e-07 2.717881775129555e-07 602
4 1.01680625757124e-06 3.77180848467513e-07 762
4.5 1.511467930256093e-06 6.919422289725061e-07 1142
5 1.790082586880798e-06 8.033478298962863e-07 1250
5.5 2.171933924534175e-06 1.055619078497188e-06 1458
6 2.74647943928952e-06 1.439950153911242e-06 1814
6.5 3.559258297198371e-06 1.842016094846491e-06 2178
7 4.255696358792283e-06 2.338609538913629e-06 2498
7.5 4.43858458581554e-06 2.483913193288766e-06 2622
8 5.835756088472756e-06 3.700206963806486e-06 3338
8.5 6.522673747685986e-06 3.974386942234892e-06 3722
9 7.471735626619913e-06 4.902169386671357e-06 4170
9.5 7.689161563503604e-06 5.538903439902585e-06 4358
10 9.192757645341938e-06 6.618377374861129e-06 5034
10.5 1.02204740754305e-05 7.799380391343063e-06 5714
11 1.070713768220096e-05 8.332975979249774e-06 5982
11.5 1.193592567149622e-05 9.842203566941961e-06 6602
12 1.322088542695209e-05 1.102549155638845e-05 7130
12.5 1.463254981251852e-05 1.274703005615426e-05 8034
13 1.584823764815707e-05 1.474301680777964e-05 8606
13.5 1.743171452829839e-05 1.585372468543994e-05 9066
14 1.899208265956878e-05 1.8502354457735e-05 9962
14.5 1.978547756268788e-05 1.974993116398228e-05 10550
15 2.171087587307078e-05 2.124725280034186e-05 11226
15.5 2.387298903059781e-05 2.450397211362544e-05 12146
16 2.336931468775881e-05 2.554655211122401e-05 12303
16.5 2.417986443385656e-05 2.670430295713047e-05 12584
17 2.326642815193464e-05 2.655503563368468e-05 12120
17.5 2.126421315059844e-05 2.470074781778347e-05 11180
18 2.114346844784862e-05 2.632228478726111e-05 11096
18.5 1.903108684485615e-05 2.375163989103454e-05 10056
19 1.820669089287956e-05 2.421459398291534e-05 9716
19.5 1.632466556081991e-05 2.16603440170832e-05 8604
20 1.502401040630322e-05 2.07154915712811e-05 8060
20.5 1.35730520737482e-05 1.892499717870633e-05 7320
21 1.197632137115842e-05 1.706411579643454e-05 6356
21.5 1.01380926861602e-05 1.511029037798635e-05 5348
22 8.081662133713621e-06 1.248414476125976e-05 4308
22.5 6.672723567432884e-06 1.026114053996463e-05 3563
23 4.63206259741101e-06 7.40980082697331e-06 2448
23.5 3.329354822748863e-06 5.725423224250113e-06 1868
24 2.478474604987855e-06 4.516164191593587e-06 1358
24.5 1.933776176503613e-06 3.308873679299155e-06 1062
25 1.356926097802476e-06 2.532736678059955e-06 776
25.5 7.87945768612632e-07 1.317951423292888e-06 432
26 3.78853457153254e-07 6.977516917505469e-07 200
26.5 2.987679560394052e-07 4.999596345487153e-07 168
27 1.283085592931002e-07 2.792810358000681e-07 56
27.5 1.902973026985561e-08 1.525307363802749e-08 7

0.5 2.305633873179706e-09 1.180672275933053e-09 18
1 2.063591857527147e-08 6.796466865136884e-09 62
1.5 5.329039532548498e-08 2.000705814866389e-08 98
2 1.507222892010724e-07 4.692069222908556e-08 210
2.5 2.828459459599735e-07 1.051577442526595e-07 350
3 4.198102787257897e-07 1.546641653135467e-07 450
3.5 6.421382078008497e-07 2.324145838579928e-07 602
4 9.558104654628164e-07 3.801347626237331e-07 762
4.5 1.434852057674886e-06 6.097219857075709e-07 1142
5 1.73920875022193e-06 7.804759801493522e-07 1250
5.5 2.021847180991626e-06 9.068516618044614e-07 1458
6 2.651821083607918e-06 1.224301373853064e-06 1814
6.5 3.512405074551917e-06 1.671913005950532e-06 2178
7 3.801897450389721e-06 1.968256062146988e-06 2498
7.5 4.253419692916505e-06 2.199357080962155e-06 2622
8 5.744372456848039e-06 3.101768996337978e-06 3338
8.5 5.90482375730596e-06 3.672996936374609e-06 3722
9 6.9737982204436e-06 4.340153723203126e-06 4170
9.5 7.35547870521793e-06 4.710384547809773e-06 4358
10 8.866790240564933e-06 5.791921625161638e-06 5034
10.5 9.738162000764558e-06 6.804703330196641e-06 5714
11 1.035282099847026e-05 7.36609271177483e-06 5982
11.5 1.159379962540788e-05 8.565603591500791e-06 6602
12 1.233314233272708e-05 9.806589423690847e-06 7130
12.5 1.376866803967043e-05 1.162187764722685e-05 8034
13 1.483660843582859e-05 1.311083830909418e-05 8606
13.5 1.588707376816462e-05 1.417931457860695e-05 9066
14 1.817329067165243e-05 1.646252759577723e-05 9962
14.5 1.897585867072188e-05 1.755259207781827e-05 10550
15 2.02225774713645e-05 1.961147777628536e-05 11226
15.5 2.227181856329465e-05 2.203108098713698e-05 12146
16 2.236345841015953e-05 2.250681102600046e-05 12303
16.5 2.306133071708233e-05 2.425942114034391e-05 12584
17 2.172705938966654e-05 2.399128342846488e-05 12120
17.5 2.001323718543756e-05 2.232094608745106e-05 11180
18 1.974484447635672e-05 2.322415063677803e-05 11096
18.5 1.77565422078686e-05 2.158476112177375e-05 10056
19 1.699841530263654e-05 2.107943444901628e-05 9716
19.5 1.525755927487213e-05 1.856204625550228e-05 8604
20 1.413925471223364e-05 1.822804546186203e-05 8060
20.5 1.252115777594126e-05 1.736081833846047e-05 7320
21 1.099805267353834e-05 1.53991388315689e-05 6356
21.5 9.8152435536078e-06 1.287172866205499e-05 5348
22 7.692571617997033e-06 1.074168287705886e-05 4308
22.5 6.10576043459301e-06 9.31845406464138e-06 3563
23 4.33869373302735e-06 6.517024396955465e-06 2448
23.5 3.194462547592077e-06 4.945294243343557e-06 1868
24 2.257164850012313e-06 3.565754579321982e-06 1358
24.5 1.644062658796331e-06 3.023059153793997e-06 1062
25 1.367460992091717e-06 2.430824978026349e-06 776
25.5 7.461396719251988e-07 1.332706118264066e-06 432
26 3.492983673633599e-07 5.691375996015404e-07 200
26.5 2.976003448380779e-07 4.300214673743632e-07 168
27 1.313354438464903e-07 1.890616476672971e-07 56
27.5 3.204502310544189e-08 5.01891280959084e-08 7

0.5 3.014824786814562e-09 6.424601971967974e-10 18
1 2.855571666893038e-08 6.663749147039833e-09 62
1.5 5.792177675742369e-08 1.20236994133066e-08 98
2 1.433829257397924e-07 4.310573567587047e-08 210
2.5 3.012719754268239e-07 9.084561567269093e-08 350
3 3.898986341969031e-07 1.328492446898052e-07 450
3.5 6.346321699763517e-07 2.085049041125901e-07 602
4 9.232784450508535e-07 3.22498471293675e-07 762
4.5 1.313508224862583e-06 5.159673992146104e-07 1142
5 1.649552042967882e-06 6.987693016253482e-07 1250
5.5 1.9741128921106e-06 8.162562775830778e-07 1458
6 2.557529560174921e-06 1.047018874527402e-06 1814
6.5 3.377726671004441e-06 1.497390743530626e-06 2178
7 3.698517907541569e-06 1.762476166185012e-06 2498
7.5 4.107589726374936e-06 2.001907938906512e-06 2622
8 5.211818048624678e-06 2.725083108957808e-06 3338
8.5 5.866933577593623e-06 3.268765220346782e-06 3722
9 6.600528307450996e-06 3.695024391815453e-06 4170
9.5 7.070286324255689e-06 4.242752542410832e-06 4358
10 8.214322092290124e-06 5.328187995943632e-06 5034
10.5 9.192543938187768e-06 5.930400745996935e-06 5714
11 9.462906821972189e-06 6.5744829101826e-06 5982
11.5 1.096134181602062e-05 7.547575942387095e-06 6602
12 1.164498828893849e-05 8.709847012926935e-06 7130
12.5 1.321050651394941e-05 1.037035257150239e-05 8034
13 1.46942959456238e-05 1.147825503253019e-05 8606
13.5 1.515729435700556e-05 1.232474323389572e-05 9066
14 1.690353677425491e-05 1.438615183215646e-05 9962
14.5 1.839611085201732e-05 1.579848724268354e-05 10550
15 1.904824399035753e-05 1.721354373615107e-05 11226
15.5 2.128090800540861e-05 1.927970751524825e-05 12146
16 2.190602186359351e-05 2.030554986275973e-05 12303
16.5 2.178852655536705e-05 2.124132301659958e-05 12584
17 2.126040376693863e-05 2.105513038039057e-05 12120
17.5 1.927714614327988e-05 2.003957760896946e-05 11180
18 1.848544136042123e-05 2.079232127654683e-05 11096
18.5 1.685418045301363e-05 1.924584183570623e-05 10056
19 1.643101770318926e-05 1.906957535954279e-05 9716
19.5 1.435892641107241e-05 1.69101007096142e-05 8604
20 1.344656394035576e-05 1.675697491183622e-05 8060
20.5 1.225217597520755e-05 1.518917117241675e-05 7320
21 1.05295548117309e-05 1.296485531666342e-05 6356
21.5 8.971118473573921e-06 1.169633863311197e-05 5348
22 7.091946167162027e-06 9.94762856383484e-06 4308
22.5 6.098021393535643e-06 8.264316010369644e-06 3563
23 4.134887992250122e-06 6.085053761494597e-06 2448
23.5 3.009912945627515e-06 4.311078149949213e-06 1868
24 2.438806314334538e-06 3.409939469474976e-06 1358
24.5 1.768765544599034e-06 2.618243205884757e-06 1062
25 1.299467702912881e-06 1.969116051299451e-06 776
25.5 7.357710706303296e-07 1.101273817811089e-06 432
26 2.75721056870988e-07 4.387397650332096e-07 200
26.5 2.813529717201157e-07 4.884197150004759e-07 168
27 7.652345974669447e-08 1.944679985397694e-07 56
27.5 2.679080051794739e-08 1.781584772439539e-08 7

0.5 4.013122804033034e-09 5.560162176323399e-10 18
1 1.924330074735856e-08 6.094013835409155e-09 62
1.5 5.170497256330394e-08 1.595582227701736e-08 98
2 1.223439676200921e-07 3.760188580545614e-08 210
2.5 2.878726583841077e-07 9.397637099607667e-08 350
3 3.752412807173342e-07 1.216172003484976e-07 450
3.5 5.936608157542187e-07 1.938936767405992e-07 602
4 8.569434724057409e-07 2.814355693769554e-07 762
4.5 1.337764082345811e-06 4.755520102271487e-07 1142
5 1.515506858609853e-06 5.79077323811325e-07 1250
5.5 1.92273035273095e-06 7.546141206328532e-07 1458
6 2.479242601594338e-06 9.742580888021956e-07 1814
6.5 3.351607087538007e-06 1.287784229338707e-06 2178
7 3.569145025386081e-06 1.587547962999023e-06 2498
7.5 3.893501447048292e-06 1.796523946498135e-06 2622
8 5.150486124453801e-06 2.415816160619687e-06 3338
8.5 5.57332934077351e-06 2.792630054142045e-06 3722
9 6.287510488453314e-06 3.373526682308099e-06 4170
9.5 6.687640963393829e-06 3.865375521540599e-06 4358
10 7.827824302244416e-06 4.547444750205637e-06 5034
10.5 8.936954622426774e-06 5.699532107406632e-06 5714
11 8.996299410225247e-06 6.008326440479878e-06 5982
11.5 1.042268829823795e-05 6.998401424548656e-06 6602
12 1.129810632343279e-05 8.108913074099874e-06 7130
12.5 1.249283077928746e-05 9.17356187302977e-06 8034
13 1.391420790778486e-05 1.023999494376512e-05 8606
13.5 1.430915641792382e-05 1.160765542818037e-05 9066
14 1.619786684568218e-05 1.323559710914447e-05 9962
14.5 1.743470090584908e-05 1.41982387998826e-05 10550
15 1.834473584444561e-05 1.530402434782903e-05 11226
15.5 2.051438960053517e-05 1.739865956789005e-05 12146
16 2.084115290676821e-05 1.82678080214664e-05 12303
16.5 2.086381090736356e-05 1.859500508605065e-05 12584
17 1.97659231020641e-05 1.880525498473326e-05 12120
17.5 1.828372048756129e-05 1.823743342567577e-05 11180
18 1.766861945402762e-05 1.857956056682448e-05 11096
18.5 1.657704162051493e-05 1.718897769053263e-05 10056
19 1.544708829884946e-05 1.681540185542703e-05 9716
19.5 1.409495859142367e-05 1.532348850880766e-05 8604
20 1.309414695760153e-05 1.471789951663101e-05 8060
20.5 1.158393475192594e-05 1.348266974307916e-05 7320
21 1.022470911993981e-05 1.192972477569419e-05 6356
21.5 8.360785780722807e-06 1.035917541449279e-05 5348
22 6.899472097674768e-06 9.053459071460745e-06 4308
22.5 5.638409204104975e-06 7.199208742877632e-06 3563
23 3.809729803920229e-06 5.560700839248896e-06 2448
23.5 2.828918972256977e-06 3.872024626445932e-06 1868
24 2.039068269095892e-06 2.869611644484298e-06 1358
24.5 1.713306137784809e-06 2.231439298574326e-06 1062
25 1.273954373302701e-06 1.773634176591955e-06 776
25.5 6.921804241094648e-07 9.398595654487271e-07 432
26 2.953789729640342e-07 4.90954850841776e-07 200
26.5 2.285932158542655e-07 4.021133660846747e-07 168
27 1.203388443531978e-07 1.32679237469136e-07 56
27.5 1.538008765434183e-08 3.299554656091085e-08 7

0.5 2.427045660760188e-09 6.807599557732188e-10 18
1 2.160867959884674e-08 5.250708284803551e-09 62
1.5 6.160127832819238e-08 1.279223475259964e-08 98
2 1.374201075685705e-07 3.52373057055893e-08 210
2.5 2.858114592907454e-07 7.202646301341671e-08 350
3 3.516189511638177e-07 1.067284225423457e-07 450
3.5 5.944387267123711e-07 1.663933051629546e-07 602
4 8.231794421512764e-07 2.356447413316941e-07 762
4.5 1.190590945317939e-06 4.172588485451131e-07 1142
5 1.408702153080313e-06 5.171731571260209e-07 1250
5.5 1.847045846502851e-06 6.989971257333006e-07 1458
6 2.38629610923157e-06 8.753545722870227e-07 1814
6.5 3.036711302943863e-06 1.210888279340582e-06 2178
7 3.504812815879619e-06 1.434454772551788e-06 2498
7.5 3.711094401894717e-06 1.539591289832759e-06 2622
8 4.893393978962179e-06 2.234311205694705e-06 3338
8.5 5.459676559415184e-06 2.537625532042042e-06 3722
9 6.059791942444823e-06 3.209342228447309e-06 4170
9.5 6.404513685440091e-06 3.330258772247682e-06 4358
10 7.575012927577077e-06 4.158689491684469e-06 5034
10.5 8.604518517787195e-06 4.843617313965073e-06 5714
11 8.902461023017353e-06 5.460286777535754e-06 5982
11.5 9.775567524028727e-06 6.354671715837933e-06 6602
12 1.11647973927533e-05 7.17637241070117e-06 7130
12.5 1.210600880011282e-05 8.222046661736554e-06 8034
13 1.319232445903522e-05 9.328975063266278e-06 8606
13.5 1.399068573810801e-05 1.005894777862579e-05 9066
14 1.57611037224125e-05 1.15801110449998e-05 9962
14.5 1.658168267999431e-05 1.282292172575328e-05 10550
15 1.767813397405092e-05 1.40517652147509e-05 11226
15.5 1.928230385572778e-05 1.581253233684096e-05 12146
16 1.961151088515984e-05 1.634189636406631e-05 12303
16.5 2.002987039695398e-05 1.711546316124628e-05 12584
17 1.879031502935242e-05 1.69861247585704e-05 12120
17.5 1.728498314311106e-05 1.659648831385168e-05 11180
18 1.709351186200325e-05 1.629905486711138e-05 11096
18.5 1.57053085588841e-05 1.556461107181343e-05 10056
19 1.502884570015343e-05 1.551535635485165e-05 9716
19.5 1.305680061841365e-05 1.388855405975051e-05 8604
20 1.190870069081377e-05 1.353288355425418e-05 8060
20.5 1.164596055958041e-05 1.243403130182424e-05 7320
21 9.640301093963707e-06 1.075709282217124e-05 6356
21.5 8.340766730114052e-06 9.496630509345918e-06 5348
22 6.667952249202639e-06 7.873881999828127e-06 4308
22.5 5.633342825523741e-06 6.370741620819291e-06 3563
23 3.733979446000482e-06 4.728654409119217e-06 2448
23.5 2.867369385338525e-06 3.568413735512366e-06 1868
24 2.148488513969259e-06 2.715169299655595e-06 1358
24.5 1.589923766409972e-06 2.325189203335865e-06 1062
25 1.183904707191328e-06 1.445482921563826e-06 776
25.5 6.363956438336741e-07 8.488245653071007e-07 432
26 3.253913159618761e-07 4.774823336206052e-07 200
26.5 2.729948242417823e-07 3.317316896792563e-07 168
27 7.235675100079057e-08 9.910313558317067e-08 56
27.5 2.487180051978567e-08 1.654281933793645e-08 7

0.5 2.572279281401545e-09 5.31311891348238e-10 18
1 1.657152141947324e-08 4.667442796620967e-09 62
1.5 5.328016022001058e-08 1.220523907290636e-08 98
2 1.383540800363445e-07 3.286796392473003e-08 210
2.5 2.569498512925221e-07 6.741569980135968e-08 350
3 3.541380613503083e-07 8.424527095055313e-08 450
3.5 5.523268956677018e-07 1.776864538281096e-07 602
4 8.39091666470618e-07 2.271921682548739e-07 762
4.5 1.264076198395192e-06 3.636940821976889e-07 1142
5 1.406408195892443e-06 4.540080002643374e-07 1250
5.5 1.82141377717291e-06 6.0801625274814e-07 1458
6 2.184046605399492e-06 7.996399371484638e-07 1814
6.5 2.88910879923112e-06 1.065882739039898e-06 2178
7 3.284635510591907e-06 1.330691895925984e-06 2498
7.5 3.629646920988449e-06 1.45845793755097e-06 2622
8 4.601623847872877e-06 2.058014275304723e-06 3338
8.5 5.117610156486326e-06 2.33872434563989e-06 3722
9 5.749514932448574e-06 2.847715790933264e-06 4170
9.5 6.037062621576869e-06 3.020793209187376e-06 4358
10 7.21016779788688e-06 3.834493655721436e-06 5034
10.5 8.207740646786097e-06 4.380556809709983e-06 5714
11 8.646966984494511e-06 4.960238957222929e-06 5982
11.5 9.709022051061065e-06 5.811215102477658e-06 6602
12 1.052050405106449e-05 6.380879157008849e-06 7130
12.5 1.184499849553843e-05 7.511328580758205e-06 8034
13 1.2550598470992e-05 8.41680792323868e-06 8606
13.5 1.324049725246528e-05 9.203098578520924e-06 9066
14 1.460697052909942e-05 1.023212172139973e-05 9962
14.5 1.59238692787864e-05 1.181208781321889e-05 10550
15 1.704683150502934e-05 1.26025163674062e-05 11226
15.5 1.900167851838024e-05 1.434002258408296e-05 12146
16 1.882426262043613e-05 1.49776932536463e-05 12303
16.5 1.94587444368262e-05 1.520861899796123e-05 12584
17 1.85405028379955e-05 1.544358172711927e-05 12120
17.5 1.680633474734475e-05 1.472586669229981e-05 11180
18 1.637932672535793e-05 1.502998356774108e-05 11096
18.5 1.474921478087189e-05 1.427782127164899e-05 10056
19 1.463230108114924e-05 1.404663794052066e-05 9716
19.5 1.263684799582883e-05 1.265573481032433e-05 8604
20 1.183665638170177e-05 1.195166139859268e-05 8060
20.5 1.107047707634567e-05 1.138885615993179e-05 7320
21 9.225313452950791e-06 9.779227816014414e-06 6356
21.5 8.145212157796904e-06 8.602995429400866e-06 5348
22 6.054334437954736e-06 7.052692048633202e-06 4308
22.5 5.191505433268089e-06 6.053685562238109e-06 3563
23 3.44798673835882e-06 4.241548143134279e-06 2448
23.5 2.512867642736619e-06 3.292557333108192e-06 1868
24 1.904320825328565e-06 2.494475703888668e-06 1358
24.5 1.675720338767764e-06 1.950165566593569e-06 1062
25 1.175694264313199e-06 1.626344336816714e-06 776
25.5 6.129438466561461e-07 8.907974511975155e-07 432
26 2.941789963180007e-07 4.311289744427501e-07 200
26.5 2.367793292807022e-07 3.42807527963368e-07 168
27 7.500400329492054e-08 7.626400002689087e-08 56
27.5 1.254354673915195e-08 1.704805913588225e-08 7

0.5 3.968422143794714e-09 6.684662954499866e-10 18
1 1.647021903209959e-08 5.851419015234188e-09 62
1.5 4.52543791481801e-08 1.180436503667776e-08 98
2 1.243641318561138e-07 3.143985017984574e-08 210
2.5 2.47303961476417e-07 5.742590847581236e-08 350
3 3.31014442476423e-07 8.979766891843523e-08 450
3.5 5.634108960231012e-07 1.500532316991926e-07 602
4 7.403418547895617e-07 2.227869763181705e-07 762
4.5 1.187426953560278e-06 3.51149905217274e-07 1142
5 1.327352302689035e-06 3.974097112602609e-07 1250
5.5 1.623670863437839e-06 5.666583139623458e-07 1458
6 2.156493409157387e-06 7.551413509500046e-07 1814
6.5 2.746248013390788e-06 9.695228658866182e-07 2178
7 3.203246452165127e-06 1.19894001269885e-06 2498
7.5 3.382636552521139e-06 1.2715870538626e-06 2622
8 4.426021300344658e-06 1.834478882364529e-06 3338
8.5 4.895078826376853e-06 2.23093403289611e-06 3722
9 5.571881150923414e-06 2.621106767607816e-06 4170
9.5 5.762799702962591e-06 2.849282388236765e-06 4358
10 7.066644363244052e-06 3.400072054689847e-06 5034
10.5 7.767304064657118e-06 4.174446605418762e-06 5714
11 8.32223583864312e-06 4.346164017503788e-06 5982
11.5 9.129892906540148e-06 5.048911247991556e-06 6602
12 9.665847270695921e-06 6.001465549539739e-06 7130
12.5 1.124192738743059e-05 6.808889630386275e-06 8034
13 1.232659504103882e-05 7.587778356773523e-06 8606
13.5 1.301132694856787e-05 8.481699259051874e-06 9066
14 1.444945805803013e-05 9.61383837978011e-06 9962
14.5 1.570646639132839e-05 1.056954844974846e-05 10550
15 1.604580994260891e-05 1.155548099365033e-05 11226
15.5 1.803141181409774e-05 1.305460269882784e-05 12146
16 1.819417828459508e-05 1.378014619101278e-05 12303
16.5 1.807291802097973e-05 1.417853023056285e-05 12584
17 1.741470793995571e-05 1.431590921411406e-05 12120
17.5 1.598813845619383e-05 1.351071703681493e-05 11180
18 1.571842367492321e-05 1.376413181552499e-05 11096
18.5 1.430120677247422e-05 1.28939499983227e-05 10056
19 1.368250060552302e-05 1.26877521932878e-05 9716
19.5 1.223002407583349e-05 1.163969765942764e-05 8604
20 1.150817387579181e-05 1.116413810321836e-05 8060
20.5 1.029403766035897e-05 1.032142899056301e-05 7320
21 9.100580261160826e-06 9.260678070982131e-06 6356
21.5 7.481001416698951e-06 7.646196297181817e-06 5348
22 6.068315859325705e-06 6.467515127606212e-06 4308
22.5 5.036247087437215e-06 5.440138286086511e-06 3563
23 3.352844793533017e-06 3.839004797813814e-06 2448
23.5 2.544727050833777e-06 3.079293717711552e-06 1868
24 1.883341970247743e-06 2.18426697709918e-06 1358
24.5 1.537148583653985e-06 1.980998712828118e-06 1062
25 1.081076025272683e-06 1.328902384557403e-06 776
25.5 6.132595056623993e-07 7.550033345792878e-07 432
26 3.162795745263514e-07 3.542516961190323e-07 200
26.5 2.639991414657034e-07 3.325614555562857e-07 168
27 5.612188496993511e-08 1.077886580022375e-07 56
27.5 6.451865188930648e-09 5.414820563700035e-09 7

0.5 1.71155084503849e-09 1.528667006523304e-09 18
1 2.514911608275208e-08 3.77555394096066e-09 62
1.5 4.857612600618845e-08 7.37381192701356e-09 98
2 1.3553840456629e-07 2.750240430953774e-08 210
2.5 2.289327093035082e-07 5.316785943868339e-08 350
3 3.590771495461843e-07 8.50497965306022e-08 450
3.5 5.317755136764906e-07 1.304769221162624e-07 602
4 7.22744733771886e-07 1.897729401114259e-07 762
4.5 1.188968815753688e-06 3.478193368036995e-07 1142
5 1.288633538215532e-06 3.90635367692647e-07 1250
5.5 1.6979564494277e-06 4.775387517686831e-07 1458
6 2.194370424663567e-06 6.548942652047606e-07 1814
6.5 2.46894922166923e-06 8.889849330546066e-07 2178
7 3.107351267643999e-06 1.080490133841331e-06 2498
7.5 3.225896816920481e-06 1.22815597904682e-06 2622
8 4.401285208881198e-06 1.654236550063305e-06 3338
8.5 4.80237363771781e-06 2.072384379700013e-06 3722
9 5.319449591457934e-06 2.359091253877142e-06 4170
9.5 5.78467087964584e-06 2.656055482134714e-06 4358
10 6.558667125089241e-06 3.140884229578816e-06 5034
10.5 7.617471074916027e-06 3.76486222761529e-06 5714
11 7.854800670143299e-06 3.953446743003508e-06 5982
11.5 8.822694656802374e-06 4.805598917148523e-06 6602
12 9.514885184715024e-06 5.428107621395046e-06 7130
12.5 1.065181208660665e-05 6.283344175563663e-06 8034
13 1.18624272862133e-05 6.888067460064914e-06 8606
13.5 1.234413027448989e-05 7.700748785967983e-06 9066
14 1.38770738009023e-05 8.797960901375315e-06 9962
14.5 1.45463245701455e-05 9.655210574883007e-06 10550
15 1.555981266686657e-05 1.028215575358779e-05 11226
15.5 1.745804609315341e-05 1.185018123081498e-05 12146
16 1.762534469875858e-05 1.245046613635958e-05 12303
16.5 1.774069932711773e-05 1.312118526636395e-05 12584
17 1.705901889279943e-05 1.295511664100908e-05 12120
17.5 1.519747832969216e-05 1.227293393616511e-05 11180
18 1.520807117653287e-05 1.278251672204011e-05 11096
18.5 1.381528964917588e-05 1.148445795120308e-05 10056
19 1.291168275280865e-05 1.160671344717019e-05 9716
19.5 1.164338842205124e-05 1.018984886344887e-05 8604
20 1.090856087116072e-05 1.037806133237179e-05 8060
20.5 9.899209873313974e-06 9.573921669957019e-06 7320
21 8.671834978886389e-06 8.617144783820067e-06 6356
21.5 7.322363473316195e-06 7.303800247180969e-06 5348
22 6.026434935148189e-06 5.83759657700757e-06 4308
22.5 4.822452973812986e-06 5.22941251849164e-06 3563
23 3.165793742095545e-06 3.694912109569394e-06 2448
23.5 2.517731034800656e-06 2.844118954064345e-06 1868
24 1.770438073082084e-06 2.197471225531975e-06 1358
24.5 1.503533503883461e-06 1.719608742422303e-06 1062
25 1.061113904592388e-06 1.304479153616852e-06 776
25.5 6.624896027867337e-07 7.248513520526988e-07 432
26 2.379701080006428e-07 3.139563446834017e-07 200
26.5 2.654691108008601e-07 2.76892131218072e-07 168
27 6.832319264185883e-08 7.065914849601621e-08 56
27.5 7.565094047848508e-09 1.463415331983358e-08 7

0.5 6.137014249457777e-09 3.570054574982895e-10 18
1 2.281308919784271e-08 3.19246359532203e-09 62
1.5 5.118100137745068e-08 8.667277500494735e-09 98
2 1.364355353377685e-07 2.738146890869669e-08 210
2.5 2.220616103221968e-07 4.443619059915512e-08 350
3 3.697540357751533e-07 8.226728792222615e-08 450
3.5 5.324448165948568e-07 1.158176732163256e-07 602
4 7.386863639177855e-07 1.790972951129309e-07 762
4.5 1.139515634551254e-06 2.987285141402314e-07 1142
5 1.302996992574824e-06 3.384780568541364e-07 1250
5.5 1.445492671115005e-06 4.662921880850059e-07 1458
6 1.982625024594308e-06 6.342475350848973e-07 1814
6.5 2.478413808210698e-06 7.883207913047823e-07 2178
7 3.109121917730742e-06 9.618112929933849e-07 2498
7.5 3.111608980199191e-06 1.165592107347682e-06 2622
8 4.185483894401252e-06 1.533760351233764e-06 3338
8.5 4.744457230012684e-06 1.795381061475208e-06 3722
9 5.238972587499928e-06 2.09565335458479e-06 4170
9.5 5.567737831189765e-06 2.403110302634628e-06 4358
10 6.443090860068567e-06 2.80201323857349e-06 5034
10.5 7.407483129738503e-06 3.573048471212336e-06 5714
11 7.840020958183498e-06 3.819464011520021e-06 5982
11.5 8.459318065722247e-06 4.363383830512603e-06 6602
12 9.315410701873678e-06 4.837785080225639e-06 7130
12.5 1.038238292971165e-05 5.827655319513537e-06 8034
13 1.137818584268346e-05 6.346232617427692e-06 8606
13.5 1.17623471017379e-05 7.06622841441566e-06 9066
14 1.32615788845096e-05 7.992110306884119e-06 9962
14.5 1.40899420230539e-05 8.897766901273119e-06 10550
15 1.47869311399008e-05 9.733098996714319e-06 11226
15.5 1.665738147782072e-05 1.099313981042022e-05 12146
16 1.742371490365023e-05 1.161317195303979e-05 12303
16.5 1.72322960400644e-05 1.172397167126011e-05 12584
17 1.627769241422806e-05 1.208790860838857e-05 12120
17.5 1.508772967537465e-05 1.101809698167968e-05 11180
18 1.461273744762282e-05 1.130930381267991e-05 11096
18.5 1.311996329813147e-05 1.063427288093778e-05 10056
19 1.251307156667242e-05 1.06960956443e-05 9716
19.5 1.114321922491672e-05 9.551344516151859e-06 8604
20 1.08418354486308e-05 9.47713608953396e-06 8060
20.5 9.623785010207641e-06 8.65973848002163e-06 7320
21 8.39871594513193e-06 7.86653896686918e-06 6356
21.5 6.860504564551166e-06 6.815181858475889e-06 5348
22 5.755382802989972e-06 5.545105630983196e-06 4308
22.5 4.575545954620614e-06 4.690750936860595e-06 3563
23 3.101610867727782e-06 3.375617867368271e-06 2448
23.5 2.36385345977209e-06 2.530331932545357e-06 1868
24 1.772336972203389e-06 1.95960743096794e-06 1358
24.5 1.363150215386435e-06 1.48972385546189e-06 1062
25 9.95923267456622e-07 1.179641011159492e-06 776
25.5 5.643616520455348e-07 6.644926485932764e-07 432
26 2.734471409980318e-07 3.137894789049135e-07 200
26.5 2.334582359930186e-07 3.114292637281882e-07 168
27 6.113682664807891e-08 9.402873644939744e-08 56
27.5 1.049362615598172e-08 4.400057949506638e-09 7

0.5 3.023206872035753e-09 6.317739737726935e-10 18
1 1.861593981806826e-08 5.075622016671636e-09 62
1.5 3.975710090593437e-08 1.023380650524817e-08 98
2 1.299842070837691e-07 2.370762487124991e-08 210
2.5 2.011451657706426e-07 5.14368870277137e-08 350
3 3.245537065219091e-07 7.251496317652668e-08 450
3.5 5.267096455969807e-07 1.061142534883931e-07 602
4 6.943648892206865e-07 1.495329975237163e-07 762
4.5 1.114149592022214e-06 2.612071794934038e-07 1142
5 1.27164980183367e-06 3.33304288405691e-07 1250
5.5 1.531507817187895e-06 3.989082060830509e-07 1458
6 2.032708046207706e-06 5.497550062406641e-07 1814
6.5 2.378427602496861e-06 7.112509043118377e-07 2178
7 2.972767744436903e-06 9.550069103473589e-07 2498
7.5 3.088972715715871e-06 1.015728608764345e-06 2622
8 3.829396430625797e-06 1.432416334822529e-06 3338
8.5 4.53077874415525e-06 1.628101103877451e-06 3722
9 5.059117678257281e-06 2.014572593179207e-06 4170
9.5 5.500146666492441e-06 2.256177336280933e-06 4358
10 6.044747920041739e-06 2.597920855564138e-06 5034
10.5 7.092752696927672e-06 3.170887037479244e-06 5714
11 7.297105027741066e-06 3.451647302890831e-06 5982
11.5 8.210939571245145e-06 4.097767979548494e-06 6602
12 8.888193606783861e-06 4.478064220756711e-06 7130
12.5 9.852992213658564e-06 5.350375387432152e-06 8034
13 1.09226292772621e-05 6.036565472405813e-06 8606
13.5 1.153771547272539e-05 6.532043184824205e-06 9066
14 1.284415733358114e-05 7.385312956376289e-06 9962
14.5 1.367425132083386e-05 8.108972490724143e-06 10550
15 1.452988265573041e-05 8.842617320874878e-06 11226
15.5 1.590846170162698e-05 1.005961423674038e-05 12146
16 1.602541657496182e-05 1.049711871558952e-05 12303
16.5 1.625324023662471e-05 1.136371672787906e-05 12584
17 1.555418214816556e-05 1.111905994966102e-05 12120
17.5 1.456805754965434e-05 1.014099709783977e-05 11180
18 1.384500702375419e-05 1.0583761311747e-05 11096
18.5 1.277524570205941e-05 1.002959258601653e-05 10056
19 1.225800048218312e-05 9.891500392763013e-06 9716
19.5 1.10103245351045e-05 8.854440694001709e-06 8604
20 1.053115940747335e-05 8.58767625900133e-06 8060
20.5 9.130615746253384e-06 7.992010579401556e-06 7320
21 8.139118869355315e-06 7.160545475504911e-06 6356
21.5 6.671505271966255e-06 6.363371907331152e-06 5348
22 5.484866948418471e-06 5.01854696544226e-06 4308
22.5 4.388541172962931e-06 4.340544876939623e-06 3563
23 2.964224531808089e-06 3.130785142817629e-06 2448
23.5 2.266836510386284e-06 2.251656549413168e-06 1868
24 1.654549768982016e-06 1.79750855200742e-06 1358
24.5 1.335662126028932e-06 1.43376275874779e-06 1062
25 1.084843486380723e-06 1.048369273312889e-06 776
25.5 5.002828577492167e-07 6.017838076178343e-07 432
26 2.651143113688795e-07 2.321108555559827e-07 200
26.5 2.664478235445199e-07 2.368759120299267e-07 168
27 6.840697706123469e-08 7.228903298944309e-08 56
27.5 1.029834929473313e-08 1.048354194014373e-08 7

0.5 2.565950238885957e-09 4.53791206634164e-10 18
1 2.040812114220667e-08 3.730995123510945e-09 62
1.5 3.901159296995907e-08 8.824958210947085e-09 98
2 1.20926887099339e-07 2.167229176006909e-08 210
2.5 2.143526359598258e-07 4.013884453837099e-08 350
3 3.142314740035548e-07 6.642810914379221e-08 450
3.5 4.937274715755713e-07 1.153706389517092e-07 602
4 6.462577041690172e-07 1.531183535956863e-07 762
4.5 1.053011708213858e-06 2.581300990426171e-07 1142
5 1.181504699722266e-06 3.143086466218719e-07 1250
5.5 1.476201464710961e-06 3.880611422197339e-07 1458
6 1.877919863354154e-06 5.299699822237381e-07 1814
6.5 2.251010769702936e-06 6.688134175878439e-07 2178
7 2.656215482700797e-06 8.786272031336969e-07 2498
7.5 2.921480650966382e-06 9.359403349962602e-07 2622
8 3.597443913722542e-06 1.286183429904656e-06 3338
8.5 4.257498542757831e-06 1.548051583622771e-06 3722
9 4.79479413601431e-06 1.805199091412651e-06 4170
9.5 5.269260735680957e-06 2.059235351003422e-06 4358
10 5.974102774662803e-06 2.524621861714575e-06 5034
10.5 6.66817165867627e-06 2.986950602689213e-06 5714
11 7.124534875063672e-06 3.245323548295757e-06 5982
11.5 8.03393522708085e-06 3.726996792393941e-06 6602
12 8.57245408148394e-06 4.233802095231899e-06 7130
12.5 9.485577205156274e-06 4.826182371104507e-06 8034
13 1.041678693287869e-05 5.557346757362995e-06 8606
13.5 1.134473030704096e-05 5.849707561503879e-06 9066
14 1.256674286150687e-05 6.922917163565662e-06 9962
14.5 1.306759570656085e-05 7.611776353023675e-06 10550
15 1.390692431429109e-05 8.337958593929149e-06 11226
15.5 1.54944897705634e-05 9.172348081938538e-06 12146
16 1.587310830799345e-05 9.790696548015838e-06 12303
16.5 1.617003797958007e-05 1.016654978065255e-05 12584
17 1.487957939843888e-05 1.021372829241965e-05 12120
17.5 1.37145081657261e-05 9.562807661960138e-06 11180
18 1.362928724761735e-05 9.925556161115961e-06 11096
18.5 1.239058712517805e-05 8.972636728874753e-06 10056
19 1.168531162268569e-05 9.151863022455953e-06 9716
19.5 1.022739566701743e-05 8.375427360337597e-06 8604
20 1.002236248351519e-05 7.922095920435169e-06 8060
20.5 8.896158296314351e-06 7.446715966947306e-06 7320
21 7.716918666082659e-06 6.662360935205584e-06 6356
21.5 6.563182683097986e-06 5.724928461337103e-06 5348
22 5.364338894639289e-06 4.718759852111371e-06 4308
22.5 4.19719425607521e-06 4.116800716933573e-06 3563
23 2.828441000113134e-06 2.716689621258894e-06 2448
23.5 2.265793398479352e-06 2.113353603831342e-06 1868
24 1.604871219287672e-06 1.675689866181955e-06 1358
24.5 1.366746624696867e-06 1.398981248373275e-06 1062
25 9.644039937007466e-07 9.073060991205086e-07 776
25.5 5.449977426913713e-07 5.123993516879839e-07 432
26 2.395259027358083e-07 2.52665445439138e-07 200
26.5 2.201108758212025e-07 2.057300723010493e-07 168
27 8.17125227640941e-08 5.850971685509758e-08 56
27.5 4.720058337599874e-09 7.174838621140518e-09 7

0.5 1.290870064773107e-09 2.144202826213612e-10 18
1 1.448769365521829e-08 3.337938511397322e-09 62
1.5 4.133389642063146e-08 5.596682361839152e-09 98
2 1.192645818284248e-07 2.103620944551086e-08 210
2.5 2.090247731569769e-07 3.766580592444297e-08 350
3 3.274327411214208e-07 5.944186423019622e-08 450
3.5 5.273351900365683e-07 9.393195735358175e-08 602
4 6.586342791931918e-07 1.327030299517407e-07 762
4.5 9.633651399481723e-07 2.411053387496042e-07 1142
5 1.252956466298865e-06 2.672856703781229e-07 1250
5.5 1.460618662383759e-06 3.71195383580308e-07 1458
6 2.040665475102825e-06 4.781627569248926e-07 1814
6.5 2.341098971007044e-06 6.499620855147433e-07 2178
7 2.810675183018981e-06 7.517667759283165e-07 2498
7.5 2.863647805459219e-06 8.507560354104346e-07 2622
8 3.861626173820974e-06 1.15801759815894e-06 3338
8.5 4.272735932487386e-06 1.449281460759396e-06 3722
9 4.935615021408416e-06 1.65736924004745e-06 4170
9.5 5.10070125203639e-06 1.902909450548603e-06 4358
10 5.701465524750864e-06 2.350595096312705e-06 5034
10.5 6.588319421638761e-06 2.658266014769975e-06 5714
11 6.960985240077604e-06 2.969769049809317e-06 5982
11.5 7.727018938087032e-06 3.504012804458563e-06 6602
12 8.152076320527735e-06 3.765707209749625e-06 7130
12.5 9.424682688303236e-06 4.505555147015659e-06 8034
13 1.012475303478595e-05 5.208472775384575e-06 8606
13.5 1.083231462948074e-05 5.406991451622812e-06 9066
14 1.218558461988429e-05 6.483928207006948e-06 9962
14.5 1.268564671472554e-05 7.006500476076316e-06 10550
15 1.368433857749671e-05 7.557543808703105e-06 11226
15.5 1.500797188325957e-05 8.60554132643635e-06 12146
16 1.519013681964636e-05 9.127257521190215e-06 12303
16.5 1.51555215554723e-05 9.477125965991801e-06 12584
17 1.481047687766433e-05 9.309887209330262e-06 12120
17.5 1.332771601288524e-05 9.085846177343449e-06 11180
18 1.296157962295964e-05 9.384037319642523e-06 11096
18.5 1.167308890804625e-05 8.542886919248848e-06 10056
19 1.144736781744744e-05 8.382449888626141e-06 9716
19.5 1.008729009101963e-05 7.722796121982198e-06 8604
20 9.408081852570874e-06 7.479028887959786e-06 8060
20.5 8.661728606517631e-06 6.749377597952006e-06 7320
21 7.698823695046881e-06 6.289084592678557e-06 6356
21.5 6.487525942761276e-06 5.065187232386823e-06 5348
22 5.077954805636133e-06 4.463247443186561e-06 4308
22.5 4.362113778497777e-06 3.833270948852917e-06 3563
23 2.813857271538089e-06 2.515645183309172e-06 2448
23.5 2.14276587115513e-06 2.06507614837346e-06 1868
24 1.618781269368345e-06 1.525960966086313e-06 1358
24.5 1.337028505408835e-06 1.212423417506734e-06 1062
25 8.773086305635249e-07 8.530598786090002e-07 776
25.5 4.356689791663405e-07 5.361395398301578e-07 432
26 2.38455105288591e-07 2.390422802738487e-07 200
26.5 1.361529892687693e-07 1.948813798173379e-07 168
27 7.674002685589237e-08 8.614792682995698e-08 56
27.5 1.272543244167648e-09 1.355977300170042e-08 7

