1:binCentralValue 2:valuesAverage 3:multiplicity
0.5 0 18
1 0 62
1.5 0 98
2 0 210
2.5 0 350
3 0 450
3.5 0 602
4 0 762
4.5 0 1142
5 0 1250
5.5 0 1458
6 0 1814
6.5 0 2178
7 0 2498
7.5 0 2622
8 0 3338
8.5 0 3722
9 0 4170
9.5 0 4358
10 0 5034
10.5 0 5714
11 0 5982
11.5 0 6602
12 0 7130
12.5 0 8034
13 0 8606
13.5 0 9066
14 0 9962
14.5 0 10550
15 0 11226
15.5 0 12146
16 0 12303
16.5 0 12584
17 0 12120
17.5 0 11180
18 0 11096
18.5 0 10056
19 0 9716
19.5 0 8604
20 0 8060
20.5 0 7320
21 0 6356
21.5 0 5348
22 0 4308
22.5 0 3563
23 0 2448
23.5 0 1868
24 0 1358
24.5 0 1062
25 0 776
25.5 0 432
26 0 200
26.5 0 168
27 0 56
27.5 0 7

0.5 8.424514574576861e-18 18
1 1.045968049094704e-17 62
1.5 1.536233407751022e-17 98
2 2.517059485801449e-17 210
2.5 6.413027008530135e-17 350
3 1.121659147296655e-16 450
3.5 7.733067862074754e-16 602
4 2.210142814146562e-15 762
4.5 8.392180710360914e-16 1142
5 3.068173058159779e-16 1250
5.5 2.945431474838215e-16 1458
6 4.054919245277989e-16 1814
6.5 5.248491962758414e-16 2178
7 1.182016670874587e-15 2498
7.5 9.73863837468731e-16 2622
8 5.194240037870732e-15 3338
8.5 4.030327253194115e-15 3722
9 2.314170218450485e-15 4170
9.5 1.442285743568954e-15 4358
10 1.256129735409233e-15 5034
10.5 1.537968847300877e-15 5714
11 2.125217639826801e-15 5982
11.5 3.869109575051167e-15 6602
12 3.885225305701302e-15 7130
12.5 6.086266371841277e-15 8034
13 8.349642259809907e-15 8606
13.5 8.913057733011833e-15 9066
14 9.062250078713328e-15 9962
14.5 8.240813059171065e-15 10550
15 8.057280389560833e-15 11226
15.5 8.374384849638701e-15 12146
16 8.181827656943014e-15 12303
16.5 8.67209799430722e-15 12584
17 8.921191270564466e-15 12120
17.5 7.880855724284789e-15 11180
18 8.827734481297385e-15 11096
18.5 9.577233585594786e-15 10056
19 1.10626683594356e-14 9716
19.5 1.026389769108615e-14 8604
20 9.616331265687908e-15 8060
20.5 8.402617911351642e-15 7320
21 6.214576110231428e-15 6356
21.5 4.367552570680613e-15 5348
22 2.77012668254251e-15 4308
22.5 2.044105070809879e-15 3563
23 1.121233032075339e-15 2448
23.5 7.958327550642593e-16 1868
24 5.977994084869674e-16 1358
24.5 6.396152134435571e-16 1062
25 5.457723704079007e-16 776
25.5 2.846024999367049e-16 432
26 1.133137757135077e-16 200
26.5 7.782679019767265e-17 168
27 3.02416848735215e-17 56
27.5 2.4714801801893e-18 7

0.5 1.006704689341463e-17 18
1 2.348251757013806e-17 62
1.5 3.087727250495686e-17 98
2 5.063987391540447e-17 210
2.5 9.272500689779463e-17 350
3 2.029964077724032e-16 450
3.5 3.744137885567295e-16 602
4 1.080077367100843e-15 762
4.5 1.39122355925089e-15 1142
5 6.61656817897006e-16 1250
5.5 2.424958331191529e-15 1458
6 2.971033150464608e-15 1814
6.5 1.42240732212469e-15 2178
7 3.223975206968508e-15 2498
7.5 3.077682075855607e-15 2622
8 5.276680205948282e-15 3338
8.5 5.451131374545508e-15 3722
9 4.983453140639173e-15 4170
9.5 3.583980526703964e-15 4358
10 3.234131826682482e-15 5034
10.5 2.903482780284298e-15 5714
11 3.038010443972385e-15 5982
11.5 3.983487728916213e-15 6602
12 5.208773178709073e-15 7130
12.5 9.942774865545765e-15 8034
13 1.289343172534381e-14 8606
13.5 1.312238042893665e-14 9066
14 1.407933243685712e-14 9962
14.5 1.479566245195166e-14 10550
15 1.733950579356269e-14 11226
15.5 2.033079767550654e-14 12146
16 2.294972561999456e-14 12303
16.5 2.557044556012732e-14 12584
17 2.434450929789026e-14 12120
17.5 2.144534359898744e-14 11180
18 2.142000701255724e-14 11096
18.5 1.797307107863935e-14 10056
19 1.547960274472134e-14 9716
19.5 1.244321602194576e-14 8604
20 1.150202577842284e-14 8060
20.5 9.934753004482375e-15 7320
21 7.770799213577515e-15 6356
21.5 6.564764494030433e-15 5348
22 5.070753159841386e-15 4308
22.5 4.257073111753896e-15 3563
23 3.201585462626908e-15 2448
23.5 2.370453413893586e-15 1868
24 1.759950299216121e-15 1358
24.5 1.226264378754776e-15 1062
25 9.937490269594449e-16 776
25.5 7.477766567729767e-16 432
26 4.00886160135541e-16 200
26.5 4.319230145829915e-16 168
27 1.923769527215738e-16 56
27.5 8.949317896521255e-18 7

0.5 7.018876699611674e-16 18
1 3.15095065656201e-15 62
1.5 2.745779142637166e-15 98
2 3.277347734950029e-15 210
2.5 1.900899418589277e-15 350
3 1.366661695763761e-15 450
3.5 1.288325189525974e-15 602
4 1.972802606389902e-15 762
4.5 3.527569993280651e-15 1142
5 5.424188824106313e-15 1250
5.5 1.047636246855971e-14 1458
6 1.143149937875306e-14 1814
6.5 1.439046329555849e-14 2178
7 2.884757614192289e-14 2498
7.5 3.535776050946043e-14 2622
8 2.015688142794123e-14 3338
8.5 5.977173643553202e-14 3722
9 2.066012202586721e-13 4170
9.5 3.444480462630826e-13 4358
10 4.77866575571958e-13 5034
10.5 5.244915480139834e-13 5714
11 4.808510197069875e-13 5982
11.5 4.08811511913628e-13 6602
12 3.264872237473578e-13 7130
12.5 2.83596776206325e-13 8034
13 2.294511151237354e-13 8606
13.5 1.858201556936671e-13 9066
14 1.709187968364744e-13 9962
14.5 1.611285767944092e-13 10550
15 1.506938119036964e-13 11226
15.5 1.602721521175564e-13 12146
16 1.551088242043567e-13 12303
16.5 1.360609165880423e-13 12584
17 1.256822555288647e-13 12120
17.5 1.307152799272909e-13 11180
18 1.708460599998691e-13 11096
18.5 2.040551333876282e-13 10056
19 2.997235918932328e-13 9716
19.5 3.630746456868468e-13 8604
20 4.308875305797218e-13 8060
20.5 5.145263491691813e-13 7320
21 4.955418967359954e-13 6356
21.5 4.392553660606676e-13 5348
22 3.447157425996646e-13 4308
22.5 2.46320361542548e-13 3563
23 1.30900652782783e-13 2448
23.5 6.930891977891956e-14 1868
24 2.712134040491169e-14 1358
24.5 1.045306102168255e-14 1062
25 7.281666598352282e-15 776
25.5 6.082638240205616e-15 432
26 3.419473231381503e-15 200
26.5 3.769612191540529e-15 168
27 1.760693075305981e-15 56
27.5 2.023716429297851e-16 7

0.5 3.28288298654664e-15 18
1 1.273677130457823e-14 62
1.5 2.028909083488906e-14 98
2 6.81940021538143e-14 210
2.5 9.947462762278431e-14 350
3 9.815195288704895e-14 450
3.5 5.647007896358631e-14 602
4 4.073584506660179e-14 762
4.5 6.623225796282558e-14 1142
5 1.211250119045735e-13 1250
5.5 2.048825962969378e-13 1458
6 2.103575040012934e-13 1814
6.5 2.010634370762862e-13 2178
7 2.038865458236194e-13 2498
7.5 2.658281069225328e-13 2622
8 5.24333496247589e-13 3338
8.5 5.580783804182352e-13 3722
9 7.377804143023328e-13 4170
9.5 1.154244011751489e-12 4358
10 2.498808887139799e-12 5034
10.5 4.694544675103378e-12 5714
11 5.407218809878247e-12 5982
11.5 5.136418164346122e-12 6602
12 4.587657100841443e-12 7130
12.5 4.005890622481521e-12 8034
13 3.582641052048208e-12 8606
13.5 3.290797687370576e-12 9066
14 3.164526817997144e-12 9962
14.5 3.242681778541705e-12 10550
15 3.0951492490073e-12 11226
15.5 2.924172057977249e-12 12146
16 2.560696710155636e-12 12303
16.5 1.882689110612358e-12 12584
17 1.185514304335903e-12 12120
17.5 8.008679099487445e-13 11180
18 6.202689513633281e-13 11096
18.5 5.664050737910554e-13 10056
19 7.288555906094618e-13 9716
19.5 7.734278508284468e-13 8604
20 8.524892875733236e-13 8060
20.5 9.70676155017509e-13 7320
21 9.498568866772933e-13 6356
21.5 8.312059505193677e-13 5348
22 7.070514942585129e-13 4308
22.5 5.058653175182382e-13 3563
23 2.649325549461948e-13 2448
23.5 1.469785031065534e-13 1868
24 1.155460670416762e-13 1358
24.5 9.482630389630718e-14 1062
25 6.135027781214685e-14 776
25.5 2.238138615643553e-14 432
26 6.86616396911704e-15 200
26.5 3.547711447560499e-15 168
27 1.237006701027873e-15 56
27.5 8.237177548982243e-17 7

0.5 7.727758870319697e-15 18
1 6.053653992556587e-15 62
1.5 2.44716737975286e-14 98
2 2.28419887384916e-13 210
2.5 2.434554024006403e-13 350
3 7.246753041041088e-14 450
3.5 3.65285730949464e-14 602
4 3.343237829569157e-14 762
4.5 7.314228624312577e-14 1142
5 7.35171562357183e-14 1250
5.5 4.521853713191976e-14 1458
6 7.17789291952761e-14 1814
6.5 8.599983336787193e-14 2178
7 8.92303478537369e-14 2498
7.5 1.551128091396107e-13 2622
8 5.92044838987038e-13 3338
8.5 7.562361274820533e-13 3722
9 8.872244506660664e-13 4170
9.5 1.090287141814595e-12 4358
10 1.026147224350195e-12 5034
10.5 1.745260082285799e-12 5714
11 1.446777882152147e-12 5982
11.5 1.888453943420869e-12 6602
12 3.422988088317331e-12 7130
12.5 3.801196225575788e-12 8034
13 3.091250173018636e-12 8606
13.5 2.949365656064962e-12 9066
14 4.968810498218482e-12 9962
14.5 9.667757539533152e-12 10550
15 1.419958266197097e-11 11226
15.5 1.739072093490978e-11 12146
16 1.861494580064534e-11 12303
16.5 1.854850434582613e-11 12584
17 1.644575771560086e-11 12120
17.5 1.4461385433545e-11 11180
18 1.168340363521612e-11 11096
18.5 7.257710447072654e-12 10056
19 4.764760486513133e-12 9716
19.5 3.286436406203037e-12 8604
20 2.811320799598613e-12 8060
20.5 2.46258629246539e-12 7320
21 2.138135269394513e-12 6356
21.5 1.763466028217153e-12 5348
22 1.280715397381755e-12 4308
22.5 8.82290650230736e-13 3563
23 5.397686121863407e-13 2448
23.5 3.771990274472371e-13 1868
24 2.514910860668918e-13 1358
24.5 2.296852512456374e-13 1062
25 1.744694883415012e-13 776
25.5 1.134156592555399e-13 432
26 6.103131802303415e-14 200
26.5 6.713762550994194e-14 168
27 2.307202896534489e-14 56
27.5 1.739487783146226e-15 7

0.5 2.844206075534374e-13 18
1 1.554460720677473e-12 62
1.5 2.745328353348113e-12 98
2 7.80324591892543e-12 210
2.5 8.936392393844949e-12 350
3 6.645823743988451e-12 450
3.5 7.058601951292876e-12 602
4 7.007757508426873e-12 762
4.5 9.417356049172721e-12 1142
5 7.486591402335032e-12 1250
5.5 6.249868786492013e-12 1458
6 7.448967509805702e-12 1814
6.5 7.617712383763281e-12 2178
7 7.47109091808376e-12 2498
7.5 6.842679564381184e-12 2622
8 8.209034494905133e-12 3338
8.5 1.072574721268805e-11 3722
9 1.294770186031035e-11 4170
9.5 1.147661226430211e-11 4358
10 9.745530486422322e-12 5034
10.5 8.884378901112503e-12 5714
11 9.993318043611951e-12 5982
11.5 1.139174095989014e-11 6602
12 1.567064706898845e-11 7130
12.5 1.999759559083333e-11 8034
13 2.7211232219804e-11 8606
13.5 3.888943364805201e-11 9066
14 6.209574860485739e-11 9962
14.5 1.045948472247819e-10 10550
15 1.712212599357036e-10 11226
15.5 2.512100590643189e-10 12146
16 3.310121818947619e-10 12303
16.5 4.374840077455589e-10 12584
17 5.316729743387526e-10 12120
17.5 5.728339247030201e-10 11180
18 6.630297625077382e-10 11096
18.5 6.603113536083445e-10 10056
19 6.67759452898506e-10 9716
19.5 5.993969264504333e-10 8604
20 5.675715058758109e-10 8060
20.5 5.173070975563385e-10 7320
21 4.383623289206525e-10 6356
21.5 3.730848537298184e-10 5348
22 2.89904965404679e-10 4308
22.5 2.109799430398734e-10 3563
23 1.189887448693405e-10 2448
23.5 7.641319431299494e-11 1868
24 4.424901789523446e-11 1358
24.5 2.515943859024348e-11 1062
25 1.489844472836717e-11 776
25.5 7.80504986774437e-12 432
26 3.948509512931419e-12 200
26.5 3.915115426905859e-12 168
27 1.55597320063922e-12 56
27.5 9.018522392211107e-14 7

0.5 3.286141403101538e-10 18
1 1.139441590487337e-09 62
1.5 2.556264742035096e-09 98
2 4.845906402566031e-09 210
2.5 7.73235552423311e-09 350
3 9.41909340594649e-09 450
3.5 1.260465210289322e-08 602
4 1.436185620305441e-08 762
4.5 2.112891782638373e-08 1142
5 2.064139706836531e-08 1250
5.5 2.19023774102582e-08 1458
6 2.664819574052719e-08 1814
6.5 2.95381318290571e-08 2178
7 3.12317332411796e-08 2498
7.5 3.278654402869737e-08 2622
8 3.647747006451546e-08 3338
8.5 3.748783982511531e-08 3722
9 3.812322364795586e-08 4170
9.5 3.527732573445916e-08 4358
10 3.685275032725486e-08 5034
10.5 3.753769175044692e-08 5714
11 3.838245090018366e-08 5982
11.5 3.979783808853371e-08 6602
12 4.08702833834027e-08 7130
12.5 4.440349730252351e-08 8034
13 4.604045890186499e-08 8606
13.5 4.830577666154321e-08 9066
14 5.14735688213292e-08 9962
14.5 5.55476639544207e-08 10550
15 6.118904043679643e-08 11226
15.5 6.726068786295805e-08 12146
16 6.636077070637208e-08 12303
16.5 6.365541719296611e-08 12584
17 5.498125924725897e-08 12120
17.5 4.678820475333316e-08 11180
18 4.392182038574482e-08 11096
18.5 3.863303566719885e-08 10056
19 3.880123994488034e-08 9716
19.5 3.474019904124277e-08 8604
20 3.449024448317212e-08 8060
20.5 3.386960349471513e-08 7320
21 3.134072929978514e-08 6356
21.5 2.889682732527177e-08 5348
22 2.554416082175584e-08 4308
22.5 2.355166978189991e-08 3563
23 1.785458034594533e-08 2448
23.5 1.5144865971059e-08 1868
24 1.140684140984928e-08 1358
24.5 9.042465833451141e-09 1062
25 6.699888010642036e-09 776
25.5 4.480969324250872e-09 432
26 2.019394950974678e-09 200
26.5 1.738218554642832e-09 168
27 5.915374225261407e-10 56
27.5 7.066213562186358e-11 7

0.5 7.782731616906852e-09 18
1 1.598489056582313e-08 62
1.5 1.501861027918325e-08 98
2 1.437770876940999e-08 210
2.5 2.703009599102068e-08 350
3 4.07580792636415e-08 450
3.5 5.911293169515497e-08 602
4 5.503740293922836e-08 762
4.5 5.38397581087923e-08 1142
5 4.830525805411716e-08 1250
5.5 5.492708775026055e-08 1458
6 6.852462861841877e-08 1814
6.5 7.572760353428757e-08 2178
7 8.230195638926131e-08 2498
7.5 9.531450623192348e-08 2622
8 1.3410805526995e-07 3338
8.5 1.355740818752429e-07 3722
9 1.410418211491223e-07 4170
9.5 1.353203915924165e-07 4358
10 1.620011501687909e-07 5034
10.5 2.052029417565754e-07 5714
11 2.283133025986694e-07 5982
11.5 2.640361915429665e-07 6602
12 2.813497008252159e-07 7130
12.5 3.311474935318112e-07 8034
13 3.798792707192421e-07 8606
13.5 4.402242359026356e-07 9066
14 5.39980003782061e-07 9962
14.5 6.110590467041059e-07 10550
15 7.007937497979574e-07 11226
15.5 8.203425033055727e-07 12146
16 8.750665493203892e-07 12303
16.5 9.276172976695581e-07 12584
17 9.95365759396825e-07 12120
17.5 9.427757901235492e-07 11180
18 1.006080346067346e-06 11096
18.5 1.011157884566013e-06 10056
19 1.022725943976658e-06 9716
19.5 1.026478285892443e-06 8604
20 1.028773675213247e-06 8060
20.5 9.965942611160227e-07 7320
21 9.822861339530293e-07 6356
21.5 8.664846946814171e-07 5348
22 7.673473673642463e-07 4308
22.5 6.804339251362365e-07 3563
23 4.777187630089132e-07 2448
23.5 3.504302729515812e-07 1868
24 2.514005073587019e-07 1358
24.5 1.747106994227774e-07 1062
25 1.130081791051222e-07 776
25.5 6.165561777543204e-08 432
26 2.557532003959464e-08 200
26.5 1.846928727071674e-08 168
27 6.229797817483075e-09 56
27.5 7.36236832941174e-10 7

0.5 1.687909726422546e-08 18
1 3.26612081109626e-08 62
1.5 6.560259203497071e-08 98
2 1.271966604137176e-07 210
2.5 1.09838494119939e-07 350
3 1.215062090534189e-07 450
3.5 1.526277737199987e-07 602
4 1.76021159335347e-07 762
4.5 2.687512139467809e-07 1142
5 2.092351978186448e-07 1250
5.5 2.349565099193371e-07 1458
6 2.877383662060057e-07 1814
6.5 3.161055723583668e-07 2178
7 3.636211412697193e-07 2498
7.5 3.960257899091104e-07 2622
8 5.047839855538411e-07 3338
8.5 5.978018481889025e-07 3722
9 6.353326682426191e-07 4170
9.5 6.906742452364502e-07 4358
10 7.900993008706595e-07 5034
10.5 9.153283740931696e-07 5714
11 9.674881758918067e-07 5982
11.5 1.121968430708436e-06 6602
12 1.280772725482325e-06 7130
12.5 1.463028192315693e-06 8034
13 1.698849958075384e-06 8606
13.5 1.872071648101504e-06 9066
14 2.223137758046759e-06 9962
14.5 2.468321774940798e-06 10550
15 2.801803518561548e-06 11226
15.5 3.322584690112648e-06 12146
16 3.503405224272485e-06 12303
16.5 3.72493207586008e-06 12584
17 3.812511628767028e-06 12120
17.5 3.599100526984585e-06 11180
18 3.711295932761428e-06 11096
18.5 3.614404879828249e-06 10056
19 3.687902359071907e-06 9716
19.5 3.433014075787559e-06 8604
20 3.306803571743338e-06 8060
20.5 3.261989274394106e-06 7320
21 2.940030738593448e-06 6356
21.5 2.657993363064992e-06 5348
22 2.28181465678233e-06 4308
22.5 2.017418290060878e-06 3563
23 1.432741127774146e-06 2448
23.5 1.123270943245513e-06 1868
24 7.925990285984763e-07 1358
24.5 6.470871649024905e-07 1062
25 4.567851440821446e-07 776
25.5 2.516126856795284e-07 432
26 1.074623535145655e-07 200
26.5 1.078515849716772e-07 168
27 2.862025638849677e-08 56
27.5 1.491546241929644e-09 7

0.5 2.205926945948569e-08 18
1 7.022037014791236e-08 62
1.5 9.112979304482124e-08 98
2 2.08505349424353e-07 210
2.5 2.875580999461171e-07 350
3 3.20131445817296e-07 450
3.5 4.309316939604113e-07 602
4 4.024956808395131e-07 762
4.5 5.976721156031867e-07 1142
5 6.745142074065085e-07 1250
5.5 7.306577900375364e-07 1458
6 8.898770253359955e-07 1814
6.5 9.756177397773081e-07 2178
7 1.160538604582037e-06 2498
7.5 1.187535026604527e-06 2622
8 1.494860767936671e-06 3338
8.5 1.682545586450937e-06 3722
9 1.892560508213275e-06 4170
9.5 2.110676891213662e-06 4358
10 2.399663373666776e-06 5034
10.5 2.673062212735481e-06 5714
11 2.927657024830548e-06 5982
11.5 3.251800084489394e-06 6602
12 3.802105081821595e-06 7130
12.5 4.4705271072129e-06 8034
13 5.189638298854295e-06 8606
13.5 5.647262745291684e-06 9066
14 6.705103487735278e-06 9962
14.5 7.608210510617383e-06 10550
15 8.404596937636783e-06 11226
15.5 9.580980600171756e-06 12146
16 1.000287115372858e-05 12303
16.5 1.078133475599635e-05 12584
17 1.064701012202523e-05 12120
17.5 9.84850928325691e-06 11180
18 1.010874602211145e-05 11096
18.5 9.052621107850413e-06 10056
19 9.131035741833558e-06 9716
19.5 8.011273911956791e-06 8604
20 7.832506503612326e-06 8060
20.5 7.247087099291165e-06 7320
21 6.452155298508128e-06 6356
21.5 5.596359602889636e-06 5348
22 4.708934424384568e-06 4308
22.5 3.808703911575064e-06 3563
23 2.780544264440183e-06 2448
23.5 2.285439501827403e-06 1868
24 1.654885275544436e-06 1358
24.5 1.317721925010513e-06 1062
25 1.061204593232883e-06 776
25.5 5.797927816773008e-07 432
26 2.948300215705127e-07 200
26.5 2.199597228159699e-07 168
27 8.910796004450652e-08 56
27.5 4.056214813489315e-09 7

0.5 2.183833839955813e-08 18
1 1.232288415097339e-07 62
1.5 2.397182713125945e-07 98
2 4.605479761170939e-07 210
2.5 7.082029859205841e-07 350
3 6.54738334192715e-07 450
3.5 8.852589826285991e-07 602
4 9.436381150631834e-07 762
4.5 1.40832289347592e-06 1142
5 1.486913207654076e-06 1250
5.5 1.626346523950659e-06 1458
6 2.178973131957386e-06 1814
6.5 2.526319085705248e-06 2178
7 2.856235589879485e-06 2498
7.5 2.930234599148996e-06 2622
8 3.685035414392568e-06 3338
8.5 4.330998027335961e-06 3722
9 4.762206528414331e-06 4170
9.5 5.069581101321595e-06 4358
10 5.875659063446146e-06 5034
10.5 6.733264242369927e-06 5714
11 7.209677488339717e-06 5982
11.5 7.997657522880474e-06 6602
12 9.131824834230419e-06 7130
12.5 1.056816786442589e-05 8034
13 1.176090205735325e-05 8606
13.5 1.26531883694869e-05 9066
14 1.4492940115741e-05 9962
14.5 1.585879205511014e-05 10550
15 1.748510365272377e-05 11226
15.5 1.976442702883975e-05 12146
16 2.005692679840283e-05 12303
16.5 2.053797525961751e-05 12584
17 2.03291130683539e-05 12120
17.5 1.877321499322889e-05 11180
18 1.90295283731864e-05 11096
18.5 1.719657229318823e-05 10056
19 1.692605942051122e-05 9716
19.5 1.488109172280037e-05 8604
20 1.413697536287251e-05 8060
20.5 1.312767119793654e-05 7320
21 1.117859263306366e-05 6356
21.5 9.759993693161901e-06 5348
22 8.028115270139506e-06 4308
22.5 6.344299664520788e-06 3563
23 4.637675992461535e-06 2448
23.5 3.757932809930796e-06 1868
24 2.583078144694354e-06 1358
24.5 2.114869732184845e-06 1062
25 1.647608854731268e-06 776
25.5 9.279656162761145e-07 432
26 3.811782618745351e-07 200
26.5 2.886748050385832e-07 168
27 1.08933237589181e-07 56
27.5 6.805979089437914e-09 7

0.5 2.682115791943542e-08 18
1 1.975153689478964e-07 62
1.5 2.998712582918806e-07 98
2 6.918547874849985e-07 210
2.5 9.492201253147642e-07 350
3 1.030656860852351e-06 450
3.5 1.307037275573279e-06 602
4 1.579020274197072e-06 762
4.5 2.361161498067915e-06 1142
5 2.530172530485595e-06 1250
5.5 2.913987770467047e-06 1458
6 3.435360725978515e-06 1814
6.5 4.033251288576395e-06 2178
7 4.754973794292929e-06 2498
7.5 4.984729844466162e-06 2622
8 6.330275606667061e-06 3338
8.5 7.167721266796195e-06 3722
9 7.767478625075761e-06 4170
9.5 8.327008518634842e-06 4358
10 9.551803349626236e-06 5034
10.5 1.129838744259785e-05 5714
11 1.166677351733163e-05 5982
11.5 1.32207870015725e-05 6602
12 1.453270411782686e-05 7130
12.5 1.666471193475546e-05 8034
13 1.868285981776838e-05 8606
13.5 1.950829621329282e-05 9066
14 2.238329891104043e-05 9962
14.5 2.449714786826046e-05 10550
15 2.638396521867186e-05 11226
15.5 2.929222027500756e-05 12146
16 3.05197343314598e-05 12303
16.5 3.116912033058604e-05 12584
17 3.084644835778221e-05 12120
17.5 2.746485064157435e-05 11180
18 2.790585345863163e-05 11096
18.5 2.477903774146037e-05 10056
19 2.461979228387058e-05 9716
19.5 2.122638624342069e-05 8604
20 2.05158724466416e-05 8060
20.5 1.847419633658311e-05 7320
21 1.692197731648364e-05 6356
21.5 1.403563896436972e-05 5348
22 1.134913286640635e-05 4308
22.5 9.42889688148622e-06 3563
23 6.310104758214823e-06 2448
23.5 5.057546335463937e-06 1868
24 3.727158818996011e-06 1358
24.5 2.956144251827629e-06 1062
25 2.361260632617227e-06 776
25.5 1.385361559830733e-06 432
26 5.44283721235591e-07 200
26.5 3.740761586928866e-07 168
27 1.711711534823671e-07 56
27.5 1.504343606404361e-08 7

0.5 8.181820094558507e-08 18
1 2.708225345871655e-07 62
1.5 3.687503199316898e-07 98
2 7.634305482819294e-07 210
2.5 1.117645632577049e-06 350
3 1.311773648317135e-06 450
3.5 1.755816797483941e-06 602
4 2.187898477987536e-06 762
4.5 3.34557572686187e-06 1142
5 3.375905317251145e-06 1250
5.5 3.940922408662192e-06 1458
6 4.955543105080517e-06 1814
6.5 5.749485325097605e-06 2178
7 6.539672237611393e-06 2498
7.5 6.983918838133566e-06 2622
8 9.015887891896909e-06 3338
8.5 9.86137761511561e-06 3722
9 1.126244806740342e-05 4170
9.5 1.170764020897118e-05 4358
10 1.322867578854337e-05 5034
10.5 1.513692980030717e-05 5714
11 1.62217515104742e-05 5982
11.5 1.775099440028873e-05 6602
12 1.941788567922431e-05 7130
12.5 2.225863882530642e-05 8034
13 2.484626689490442e-05 8606
13.5 2.643840664029001e-05 9066
14 2.935056588852514e-05 9962
14.5 3.229201453185269e-05 10550
15 3.500933976151396e-05 11226
15.5 3.882822698383851e-05 12146
16 3.877710430317572e-05 12303
16.5 4.03895360972071e-05 12584
17 3.882431188217209e-05 12120
17.5 3.533117476284584e-05 11180
18 3.536945838358777e-05 11096
18.5 3.145244363629938e-05 10056
19 3.125680872889468e-05 9716
19.5 2.764592691077173e-05 8604
20 2.579042315713261e-05 8060
20.5 2.353519211092578e-05 7320
21 2.10652427335558e-05 6356
21.5 1.755596574551757e-05 5348
22 1.38808702787231e-05 4308
22.5 1.147997036864405e-05 3563
23 7.804422276711797e-06 2448
23.5 6.368337253547741e-06 1868
24 4.378448605305686e-06 1358
24.5 3.819667915930017e-06 1062
25 2.858476513207422e-06 776
25.5 1.462153580029016e-06 432
26 7.41193678117742e-07 200
26.5 5.72222066205496e-07 168
27 3.058157335573588e-07 56
27.5 1.450045558005498e-08 7

0.5 1.369999980753766e-07 18
1 2.810537632445467e-07 62
1.5 3.309169536039082e-07 98
2 9.360047489541166e-07 210
2.5 1.33694584955307e-06 350
3 1.647603441042759e-06 450
3.5 2.158346933028249e-06 602
4 2.652800919973586e-06 762
4.5 4.173368406961185e-06 1142
5 4.145832498281872e-06 1250
5.5 4.887374099526243e-06 1458
6 6.098687471380075e-06 1814
6.5 7.093460645594029e-06 2178
7 7.987914100528921e-06 2498
7.5 8.592133360037687e-06 2622
8 1.084504409966426e-05 3338
8.5 1.249418525672322e-05 3722
9 1.385313851229172e-05 4170
9.5 1.455556846432148e-05 4358
10 1.640103540187022e-05 5034
10.5 1.877141056370761e-05 5714
11 1.966472375247536e-05 5982
11.5 2.222137563109256e-05 6602
12 2.402730017094918e-05 7130
12.5 2.718920258532692e-05 8034
13 2.951504343641198e-05 8606
13.5 3.164158475812511e-05 9066
14 3.516887783081368e-05 9962
14.5 3.856195856916008e-05 10550
15 4.13088184140583e-05 11226
15.5 4.624240193444284e-05 12146
16 4.718082566319362e-05 12303
16.5 4.801675317136421e-05 12584
17 4.590919815502378e-05 12120
17.5 4.236844697963494e-05 11180
18 4.117670446514196e-05 11096
18.5 3.734429959321999e-05 10056
19 3.637785485023848e-05 9716
19.5 3.212559639828587e-05 8604
20 3.078858806540523e-05 8060
20.5 2.780347373566124e-05 7320
21 2.443667403737012e-05 6356
21.5 2.093101836916616e-05 5348
22 1.599185193756121e-05 4308
22.5 1.34576767500289e-05 3563
23 9.385234092173789e-06 2448
23.5 7.641654993802443e-06 1868
24 5.267689804330407e-06 1358
24.5 4.272039126353122e-06 1062
25 3.334900451251259e-06 776
25.5 1.670622884440499e-06 432
26 8.033641245238027e-07 200
26.5 7.346014912867493e-07 168
27 2.287677220034105e-07 56
27.5 2.786301804377076e-08 7

0.5 1.560304846344022e-07 18
1 2.896546194875497e-07 62
1.5 4.511668954556971e-07 98
2 1.022478271427602e-06 210
2.5 1.588794184737817e-06 350
3 1.958711440964372e-06 450
3.5 2.556624052318647e-06 602
4 3.161195638941942e-06 762
4.5 4.794891553467804e-06 1142
5 5.062508070083173e-06 1250
5.5 5.697218093996876e-06 1458
6 7.45549696242238e-06 1814
6.5 8.284717277616702e-06 2178
7 9.40380679647439e-06 2498
7.5 1.004657603748836e-05 2622
8 1.254000235891871e-05 3338
8.5 1.426063858973116e-05 3722
9 1.598277159676402e-05 4170
9.5 1.68594674035306e-05 4358
10 1.919743042495046e-05 5034
10.5 2.170871351185582e-05 5714
11 2.248420635636565e-05 5982
11.5 2.564948791526522e-05 6602
12 2.812268633012859e-05 7130
12.5 3.155330663132071e-05 8034
13 3.42323956011869e-05 8606
13.5 3.658668935116952e-05 9066
14 3.999287737014904e-05 9962
14.5 4.431432041903599e-05 10550
15 4.691902550957296e-05 11226
15.5 5.284818968222618e-05 12146
16 5.497443738600435e-05 12303
16.5 5.424103895016687e-05 12584
17 5.154009473801532e-05 12120
17.5 4.68903964577965e-05 11180
18 4.668058057463572e-05 11096
18.5 4.168984297584777e-05 10056
19 4.12862506811641e-05 9716
19.5 3.632020493005602e-05 8604
20 3.405384967390359e-05 8060
20.5 3.112938994371128e-05 7320
21 2.73011076560878e-05 6356
21.5 2.333012062906484e-05 5348
22 1.845695126959989e-05 4308
22.5 1.514801063295857e-05 3563
23 1.080609576905683e-05 2448
23.5 8.348116814437144e-06 1868
24 5.88787799228841e-06 1358
24.5 4.600972553866418e-06 1062
25 3.744233829881786e-06 776
25.5 1.829468293767392e-06 432
26 9.828972788143314e-07 200
26.5 9.398674443610181e-07 168
27 3.168973069932756e-07 56
27.5 2.00559834182362e-08 7

0.5 1.287262397199119e-07 18
1 2.828528457633463e-07 62
1.5 4.399593628492677e-07 98
2 9.995514741331541e-07 210
2.5 1.71879876158909e-06 350
3 2.093974904379473e-06 450
3.5 2.856995390699985e-06 602
4 3.579791168018613e-06 762
4.5 5.392787190265523e-06 1142
5 5.573732104693131e-06 1250
5.5 6.311914613596426e-06 1458
6 8.064365050944617e-06 1814
6.5 9.462413171714785e-06 2178
7 1.055698205520028e-05 2498
7.5 1.146835604961564e-05 2622
8 1.459634671316936e-05 3338
8.5 1.599777571882651e-05 3722
9 1.80025063859971e-05 4170
9.5 1.865076377518277e-05 4358
10 2.141691918935082e-05 5034
10.5 2.378729250963799e-05 5714
11 2.528498495500804e-05 5982
11.5 2.871412924902286e-05 6602
12 3.078069801637266e-05 7130
12.5 3.474671531696724e-05 8034
13 3.874640036760766e-05 8606
13.5 4.029860245084667e-05 9066
14 4.46111766245851e-05 9962
14.5 4.854117964458466e-05 10550
15 5.223581238204219e-05 11226
15.5 5.756007840685306e-05 12146
16 5.915214228596168e-05 12303
16.5 5.937160573160262e-05 12584
17 5.660530445140779e-05 12120
17.5 5.197783889277153e-05 11180
18 5.005801148305773e-05 11096
18.5 4.522990288521753e-05 10056
19 4.466025224862283e-05 9716
19.5 3.887384677037383e-05 8604
20 3.752499144208924e-05 8060
20.5 3.320415131394688e-05 7320
21 2.879994847109071e-05 6356
21.5 2.544082664311269e-05 5348
22 1.97962197036309e-05 4308
22.5 1.636052753250755e-05 3563
23 1.163240376230564e-05 2448
23.5 8.747019769915864e-06 1868
24 6.405208386451783e-06 1358
24.5 4.984475790794954e-06 1062
25 4.104954733137067e-06 776
25.5 2.189201079443777e-06 432
26 9.841302725307205e-07 200
26.5 8.607531019967768e-07 168
27 2.648229320468295e-07 56
27.5 2.580653903778182e-08 7

0.5 9.590858130888286e-08 18
1 2.944758229784427e-07 62
1.5 4.172196778644491e-07 98
2 1.229901704178661e-06 210
2.5 1.831029774103606e-06 350
3 2.269642213929847e-06 450
3.5 3.153112584278583e-06 602
4 3.981438126990942e-06 762
4.5 5.858133848234238e-06 1142
5 6.131845115220571e-06 1250
5.5 6.997692613338258e-06 1458
6 8.856136285824941e-06 1814
6.5 1.022779668168856e-05 2178
7 1.169212363152831e-05 2498
7.5 1.238147504109601e-05 2622
8 1.589798020964214e-05 3338
8.5 1.728140624151116e-05 3722
9 1.976077738502864e-05 4170
9.5 2.044866971024327e-05 4358
10 2.341814868647216e-05 5034
10.5 2.618146706871676e-05 5714
11 2.777967481406619e-05 5982
11.5 3.151935193913072e-05 6602
12 3.383613159401459e-05 7130
12.5 3.823974568363928e-05 8034
13 4.093324373819316e-05 8606
13.5 4.301137956435804e-05 9066
14 4.817089332992628e-05 9962
14.5 5.180319170884612e-05 10550
15 5.549125201467567e-05 11226
15.5 6.196960834614969e-05 12146
16 6.420042533991832e-05 12303
16.5 6.347522479633148e-05 12584
17 6.054026261345243e-05 12120
17.5 5.47996626385162e-05 11180
18 5.331028913084802e-05 11096
18.5 4.855311266274157e-05 10056
19 4.709934462644802e-05 9716
19.5 4.20795200687971e-05 8604
20 3.948068987089205e-05 8060
20.5 3.517494160152912e-05 7320
21 3.138377906082046e-05 6356
21.5 2.644282562089432e-05 5348
22 2.083592763555438e-05 4308
22.5 1.745446597794379e-05 3563
23 1.173625788480675e-05 2448
23.5 9.592969254956115e-06 1868
24 6.722602766849283e-06 1358
24.5 5.266410164112678e-06 1062
25 4.416163139366502e-06 776
25.5 2.316681871195583e-06 432
26 1.068559564415565e-06 200
26.5 8.485494493996232e-07 168
27 2.895667070299284e-07 56
27.5 3.478149116447684e-08 7

0.5 9.687646365834798e-08 18
1 3.735087121468842e-07 62
1.5 5.161101940112282e-07 98
2 1.172538112141996e-06 210
2.5 1.965472995817641e-06 350
3 2.443472002770851e-06 450
3.5 3.306974163070483e-06 602
4 4.25183674173364e-06 762
4.5 6.347770783807312e-06 1142
5 6.448713157233367e-06 1250
5.5 7.563011941193278e-06 1458
6 9.747935784112736e-06 1814
6.5 1.072673521999282e-05 2178
7 1.250757669151197e-05 2498
7.5 1.353985072442049e-05 2622
8 1.677797954667995e-05 3338
8.5 1.889025110186122e-05 3722
9 2.132366572135079e-05 4170
9.5 2.196826687455332e-05 4358
10 2.520242334681225e-05 5034
10.5 2.844436849738987e-05 5714
11 2.934065575859649e-05 5982
11.5 3.333648923088742e-05 6602
12 3.601215654889999e-05 7130
12.5 4.038649802255511e-05 8034
13 4.389639035545965e-05 8606
13.5 4.703112351892458e-05 9066
14 5.048632090124875e-05 9962
14.5 5.475357603944958e-05 10550
15 5.948246924106658e-05 11226
15.5 6.634660457958086e-05 12146
16 6.732995827280623e-05 12303
16.5 6.711881245637422e-05 12584
17 6.402284999851015e-05 12120
17.5 5.782647929744024e-05 11180
18 5.639988414435949e-05 11096
18.5 5.130546557797581e-05 10056
19 4.967811490000201e-05 9716
19.5 4.471581531349136e-05 8604
20 4.174831665012549e-05 8060
20.5 3.774340588418234e-05 7320
21 3.259320508386851e-05 6356
21.5 2.845762249212806e-05 5348
22 2.220800726790172e-05 4308
22.5 1.840370433206741e-05 3563
23 1.242905781708514e-05 2448
23.5 1.013312825156793e-05 1868
24 7.293679396895061e-06 1358
24.5 5.638159275605797e-06 1062
25 4.618783378800202e-06 776
25.5 2.463978713863909e-06 432
26 1.161472459112444e-06 200
26.5 1.098983724126832e-06 168
27 3.346650771198029e-07 56
27.5 3.010541883559244e-08 7

0.5 1.254845893781825e-07 18
1 3.780425085726035e-07 62
1.5 4.805160134725787e-07 98
2 1.29380572374996e-06 210
2.5 2.051814826591077e-06 350
3 2.708270841069017e-06 450
3.5 3.513129546370065e-06 602
4 4.387832573666785e-06 762
4.5 6.689254549605741e-06 1142
5 6.880141026684567e-06 1250
5.5 7.946639388229365e-06 1458
6 1.027244997270801e-05 1814
6.5 1.186535371296463e-05 2178
7 1.318601397118413e-05 2498
7.5 1.42380034403343e-05 2622
8 1.849837860043375e-05 3338
8.5 2.013972134151471e-05 3722
9 2.188644017420465e-05 4170
9.5 2.29507591373011e-05 4358
10 2.681784571780362e-05 5034
10.5 3.018494655552086e-05 5714
11 3.092257929950787e-05 5982
11.5 3.480772965941779e-05 6602
12 3.758808951411973e-05 7130
12.5 4.188116600575497e-05 8034
13 4.704947483311541e-05 8606
13.5 4.876073144743812e-05 9066
14 5.357175200135615e-05 9962
14.5 5.949544937088272e-05 10550
15 6.19980203417371e-05 11226
15.5 6.937362937186398e-05 12146
16 7.055722430956328e-05 12303
16.5 7.07550383204462e-05 12584
17 6.704752237996871e-05 12120
17.5 6.048777452925202e-05 11180
18 5.993507129827341e-05 11096
18.5 5.329116901133908e-05 10056
19 5.124225315577577e-05 9716
19.5 4.646355803923454e-05 8604
20 4.31898950999984e-05 8060
20.5 3.922687368906339e-05 7320
21 3.38784718774341e-05 6356
21.5 2.923261800763825e-05 5348
22 2.281437732259497e-05 4308
22.5 1.861645242300175e-05 3563
23 1.331215678902755e-05 2448
23.5 9.987222458979121e-06 1868
24 7.538818866568742e-06 1358
24.5 6.040794295743076e-06 1062
25 4.457302088635151e-06 776
25.5 2.362869445455796e-06 432
26 1.220396590661374e-06 200
26.5 1.249194217816743e-06 168
27 3.518861375520029e-07 56
27.5 1.70170204034183e-08 7

0.5 1.553113310796592e-07 18
1 3.664626069726309e-07 62
1.5 4.998791409930936e-07 98
2 1.347752506714852e-06 210
2.5 2.192599427098117e-06 350
3 2.746697738521037e-06 450
3.5 3.86521005235358e-06 602
4 4.662018008557895e-06 762
4.5 7.060487827282315e-06 1142
5 7.186406723691778e-06 1250
5.5 8.276200039717985e-06 1458
6 1.059810901257303e-05 1814
6.5 1.249317259919766e-05 2178
7 1.418136372043305e-05 2498
7.5 1.50228546324624e-05 2622
8 1.88463984648261e-05 3338
8.5 2.061040894415315e-05 3722
9 2.280996925145879e-05 4170
9.5 2.425169190919261e-05 4358
10 2.784754651233808e-05 5034
10.5 3.165861084410699e-05 5714
11 3.237577658339301e-05 5982
11.5 3.625843415839833e-05 6602
12 3.922042019858464e-05 7130
12.5 4.418248074813181e-05 8034
13 4.85302905544912e-05 8606
13.5 5.054027905106227e-05 9066
14 5.589525975365308e-05 9962
14.5 5.990057583049232e-05 10550
15 6.490284003573613e-05 11226
15.5 7.122160434597795e-05 12146
16 7.17751501038423e-05 12303
16.5 7.314146563260014e-05 12584
17 6.893788244506977e-05 12120
17.5 6.349883550247339e-05 11180
18 6.270941401537271e-05 11096
18.5 5.526739121283157e-05 10056
19 5.309835597552813e-05 9716
19.5 4.785256666466261e-05 8604
20 4.465167240605626e-05 8060
20.5 4.043039669523136e-05 7320
21 3.564925053267497e-05 6356
21.5 3.036401642114092e-05 5348
22 2.385977254488308e-05 4308
22.5 1.95790837510173e-05 3563
23 1.374397899168e-05 2448
23.5 1.099130099371773e-05 1868
24 7.644440268623282e-06 1358
24.5 6.237497263869762e-06 1062
25 4.941415486499625e-06 776
25.5 2.351478235634175e-06 432
26 1.304814835564069e-06 200
26.5 9.746934713551667e-07 168
27 3.090786270303585e-07 56
27.5 6.572533602472541e-08 7

0.5 1.678568929771987e-07 18
1 3.66826803322011e-07 62
1.5 5.742202004562662e-07 98
2 1.285685010834688e-06 210
2.5 2.292702642198323e-06 350
3 2.845572377281408e-06 450
3.5 4.166757096911403e-06 602
4 4.8472651288938e-06 762
4.5 7.470741969667715e-06 1142
5 7.538345378388426e-06 1250
5.5 8.653422025810442e-06 1458
6 1.102084266422243e-05 1814
6.5 1.269263604476556e-05 2178
7 1.459880874913232e-05 2498
7.5 1.56285011401383e-05 2622
8 1.967431588053841e-05 3338
8.5 2.188743405672256e-05 3722
9 2.442130661139293e-05 4170
9.5 2.517680857331894e-05 4358
10 2.887111353353925e-05 5034
10.5 3.297464036835214e-05 5714
11 3.372222543376866e-05 5982
11.5 3.764177289138821e-05 6602
12 4.035898453343652e-05 7130
12.5 4.550268892540815e-05 8034
13 4.992564303635639e-05 8606
13.5 5.25858728010818e-05 9066
14 5.813594345218165e-05 9962
14.5 6.321039667523014e-05 10550
15 6.603745903561175e-05 11226
15.5 7.443013664124304e-05 12146
16 7.658214633048853e-05 12303
16.5 7.506900312373143e-05 12584
17 7.094979600803848e-05 12120
17.5 6.532064789151381e-05 11180
18 6.322074049689878e-05 11096
18.5 5.741515669328422e-05 10056
19 5.551795672665168e-05 9716
19.5 4.89485115551303e-05 8604
20 4.596651386506199e-05 8060
20.5 4.201916328668766e-05 7320
21 3.68911424289436e-05 6356
21.5 3.081583861334425e-05 5348
22 2.433140568886105e-05 4308
22.5 2.029253040886399e-05 3563
23 1.424231519445257e-05 2448
23.5 1.075110970591841e-05 1868
24 8.082663873405984e-06 1358
24.5 6.0495441536424e-06 1062
25 4.581757328454377e-06 776
25.5 2.523815606907596e-06 432
26 1.222372225904205e-06 200
26.5 1.178343249667383e-06 168
27 3.733750277127085e-07 56
27.5 2.789482706374202e-08 7

0.5 1.53238839474259e-07 18
1 3.695877265738247e-07 62
1.5 5.450054081494043e-07 98
2 1.558640420108624e-06 210
2.5 2.457361866457003e-06 350
3 3.201422047825469e-06 450
3.5 4.121230068225732e-06 602
4 5.029691289945762e-06 762
4.5 7.646042971740779e-06 1142
5 7.888166618898771e-06 1250
5.5 9.144923030274076e-06 1458
6 1.160658130715938e-05 1814
6.5 1.325370629222516e-05 2178
7 1.502233508375433e-05 2498
7.5 1.642612660564568e-05 2622
8 2.036150597117423e-05 3338
8.5 2.223572963053704e-05 3722
9 2.469416764490913e-05 4170
9.5 2.555831893415303e-05 4358
10 2.978109725179238e-05 5034
10.5 3.350133556440628e-05 5714
11 3.518442123768713e-05 5982
11.5 3.867246488481702e-05 6602
12 4.117200040096303e-05 7130
12.5 4.710249734022401e-05 8034
13 5.163002396612786e-05 8606
13.5 5.398760525772413e-05 9066
14 5.841206286555409e-05 9962
14.5 6.370187372653949e-05 10550
15 6.950538608909676e-05 11226
15.5 7.581523865805395e-05 12146
16 7.593240341990693e-05 12303
16.5 7.792774012538921e-05 12584
17 7.393768901545982e-05 12120
17.5 6.629586273520159e-05 11180
18 6.539258225035383e-05 11096
18.5 5.783853295208912e-05 10056
19 5.697727206822823e-05 9716
19.5 5.061489756768768e-05 8604
20 4.714642065427392e-05 8060
20.5 4.255139691779259e-05 7320
21 3.784890903196553e-05 6356
21.5 3.136507926645227e-05 5348
22 2.491006527409214e-05 4308
22.5 2.042965242447832e-05 3563
23 1.440866069753366e-05 2448
23.5 1.100955952551277e-05 1868
24 8.283850662229501e-06 1358
24.5 6.404450159312034e-06 1062
25 5.034543891943982e-06 776
25.5 2.498846587092256e-06 432
26 1.327687525775601e-06 200
26.5 1.055129127269264e-06 168
27 2.963788831886251e-07 56
27.5 5.792778400612098e-08 7

0.5 1.215713006967155e-07 18
1 3.929345433646546e-07 62
1.5 5.574290270772477e-07 98
2 1.423377394052148e-06 210
2.5 2.491485387738436e-06 350
3 3.050771853250426e-06 450
3.5 4.305637303641231e-06 602
4 5.320778067887868e-06 762
4.5 7.757807992781305e-06 1142
5 8.241065355121615e-06 1250
5.5 9.581350973097301e-06 1458
6 1.215351022962802e-05 1814
6.5 1.38761073642552e-05 2178
7 1.556581494646341e-05 2498
7.5 1.637656239339391e-05 2622
8 2.105713857851568e-05 3338
8.5 2.303230086144478e-05 3722
9 2.577405215609509e-05 4170
9.5 2.677862866158604e-05 4358
10 3.03206276507931e-05 5034
10.5 3.407622930495996e-05 5714
11 3.601588119358615e-05 5982
11.5 3.930375313035767e-05 6602
12 4.260981726042071e-05 7130
12.5 4.884579864065074e-05 8034
13 5.26059971902063e-05 8606
13.5 5.481543641507351e-05 9066
14 6.014015200477779e-05 9962
14.5 6.587764591027087e-05 10550
15 7.089635501820619e-05 11226
15.5 7.719128011234154e-05 12146
16 8.016379875515057e-05 12303
16.5 7.918720549235428e-05 12584
17 7.531417216473779e-05 12120
17.5 6.890635856075024e-05 11180
18 6.549342085031421e-05 11096
18.5 5.907026043970427e-05 10056
19 5.75728812238944e-05 9716
19.5 5.256542719745063e-05 8604
20 4.836337327248186e-05 8060
20.5 4.301361610314892e-05 7320
21 3.851218810464841e-05 6356
21.5 3.242700221055243e-05 5348
22 2.552072864519389e-05 4308
22.5 2.078545605840909e-05 3563
23 1.475369754285884e-05 2448
23.5 1.148480140556803e-05 1868
24 8.298364989930089e-06 1358
24.5 6.620982601175068e-06 1062
25 5.203004596863113e-06 776
25.5 2.57716988473962e-06 432
26 1.333090372705278e-06 200
26.5 1.241253923579623e-06 168
27 3.749346387601691e-07 56
27.5 1.559878652004947e-08 7

0.5 9.154503381742044e-08 18
1 4.343347004663362e-07 62
1.5 5.845268195621085e-07 98
2 1.463527149157066e-06 210
2.5 2.664323877207986e-06 350
3 3.411974698859831e-06 450
3.5 4.604540762807461e-06 602
4 5.469767434472867e-06 762
4.5 7.926694643662112e-06 1142
5 8.602966945369497e-06 1250
5.5 9.9190854092247e-06 1458
6 1.27066717185229e-05 1814
6.5 1.459188539712485e-05 2178
7 1.649146770024684e-05 2498
7.5 1.694306139160707e-05 2622
8 2.110725231706052e-05 3338
8.5 2.35654007340835e-05 3722
9 2.594877645542252e-05 4170
9.5 2.728148443833871e-05 4358
10 3.122848478859434e-05 5034
10.5 3.492528555027897e-05 5714
11 3.636794191884851e-05 5982
11.5 3.997679500029328e-05 6602
12 4.359705595138566e-05 7130
12.5 5.004084562624999e-05 8034
13 5.332910894724171e-05 8606
13.5 5.597894439459136e-05 9066
14 6.242281936546226e-05 9962
14.5 6.654906200597361e-05 10550
15 7.199730236069946e-05 11226
15.5 8.039011970211551e-05 12146
16 8.00086377197855e-05 12303
16.5 8.013742908422999e-05 12584
17 7.618978080963032e-05 12120
17.5 6.952657811078945e-05 11180
18 6.75780354663601e-05 11096
18.5 6.071672211854574e-05 10056
19 5.844507366329597e-05 9716
19.5 5.263305359642091e-05 8604
20 4.892343974292979e-05 8060
20.5 4.34864173692756e-05 7320
21 3.843830602376553e-05 6356
21.5 3.324872777597558e-05 5348
22 2.572786842596001e-05 4308
22.5 2.105889119665686e-05 3563
23 1.509985040841998e-05 2448
23.5 1.137820632974854e-05 1868
24 8.272125700025876e-06 1358
24.5 6.766781009019364e-06 1062
25 4.945011058711477e-06 776
25.5 2.753125467201221e-06 432
26 1.251603773432652e-06 200
26.5 1.137588489245415e-06 168
27 3.446487805498109e-07 56
27.5 7.099817440400657e-08 7

0.5 8.785395610132436e-08 18
1 4.391165123529733e-07 62
1.5 6.135657811304518e-07 98
2 1.765695734845825e-06 210
2.5 2.739467611173972e-06 350
3 3.255163259102101e-06 450
3.5 4.520525771548679e-06 602
4 5.474984696349966e-06 762
4.5 8.354017743627961e-06 1142
5 8.976073725608543e-06 1250
5.5 1.022496974923567e-05 1458
6 1.305012441790219e-05 1814
6.5 1.505256425253246e-05 2178
7 1.670791548225107e-05 2498
7.5 1.746761860854644e-05 2622
8 2.227315509098619e-05 3338
8.5 2.403523223080711e-05 3722
9 2.701436426829234e-05 4170
9.5 2.759793083192475e-05 4358
10 3.212542189276987e-05 5034
10.5 3.536034210415586e-05 5714
11 3.660613167626732e-05 5982
11.5 4.016649173530391e-05 6602
12 4.436173702304839e-05 7130
12.5 5.063074729648778e-05 8034
13 5.378500436306243e-05 8606
13.5 5.707483336704683e-05 9066
14 6.384422503998717e-05 9962
14.5 6.837249571914436e-05 10550
15 7.245383798962572e-05 11226
15.5 8.031339924798579e-05 12146
16 8.1569206187684e-05 12303
16.5 8.223915566122551e-05 12584
17 7.669186793962471e-05 12120
17.5 6.983795417580419e-05 11180
18 6.80799801956832e-05 11096
18.5 6.092757509939745e-05 10056
19 5.98162799453827e-05 9716
19.5 5.25848106540415e-05 8604
20 5.01654274193757e-05 8060
20.5 4.462306275108028e-05 7320
21 3.863171973082954e-05 6356
21.5 3.346893091360255e-05 5348
22 2.561064075374559e-05 4308
22.5 2.113522992875062e-05 3563
23 1.531621139795391e-05 2448
23.5 1.15693626157289e-05 1868
24 8.511423616027048e-06 1358
24.5 6.847507248234264e-06 1062
25 4.999447671013171e-06 776
25.5 2.803342681216056e-06 432
26 1.363637774972367e-06 200
26.5 1.055964376780067e-06 168
27 3.119380442596849e-07 56
27.5 9.52046156709526e-08 7

0.5 1.186689079618745e-07 18
1 4.006446428249243e-07 62
1.5 6.357112328624789e-07 98
2 1.515189865186625e-06 210
2.5 2.782769830004701e-06 350
3 3.574326603632294e-06 450
3.5 4.788523318043982e-06 602
4 5.790089559489099e-06 762
4.5 8.849700643515756e-06 1142
5 9.172832667119435e-06 1250
5.5 1.056011000812889e-05 1458
6 1.335892161268283e-05 1814
6.5 1.512367140297294e-05 2178
7 1.666652473689958e-05 2498
7.5 1.766082231468488e-05 2622
8 2.222792886090941e-05 3338
8.5 2.427578496138904e-05 3722
9 2.679645342159583e-05 4170
9.5 2.821265248040429e-05 4358
10 3.211357330103898e-05 5034
10.5 3.574201211007881e-05 5714
11 3.678383291351627e-05 5982
11.5 4.054338688979138e-05 6602
12 4.483277692290946e-05 7130
12.5 5.108128552170199e-05 8034
13 5.393401926708454e-05 8606
13.5 5.830733727466263e-05 9066
14 6.404262398758852e-05 9962
14.5 7.00224651783243e-05 10550
15 7.347204954619149e-05 11226
15.5 8.104770385317229e-05 12146
16 8.25087538030162e-05 12303
16.5 8.205377788824502e-05 12584
17 7.912994649011867e-05 12120
17.5 7.180856413979369e-05 11180
18 6.911216653217723e-05 11096
18.5 6.209257356538722e-05 10056
19 6.018216481992756e-05 9716
19.5 5.394315484678268e-05 8604
20 4.981568153716987e-05 8060
20.5 4.495027453836527e-05 7320
21 3.997997349314667e-05 6356
21.5 3.347280770682243e-05 5348
22 2.625388054272054e-05 4308
22.5 2.167072953919997e-05 3563
23 1.520215131523569e-05 2448
23.5 1.158114169087179e-05 1868
24 8.728649590712712e-06 1358
24.5 6.859276716513357e-06 1062
25 5.035333677564076e-06 776
25.5 2.754657726500753e-06 432
26 1.499169310826207e-06 200
26.5 1.124755295058401e-06 168
27 3.005519264295261e-07 56
27.5 7.066728319095742e-08 7

0.5 1.557713215018495e-07 18
1 3.713449636530447e-07 62
1.5 6.511305548998863e-07 98
2 1.545083530279789e-06 210
2.5 2.858264914678047e-06 350
3 3.438329312304602e-06 450
3.5 4.993297906190353e-06 602
4 5.801752469100633e-06 762
4.5 9.030496973270142e-06 1142
5 9.091201334568239e-06 1250
5.5 1.076293618080649e-05 1458
6 1.36302150621221e-05 1814
6.5 1.508292888676139e-05 2178
7 1.669498609273162e-05 2498
7.5 1.772007468661476e-05 2622
8 2.250363684665853e-05 3338
8.5 2.559453883087666e-05 3722
9 2.785638757250443e-05 4170
9.5 2.866269662843258e-05 4358
10 3.271157340720701e-05 5034
10.5 3.673838082138057e-05 5714
11 3.848496744142552e-05 5982
11.5 4.210101569305627e-05 6602
12 4.629183311419278e-05 7130
12.5 5.167171036530926e-05 8034
13 5.480318901278171e-05 8606
13.5 5.907492203085382e-05 9066
14 6.473592853849613e-05 9962
14.5 7.018849658610027e-05 10550
15 7.470039743153647e-05 11226
15.5 8.266970965442858e-05 12146
16 8.342235011072561e-05 12303
16.5 8.278661369384825e-05 12584
17 7.842780002726241e-05 12120
17.5 7.227798041883536e-05 11180
18 6.986697617800876e-05 11096
18.5 6.248991818975478e-05 10056
19 6.12435048052937e-05 9716
19.5 5.457720206315069e-05 8604
20 5.05474150133311e-05 8060
20.5 4.487553908497404e-05 7320
21 4.025495662442956e-05 6356
21.5 3.426589853662916e-05 5348
22 2.72501796250481e-05 4308
22.5 2.176129846563365e-05 3563
23 1.521057969633728e-05 2448
23.5 1.162903188809235e-05 1868
24 8.737009302092096e-06 1358
24.5 7.05322365010598e-06 1062
25 5.111985674005167e-06 776
25.5 2.747206878666209e-06 432
26 1.530219001058587e-06 200
26.5 1.201328044916631e-06 168
27 3.271268484578873e-07 56
27.5 4.406828217185506e-08 7

0.5 1.832735569333117e-07 18
1 3.617574759455552e-07 62
1.5 6.420910556681367e-07 98
2 1.949203257677022e-06 210
2.5 3.041822802089388e-06 350
3 3.708682208272449e-06 450
3.5 4.832687857185356e-06 602
4 5.9384783948849e-06 762
4.5 8.693400792641984e-06 1142
5 9.028038759324798e-06 1250
5.5 1.097112936397089e-05 1458
6 1.378487676407906e-05 1814
6.5 1.506078959286534e-05 2178
7 1.704254699498136e-05 2498
7.5 1.787866613486662e-05 2622
8 2.328439308030427e-05 3338
8.5 2.486141148594789e-05 3722
9 2.764759517180604e-05 4170
9.5 2.85650611119188e-05 4358
10 3.33395740690255e-05 5034
10.5 3.693873171570079e-05 5714
11 3.864612227148637e-05 5982
11.5 4.320162406190303e-05 6602
12 4.656645731045279e-05 7130
12.5 5.235246278361533e-05 8034
13 5.576859548845453e-05 8606
13.5 5.960525297433009e-05 9066
14 6.548965476174025e-05 9962
14.5 7.044784851022958e-05 10550
15 7.528637382325395e-05 11226
15.5 8.248835197235155e-05 12146
16 8.449233454153296e-05 12303
16.5 8.40047341024865e-05 12584
17 8.073482695107594e-05 12120
17.5 7.199975447535127e-05 11180
18 7.081508676111222e-05 11096
18.5 6.326418376541149e-05 10056
19 6.159055192971829e-05 9716
19.5 5.477626766352252e-05 8604
20 5.099385713210918e-05 8060
20.5 4.610311694795112e-05 7320
21 4.039912705674085e-05 6356
21.5 3.466433923436883e-05 5348
22 2.718795966814104e-05 4308
22.5 2.170602018906631e-05 3563
23 1.530335926289351e-05 2448
23.5 1.179284319618869e-05 1868
24 8.66592631453563e-06 1358
24.5 7.188773185829862e-06 1062
25 5.14576959344828e-06 776
25.5 2.761998376285733e-06 432
26 1.514857762602037e-06 200
26.5 1.16137112374997e-06 168
27 3.513816715309468e-07 56
27.5 5.122290757039721e-08 7

0.5 1.803513372732524e-07 18
1 4.122679633306889e-07 62
1.5 6.548262481563047e-07 98
2 1.637173934489789e-06 210
2.5 2.876543323779695e-06 350
3 3.620960947385752e-06 450
3.5 5.182495838034309e-06 602
4 6.113959838352507e-06 762
4.5 9.154775758144728e-06 1142
5 9.230097419893775e-06 1250
5.5 1.103059935591568e-05 1458
6 1.397285222970563e-05 1814
6.5 1.52056738607783e-05 2178
7 1.756994179913139e-05 2498
7.5 1.839176826836483e-05 2622
8 2.351537586708422e-05 3338
8.5 2.602559986833612e-05 3722
9 2.848233101092773e-05 4170
9.5 2.943291950916095e-05 4358
10 3.347237357429733e-05 5034
10.5 3.698595450198811e-05 5714
11 3.856487294572024e-05 5982
11.5 4.236626609924106e-05 6602
12 4.616588451379649e-05 7130
12.5 5.289592630234053e-05 8034
13 5.644577236769895e-05 8606
13.5 6.000014178575116e-05 9066
14 6.628763378951138e-05 9962
14.5 7.111370562473035e-05 10550
15 7.568232905775435e-05 11226
15.5 8.373826414314931e-05 12146
16 8.426910435491185e-05 12303
16.5 8.476922937574497e-05 12584
17 8.053040571321152e-05 12120
17.5 7.388566284309947e-05 11180
18 7.00377251585866e-05 11096
18.5 6.325517849542981e-05 10056
19 6.201823680225096e-05 9716
19.5 5.48479662302327e-05 8604
20 5.097125507274129e-05 8060
20.5 4.511187727914985e-05 7320
21 4.043114010391103e-05 6356
21.5 3.458201686539384e-05 5348
22 2.625636547251592e-05 4308
22.5 2.277896096280421e-05 3563
23 1.571373456314019e-05 2448
23.5 1.219229438736431e-05 1868
24 8.696869637172676e-06 1358
24.5 7.089906261600945e-06 1062
25 5.397268002268009e-06 776
25.5 2.85507915868092e-06 432
26 1.459660601692306e-06 200
26.5 1.177364587330123e-06 168
27 3.301794752238643e-07 56
27.5 5.109141494234691e-08 7

