#t    <phi>    <pi>    <phi^2>    <pi^2>    rms(phi)    rms(pi)
0    0.838783983572889    -0.570972118950639    0.703558571406128    0.326009215073107    1.75420403823712e-05    0.000233354074792808
0.5    0.552094761965086    -0.570592104779233    0.304808626438098    0.325575373392994    1.57738233089835e-05    0.000152828656519618
1    0.274457901969035    -0.532714660313164    0.075327140143246    0.283784922029624    1.37841068639097e-05    0.000112769919385486
1.5    0.0272582099175525    -0.447856314026419    0.000743010160691965    0.200575286282021    1.23605262867049e-05    9.0932340693367e-05
2    -0.165514100978144    -0.316185737250962    0.0273949177520094    0.0999734264537347    1.13756799366367e-05    7.75422470545632e-05
2.49999999999999    -0.28362184730303    -0.153186952761941    0.0804413523805185    0.023466247081207    1.06270954890266e-05    6.77105445947827e-05
2.99999999999998    -0.318463409005388    0.0111556489937106    0.101418942974527    0.000124452037128324    9.95959857979822e-06    5.94361627927574e-05
3.49999999999997    -0.277754767440518    0.144206381847398    0.0771477109231444    0.0207954832876094    9.3385173975578e-06    5.21736689780188e-05
3.99999999999996    -0.183107532085752    0.224681384072344    0.0335283683831748    0.0504817264808568    8.75443526500329e-06    4.61756719378405e-05
4.49999999999995    -0.0629359851669076    0.246318965460864    0.00396093829706072    0.0606730344618875    8.25418108785189e-06    4.14267657613476e-05
4.99999999999994    0.0541541137050395    0.213840495452995    0.00293266809292249    0.0457277589142857    7.85774352205501e-06    3.7665677282057e-05
5.49999999999993    0.143945633906764    0.139823317647811    0.0207203455773903    0.0195505613551655    7.52130648007503e-06    3.45994917637241e-05
5.99999999999992    0.190260344930426    0.043634617341218    0.0361989989053064    0.00190398084965539    7.22923041619727e-06    3.19239858354453e-05
6.49999999999991    0.187773269901635    -0.0514763787672883    0.0352588009373403    0.00264981844508384    6.91290106765294e-06    2.95650216656133e-05
6.9999999999999    0.142527169389283    -0.124397781376249    0.020313994058506    0.0154748087566724    6.66218166821279e-06    2.73009032176268e-05
7.49999999999988    0.069376749251679    -0.161624352693432    0.00481313337759093    0.0261224320298551    6.39222871088583e-06    2.54221225305877e-05
7.99999999999987    -0.0124117611062833    -0.159006300022943    0.000154051851696523    0.0252830040119744    6.15930814001183e-06    2.37694798900592e-05
8.49999999999986    -0.0836711399264942    -0.120857066322893    0.00700085969220834    0.0146064309792252    5.96735888484185e-06    2.23394058988147e-05
8.99999999999985    -0.129200410335247    -0.0584502281818778    0.0166927460644202    0.00341642962034652    5.7986151928327e-06    2.11147562606754e-05
9.49999999999984    -0.140739539462436    0.0122196036249188    0.0198076180000043    0.000149319109278161    5.64851133186209e-06    1.99130116335954e-05
9.99999999999983    -0.118446377242206    0.0742173992209138    0.0140295443116907    0.00550822270236871    5.46697451290411e-06    1.88481354672391e-05
10.4999999999998    -0.0702548452047909    0.114033560796004    0.00493574330284212    0.0130036533063307    5.3002821396254e-06    1.78469830281852e-05
10.9999999999998    -0.00934562134432185    0.124483295607266    8.73406648039547e-05    0.0154960911722073    5.1470875836903e-06    1.69399306853778e-05
11.4999999999998    0.0492804902601015    0.105450763687717    0.00242856674533757    0.0111198638243161    5.00615736203709e-06    1.61862094406701e-05
11.9999999999998    0.0922173955579283    0.0632484140062171    0.00850404806767808    0.00400036211217974    4.91840053242877e-06    1.54232906479942e-05
12.4999999999998    0.1105196414272    0.00906186568329033    0.0122145911643061    8.21176286914462e-05    4.80721467877738e-06    1.47996436188387e-05
12.9999999999998    0.10152504082857    -0.0436926114340459    0.0103073339374722    0.00190904449310369    4.71480225197404e-06    1.41130144942705e-05
13.4999999999998    0.0691310433295241    -0.082762337434648    0.00477910117278531    0.00684960468157681    4.57785589561862e-06    1.35620894805668e-05
13.9999999999997    0.0224351754645193    -0.0999813598760009    0.000503337118161599    0.00999627249094598    4.47636370772573e-06    1.29727244938435e-05
14.4999999999997    -0.026746386347484    -0.0927598157239714    0.000715369201589794    0.00860438357073931    4.35211627906644e-06    1.25536519818616e-05
14.9999999999997    -0.0667391424703083    -0.0641773185238765    0.00445411315651135    0.00411872836090139    4.34041932827356e-06    1.21649617718141e-05
15.4999999999997    -0.0886491948598933    -0.0220393992299822    0.00785867976934928    0.000485735254601688    4.47682305253245e-06    1.1669753480045e-05
15.9999999999997    -0.0882914913165213    0.0230173918452345    0.00779538745929037    0.000529800453951311    4.5160841384467e-06    1.12514107097911e-05
16.4999999999998    -0.0669612336735581    0.0601830551600946    0.00448380683457619    0.00362200024616736    4.41489967553818e-06    1.08519291298252e-05
16.9999999999999    -0.0308337471688215    0.0811395948137393    0.000950719982321093    0.00658363395663797    4.22496004450567e-06    1.04928628945218e-05
17.4999999999999    0.0107776612899499    0.0818514138337341    0.000116157998898317    0.00669965405181936    4.00217844412176e-06    1.02585648545739e-05
18    0.0477603710930178    0.0631655273431853    0.00228105306476333    0.00398988397886381    4.22144123446982e-06    1.15896984743712e-05
18.5000000000001    0.0715766067947401    0.0303810840582268    0.00512321067823374    0.000923010394864329    6.16318935449509e-06    1.12388294623763e-05
19.0000000000002    0.0771863851423339    -0.00810277665845988    0.00595773811133202    6.56550901863735e-05    7.74540598612842e-06    1.00304282699607e-05
19.5000000000002    0.0641007110051726    -0.0428722518713644    0.0041089012147118    0.00183803007776277    7.95884068461646e-06    9.86108833339015e-06
20.0000000000003    0.0362982491946799    -0.0658438891967822    0.00131756294616481    0.00433541784074553    7.180928351353e-06    9.80751749608782e-06
20.5000000000004    0.00105942301022779    -0.0721345193464561    1.12241163582976e-06    0.00520338898367875    5.87547697119226e-06    1.01160518819242e-05
21.0000000000005    -0.0329075414234676    -0.0609873239726852    0.00108290631139099    0.00371945415714718    5.37156872361898e-06    2.17209098429483e-05
21.5000000000006    -0.057567389567376    -0.0357731932882869    0.00331400453328295    0.00127972194429339    1.38448876969878e-05    2.42126466076638e-05
22.0000000000006    -0.0674205336563572    -0.00304453415923057    0.00454552886233108    9.26947375652231e-06    2.24460039591567e-05    1.68970352583614e-05
22.5000000000007    -0.0607141405757224    0.0290873949593891    0.00368620752256447    0.00084607675579323    2.56264686284573e-05    1.45006805946016e-05
23.0000000000008    -0.039720855254167    0.0529717918113019    0.00157774691473236    0.0028060109948678    2.39292681738301e-05    1.63452709689394e-05
23.5000000000009    -0.0100275765230781    0.0632611027752217    0.000100552661094698    0.00400196742086108    1.92397637882413e-05    1.72198697394715e-05
24.000000000001    0.0209336602879501    0.0580324199771935    0.000438218289795341    0.00336776296602568    1.25197461030783e-05    3.46065935451423e-05
24.500000000001    0.0457087690631018    0.0391200821327688    0.00208929187482011    0.00153038276993936    1.74801642862998e-05    4.40892819178982e-05
25.0000000000011    0.0585965362140345    0.0115243196117649    0.00343355524267579    0.000132811283088155    3.44440579067275e-05    3.6613850473609e-05
25.5000000000012    0.0569373480319244    -0.0178413306733883    0.00324186366050423    0.000318313632611043    4.53827692896776e-05    2.35034860744225e-05
26.0000000000013    0.0416515333453145    -0.0418768478223287    0.0017348523837648    0.0017536710451124    4.64085008394961e-05    2.57211572883833e-05
26.5000000000013    0.0168896893372786    -0.0550244350696433    0.000285263149645137    0.0030276896038516    3.92903977463124e-05    3.38986460736708e-05
27.0000000000014    -0.0110825142756133    -0.0545261457458505    0.000122822867333817    0.00297310302028555    2.72885442182995e-05    4.95013921072129e-05
27.5000000000015    -0.0354361955873477    -0.0409430485079182    0.00125572496740773    0.00167634129469467    3.17758236022116e-05    8.98530629456505e-05
28.0000000000016    -0.0504465786835512    -0.0179758203055288    0.00254486271938694    0.000323138963730552    7.36105374356002e-05    9.40642008965571e-05
28.5000000000017    -0.0528125661610387    0.00856374659892257    0.00278917890444596    7.33418093111146e-05    0.000108443219559534    6.36671073371755e-05
29.0000000000017    -0.0423741056852067    0.0321903998014064    0.00179557952009903    0.00103622381729881    0.000121191905521301    4.44738622346401e-05
29.5000000000018    -0.0220518746687796    0.0473183447120465    0.000486297584590173    0.00223903028542205    0.000111392022192514    6.73730954519761e-05
30.0000000000019    0.00295614715709955    0.050605754786866    8.74571934847845e-06    0.0025609510239374    8.31464614441414e-05    9.27706256944376e-05
30.500000000002    0.0264677034180524    0.0415194708855115    0.000700543146124883    0.00172394650434564    6.18215083957618e-05    0.000282916476716475
31.000000000002    0.0428549921202708    0.0227524942680962    0.00183658401437919    0.000517763421716512    0.000183479564861636    0.000295679381698075
31.5000000000021    0.0483867553284795    -0.000960522586893443    0.00234137782789842    9.82916098774649e-07    0.000315811146540348    0.000245585950009721
32.0000000000022    0.0420516575586603    -0.0237442433993478    0.00176849385258691    0.000563810251419113    0.000389806562382642    0.000145453812748371
32.5000000000021    0.0257221952104323    -0.0401283330654004    0.000661782849604871    0.00161030844492176    0.000389259760679991    0.000159155000079715
33.000000000002    0.00362277316538592    -0.0463971611513678    1.32256777283171e-05    0.00215275989907351    0.000318107403995581    0.000251666778746145
33.5000000000019    -0.0187359492547256    -0.0411586943878837    0.000351069365320288    0.00169461224806404    0.000183223482760997    0.000757709937131802
34.0000000000018    -0.035908743281531    -0.0261501903408356    0.00128960903022334    0.000684760077535433    0.000413746497799162    0.000963131701015408
34.5000000000017    -0.0439030068075821    -0.00525091283684682    0.00192816145032    2.8235073319676e-05    0.000829122170367138    0.000814240566118685
35.0000000000016    -0.041038443963694    0.0163691094641404    0.00168538726556366    0.0002682030565546    0.00111057759855256    0.00050528398509226
35.5000000000015    -0.028298433294905    0.0334473496674969    0.000802171158897335    0.00111891115384376    0.00117039820195867    0.000431223913946023
36.0000000000014    -0.00902130374640672    0.0420003439712342    8.23947706989385e-05    0.00176460976171149    0.00100541007256069    0.000762146973688168
36.5000000000013    0.0119410909870169    0.0400611841014215    0.000142981402891886    0.00160763450518914    0.000625898499495131    0.00165409600119152
37.0000000000012    0.029404491316097    0.0284279565934549    0.000865280334297194    0.000811776428454148    0.000810076995582438    0.00190465544778946
37.5000000000011    0.039246078438498    0.0102085110469215    0.00154270076073441    0.000107046258915054    0.00156399742124932    0.00168302142586968
38.000000000001    0.0392753686446443    -0.0100030333346211    0.00154688278672863    0.000101291016600762    0.00208043374225774    0.00110920724268328
38.5000000000009    0.0297345630050949    -0.0272810051223191    0.000888769070016718    0.000745493579135512    0.00215054246941497    0.0011137049212037
39.0000000000008    0.0131683667928676    -0.0375258239783475    0.000176629074449366    0.00141092351096987    0.0017953246107227    0.00165409966929124
39.5000000000007    -0.00621250567013525    -0.0383107734037914    3.99957001969019e-05    0.00147435512950961    0.00118341602804732    0.00257677525464761
40.0000000000006    -0.0234766802358906    -0.0293655482566035    0.000552927282915701    0.000872176479961655    0.00133145334782917    0.00313704567240344
40.5000000000005    -0.0344671087863587    -0.0136828748007687    0.00119331637542432    0.000194205698590005    0.00230971585560626    0.00264284615074219
41.0000000000004    -0.0366735299872396    0.00496253354952045    0.00135428016924392    2.82737374215689e-05    0.00305489239073278    0.00190971154666165
41.5000000000003    -0.0297650485458629    0.0220069890799013    0.0008964892982908    0.000487348233579347    0.00324517847786901    0.00174375033088195
42.0000000000002    -0.0156351906968835    0.0332895526091078    0.00025262272112051    0.00111346048604309    0.00285718970189203    0.00229481439958431
42.5000000000001    0.00209000478967759    0.0360152459623312    8.69524207896206e-06    0.0013074839287224    0.00208017356441399    0.00322272974280883
43    0.0187503159064464    0.0291808090808712    0.000354375582278551    0.000874720684732878    0.00167368924445771    0.00481674850066143
43.4999999999999    0.0302114838262403    0.015640535613281    0.000922016627580658    0.000264657826529184    0.0030467806940244    0.00447565327732984
43.9999999999998    0.0338221974788449    -0.00143842768663907    0.00116443907933582    1.29864382112975e-05    0.00452747579097155    0.00330414345959852
44.4999999999997    0.0288902864068377    -0.017792903718748    0.000861538074181895    0.000322538960282782    0.00518550147167898    0.00243957732776517
44.9999999999996    0.0168195691912859    -0.0293899300931858    0.000305751509568957    0.000874829800550809    0.00478054408917066    0.00332592989530128
45.4999999999995    0.000798927863612567    -0.0332183368646659    1.2166614964161e-05    0.00113517410960505    0.00339533933987525    0.00563171426393633
45.9999999999994    -0.014880254006848    -0.0281206768106162    0.000228282672290309    0.000847432782377312    0.00261929627610019    0.00752730483574186
46.4999999999993    -0.0262793297779461    -0.0165858378464184    0.000712429936990189    0.000315408219828439    0.00467191217941265    0.00634966162568942
46.9999999999992    -0.0307799282391298    -0.00112563720412238    0.000989226445801588    2.35079251484011e-05    0.00646702894655691    0.00471602226808744
47.4999999999991    -0.0274021959407077    0.0142998341624156    0.000800282410982484    0.000219775353871767    0.00702866051318071    0.00391025533682635
47.999999999999    -0.0171414001542452    0.0258080914591213    0.000332599498375662    0.000693624545965789    0.00622670853081345    0.00525042485932492
48.4999999999989    -0.00274064245187355    0.0304862599650766    2.72610980345314e-05    0.000980325855599891    0.00444409461932574    0.00713539129562347
48.9999999999988    0.0119404265495613    0.0268281416654993    0.000154309119410819    0.000791682940702034    0.00342568726321462    0.0084813769800624
49.4999999999987    0.0229893647285296    0.0166206995833561    0.000557013278046823    0.000335258286566826    0.00533876272421463    0.00768183779616907
49.9999999999986    0.0278817742011859    0.00259441245403779    0.000832389873450271    3.90854515426559e-05    0.00741596526720268    0.00568809946827493
50.4999999999985    0.0255188677539818    -0.0117723073411123    0.000717297974882362    0.000161293826405731    0.00812929046332773    0.00476514493715812
50.9999999999984    0.0166416187155062    -0.0229114640525457    0.000329507939454587    0.000562611010509362    0.00725013558371842    0.00613806365870108
51.4999999999983    0.0036362784162133    -0.0279104344019249    4.12290951948634e-05    0.000844783001040738    0.00529212381512797    0.0081111437255536
51.9999999999982    -0.00994131302553051    -0.0250332215199699    0.000115270449985568    0.000715896990691755    0.00405471889457034    0.00944641789377695
52.4999999999981    -0.0203268506830858    -0.0158266731427964    0.000447804682636876    0.000328015164969015    0.00588420121549306    0.00880520199655305
52.999999999998    -0.0251473741040064    -0.00302320872858948    0.000699703047781715    5.39144134558465e-05    0.008204427064388    0.00669138419456145
53.4999999999979    -0.0232903635635458    0.0102520583297611    0.000625843522386725    0.000135469246731201    0.00913249623403056    0.00551040350014196
53.9999999999978    -0.015366802623679    0.0206953474052204    0.000305239457889693    0.000474208347524527    0.0083126912016859    0.00677576145549427
54.4999999999977    -0.00355778905551391    0.025394017872273    5.09679102332278e-05    0.000727895083790256    0.00618951106871078    0.0091125704437846
54.9999999999976    0.00879186403390622    0.0227893545720035    9.88244781855561e-05    0.000635875227443999    0.0046397850160177    0.0107944682886885
55.4999999999975    0.0182536817284891    0.014376925482272    0.000376130538983669    0.000306597711402216    0.00655237684651086    0.00999508504613211
55.9999999999974    0.0226424029695306    0.00281057264803712    0.000595856188196314    6.43316696857929e-05    0.00912018508374167    0.0075121469019115
56.4999999999973    0.0209743623586254    -0.0093174547788479    0.000541674319149157    0.000125910778329314    0.0100871424495858    0.00625266461386171
56.9999999999972    0.0137624985527845    -0.0188360084716356    0.000272762858291733    0.000413522963286033    0.00912997764927922    0.00766340316977422
57.4999999999971    0.00302924242053114    -0.0230493955475279    5.49400057231677e-05    0.000634101736447829    0.00676488699689968    0.0101403698818845
57.999999999997    -0.00815859009495463    -0.0205849028033449    9.29867267331492e-05    0.000558786254321325    0.00514044107014733    0.0116210167755738
58.4999999999969    -0.0166383802619098    -0.0126906230090095    0.000327480056913152    0.000274700601549227    0.00711648502936968    0.010660613921929
58.9999999999968    -0.0204027990621662    -0.00207515072071682    0.000511951215611074    6.80734448253343e-05    0.00978146236714852    0.00798543638830357
59.4999999999967    -0.0186550236967988    0.00888325499259556    0.000462593923701383    0.00012506044021725    0.0107043923028473    0.00679324818873685
59.9999999999966    -0.0119398000274744    0.0173378779109561    0.000233691842866742    0.000373489757952081    0.00954636151476906    0.00853743213717453
60.4999999999965    -0.00213735196665334    0.0209020804248014    5.40176534887659e-05    0.000557462542609229    0.00703202531703413    0.0109802357226229
60.9999999999964    0.00791874377391365    0.0183036108003324    9.38673938327954e-05    0.000483347126875815    0.00558219409156464    0.0121788734514228
61.4999999999963    0.0153455915769078    0.0108317242706182    0.000294378752542841    0.00023585583041274    0.00767408442080082    0.0108871290861292
61.9999999999962    0.0183655570934758    0.0010194022860039    0.000441840760520168    6.84508619912609e-05    0.0102248263147327    0.00821046167828283
62.4999999999961    0.01634950042939    -0.00887715276008997    0.000387710690485857    0.000131862711298178    0.0109728996256793    0.00728415198717086
62.999999999996    0.00991502547648842    -0.0162310987917509    0.000191290536988725    0.000348490610999698    0.00964275929334082    0.00922182427788136
63.4999999999959    0.000909562962756078    -0.0188738690755508    5.12767370915868e-05    0.000491555089155495    0.00710277638028744    0.0116332349445227
63.9999999999958    -0.00800206134563241    -0.015867804178897    0.000100232907460961    0.000408442751541104    0.00601663707412174    0.0125162111711684
64.4999999999961    -0.0142505781402638    -0.00864932490367136    0.000271073752929455    0.000194197738552959    0.00824589446923085    0.0109264320463585
64.9999999999963    -0.0163488743430868    0.000406438060093944    0.000379398584643111    6.97365614448399e-05    0.0105883375634264    0.00834094536297577
65.4999999999966    -0.0138923978129227    0.00916555196324437    0.000315140182887229    0.000145824664393697    0.0110517630220129    0.00786239922687499
65.9999999999969    -0.00763061770921749    0.0152535002348996    0.000148419381315051    0.000332467386587161    0.00949700240553973    0.0099899007588203
66.4999999999971    0.000593516993611777    0.0167778902497183    4.97070891835516e-05    0.000430403705931116    0.00702529905141736    0.0122027089082516
66.9999999999974    0.00828385784138993    0.0132079140891294    0.000110645444429701    0.000334213307710956    0.00648252602720137    0.0126397908655615
67.4999999999976    0.0132223538278899    0.00617761693177674    0.000252589104390851    0.000153942638747591    0.00881807596026125    0.010760097015911
67.9999999999979    0.0142553143396275    -0.00210066547967548    0.000320647375991399    7.54038016282298e-05    0.0108366687256652    0.00842561607069356
68.4999999999981    0.0112493750326575    -0.00961158678199454    0.000245759411246734    0.00016520133905973    0.0109183777467789    0.00853338963085114
68.9999999999984    0.00512737806489301    -0.0142364096781569    0.000109663775532634    0.00031888102323003    0.00913092381483318    0.0107798730375506
69.4999999999986    -0.00224364035406049    -0.014452827920304    5.24011308746525e-05    0.000369352342031377    0.00688238395007746    0.0126676006859017
69.9999999999989    -0.00858004119583633    -0.0102697196168067    0.000123175368621128    0.000262631600356958    0.00703976290075734    0.0125365250109085
70.4999999999992    -0.0120840399225633    -0.00350008161514796    0.000234068550454236    0.0001208984602752    0.00938320465534743    0.0104234298080096
70.9999999999994    -0.0119795117963341    0.00386910322482897    0.000263224296434119    8.82660648702783e-05    0.0109414621306117    0.00856131444965645
71.4999999999997    -0.00843135578721992    0.0099442316331329    0.000182374052110665    0.000185841655607273    0.0105492318061543    0.00932490819439378
71.9999999999999    -0.00255617399555652    0.0129169387203034    7.977944301531e-05    0.00030090528797292    0.0085583536687701    0.0115783410758557
72.5000000000002    0.00379262564968544    0.0117875525584181    6.05569119127538e-05    0.000306174288566908    0.00679506457615392    0.0129316624317772
73.0000000000004    0.00863866097542127    0.00714962880809901    0.000134031776009041    0.000198330218144682    0.00770748419140605    0.01213313751884
73.5000000000007    0.0106654898407636    0.000834750813975954    0.000210901287743162    9.99219337899145e-05    0.00985639965706197    0.00996118089728728
74.000000000001    0.00948566692615556    -0.00540094287170561    0.000206526832822293    0.000107889022127243    0.0107957841673651    0.00887236373374172
74.5000000000012    0.00556127671181419    -0.00986360345384401    0.000128552338170684    0.000201981145955703    0.00988051311953568    0.0102318362409208
75.0000000000015    0.000156878084252375    -0.0111497094819972    6.19310105780843e-05    0.000273323651397692    0.00786806201327656    0.0122068681431707
75.5000000000017    -0.00498453563145109    -0.00886471806414183    7.29111175797729e-05    0.000242146241445036    0.00693293026927051    0.0127891757001112
76.000000000002    -0.00828312979393618    -0.00405371814504058    0.000138908517176821    0.000147186237169062    0.0083844068361231    0.0114347543204754
76.5000000000022    -0.00890562030048422    0.00156385141998977    0.000180854687083096    9.36853168945823e-05    0.0100769347594742    0.00955194669325464
77.0000000000025    -0.00684210320651844    0.00644414190640871    0.000153004530550553    0.000130309037361342    0.0103048607104562    0.00942242391592571
77.5000000000027    -0.00282034822667542    0.00918843935921025    8.83275209684749e-05    0.00020694442231654    0.00896510774328807    0.011068739967072
78.000000000003    0.001837684081463    0.00891832115672678    5.64034651087429e-05    0.000234603540413957    0.00728192160940232    0.0124525936318277
78.5000000000033    0.00562326091795555    0.00583759390950435    8.50969208488558e-05    0.000183291352635781    0.00731271888543854    0.0122153121115876
79.0000000000035    0.00741625926385799    0.00121362643989279    0.000133879193109166    0.000113782730075786    0.00888134514814093    0.0105976337425002
79.5000000000038    0.00683772783044922    -0.00341949353458402    0.000144881896877753    0.000100526336714204    0.00990592625625959    0.00942514724983873
80.000000000004    0.00421049580883841    -0.00677698948074203    0.000107181349047894    0.000148174672601347    0.00945796352771823    0.0101117301278891
80.5000000000043    0.000443854391698978    -0.00785923478737197    6.37173757921002e-05    0.000196639760245512    0.00796996669196739    0.0116134486179805
81.0000000000045    -0.00321452244686445    -0.00636922576181953    5.9480941789517e-05    0.000189374883620043    0.00701054828298911    0.0121986821753424
81.5000000000048    -0.00559913762153804    -0.00294657313563286    9.18501032524795e-05    0.000136713817223761    0.0077781592390203    0.0113151015894745
82.000000000005    -0.00606089006611853    0.00108854379634795    0.000118411116240247    9.91638041407288e-05    0.00903751779232951    0.00989842798348107
82.5000000000053    -0.00461595875134918    0.00449769407165481    0.000108067256991473    0.000113020997366159    0.00931451457657969    0.00963284721170017
83.0000000000056    -0.00182988987878359    0.00631922876521045    7.37053430058313e-05    0.000154612669825533    0.00838789878559325    0.0107088756477265
83.5000000000058    0.00134458526853598    0.00601134228846515    5.32635216994004e-05    0.000172349131570846    0.0071732567328262    0.0116710280379132
84.0000000000061    0.0038534599689097    0.00376492938501012    6.50656230296894e-05    0.000146180887311939    0.00708635797132066    0.0114893948508103
84.5000000000063    0.0049398629352201    0.000505556877091503    8.96044458635484e-05    0.000107510500265115    0.00807478792568492    0.0103563947640644
85.0000000000066    0.00438003887321523    -0.00263605052810879    9.56380828611081e-05    9.84161664112109e-05    0.00874376019400301    0.00956385926415003
85.5000000000068    0.00248088286428258    -0.00472657340325532    7.63454535758547e-05    0.000122810223452356    0.00837798745460769    0.0100234588499178
86.0000000000071    -7.1925049788888e-05    -0.00518276972841337    5.40359719655548e-05    0.000146831610586892    0.00735056451932555    0.0109531049720677
86.5000000000073    -0.0024089512698983    -0.00390683856609519    5.17028189811886e-05    0.000141131576395555    0.00677493710379985    0.0112190992871097
87.0000000000076    -0.00378258443873976    -0.00146314643685242    6.7200033971346e-05    0.000113078057814052    0.00727269475058247    0.0105326758384742
87.5000000000079    -0.0038260085731238    0.00125514238119785    7.86805608841496e-05    9.45903965137461e-05    0.00800263827012897    0.00964442917526315
88.0000000000081    -0.0026339913599852    0.00334455022255049    7.15902297037414e-05    0.000103257514268391    0.00804066659048021    0.00959538941769581
88.5000000000084    -0.000688485524850764    0.00420459930442584    5.44206382866839e-05    0.000123144014263052    0.00734483668768441    0.0102696328538207
89.0000000000086    0.00132983596433499    0.00363496468292066    4.596617194251e-05    0.000127971384827779    0.00664813569735691    0.0107125354880018
89.5000000000089    0.00274806579200332    0.0018939274437081    5.26586929532025e-05    0.000112246299994009    0.00671616165350594    0.0104239790306763
90.0000000000091    0.00314706783412694    -0.000311548966174381    6.30597983271377e-05    9.38735918658421e-05    0.00729079984463579    0.00968382822583702
90.5000000000094    0.00248400152330513    -0.00223383441477059    6.30166277623129e-05    9.23339823451357e-05    0.00753965279005145    0.00934579938542029
91.0000000000096    0.00106589082607028    -0.00325733368728169    5.22505879697505e-05    0.00010489697256198    0.00714943806999192    0.00971013644660466
91.5000000000099    -0.000583185835820539    -0.00314388664537627    4.29076203721658e-05    0.000113267739938337    0.00652437848787638    0.0101677783561288
92.0000000000102    -0.00190295735774413    -0.00199573172281113    4.39426165929469e-05    0.000106126714546179    0.00634991101414456    0.0101066200797668
92.5000000000104    -0.00248322567355279    -0.000279307655681426    5.10789270589834e-05    9.16197199802829e-05    0.00670168018583338    0.00956774305746975
93.0000000000107    -0.00219074860460968    0.00138849276780234    5.355650109309e-05    8.61036706290752e-05    0.00698262999481505    0.00917473478978198
93.5000000000109    -0.00119741188820713    0.00244925977145933    4.77684250950303e-05    9.22427303145303e-05    0.0068069545220319    0.00928675707049782
94.0000000000112    0.000109882937066978    0.00262542117521052    4.01294609034981e-05    9.97658786844962e-05    0.00633382875073518    0.00963706606479651
94.5000000000114    0.00127451985205311    0.00189763643954636    3.84365135769393e-05    9.7605604725654e-05    0.00606729863478483    0.00969559594191919
95.0000000000117    0.00191181952077344    0.000593525617657992    4.24550577814102e-05    8.76777069950968e-05    0.00622896491412496    0.00934480788118624
95.500000000012    0.00185221003527474    -0.000802039619809787    4.52522202072256e-05    8.1136079646022e-05    0.00646695741384255    0.00897177864719574
96.0000000000122    0.00117698486131404    -0.00180527145280409    4.24373488546179e-05    8.36285970495463e-05    0.00640718779893765    0.00896490892487129
96.5000000000125    0.000161499127733767    -0.00212511467193346    3.71089398745065e-05    8.85072236486758e-05    0.00608956959942554    0.00916466645764094
97.0000000000127    -0.000821347608909283    -0.00169475872152434    3.46589083148215e-05    8.83643125172377e-05    0.00582960516846214    0.00924619410314616
97.500000000013    -0.00144324851413891    -0.000731859939564712    3.63179010179385e-05    8.25031997042268e-05    0.00585106270214004    0.00905359490661512
98.0000000000132    -0.00152392367620599    0.000403541384797672    3.84360356708392e-05    7.69896726650449e-05    0.00600946688982792    0.00876509138662002
98.5000000000135    -0.00107962330759401    0.00130599084557862    3.73774629128714e-05    7.68331954575878e-05    0.00601763046610301    0.00866761693713172
99.0000000000137    -0.000308543139215349    0.00167754457297712    3.39502018562531e-05    7.96140947921215e-05    0.00581850521934081    0.00876355743963583
99.500000000014    0.000498900181722157    0.00145436142522522    3.15810363965046e-05    7.99738639129871e-05    0.00559751150112103    0.00882375751920937
100.000000000014    0.00106184002435136    0.000740265916291261    3.18776671859419e-05    7.67127079933342e-05    0.00554528294576818    0.00872723979082228
100.500000000015    0.00121181332684857    -0.000148015250303928    3.32363601495263e-05    7.23894425028158e-05    0.00563629919454233    0.00850691095454121
101.000000000015    0.000933827593717792    -0.000915923899404774    3.29299579102583e-05    7.13918052025562e-05    0.00566197173566502    0.00839957669249203
101.500000000015    0.000362287017376578    -0.00129362154636894    3.08599116737998e-05    7.25646287984426e-05    0.00554334373738812    0.00841968954850549
102.000000000015    -0.000279175161147476    -0.00119314371151658    2.89140417387601e-05    7.30893197808662e-05    0.00536992578795633    0.00846556128467183
102.500000000016    -0.000766021884970797    -0.000706129495284729    2.86020397220486e-05    7.09557736181368e-05    0.00529294343383664    0.00839387602684396
103.000000000016    -0.000951761011482776    -2.22497695940717e-05    2.92746432390615e-05    6.81857419345267e-05    0.00532623640257197    0.00825743585396094
103.500000000016    -0.000798053387328975    0.000610317673477258    2.93368939436794e-05    6.61258457207382e-05    0.00535723853628455    0.00810884443420759
104.000000000016    -0.000385992164826229    0.000978862061313186    2.796851236556e-05    6.67075360770759e-05    0.00527442152413445    0.00810859822299746
104.500000000017    0.000121463900508669    0.000990593925557647    2.64369417197907e-05    6.7425948965996e-05    0.00514025176821758    0.00815136017120114
105.000000000017    0.000545577176323814    0.000651064629350445    2.61027263171479e-05    6.58904256472023e-05    0.00507986927605647    0.00809113962897755
105.500000000017    0.000740365118449804    0.000119717481844698    2.64744256756511e-05    6.32730112799097e-05    0.00509178604882746    0.00795353248591156
106.000000000017    0.000668439021139828    -0.00039413507050492    2.62509780040825e-05    6.23308066757259e-05    0.00507978023925249    0.00788514199123415
106.500000000018    0.000372474347462578    -0.000751309402933973    2.54020495271683e-05    6.19584879705614e-05    0.00502626226809252    0.00783543375644414
107.000000000018    -3.3926344180592e-05    -0.000815640031444119    2.44177441467107e-05    6.20015307075541e-05    0.00494131492114004    0.00783174706222436
107.500000000018    -0.000393139018903653    -0.00058116960314965    2.39577148455611e-05    6.08058202105423e-05    0.00487884787192392    0.00777612127624802
108.000000000018    -0.000584858545531848    -0.00016247782247207    2.38927061924631e-05    5.94285275261155e-05    0.00485290085146827    0.00770727763113022
108.500000000019    -0.000551853910582292    0.000279285671052923    2.37534057643454e-05    5.83475847788578e-05    0.00484240260880077    0.00763345166309464
109.000000000019    -0.000329679247732782    0.000575026499821627    2.32876148433951e-05    5.77043236411614e-05    0.00481444975433428    0.00757454078909502
109.500000000019    -1.65967308090298e-05    0.00063743776091037    2.26165391276385e-05    5.73529304350735e-05    0.00475565596696869    0.007546297339493
110.000000000019    0.000269948723059615    0.000477219732190252    2.21436778734968e-05    5.68057749849128e-05    0.00469795759457397    0.0075218372963074
110.50000000002    0.000438184011853761    0.000185153338618324    2.20234294614137e-05    5.55225274194599e-05    0.00467241096578302    0.00744904327149859
111.00000000002    0.000446422081716728    -0.000150091122751958    2.18237152709235e-05    5.47876865754793e-05    0.00465020672614446    0.00740034858843489
111.50000000002    0.000303105384430604    -0.000400332508787141    2.1464553980585e-05    5.41670458684211e-05    0.00462305971262693    0.00734893051748547
112.00000000002    6.99301675380961e-05    -0.000504683276791148    2.10435320313849e-05    5.35711873195111e-05    0.00458678992357978    0.00730181361783759
112.500000000021    -0.000171832127956441    -0.000431158895245121    2.06614897821359e-05    5.31406794986782e-05    0.0045422421227779    0.00727700360764849
113.000000000021    -0.000335614681675269    -0.000207624381138771    2.04483139048908e-05    5.2361475169933e-05    0.00450950958423805    0.00723314366553642
113.500000000021    -0.000369970076731908    7.36561067874478e-05    2.03262711655748e-05    5.13538557955428e-05    0.00449326087690196    0.00716578192338252
114.000000000021    -0.000271711018565807    0.000304512152580944    2.00304635425269e-05    5.08799348512548e-05    0.00446728515598868    0.00712651437942738
114.500000000022    -8.44794969459645e-05    0.000415360499365052    1.96551368250714e-05    5.03404612928112e-05    0.00443260646117689    0.0070829327928746
115.000000000022    0.000113068570688183    0.000353660842685842    1.932002221256e-05    4.97401685701842e-05    0.00439400019468395    0.00704379816423887
115.500000000022    0.000251668169530708    0.000183140305420738    1.90623914681288e-05    4.90518003696381e-05    0.00435879049744008    0.00700130416409461
116.000000000022    0.00029037515292551    -3.17721771644012e-05    1.88344596670045e-05    4.84164366499685e-05    0.00433014340842979    0.0069581195145475
116.500000000023    0.000225837226071035    -0.00021339132203606    1.86036951028589e-05    4.79513772477273e-05    0.00430728367421737    0.00692140458226558
117.000000000023    9.14018430314999e-05    -0.000312209581554088    1.8435539500069e-05    4.72639332094216e-05    0.00429268973991359    0.00686778409580611
117.500000000023    -6.86803031394961e-05    -0.000306003149456796    1.81832710683653e-05    4.67524849762354e-05    0.00426363156057438    0.00683072814923547
118.000000000023    -0.000195320733508836    -0.00018544122625601    1.7918605305022e-05    4.63118606968812e-05    0.00422852871766097    0.0068027547543981
118.500000000024    -0.000243338418244673    -5.43811013439612e-07    1.774720549722e-05    4.56722035506734e-05    0.00420570944210678    0.00675812128146151
119.000000000024    -0.000201795036396353    0.000154659031663708    1.75631122407673e-05    4.5241251870614e-05    0.00418597551402933    0.00672438342560408
119.500000000024    -9.78556551589095e-05    0.000252011736966641    1.7365057220109e-05    4.46336972151057e-05    0.00416599105746309    0.00667609071984023
120.000000000024    3.39352509380016e-05    0.000259025390222183    1.71172665887747e-05    4.42957210846747e-05    0.00413716267356246    0.00665046065561589
120.500000000025    0.000147305276349009    0.000176302119280519    1.69514374342863e-05    4.37786230626089e-05    0.00411457635605977    0.00661419236379968
121.000000000025    0.000196932616821067    1.88344403834627e-05    1.68418640311657e-05    4.33223558926423e-05    0.00409915620287855    0.00658194508914331
121.500000000025    0.0001696264630722    -0.000121152122527339    1.66903887256267e-05    4.27603322485215e-05    0.00408186422957113    0.00653801609142473
122.000000000026    8.48008964714475e-05    -0.00020454030242815    1.64877698015184e-05    4.23781923744297e-05    0.00405962789051854    0.00650663935062582
122.500000000026    -1.95320748965134e-05    -0.000199958702880145    1.62961091100835e-05    4.19297900572223e-05    0.00403679670136282    0.00647223350740413
123.000000000026    -0.00010753691718095    -0.000141224129841128    1.61201882535352e-05    4.15922623319066e-05    0.00401355504073114    0.00644765989154648
123.500000000026    -0.000149139054356849    -2.05781111019032e-05    1.59915893598154e-05    4.11653236007571e-05    0.0039961665258446    0.00641598785395519
124.000000000027    -0.000130957724882345    8.75353657428781e-05    1.58881980149405e-05    4.06499468216729e-05    0.00398384840188908    0.00637513014623365
124.500000000027    -6.92861408624309e-05    0.000149687340348235    1.57290087201544e-05    4.02006898865578e-05    0.00396537616763388    0.00633863420514998
125.000000000027    7.82238253592179e-06    0.000152211601386427    1.55567733132066e-05    3.99027738896905e-05    0.00394419980776051    0.00631503012804324
125.500000000027    7.39773882512122e-05    9.93733387907578e-05    1.54178345665434e-05    3.93886569324291e-05    0.00392585811161979    0.00627525153854143
126.000000000028    0.000104210658680935    2.27323982956009e-05    1.52587693047233e-05    3.90984189815723e-05    0.00390485716042733    0.00625283153616344
126.500000000028    9.97504464458724e-05    -3.97993808508642e-05    1.51400720061385e-05    3.86496964299875e-05    0.00388974573135216    0.00621676060655961
127.000000000028    6.47692341429146e-05    -9.35603056173242e-05    1.50365512893456e-05    3.8206732078061e-05    0.00387715826806879    0.00618045132229627
127.500000000028    1.09527685541973e-05    -0.000117993556988383    1.48821908724248e-05    3.79124792473911e-05    0.00385772872416993    0.00615618037161845
128.000000000029    -4.52967243174452e-05    -0.000101320887535332    1.47327227387524e-05    3.75195266885686e-05    0.00383805562043054    0.00612448044868441
128.500000000028    -8.44551815168542e-05    -4.91934374044079e-05    1.46052768704838e-05    3.71606651405386e-05    0.0038207517837199    0.00609575632274248
129.000000000028    -9.13130163734123e-05    2.13746060636865e-05    1.44898569490991e-05    3.67675279434365e-05    0.00380545908953702    0.00606358566111275
129.500000000027    -6.39605827280583e-05    8.24376059895677e-05    1.43648187385146e-05    3.64343173779659e-05    0.00378955509029381    0.00603552163603815
130.000000000027    -1.46948289781834e-05    0.00011000281382267    1.42338055584886e-05    3.6239469471141e-05    0.00377274298362477    0.00601891758143374
130.500000000026    3.82679978712727e-05    9.4002642000547e-05    1.41749322890879e-05    3.56336856968091e-05    0.0037647666394382    0.0059686555605183
131.000000000026    7.39892014649555e-05    4.60384256365608e-05    1.40383176106035e-05    3.53895772928076e-05    0.00374604367415412    0.00594873581159666
131.500000000025    8.22740547286304e-05    -1.4647901573727e-05    1.38880110681409e-05    3.51118253231812e-05    0.00372575388989388    0.00592550510607836
132.000000000025    5.926477388251e-05    -7.1504944739945e-05    1.37881584824868e-05    3.48693430947735e-05    0.00371276799289471    0.00590459398584282
132.500000000024    1.76283728997863e-05    -9.06493269854917e-05    1.37318609240746e-05    3.43064267032714e-05    0.00370561063315393    0.0058564673142423
133.000000000024    -2.60913472777411e-05    -7.83276081922975e-05    1.35749759931655e-05    3.4158498809777e-05    0.0036843310430474    0.00584400236101697
133.500000000024    -5.60534213780584e-05    -3.81100314301915e-05    1.3436690420297e-05    3.39219229215808e-05    0.00366518054592796    0.00582412830791743
134.000000000023    -6.17337287279059e-05    1.6393284994784e-05    1.338147243662e-05    3.35136843856839e-05    0.00365754854832542    0.0057890772706789
134.500000000023    -4.3102965251987e-05    5.27266745403886e-05    1.33275038320722e-05    3.31373440234305e-05    0.00365043092887109    0.00575626301702957
135.000000000022    -1.19374608813258e-05    6.77058170688103e-05    1.31941889368467e-05    3.28493240051308e-05    0.00363236099993852    0.005731033059359
135.500000000022    1.97624728355957e-05    5.36357658823814e-05    1.30349889496683e-05    3.27016025600387e-05    0.00361034602141342    0.00571827996557155
136.000000000021    4.03277179926282e-05    3.01784803241838e-05    1.29576543263386e-05    3.23911177230076e-05    0.00359944829126633    0.00569123949437492
136.500000000021    4.85360401733665e-05    1.17515083345202e-06    1.29275373872898e-05    3.19940363712106e-05    0.00359516086428607    0.00565632698756279
137.00000000002    4.15822642675038e-05    -2.90253695104719e-05    1.28322717200196e-05    3.1721480588164e-05    0.00358197468379077    0.00563210778626339
137.50000000002    2.13561529098645e-05    -4.71739301288972e-05    1.26901425198735e-05    3.14815412029942e-05    0.00356225861422306    0.00561064308464817
138.000000000019    -3.99167360352045e-06    -5.39977438333529e-05    1.25687213540501e-05    3.12915061990027e-05    0.00354523700485482    0.00559362051292931
138.500000000019    -2.79365945513854e-05    -3.70700116511222e-05    1.24865600636766e-05    3.09457840145088e-05    0.0035335222668552    0.00556276997805455
139.000000000019    -3.9997180912669e-05    -1.00485192941325e-05    1.24129734682627e-05    3.0685762097341e-05    0.00352297795817427    0.00553946397448354
139.500000000018    -3.79476648228976e-05    1.86963321877313e-05    1.23399868036706e-05    3.02984799059279e-05    0.00351262676332188    0.00550437374758388
140.000000000018    -2.05213767920129e-05    4.5455193396918e-05    1.2200406630605e-05    3.01123497210064e-05    0.00349284776417461    0.00548728380406915
140.500000000017    1.15102789241622e-06    3.9825265784341e-05    1.20667794474758e-05    3.00123842972829e-05    0.00347372683477135    0.00547821122680462
141.000000000017    1.96657679112605e-05    3.3202576266513e-05    1.20367146080645e-05    2.9555820515828e-05    0.00346934112846186    0.00543642512178336
141.500000000016    3.20431579057019e-05    1.31631505440811e-05    1.19855533487226e-05    2.93103656825266e-05    0.00346186749959527    0.00541388884388979
142.000000000016    3.17818257912634e-05    -1.39773550228904e-05    1.18890892142271e-05    2.91579967355652e-05    0.00344790938537782    0.00539979641922839
142.500000000015    1.94632308668173e-05    -3.20185868915487e-05    1.17858203926981e-05    2.89187688836367e-05    0.0034329930928189    0.00537752207747492
143.000000000015    1.93192733796025e-06    -3.56644100414743e-05    1.17115749112291e-05    2.87204982046364e-05    0.00342221728984088    0.00535903221248882
143.500000000014    -1.49540935933258e-05    -3.00233552551667e-05    1.16790322896802e-05    2.83192524616143e-05    0.00341742719962914    0.00532149894858145
144.000000000014    -2.55276435526e-05    -1.14783724621362e-05    1.15994295664123e-05    2.81532868264444e-05    0.00340569785885756    0.00530595468067811
144.500000000014    -2.68291818507973e-05    6.68753652657225e-06    1.15025618683761e-05    2.79804654960954e-05    0.00339143657811513    0.00528965223553974
145.000000000013    -1.79957803584881e-05    2.87858472043793e-05    1.1411063577954e-05    2.77897567221662e-05    0.00337797864555763    0.00527152047299135
145.500000000013    -1.62585733162988e-06    3.1935087598854e-05    1.13591196162804e-05    2.75292169619526e-05    0.0033703289116744    0.0052467320411979
146.000000000012    1.23829948254367e-05    2.42996261277645e-05    1.13163141662275e-05    2.72616641377086e-05    0.00336395018210238    0.005221213811546
146.500000000012    2.06730080638047e-05    3.08559456826181e-06    1.12331657519833e-05    2.7185193372097e-05    0.00335152776785765    0.00521394129725328
147.000000000011    1.41577284413219e-05    -2.31670340200274e-05    1.11707187975639e-05    2.68120583176852e-05    0.00334223254072623    0.00517798431884647
147.500000000011    3.10498194928678e-06    -1.81586700125626e-05    1.10615607039737e-05    2.67703533669508e-05    0.00332589101791697    0.00517397561162151
148.00000000001    -4.68507924433e-06    -1.49330376166397e-05    1.09972163836368e-05    2.64868916494677e-05    0.00331620180834479    0.00514652005279832
148.50000000001    -1.10115460506803e-05    -8.97514162893877e-06    1.0978291447313e-05    2.61619542532766e-05    0.0033133321887741    0.00511486790641844
149.000000000009    -1.30078860169281e-05    -2.39014809410557e-07    1.09231680172893e-05    2.60685500169263e-05    0.00330499603815052    0.00510573696539473
149.500000000009    -1.36250783507978e-05    1.37022462509921e-06    1.08250038849e-05    2.5888314346016e-05    0.0032901091535297    0.00508805586334313
150.000000000009    -1.01818634336417e-05    1.19675968304174e-05    1.07127117947044e-05    2.5763036949329e-05    0.0032730120874145    0.00507571608011669
150.500000000008    -1.92171028773775e-06    1.77873171461211e-05    1.06628415135554e-05    2.55291652936568e-05    0.00326540010114916    0.00505260812897711
151.000000000008    5.68332508632475e-06    1.21011789602922e-05    1.06605835756687e-05    2.52331060100998e-05    0.00326504996523555    0.00502324193838676
151.500000000007    9.55784421859078e-06    4.01660513701288e-06    1.06094283442201e-05    2.50518370106459e-05    0.00325719772071546    0.00500517940512916
152.000000000007    9.38712410203921e-06    -4.62211070089803e-06    1.04997817209883e-05    2.49340831787358e-05    0.00324032307075844    0.00499340182789534
152.500000000006    6.41803364320611e-06    -8.31847587327167e-06    1.04073799668155e-05    2.48219338193366e-05    0.00322604072752649    0.0049821546164582
153.000000000006    1.82485492052978e-07    -1.63235032323173e-05    1.03709666008416e-05    2.45959480959204e-05    0.00322039851067234    0.00495940335515903
153.500000000005    -6.64617944821001e-06    -6.90003746585498e-06    1.03587728385345e-05    2.42880336487799e-05    0.00321849788982893    0.00492828428951323
154.000000000005    -7.58278955052928e-06    5.13538626764842e-07    1.02840249472026e-05    2.41776106422906e-05    0.00320686255528752    0.00491707335501197
154.500000000004    -5.87293965265252e-06    5.68726636711692e-06    1.01818851011376e-05    2.41048030471206e-05    0.00319090122218119    0.00490966095592373
155.000000000004    -4.05600961812213e-06    1.17574007805857e-06    1.01064270382484e-05    2.39076534333371e-05    0.00317905812891717    0.00488954517833431
155.500000000004    -2.05012347889739e-06    9.25480952123032e-06    1.00803618536613e-05    2.37025576817156e-05    0.00317495789746179    0.00486851846357968
156.000000000003    3.1898361916411e-06    8.21275940375566e-06    1.00858292678081e-05    2.3395299904421e-05    0.00317581786202439    0.00483686183956126
156.500000000003    5.27477765994383e-06    8.76236414029939e-07    1.00066773194758e-05    2.32898079558665e-05    0.00316332886311183    0.0048259514282757
157.000000000002    4.80091554293664e-06    -1.92215579566609e-06    9.86336059285556e-06    2.32345176938079e-05    0.00314059509393769    0.00482021928952667
157.500000000002    4.46499556193034e-06    8.24027197977673e-07    9.78306484598631e-06    2.31051110968684e-05    0.00312778594373096    0.00480677755027706
158.000000000001    3.27605710950432e-06    -6.7148230290689e-06    9.79675449936538e-06    2.28044804943325e-05    0.00312997504252274    0.00477539897867017
158.500000000001    -1.2942546661523e-07    -4.47079478052533e-06    9.7942643334653e-06    2.25675022978896e-05    0.0031295789360095    0.00475052442472235
159    -1.84881099620686e-07    2.85254915925775e-06    9.70989951442942e-06    2.249412839418e-05    0.00311607116097313    0.00474279667044069
159.5    1.58452702112711e-07    -1.59471770728551e-06    9.6102245523605e-06    2.24083871491499e-05    0.00310003621386158    0.00473374952928704
159.999999999999    -3.87780595077497e-07    8.25125424256048e-07    9.55333020435422e-06    2.22959029823531e-05    0.00309084617119332    0.0047218536933625
160.499999999999    5.77712868837427e-07    2.12383780567449e-06    9.55064473753681e-06    2.20764035581214e-05    0.00309041168839762    0.00469855286736612
160.999999999999    1.81426130920265e-06    3.48823380473723e-06    9.56189399770147e-06    2.18042338146376e-05    0.00309223070066859    0.00466949907879449
161.499999999998    3.96489294139934e-06    4.04180755072756e-06    9.49973354816272e-06    2.16660589806552e-05    0.00308216122676713    0.00465467965003468
161.999999999998    4.02346347943184e-06    -4.76026268657598e-06    9.37265493589671e-06    2.16400114046429e-05    0.00306147656330052    0.00465188013007021
162.499999999997    -6.69546293914713e-07    -1.15928943139458e-05    9.28585303217771e-06    2.15341110411971e-05    0.00304726969332966    0.00464047159737009
162.999999999997    -5.59420313757017e-06    -7.77355236680148e-06    9.26649964911213e-06    2.13204972884531e-05    0.00304408744191151    0.00461740585830797
163.499999999996    -8.65516225626338e-06    -3.29020067389033e-06    9.25390592180395e-06    2.11260055800788e-05    0.00304201101411061    0.00459630229147935
163.999999999996    -6.97348156783661e-06    1.02662361914879e-05    9.20718460076114e-06    2.09562639444097e-05    0.00303432627964034    0.00457778970124274
164.499999999995    -6.32707699247275e-07    1.22171362224659e-05    9.11504999050548e-06    2.087625817314e-05    0.00301911404060636    0.00456903807324063
164.999999999995    5.00847263181845e-06    1.25280920872771e-05    9.03519880919634e-06    2.07566978950601e-05    0.00300585657082939    0.00455593469465583
165.499999999994    1.22752844356618e-05    1.30739302690364e-05    9.00405111454601e-06    2.06496944272503e-05    0.00300065000157266    0.00454417467749619
165.999999999994    1.3187503030515e-05    -1.13564440848825e-05    9.02686895058694e-06    2.03612224848396e-05    0.00300444587908499    0.00451232684055769
166.499999999994    3.42644193083864e-06    -2.34046674638664e-05    8.98628806017716e-06    2.01989690030801e-05    0.00299771184733838    0.00449426537096119
166.999999999993    -6.55238253503944e-06    -1.46672012218623e-05    8.8764180732978e-06    2.01988061422218e-05    0.00297932461131393    0.00449428426063929
167.499999999993    -1.12106049219783e-05    -4.95430061539819e-06    8.79224556100653e-06    2.00864373230842e-05    0.00296515090397501    0.00448178678408395
167.999999999992    -1.24497555472396e-05    -1.20754125312077e-07    8.76538555623952e-06    1.99377828000337e-05    0.00296061320672362    0.00446517444065203
168.499999999992    -1.10189417189114e-05    5.6284592623581e-06    8.78664689047778e-06    1.97056539415549e-05    0.00296420739379032    0.00443910151517188
168.999999999991    -6.43870221042316e-06    1.23466636752169e-05    8.76010924508954e-06    1.95347835414879e-05    0.0029597411691233    0.00441979989381691
169.499999999991    -4.84780869706032e-07    1.06837344681515e-05    8.65315930957821e-06    1.9537442545135e-05    0.00294162524373274    0.00442010502171078
169.99999999999    5.04325568223057e-06    1.17834470132837e-05    8.57715075409466e-06    1.94772346687484e-05    0.00292867296222483    0.00441328628338621
170.49999999999    1.02505024139258e-05    7.55658592794996e-06    8.58186006096703e-06    1.91943470669868e-05    0.00292946325939877    0.00438112884597063
170.999999999989    1.11059173817673e-05    -4.54186876647757e-06    8.56036708537507e-06    1.90617158583955e-05    0.00292578942235667    0.00436597013615802
171.499999999989    6.11083146720118e-06    -1.46200321557516e-05    8.49889735597517e-06    1.90028353325359e-05    0.00291528043483195    0.00435919964984349
171.999999999989    -1.99374476050445e-06    -1.46718862573189e-05    8.4432191106037e-06    1.88848701081925e-05    0.00290572110423308    0.00434564780486708
172.499999999988    -6.21735633269743e-06    -3.40481010720959e-06    8.39308443459204e-06    1.87455637281394e-05    0.00289707538374    0.00432961339329594
172.999999999988    -7.14416365864575e-06    -3.74784764009964e-07    8.33473915326476e-06    1.86682633480849e-05    0.00288698599133948    0.00432067855870132
173.499999999987    -6.69876704757096e-06    1.95636192006185e-06    8.30068313408006e-06    1.85121315205229e-05    0.00288108282779237    0.00430257221824003
173.999999999987    -5.29671950060519e-06    3.69719942424668e-06    8.28552137933228e-06    1.83545184822861e-05    0.00287845328676614    0.00428421577572868
174.499999999986    -3.90228430358097e-06    6.3927247211084e-07    8.24744674429896e-06    1.82301031408789e-05    0.00287183417287213    0.00426967243851441
174.999999999986    -3.75014824458132e-06    2.56491247834428e-06    8.18933931367496e-06    1.81627379307153e-05    0.00286169971346805    0.00426177561022859
175.499999999985    1.89113342117588e-07    1.26258285126193e-05    8.14426803549407e-06    1.80732094253077e-05    0.0028538163920845    0.00425124099690456
175.999999999985    5.8826439719485e-06    6.87429964393068e-06    8.11435990233676e-06    1.79033674315786e-05    0.00284856548052465    0.00423123151996946
176.499999999984    6.96651135212723e-06    -1.13782171097486e-06    8.07455563453084e-06    1.78248549435884e-05    0.00284156771910339    0.00422194903438568
176.999999999984    5.73504839814093e-06    -3.7122485886157e-06    8.02925929614564e-06    1.77194116376785e-05    0.00283358896196423    0.00420944151365581
177.499999999984    3.30705717396687e-06    -6.49668391618429e-06    7.98132818523358e-06    1.76134663344962e-05    0.00282512251922044    0.00419683501314912
177.999999999983    -4.08049768679539e-07    -6.76956095733445e-06    7.94263108940698e-06    1.74435754736728e-05    0.00281826736185593    0.00417654518073458
178.499999999983    -2.60283243971217e-06    -2.5602352252968e-06    7.892369788242e-06    1.73216038356825e-05    0.00280933497709072    0.00416192230596369
178.999999999982    -3.25519158512764e-06    -6.02384223647174e-07    7.83919885562407e-06    1.73076420797939e-05    0.00279985504256056    0.00416024539143151
179.499999999982    -3.33176205197278e-06    8.19338950092884e-07    7.82429739599816e-06    1.71466963297335e-05    0.00279719257387828    0.00414085687490128
179.999999999981    -1.67717007993636e-06    6.19427045290796e-06    7.79661375779768e-06    1.70005023830891e-05    0.00279224120464157    0.0041231618952089
180.499999999981    1.97122785336156e-06    8.35261860255129e-06    7.73141547425291e-06    1.69879060510993e-05    0.0027805415998531    0.00412163029453901
180.99999999998    6.60315114226237e-06    9.3140973107044e-06    7.69112226707529e-06    1.68850827158087e-05    0.00277327940631129    0.00410913567108705
181.49999999998    9.42536735579547e-06    -2.64318794981191e-07    7.68386495581756e-06    1.67077276319778e-05    0.00277196250304144    0.00408750872318499
181.999999999979    6.44134190953417e-06    -9.13559594980683e-06    7.64871808114093e-06    1.66243587362326e-05    0.00276562408693867    0.00407728773538479
182.499999999979    2.2199052947086e-06    -7.14057271725553e-06    7.5907918364176e-06    1.65346242780266e-05    0.00275513827392348    0.00406627265321053
182.999999999979    -1.17769437471684e-06    -6.66898268262626e-06    7.53541612709413e-06    1.64902728521486e-05    0.00274507098999827    0.00406081622051757
183.499999999978    -3.57100805438479e-06    -2.89492455602576e-06    7.51579719150141e-06    1.6315821690677e-05    0.00274149310402249    0.00403928376201634
183.999999999978    -4.5175593947438e-06    -1.11640883604557e-06    7.48645300891037e-06    1.62421576454579e-05    0.00273613460936546    0.00403015587776567
184.499999999977    -4.84796896343981e-06    3.16792064361036e-07    7.44660417565722e-06    1.61696754115857e-05    0.00272884236863439    0.00402115348018805
184.999999999977    -3.6570795740373e-06    4.89399361182965e-06    7.41466747197391e-06    1.60772451453074e-05    0.00272298624633745    0.00400964103058291
185.499999999976    7.86084562419305e-07    1.20728525401552e-05    7.39236860971333e-06    1.59463034247654e-05    0.00271889094885845    0.00399326403722531
185.999999999976    6.04600959261962e-06    7.09222148631981e-06    7.3538315842609e-06    1.58746395038152e-05    0.00271178816097956    0.00398429281105312
186.499999999975    7.80171854312212e-06    8.62974435563823e-07    7.31754265363209e-06    1.58467772723849e-05    0.00270508443247523    0.00398080099071281
186.999999999975    7.21416001757962e-06    -3.33020287676317e-06    7.30056566279498e-06    1.56991649068565e-05    0.0027019462649524    0.00396221577108129
187.499999999974    4.34689145045522e-06    -8.39991246078952e-06    7.27113989203764e-06    1.5623541725213e-05    0.00269650162183752    0.00395265368666212
187.999999999974    -2.43358183606857e-07    -8.39448986296865e-06    7.23704683856502e-06    1.55214367481002e-05    0.00269017597553428    0.00393971652287828
188.499999999974    -3.12318958991075e-06    -3.35585962037393e-06    7.1940034192891e-06    1.54566424997367e-05    0.00268216212503567    0.0039314922406057
188.999999999973    -4.68543447522449e-06    -3.73599263342265e-06    7.16138128374846e-06    1.5360354698388e-05    0.00267607162281809    0.00391922705909559
189.499999999973    -6.52565795477029e-06    -1.5263917729508e-06    7.13692997931482e-06    1.53051376249831e-05    0.00267149534813428    0.00391217781997589
189.999999999972    -5.15613963273336e-06    6.06851348527155e-06    7.13083034687735e-06    1.51509311871159e-05    0.00267035648577141    0.00389241497791024
190.499999999972    -1.33065425756238e-06    9.51108657578356e-06    7.10122981972482e-06    1.50714774182955e-05    0.00266481294823559    0.00388218842375376
190.999999999971    4.33248248277845e-06    1.18215378841404e-05    7.04465576887677e-06    1.50342712030509e-05    0.00265417350572119    0.00387738719427051
191.499999999971    8.5848567818084e-06    3.61531791281677e-06    6.99414348686084e-06    1.49401689274836e-05    0.00264463036870843    0.0038652497793752
191.99999999997    8.05073180586298e-06    -4.3457336845861e-06    6.96339901109516e-06    1.48820587963277e-05    0.00263881302801327    0.00385772470647225
192.49999999997    5.26126114469301e-06    -6.38434683710674e-06    6.95940392104383e-06    1.47169363899032e-05    0.00263806297123003    0.00383626063113792
192.999999999969    1.65975122141917e-06    -7.77287047798552e-06    6.92753098746574e-06    1.46568855794576e-05    0.00263201980096876    0.00382842332585389
193.499999999969    -2.08668852959279e-06    -6.69246700446005e-06    6.87879640281685e-06    1.46153680050927e-05    0.00262274513602596    0.00382299924352309
193.999999999969    -4.55557400381953e-06    -2.8912627095657e-06    6.84558450851765e-06    1.45423426075056e-05    0.00261640282740696    0.00381344126060774
194.499999999968    -4.93209516771175e-06    1.59926652320719e-06    6.83331236881736e-06    1.4413968818502e-05    0.00261405586077548    0.00379657296266628
194.999999999968    -2.67521883801802e-06    6.65518578688035e-06    6.81097590758165e-06    1.43326919460113e-05    0.00260978327659325    0.00378584834013639
195.499999999967    2.20518067736914e-07    4.28983832589567e-06    6.77087899705068e-06    1.43209366274717e-05    0.00260209126442991    0.00378429890795625
195.999999999967    2.38776149626111e-06    5.37204856026005e-06    6.74989106137157e-06    1.41958101640069e-05    0.00259805414877493    0.00376772893200946
196.499999999966    5.62101707336903e-06    6.03974530324528e-06    6.72122016245692e-06    1.41352723696179e-05    0.00259252551899185    0.00375968561067206
196.999999999966    6.02888578630161e-06    -5.78453184179756e-06    6.69325319297295e-06    1.40395969745419e-05    0.0025871252087035    0.00374694055380296
197.499999999965    8.91842053500695e-07    -1.24803806613174e-05    6.6574176438134e-06    1.39746344502404e-05    0.00258019705612404    0.00373824540263731
197.999999999965    -4.4739452610311e-06    -8.00967854512806e-06    6.62632495740536e-06    1.39242981235347e-05    0.00257416101695663    0.00373151898944441
198.499999999964    -7.40458259242776e-06    -4.07692205904298e-06    6.61220699530644e-06    1.37881582660966e-05    0.00257141054043556    0.00371323870021887
198.999999999964    -8.26833415893238e-06    8.20221438898734e-07    6.57614846855688e-06    1.37408439213148e-05    0.00256438688641303    0.00370686434180583
199.499999999964    -6.5519573437917e-06    6.3549138239478e-06    6.53279589368581e-06    1.36809825408497e-05    0.00255592507040812    0.00369877576448208
199.999999999963    -1.99172813370782e-06    1.11382954453511e-05    6.50261022425331e-06    1.36114064748308e-05    0.00255002083467417    0.00368934715270946
200.499999999963    3.42684807880237e-06    9.44808994344644e-06    6.48716079264184e-06    1.35345561875875e-05    0.00254698823109846    0.00367892197813218
200.999999999962    7.08495188607805e-06    5.19839578577065e-06    6.47940440950118e-06    1.34148532197852e-05    0.00254545756455651    0.00366262558780808
201.499999999962    8.75451716143273e-06    1.18906262354248e-06    6.44915354036053e-06    1.33642900203288e-05    0.00253950327796398    0.0036557199846896
201.999999999961    7.30609167115431e-06    -7.19801685521431e-06    6.40566392043462e-06    1.33210366083042e-05    0.00253093076583677    0.00364979243202371
202.499999999961    2.45572900662321e-06    -1.20884994500709e-05    6.36877231862039e-06    1.32453154985597e-05    0.0025236414737469    0.00363939134564294
202.99999999996    -5.06606598656786e-06    -1.65830298476013e-05    6.3384650660686e-06    1.32060282955332e-05    0.00251762574681862    0.00363397211032972
203.49999999996    -1.17733504327111e-05    -8.72255217276184e-06    6.33150985825743e-06    1.31380842873164e-05    0.0025162216210972    0.003624639044705
203.999999999959    -1.31788549296593e-05    3.5703164823515e-06    6.33792455338821e-06    1.29946458795671e-05    0.00251748900120159    0.00360480694800808
204.499999999959    -8.07787977788748e-06    1.60911783225929e-05    6.30103755328392e-06    1.29418309605105e-05    0.00251017375915338    0.00359743964987471
204.999999999959    1.4706170616881e-06    1.98278945975826e-05    6.2419036794321e-06    1.29259283282169e-05    0.00249837977831985    0.00359521003319872
205.499999999958    9.2737733237489e-06    1.03887751401586e-05    6.20814780471333e-06    1.2883412680254e-05    0.00249159824246239    0.00358933207625111
205.999999999958    1.2224742327446e-05    1.60372891393547e-06    6.20964270568266e-06    1.27761261190836e-05    0.00249188548319494    0.00357437037072785
206.499999999957    1.04022829059407e-05    -9.5608417779921e-06    6.21362026479079e-06    1.26771797127239e-05    0.00249269172929609    0.00356048989649295
206.999999999957    3.04292449131678e-06    -1.78223646231727e-05    6.19013856295262e-06    1.26222761170675e-05    0.00248799704653425    0.00355273957396073
207.499999999956    -4.93918838389153e-06    -1.23092929681355e-05    6.13978541301173e-06    1.25712481715019e-05    0.00247785411544543    0.00354557423456463
207.999999999956    -8.56792391377341e-06    -3.05356011127357e-06    6.08138109647312e-06    1.25788071940484e-05    0.00246603075551643    0.00354666010068896
208.499999999955    -9.54888230360795e-06    -1.29462790721249e-06    6.06967564320424e-06    1.25100841824081e-05    0.00246365266668234    0.00353695950024122
208.999999999955    -8.89769916227689e-06    4.67823100197726e-06    6.09287882165217e-06    1.2327371504403e-05    0.00246835970891639    0.00351103255731953
209.499999999954    -5.40607377870982e-06    8.28725023318349e-06    6.06875656507772e-06    1.23050794908393e-05    0.00246347870691915    0.00350784988451941
209.999999999954    -6.95163658170197e-07    1.10281844638075e-05    6.00750112455249e-06    1.22575876064115e-05    0.0024510203265783    0.00350106640690503
210.499999999954    5.21921314659026e-06    1.09204712519003e-05    5.94690691521303e-06    1.22496515295232e-05    0.00243862249539103    0.00349993318119516
210.999999999953    8.53489102119178e-06    2.10933488617891e-06    5.93773327743669e-06    1.21790025090974e-05    0.00243673150615162    0.00348984212534087
211.499999999953    7.69277031488481e-06    -5.44271188663545e-06    5.9598735983512e-06    1.20275394460295e-05    0.00244127311451138    0.0034680700429658
211.999999999952    3.66454998420996e-06    -9.75669501108516e-06    5.94057912473322e-06    1.19779764548409e-05    0.00243732757252829    0.00346090757775231
212.499999999952    -1.4484475121806e-06    -9.73868018691186e-06    5.88401565814344e-06    1.19408700068396e-05    0.00242569857157546    0.00345554267300345
212.999999999951    -5.22748274347851e-06    -5.0078079403052e-06    5.82475327239168e-06    1.19455197086164e-05    0.00241344690138728    0.00345622548895122
213.499999999951    -6.05720607567079e-06    1.32518302993325e-06    5.80760661415987e-06    1.185356977318e-05    0.00240989002330281    0.00344290110474727
213.99999999995    -5.20679208343926e-06    7.93902710757792e-07    5.81657478327379e-06    1.17795056227696e-05    0.00241175199234705    0.00343212834732153
214.49999999995    -5.43637250761572e-06    -2.93167479687127e-07    5.82076457676019e-06    1.16662148135241e-05    0.00241261994989144    0.00341558409757057
214.999999999949    -3.52358171747729e-06    8.5629707581944e-06    5.77926571001683e-06    1.16520917247124e-05    0.00240400775672391    0.00341350529518326
215.499999999949    1.41260746788835e-06    8.84630924156366e-06    5.72796542825112e-06    1.1646314433276e-05    0.00239331640883341    0.0034126582272605
215.999999999949    4.49660003019574e-06    3.64735982303263e-06    5.70519341972921e-06    1.15779116814698e-05    0.00238855043914031    0.00340263109640703
216.499999999948    5.21465501589092e-06    -3.26283065866054e-07    5.70837003746249e-06    1.14874538996083e-05    0.0023892138549815    0.00338931464947527
216.999999999948    4.69491594903184e-06    -1.75843889571833e-06    5.70489256900958e-06    1.13981600717349e-05    0.00238848707904686    0.00337611566443265
217.499999999947    3.15152436811783e-06    -4.46199202510169e-06    5.67579613123726e-06    1.13823114902466e-05    0.00238239085775853    0.00337376519350025
217.999999999947    5.93666309564526e-07    -5.56084235410126e-06    5.64357166773043e-06    1.13418099557936e-05    0.00237562019592584    0.00336775578580542
218.499999999946    -2.40997790480634e-06    -5.88002423144686e-06    5.62120906977204e-06    1.12883950905005e-05    0.00237090768731693    0.00335981554788586
218.999999999946    -4.52350201839623e-06    -2.36616564079026e-06    5.60116497085911e-06    1.12307612554058e-05    0.00236667372250351    0.00335123196103551
219.499999999945    -4.87547590532461e-06    9.18812298881241e-07    5.57084943253952e-06    1.11942135309241e-05    0.00236025965992605    0.00334577534910939
219.999999999945    -3.50994784527842e-06    4.49907594934164e-06    5.54873940114108e-06    1.11445306187863e-05    0.00235557362046004    0.00333833946403027
220.499999999944    -8.07465904226011e-07    5.71188589011595e-06    5.54800919447823e-06    1.10604484151622e-05    0.00235542109663581    0.00332572034144812
220.999999999944    1.61001052865162e-06    3.52111876055005e-06    5.5420893817824e-06    1.09629042888125e-05    0.00235416371343382    0.00331102580638315
221.499999999944    2.88454594271083e-06    2.2637736830606e-06    5.49607048633618e-06    1.09497087142366e-05    0.00234436818049787    0.00330903363379179
221.999999999943    4.20155384850031e-06    2.81201932582355e-06    5.44851160319113e-06    1.09599707287e-05    0.00233420092325755    0.00331058345631813
222.499999999943    5.33559247848054e-06    1.47869496883948e-06    5.44347015885026e-06    1.08735429778315e-05    0.00233311844755108    0.00329750523749283
222.999999999942    5.99501210979185e-06    1.4764210527008e-06    5.45676105549339e-06    1.07673954455465e-05    0.00233596342337015    0.0032813706382741
223.499999999942    6.1283973815104e-06    -1.77741310207492e-06    5.43605865206592e-06    1.07103321648767e-05    0.00233152763114904    0.00327266390050664
223.999999999941    4.40739413739154e-06    -4.44757143872907e-06    5.37601156641262e-06    1.07350004025002e-05    0.00231861858469424    0.00327642802783893
224.499999999941    2.34434357046467e-06    -3.20211382648664e-06    5.34482940881643e-06    1.07053373601915e-05    0.0023118875216735    0.00327189961744833
224.99999999994    1.02843678408692e-06    -2.72915643267566e-06    5.35130415676196e-06    1.06119278730111e-05    0.00231328837352366    0.00325759426950568
225.49999999994    -3.36995250887791e-07    -2.31345899014384e-06    5.35359097548204e-06    1.05313053402788e-05    0.0023137828035311    0.00324519644831962
225.999999999939    -1.19613115130678e-06    -1.30119996914097e-06    5.32721318175114e-06    1.04962202983266e-05    0.00230807533478035    0.00323978681477736
226.499999999939    -1.6303524690834e-06    -3.00871056056723e-07    5.28453702545394e-06    1.05054715837987e-05    0.00229881151193497    0.00324121450898816
226.999999999939    -1.42795527838385e-06    1.83281538525102e-06    5.26803108647821e-06    1.0436431000992e-05    0.00229521873629115    0.00323054602842611
227.499999999938    1.00112886414759e-06    7.55301362261417e-06    5.26377715052107e-06    1.03463400761496e-05    0.00229429207998068    0.00321656385419827
227.999999999938    4.69795522239911e-06    5.40471596336132e-06    5.24532520231935e-06    1.03102103319487e-05    0.00229026267740975    0.00321094707539599
228.499999999937    5.47540435703542e-06    -1.79531134303085e-06    5.21690435970439e-06    1.02797584362827e-05    0.00228404780590326    0.00320620573468701
228.999999999937    4.20667434655943e-06    -1.92951959475742e-06    5.19260224868074e-06    1.02193294389742e-05    0.00227872432570763    0.00319676801096488
229.499999999936    3.68127344417383e-06    -1.45948510814381e-06    5.16888124199148e-06    1.01920078927219e-05    0.00227351439190899    0.00319249209280542
229.999999999936    1.36998597653593e-06    -8.28802073144856e-06    5.15014765862066e-06    1.01307011912932e-05    0.00226939326291392    0.00318286545427318
230.499999999935    -3.70104947692035e-06    -1.03056294862868e-05    5.1310294127012e-06    1.00979991961753e-05    0.00226517454403275    0.0031777182049666
230.999999999935    -7.69687456887566e-06    -4.89733237063107e-06    5.11912793590643e-06    1.0022389960922e-05    0.00226253589894797    0.00316581205649635
231.499999999934    -8.23771530389185e-06    1.92446485095229e-06    5.09704223040921e-06    9.97709519367708e-06    0.00225764797310293    0.00315865342988308
231.999999999934    -7.04516129314667e-06    2.60476439844394e-06    5.06283824475258e-06    9.96233230243881e-06    0.00225006413474259    0.00315631518033945
232.499999999934    -4.88444590601817e-06    6.75478079610365e-06    5.04012715044193e-06    9.92563618094657e-06    0.00224501743704367    0.00315049052591544
232.999999999933    -4.39770891013403e-07    1.00318416233754e-05    5.04023759166706e-06    9.85424537478492e-06    0.00224504730423851    0.0031391312073468
233.499999999933    4.05580452989307e-06    7.33602729581672e-06    5.04257915414987e-06    9.77369257883964e-06    0.00224556511920708    0.00312628193890813
233.999999999932    6.68795181250984e-06    3.09043171780004e-06    5.01810424409667e-06    9.7413744792798e-06    0.0022401025680529    0.00312111597485765
234.499999999932    7.17691927368273e-06    -9.98734126919753e-07    4.97335962045218e-06    9.75784029957993e-06    0.00223009150311863    0.00312375403995098
234.999999999931    5.81108544399381e-06    -4.38262002693597e-06    4.95143971303668e-06    9.72188013581749e-06    0.0022251754861859    0.00311798988588148
235.499999999931    2.68513122567597e-06    -8.23929870941056e-06    4.95740226526934e-06    9.64018125396551e-06    0.0022265208409848    0.00310485319587292
235.99999999993    -1.93237120981791e-06    -9.13388963222403e-06    4.96037451909259e-06    9.57973277218374e-06    0.00222718898727389    0.00309510086172388
236.49999999993    -5.41277282329844e-06    -4.28594698775076e-06    4.94255966860758e-06    9.51873013735363e-06    0.00222318023796946    0.00308524095785273
236.999999999929    -6.40632085659239e-06    -1.68095560233909e-07    4.89673541419435e-06    9.51793301278778e-06    0.00221284757117327    0.00308511474414351
237.499999999929    -5.48723144669642e-06    4.67339429157314e-06    4.85908169347262e-06    9.49821371144543e-06    0.00220432565283891    0.00308191367024309
237.999999999929    -8.53136738206813e-07    1.34270387855092e-05    4.85093750696298e-06    9.44287450505513e-06    0.00220248422902882    0.00307289671477656
238.499999999928    5.85600431235835e-06    1.11879666038226e-05    4.85256849291678e-06    9.37572092975086e-06    0.00220284683991654    0.00306195946399591
238.999999999928    9.13454081327526e-06    1.83779239961746e-06    4.83941878142483e-06    9.35482085635028e-06    0.00219984893608378    0.00305856461087049
239.499999999927    7.4341366065188e-06    -8.70290392919866e-06    4.82258314994632e-06    9.29830713509018e-06    0.00219602547425098    0.00304930014832148
239.999999999927    1.69822132318728e-06    -1.2293481806509e-05    4.79749216773196e-06    9.26499714117265e-06    0.00219031716511018    0.00304382095588386
240.499999999926    -3.5809951689554e-06    -8.29425341021091e-06    4.77348251966642e-06    9.24088559924208e-06    0.00218482715475161    0.00303987118223823
240.999999999926    -6.38835603411107e-06    -3.00081520559664e-06    4.76373289378878e-06    9.20488041505276e-06    0.00218258839058031    0.00303395309953217
241.499999999925    -6.91907064814146e-06    5.28289986720972e-07    4.76739704108806e-06    9.13454899858192e-06    0.00218342601604667    0.00302234159543418
241.999999999925    -5.96877221733259e-06    3.148701706107e-06    4.75798171788302e-06    9.0739152150685e-06    0.00218127166846343    0.00301229236641234
242.499999999924    -4.0124749258017e-06    4.64896360874228e-06    4.71849896272269e-06    9.07645355057288e-06    0.00217220691067119    0.0030127117249598
242.999999999924    -1.36614442220493e-06    5.74261915836406e-06    4.68209934787731e-06    9.0710536677005e-06    0.0021638154915627    0.00301181352178811
243.499999999924    1.63524257936948e-06    6.12310565129353e-06    4.67163251139023e-06    9.01486165016224e-06    0.00216139534499636    0.00300246967640631
243.999999999923    4.57902558633544e-06    5.02473097608813e-06    4.67370061703791e-06    8.94768625722895e-06    0.00216186948023293    0.00299126411560523
244.499999999923    5.9369017660579e-06    -1.66647169916788e-07    4.66729800409831e-06    8.89447076154253e-06    0.00216038486323519    0.00298235992693224
244.999999999922    4.28593002582594e-06    -5.84682652053547e-06    4.64237253363673e-06    8.87022870858863e-06    0.00215461230026205    0.00297828717943859
245.499999999922    9.80382917561788e-07    -6.2270756157403e-06    4.61104998660502e-06    8.84002449637705e-06    0.00214733533139432    0.0029732113480051
245.999999999921    -9.29199144694276e-07    -1.18866243080233e-06    4.58425097524286e-06    8.81435801164499e-06    0.00214108619906621    0.00296889821292792
246.499999999921    -1.00892051120334e-06    -4.27381841072045e-07    4.57583219283741e-06    8.7878642202138e-06    0.00213911925214954    0.00296443317306337
246.99999999992    -2.05675352709883e-06    -3.40100964608589e-06    4.58840058152956e-06    8.68842868562309e-06    0.0021420542363102    0.0029476121045274
247.49999999992    -3.50411845220894e-06    -1.65055601260495e-06    4.57204068481755e-06    8.66252907024968e-06    0.0021382302041575    0.002943217006256
247.999999999919    -3.16486947247353e-06    3.37083557307842e-06    4.52962787870367e-06    8.67567973160853e-06    0.00212828989151029    0.00294544875512647
248.499999999919    -6.04118864905127e-07    5.78474367526701e-06    4.50038390438402e-06    8.63936654393509e-06    0.00212141074274277    0.00293927424386968
248.999999999919    1.94221940926904e-06    4.26556840326089e-06    4.49437389336742e-06    8.60576748342111e-06    0.00211999295308998    0.00293355574147608
249.499999999918    3.5214031412611e-06    1.59123648481777e-06    4.50536319261624e-06    8.51812947586778e-06    0.00212258116272056    0.00291858303699488
249.999999999918    2.85656996070091e-06    -4.83934513974525e-06    4.49278515564162e-06    8.48636735932022e-06    0.00211961718139141    0.00291313301104822
250.499999999917    -1.16751537809044e-06    -1.00800658217306e-05    4.45782632178135e-06    8.47574216168231e-06    0.00211135618944061    0.00291129533952764
250.999999999917    -5.76409271550149e-06    -7.31661314249051e-06    4.425363483112e-06    8.46915879058272e-06    0.00210364689488212    0.00291017271957436
251.499999999916    -7.9703835530038e-06    -1.03475965556188e-06    4.41744678091731e-06    8.41294738611709e-06    0.00210175718243172    0.00290050794092854
251.999999999916    -6.50609239451294e-06    6.48917329887907e-06    4.41665336789465e-06    8.362641524951e-06    0.00210157346734688    0.00289181593736201
252.499999999915    -2.7063039623436e-06    7.14763063663508e-06    4.40895306853912e-06    8.3111652492589e-06    0.0020997489717721    0.00288290030362397
252.999999999915    -3.07119061067236e-07    2.50299896286905e-06    4.38384343023165e-06    8.29841866995506e-06    0.0020937629607741    0.00288069651385759
253.499999999914    6.84148024588057e-07    2.57579151776041e-06    4.35687627083397e-06    8.28682294369663e-06    0.00208731305816244    0.00287868308589096
253.999999999914    2.56417178330261e-06    4.19159983533051e-06    4.35029571504866e-06    8.25032958140355e-06    0.00208573467633631    0.00287233563705469
254.499999999914    3.84150100350604e-06    2.75707771886994e-07    4.35727749202764e-06    8.17681718129307e-06    0.00208740574275766    0.00285951343855529
254.999999999913    2.92495918838619e-06    -3.22489599829586e-06    4.34867792028222e-06    8.16003089966945e-06    0.00208534634171304    0.00285657495958276
255.499999999913    1.35073046508344e-06    -2.89707449488691e-06    4.32444673421845e-06    8.12382613257036e-06    0.00207952997327417    0.00285023117299803
255.999999999912    -4.14450295708393e-07    -4.65047098622892e-06    4.289676461433e-06    8.137004409451e-06    0.00207115337183511    0.00285253970744854
256.499999999912    -3.20526398881109e-06    -5.86042018809094e-06    4.2786051867686e-06    8.08604540194513e-06    0.00206847647147638    0.00284359122544369
256.999999999911    -5.16938310907066e-06    -6.64092124390535e-07    4.27948308273761e-06    8.03100271392556e-06    0.00206868469328119    0.00283390230475703
257.499999999911    -3.24254109937833e-06    7.87725947209188e-06    4.27162745564222e-06    7.99395779261045e-06    0.00206678904138024    0.00282734782815869
257.99999999991    1.40985867148412e-06    9.02438317745422e-06    4.25222673192211e-06    7.96108133962354e-06    0.00206209232194406    0.00282152439297126
258.49999999991    4.46627647326685e-06    2.89613620862693e-06    4.22437824859156e-06    7.9610080302448e-06    0.00205532437852667    0.00282152434734132
258.999999999909    4.93361941968883e-06    -1.30714377059892e-07    4.21359495133637e-06    7.89650588475305e-06    0.00205269837305333    0.00281007221751805
259.499999999909    4.78092471584568e-06    -5.48912230048794e-07    4.20459730089743e-06    7.8818071320143e-06    0.0020505058994444    0.00280745557947221
259.999999999909    4.16094161036046e-06    -2.09375960200473e-06    4.19852005614451e-06    7.82970557314866e-06    0.0020490248272555    0.00279816032230453
260.499999999908    2.5024483729625e-06    -4.64698433525381e-06    4.1816884305836e-06    7.79446855287074e-06    0.00204491617635925    0.002791853677829
260.999999999908    -1.25969437197288e-07    -5.13141153842881e-06    4.14948745008617e-06    7.79857158445016e-06    0.00203702907053824    0.00279258755512979
261.499999999907    -2.03581743375964e-06    -2.25420891722867e-06    4.12881418613805e-06    7.77849961452752e-06    0.00203194735207028    0.00278899525511781
261.999999999907    -2.44544514552303e-06    3.2964061153693e-07    4.12938513351027e-06    7.72427034627792e-06    0.0020320873882066    0.00277925713772853
262.499999999906    -1.98486615148693e-06    1.33766907230544e-06    4.13072968451745e-06    7.67364928952458e-06    0.00203241869328734    0.00277013492454177
262.999999999906    -1.11476121560433e-06    2.41177127131442e-06    4.11844216440324e-06    7.64378595900489e-06    0.00202939422530731    0.00276473871140913
263.499999999905    7.85932633164989e-07    5.19604911122115e-06    4.10068821723865e-06    7.63965111303158e-06    0.00202501545661966    0.0027639869960087
263.999999999905    3.49669662730817e-06    4.85540135380941e-06    4.0946099138953e-06    7.59336434513778e-06    0.00202351122729971    0.00275560170747071
264.499999999904    5.19846456257797e-06    1.86423231803307e-06    4.08335951672426e-06    7.56310313767415e-06    0.00202072573415851    0.00275010902735001
264.999999999904    5.39541191143448e-06    -1.07096442720825e-06    4.05840707959348e-06    7.55137066699416e-06    0.00201454162754801    0.00274797553119189
265.499999999904    3.96169417421024e-06    -4.89996732391809e-06    4.03609879754085e-06    7.53575287897712e-06    0.00200900052327522    0.00274512820634981
265.999999999903    5.77499544575762e-07    -8.09234554859197e-06    4.03452275862801e-06    7.47949227388286e-06    0.0020086120643674    0.00273485407066381
266.499999999903    -3.25906844365428e-06    -6.2439734268085e-06    4.03012864157841e-06    7.43282299432425e-06    0.0020075153847608    0.00272631326283685
266.999999999902    -4.85207096515208e-06    2.61185744702146e-07    4.010182162331e-06    7.42308113596027e-06    0.00200253804451709    0.00272453318345405
267.499999999902    -3.3250783214362e-06    4.86127479618085e-06    3.9867888690937e-06    7.40692895562582e-06    0.00199669171705295    0.00272156302951689
267.999999999901    -9.61986652081087e-07    4.11686197986538e-06    3.9675855242158e-06    7.39770076681057e-06    0.00199187966473818    0.0027198683457583
268.499999999901    8.28688222547173e-07    3.18613649304349e-06    3.96720842682265e-06    7.35507594229722e-06    0.00199178506373014    0.00271202245396889
268.9999999999    2.05250116333267e-06    1.31827298399912e-06    3.97388292549448e-06    7.302128105514e-06    0.00199345898195409    0.00270224469056197
269.4999999999    1.81816780171241e-06    -2.40396293221311e-06    3.96486796632287e-06    7.2488095492393e-06    0.00199119679102511    0.00269236026010665
269.999999999899    -1.71933391766669e-07    -5.04752052748087e-06    3.92960850157475e-06    7.27199669842497e-06    0.0019823240078286    0.00269665927046067
270.499999999899    -2.58965727111073e-06    -4.08791080874741e-06    3.90844380098953e-06    7.24414739123279e-06    0.00197697675622774    0.00269149227756983
270.999999999899    -4.03235883348401e-06    -1.6722506926198e-06    3.90690055779076e-06    7.20247609902152e-06    0.00197658399717113    0.00268374240615584
271.499999999898    -4.33909805328521e-06    2.13819599001702e-07    3.90503972279849e-06    7.1599027727559e-06    0.00197611257144591    0.00267579945568368
271.999999999898    -4.24728636735065e-06    -2.83505512258665e-07    3.8882530034921e-06    7.16005993908485e-06    0.00197186078718824    0.00267582881715357
272.499999999897    -4.63512622519559e-06    -8.04722837124568e-07    3.86987765609156e-06    7.13654348234473e-06    0.00196719500093317    0.00267143085906521
272.999999999897    -4.46038555115058e-06    2.01074629330161e-06    3.85716484633054e-06    7.11176295693123e-06    0.00196396154526795    0.00266678812691046
273.499999999896    -2.30172512317796e-06    6.64738616000779e-06    3.85140342111969e-06    7.06241267923626e-06    0.00196249792947181    0.00265751171050919
273.999999999896    1.77057653926068e-06    8.93978911197107e-06    3.83936214918468e-06    7.04362629941683e-06    0.00195942823656377    0.00265396804419109
274.499999999895    5.9422356089288e-06    7.04035719542117e-06    3.82675626396299e-06    7.01733711830707e-06    0.00195620064252084    0.00264901633661962
274.999999999895    8.16728760821032e-06    1.5276997023494e-06    3.81634124583431e-06    6.98011229495415e-06    0.00195352874082964    0.00264198977308539
275.499999999894    7.625241273286e-06    -3.25685411663707e-06    3.79818902672809e-06    6.96107053814834e-06    0.00194887939145131    0.00263838206692086
275.999999999894    5.22365224109897e-06    -6.23768520386054e-06    3.78083848828343e-06    6.95287920539036e-06    0.00194443081690779    0.00263682390323542
276.499999999894    1.44607569983096e-06    -8.75871501763305e-06    3.77707487571191e-06    6.90419443671337e-06    0.00194346926514853    0.00262756878532696
276.999999999893    -3.07791203806678e-06    -8.30024826890667e-06    3.76760542460739e-06    6.87248653010458e-06    0.00194102961107369    0.00262152963667841
277.499999999893    -5.60084298267798e-06    -9.54591355904353e-07    3.74866838708482e-06    6.86425186237403e-06    0.00193613972058906    0.00261997155540463
277.999999999892    -4.08446574278727e-06    6.18908331421684e-06    3.73360516418614e-06    6.83368033930534e-06    0.00193224959084631    0.00261412356910554
278.499999999892    -5.64046783054868e-07    6.85957031828494e-06    3.72435419140665e-06    6.82042572496725e-06    0.00192985851120176    0.002611585470794
278.999999999891    2.39461482459493e-06    5.17913379774832e-06    3.72605571213464e-06    6.78223632969016e-06    0.00193029789875928    0.00260426755658156
279.499999999891    4.71780433130115e-06    3.80966846618131e-06    3.72488192545573e-06    6.7527327186821e-06    0.00192998955120954    0.00259859927751631
279.99999999989    5.72770571017013e-06    -8.3384052606828e-08    3.71009847037955e-06    6.72577850882153e-06    0.00192615307381497    0.00259341059261133
280.49999999989    4.73631743334498e-06    -3.46658872460943e-06    3.68170662527913e-06    6.71146126400538e-06    0.00191877153214662    0.00259064649204943
280.999999999889    2.65042476623379e-06    -4.66280684562526e-06    3.652390234298e-06    6.71742882746859e-06    0.001911120930121    0.0025917961119079
281.499999999889    1.55975378967194e-07    -5.19730066780705e-06    3.64893747130118e-06    6.67998820738321e-06    0.00191021921437642    0.00258456208968734
281.999999999889    -2.2371238165372e-06    -3.99046867741536e-06    3.66440940407375e-06    6.60919728915436e-06    0.00191426340908214    0.00257083281551214
282.499999999888    -3.66358536422444e-06    -1.79046096900398e-06    3.66294393209645e-06    6.58510195831102e-06    0.00191387839484089    0.00256614472556801
282.999999999888    -4.09138884235808e-06    2.36021690779045e-07    3.63803960014219e-06    6.56812412458297e-06    0.00190736018116126    0.00256283516225229
283.499999999887    -3.26875815317034e-06    2.81755445782939e-06    3.60017283644387e-06    6.60291412420391e-06    0.00189740932633525    0.00256961206908568
283.999999999887    -1.86183196308814e-06    2.31811522551618e-06    3.58703935593296e-06    6.56410032723288e-06    0.00189394717178561    0.00256204897563936
284.499999999886    -9.82477897709187e-07    1.50642727244455e-06    3.5928315238408e-06    6.5328915538231e-06    0.00189547634081198    0.00255595173751383
284.999999999886    -6.48906919938472e-08    2.25613406663352e-06    3.60489815763139e-06    6.47916583321401e-06    0.00189865693410384    0.00254541956130479
285.499999999885    1.17846540010482e-06    2.69752951910683e-06    3.59793455326843e-06    6.45139263151564e-06    0.0018968218589229    0.0025399577466663
285.999999999885    2.93458616880922e-06    4.6859083924032e-06    3.57018436208011e-06    6.46193068614091e-06    0.00188949087065382    0.0025420284672685
286.499999999884    5.63943479779653e-06    5.20004820845356e-06    3.54905387889184e-06    6.43375819578562e-06    0.00188388483609455    0.00253648007192729
286.999999999884    7.03227714197868e-06    -3.49186882141203e-07    3.53644282331722e-06    6.42252817542259e-06    0.00188053007697176    0.00253427071432614
287.499999999884    5.32403599267499e-06    -5.8812917338023e-06    3.53823249312133e-06    6.38198383435527e-06    0.00188101146933294    0.00252625201529119
287.999999999883    1.7204833473227e-06    -8.29680639990335e-06    3.54051745822027e-06    6.34283321327095e-06    0.00188162549359784    0.00251848453961395
288.499999999883    -2.95155577830201e-06    -1.02051786214444e-05    3.52569859027947e-06    6.32190742154604e-06    0.00187768204938908    0.00251431964473003
288.999999999882    -7.71496541128161e-06    -7.55928421839787e-06    3.50082352903103e-06    6.32443111030419e-06    0.00187103287206284    0.00251483080296196
289.499999999882    -9.33468235507485e-06    1.6276900998363e-06    3.48831770115549e-06    6.30809220944537e-06    0.00186768053072811    0.00251159104156515
289.999999999881    -6.46317173335257e-06    8.82343115144392e-06    3.4895336056707e-06    6.25798280799396e-06    0.00186801815651825    0.00250158049142071
290.499999999881    -1.50288483256322e-06    1.03566604284638e-05    3.48132559496271e-06    6.23444025472541e-06    0.00186583046826337    0.00249686463275649
290.99999999988    3.42839884120852e-06    8.82422803362121e-06    3.46039208507885e-06    6.23621012448267e-06    0.00186020975461377    0.00249722491127297
291.49999999988    6.6127160789745e-06    3.28887154054547e-06    3.44859186768863e-06    6.22996447607719e-06    0.00185702669331237    0.00249598751186803
291.999999999879    6.56368739965434e-06    -3.17956932602009e-06    3.45498090751191e-06    6.16606505608778e-06    0.00185874630477632    0.00248315423331429
292.499999999879    3.88985659514322e-06    -7.11307068460255e-06    3.44884527844979e-06    6.14086787582092e-06    0.00185710262168397    0.00247806724687736
292.999999999879    -1.90051728817496e-07    -8.62634056443441e-06    3.42621712735712e-06    6.1452150780209e-06    0.00185100434662846    0.00247893942327548
293.499999999878    -3.8453994492216e-06    -5.17216199959804e-06    3.40880816431815e-06    6.13470365031764e-06    0.00184629179092072    0.00247682799141521
293.999999999878    -5.12998679289962e-06    -2.4860647138333e-07    3.40695530317721e-06    6.10162425254715e-06    0.00184578682041364    0.00247014659296609
294.499999999877    -4.4062455658157e-06    3.00034520915708e-06    3.41098192374575e-06    6.05686801777148e-06    0.00184687912672859    0.00246106867350347
294.999999999877    -2.28700476999411e-06    5.05869570338518e-06    3.39884441325228e-06    6.03458868329906e-06    0.00184359409384535    0.0024565347733946
295.499999999876    -2.38621681705709e-08    3.37601336712397e-06    3.37135605111782e-06    6.04937580737844e-06    0.00183612528182268    0.00245954556979784
295.999999999876    9.44920902791011e-07    7.5079150822172e-07    3.35688298775703e-06    6.02682319644264e-06    0.00183217960224469    0.00245495878432913
296.499999999875    9.24697365906417e-07    -8.04668309436273e-07    3.35745477948868e-06    5.98865259485423e-06    0.00183233564731559    0.00244717223491996
296.999999999875    1.47798126491935e-07    -2.25673058072832e-06    3.35845724420381e-06    5.95069746590923e-06    0.00183260940256224    0.00243940410204548
297.499999999874    -1.18798086301293e-06    -2.73491227231164e-06    3.34791140416742e-06    5.93610265102195e-06    0.00182972948625443    0.00243641030437749
297.999999999874    -2.04946678804438e-06    -2.01522683937198e-07    3.3307385797552e-06    5.92555449045263e-06    0.00182502996672413    0.00243424617691827
298.499999999874    -1.23227106471984e-06    3.11341105465532e-06    3.31677044937059e-06    5.90820735204576e-06    0.00182119986022364    0.00243067843589344
298.999999999873    1.88817991043856e-07    1.58905552038286e-06    3.30745827148368e-06    5.88243970101246e-06    0.00181864186574252    0.00242537361573738
299.499999999873    1.3645003861065e-07    -1.171009521544e-06    3.29835145527349e-06    5.87620025854454e-06    0.00181613640364783    0.00242408722765524
