#t    rel_diff_friedmann    LHS_friedmann    RHS_friedmann
0    0    0.163004905481898    0.163004905481898
0.5    -8.99550858599947e-07    0.148587385875036    0.148587653199097
1    7.90242294787732e-06    0.113853515796308    0.113851716373256
1.5    2.15112581890336e-05    0.0790435942981576    0.0790401937169781
2    2.92570273543763e-05    0.0587837280132287    0.0587802884395835
2.49999999999999    2.42653627735676e-05    0.0546437996836036    0.0546411478447061
2.99999999999998    1.58030878678167e-05    0.0605372786822792    0.060535365360647
3.49999999999997    1.34792244978658e-05    0.0667153984756889    0.0667135999562646
3.99999999999996    1.91884384293841e-05    0.065082548483521    0.0650800508664976
4.49999999999995    3.06015673364022e-05    0.0560457825054284    0.0560423524328195
4.99999999999994    4.05002723292067e-05    0.0464757767699576    0.0464720123591855
5.49999999999993    4.05871476528773e-05    0.0418440967193824    0.0418407001921738
5.99999999999992    3.32149101988262e-05    0.0427901438886512    0.0427873014414895
6.49999999999991    2.84562399349983e-05    0.0461003967055034    0.0460977730922621
6.9999999999999    3.13257968541274e-05    0.0471898300195511    0.0471868735941059
7.49999999999988    4.06868935827299e-05    0.0440085314209238    0.0440049504257541
7.99999999999987    5.08953556265574e-05    0.0387537699271897    0.0387498253541455
8.49999999999986    5.39447067064913e-05    0.0350279552699818    0.0350241763282886
8.99999999999985    4.83361804564375e-05    0.0345252309126338    0.0345218934383712
9.49999999999984    4.22771465782301e-05    0.0362738972436031    0.0362708302595249
9.99999999999983    4.27338379106848e-05    0.0376514456946225    0.0376482278505785
10.4999999999998    5.02373519259758e-05    0.0365988253668868    0.0365951482954731
10.9999999999998    6.0329311884651e-05    0.0335241934276504    0.0335201486886248
11.4999999999998    6.55267855163794e-05    0.0306137346667709    0.0306097228903989
11.9999999999998    6.20333606528043e-05    0.0295799019248971    0.0295762322710897
12.4999999999998    5.54253014473257e-05    0.0304165828986722    0.0304132113889868
12.9999999999998    5.37413623589001e-05    0.0316273545203264    0.0316239553087652
13.4999999999998    5.93066411084743e-05    0.0315049236702631    0.0315011869894706
13.9999999999997    6.89354979815698e-05    0.02970244920562    0.0296983543816442
14.4999999999997    7.57427531641285e-05    0.0274576522568273    0.0274534931354959
14.9999999999997    7.44245059046903e-05    0.0262426771166346    0.0262387712107737
15.4999999999997    6.79304955277195e-05    0.0265034854887138    0.0264998849434957
15.9999999999997    6.45812987481896e-05    0.0274463031612513    0.0274427583543716
16.4999999999998    6.81268817132762e-05    0.0277467339532493    0.0277429536138681
16.9999999999999    7.69189257922289e-05    0.0267472257397001    0.0267431113204332
17.4999999999999    8.48872806817206e-05    0.0250483853735445    0.025044133155864
18    8.57316224286069e-05    0.0238184425246648    0.0238143588873189
18.5000000000001    8.03163688061935e-05    0.0237029079898239    0.0236991008326012
19.0000000000002    7.52124290402429e-05    0.0243694035232558    0.0243657380348796
19.5000000000002    7.66268635644671e-05    0.0248406023074728    0.0248367956842747
20.0000000000003    8.4442214685011e-05    0.0243655220815083    0.024361407471662
20.5000000000004    9.31349457502382e-05    0.0231180066720799    0.0231137008845046
21.0000000000005    9.62217730617362e-05    0.0219626643482831    0.0219584381819228
21.5000000000006    9.15487706584204e-05    0.021603205223974    0.0215992500923004
22.0000000000006    8.72530480342469e-05    0.0220152751114232    0.0220114336468891
22.5000000000007    8.51546012446405e-05    0.0225199837404781    0.022516148706578
23.0000000000008    9.17109422880536e-05    0.0223867749297209    0.0223826690818249
23.5000000000009    0.000100733662635472    0.0215115921510591    0.0215072587046501
24.000000000001    0.000105529489241985    0.0204812568925791    0.0204769345955511
24.500000000001    0.000103552382912882    0.0199729936338976    0.0199688575600285
25.0000000000011    9.817892538791e-05    0.0201643878197463    0.0201604287725868
25.5000000000012    9.49551024502083e-05    0.0206259043239293    0.0206219876261233
26.0000000000013    9.93921468955082e-05    0.0207078764066693    0.0207037604151792
26.5000000000013    0.000107711953076694    0.0201363080964425    0.020131970721484
27.0000000000014    0.00011421705113185    0.0192577095395461    0.0192533109243526
27.5000000000015    0.000113594521290763    0.0186717043798474    0.0186674628550199
28.0000000000016    0.000110170745459547    0.0186796894689655    0.018675574011741
28.5000000000017    0.000106621319751385    0.0190556343477533    0.0190515713071944
29.0000000000017    0.000107540482712592    0.0192603804890989    0.0192562383933118
29.5000000000018    0.000114615772987581    0.0189300130350538    0.0189256741762021
30.0000000000019    0.000122191834776072    0.0182139433142546    0.0182094926677831
30.500000000002    0.000123962297013432    0.0176058205114122    0.0176014561365274
31.000000000002    0.000120274838337589    0.0174691681335565    0.0174649664361686
31.5000000000021    0.000120212985647365    0.0177399210371981    0.0177356564121154
32.0000000000022    0.000115586046610154    0.0179986174323775    0.0179944571351829
32.5000000000021    0.000122083617196688    0.0178508859030868    0.0178465278336932
33.000000000002    0.000129704531684021    0.0172950681621085    0.0172905822465193
33.5000000000019    0.000132192146510889    0.0167059164053531    0.0167015002072417
34.0000000000018    0.00012882299359588    0.0164655221455923    0.0164612804163167
34.5000000000017    0.000125157005338013    0.0166284767638264    0.0166243149439971
35.0000000000016    0.000124585577761974    0.0168954427812629    0.0168912334486841
35.5000000000015    0.000128239186492066    0.0168813786996207    0.0168770495462452
36.0000000000014    0.000136497137529556    0.0164747991491897    0.0164703022371548
36.5000000000013    0.000141387329771382    0.0159328297691021    0.0159283250055051
37.0000000000012    0.000141301945580103    0.0156220908948576    0.0156176766549233
37.5000000000011    0.000130466611632648    0.0156837899585008    0.0156796980704887
38.000000000001    0.000136614335769493    0.0159247828061766    0.0159204322932684
38.5000000000009    0.000134512889478116    0.0159982686209612    0.015993965253142
39.0000000000008    0.000143087540814496    0.0157220832692969    0.0157175846445311
39.5000000000007    0.000150261491515828    0.015246179842925    0.0152415987038476
40.0000000000006    0.000152151836397254    0.0149022670424272    0.0148977329177086
40.5000000000005    0.000157527300114912    0.0148768450457443    0.0148721587654928
41.0000000000004    0.000140132675017298    0.0150686805087501    0.0150644578714622
41.5000000000003    0.000143722499924552    0.0151844934615002    0.0151801293819959
42.0000000000002    0.000150771869072484    0.0150066453108192    0.0150021208330591
42.5000000000001    0.000158656704176394    0.0146029468463261    0.014598313870543
43    0.000158138235483698    0.014257301810639    0.0142527932745087
43.4999999999999    0.000151505564512536    0.0141731350312868    0.0141688410641991
43.9999999999998    0.000155948285051662    0.0143156793537214    0.0143112150386345
44.4999999999997    0.000154634164106558    0.0144430345687017    0.0144385684861552
44.9999999999996    0.000158896313074148    0.0143349921504336    0.0143304373193781
45.4999999999995    0.000166387763559462    0.0140015230868168    0.0139968644977233
45.9999999999994    0.000167073616623297    0.0136702445180189    0.0136656774066792
46.4999999999993    0.000163393924453086    0.0135471188712785    0.013542692560676
46.9999999999992    0.000158737194862938    0.0136461335308159    0.0136418019204888
47.4999999999991    0.000161387411132084    0.0137711268868875    0.0137666826311012
47.999999999999    0.000166792276417812    0.0137097359522432    0.0137051633587793
48.4999999999989    0.000174409011796654    0.0134339183301907    0.0134292331544865
48.9999999999988    0.000176135305728834    0.0131268587520536    0.0131222353598371
49.4999999999987    0.000178467822893598    0.0129867024792614    0.0129820678893505
49.9999999999986    0.0001751609484697    0.0130496305715894    0.0130450598008737
50.4999999999985    0.000171410171100075    0.0131599159946186    0.0131554052808962
50.9999999999984    0.000175401648421319    0.0131240525436052    0.0131194493901057
51.4999999999983    0.000182962345041195    0.0128932780267257    0.0128885609210123
51.9999999999982    0.000184915610233876    0.0126163814150521    0.0126117163459596
52.4999999999981    0.000187869334670544    0.0124744429108731    0.0124697566606957
52.999999999998    0.0001832169782128    0.012512074207071    0.0125074901980845
53.4999999999979    0.00018065404666724    0.0126027035914702    0.0125981509551169
53.9999999999978    0.000184318390630744    0.0125754602927859    0.0125708253698822
54.4999999999977    0.000191584218402238    0.0123782360163565    0.0123734939755119
54.9999999999976    0.000194279964127755    0.0121328551124812    0.0121281416868933
55.4999999999975    0.000194903903898565    0.0119988417988241    0.0119941654680415
55.9999999999974    0.000190844823989445    0.0120198663956445    0.0120152794124731
56.4999999999973    0.000189831811626376    0.0120931408169116    0.0120885503626668
56.9999999999972    0.000193684115168058    0.0120673628938245    0.0120626892860191
57.4999999999971    0.000200422867108904    0.0118938054590374    0.0118890388331964
57.999999999997    0.000203300451595317    0.0116763484669055    0.0116716018180688
58.4999999999969    0.000203276519566709    0.0115556235340439    0.0115509265149708
58.9999999999968    0.000199912616820686    0.0115683061304009    0.0115636817541706
59.4999999999967    0.000199542200765713    0.0116248369767593    0.0116201986112012
59.9999999999966    0.000203284072298579    0.0115940141475284    0.0115893013487449
60.4999999999965    0.000209602634311205    0.0114369145185146    0.0114321211084031
60.9999999999964    0.000212268161874404    0.0112456712959736    0.0112408981132183
61.4999999999963    0.000212223990582787    0.0111411458311606    0.0111364179976644
61.9999999999962    0.00020964176226121    0.011150423703134    0.0111457494940933
62.4999999999961    0.000209441049627486    0.0111907638706111    0.0111860772415212
62.999999999996    0.000213155561935603    0.0111504389891946    0.0111456864460485
63.4999999999959    0.000219062316336276    0.01100433940636    0.0109995191901275
63.9999999999958    0.000221362985599826    0.0108385243368608    0.0108337269026218
64.4999999999961    0.000221374589443815    0.0107529086583844    0.0107481488706013
64.9999999999963    0.000219321700646101    0.0107608123431465    0.010756093218826
65.4999999999966    0.000219617145118811    0.0107838786157959    0.0107791430065471
65.9999999999969    0.000223457258713141    0.0107308715889092    0.0107260768780245
66.4999999999971    0.000228835568198155    0.0105935905180475    0.0105887432466646
66.9999999999974    0.000230670319306557    0.010453225078591    0.0104484036932081
67.4999999999976    0.000230635103104367    0.0103874056645621    0.0103826153686197
67.9999999999979    0.000229122344004044    0.010393655302049    0.0103888935557404
68.4999999999981    0.000230071797064718    0.0103978026526234    0.010393019270861
68.9999999999984    0.000234169098076355    0.0103311677047136    0.010326330357024
69.4999999999986    0.000238837781831106    0.0102034846105221    0.0101986118190661
69.9999999999989    0.000239993972637253    0.0100891341353288    0.0100842926344966
70.4999999999992    0.000239927144272868    0.0100417218595323    0.0100369044520605
70.9999999999994    0.000239299181650285    0.0100435814502851    0.0100387757586394
71.4999999999997    0.000240869668747889    0.0100275758528178    0.0100227463383533
71.9999999999999    0.00024509106950902    0.00994953352893839    0.0099446576403477
72.5000000000002    0.00024880170629551    0.00983451361479028    0.00982962114450935
73.0000000000004    0.000249684517346006    0.0097457091601752    0.00974084366963715
73.5000000000007    0.000249714721301609    0.00971270803732145    0.00970785843597705
74.000000000001    0.000250005119132541    0.00970586514864948    0.00970101332968351
74.5000000000012    0.000252182995433714    0.00967024669397122    0.00966537058008849
75.0000000000015    0.000256271604100541    0.00958574945053302    0.00958083759852482
75.5000000000017    0.000258899174540904    0.00948721901362217    0.00948230781878383
76.000000000002    0.000259733098352784    0.0094216811754759    0.00941678820145641
76.5000000000022    0.000260042212773866    0.00939667318817811    0.00939178739531336
77.0000000000025    0.000261063265229921    0.00937706553722776    0.0093721708003689
77.5000000000027    0.000263863563420289    0.00932493709308787    0.00932001736896371
78.000000000003    0.000267356300728627    0.00924131223399745    0.00923637210866556
78.5000000000033    0.000269391490385206    0.00916185625812814    0.0091569213353302
79.0000000000035    0.000270263042935097    0.00911433734864961    0.00910941214265841
79.5000000000038    0.000270992212847416    0.00908959122395077    0.00908466614173038
80.000000000004    0.000272695079727219    0.0090555152005707    0.00905057775810778
80.5000000000043    0.000275770088924664    0.00899332797337912    0.00898836915916186
81.0000000000045    0.000278477812294987    0.00891751921153468    0.00891255393177267
81.5000000000048    0.000279959831191564    0.00885643002726205    0.00885147252585253
82.000000000005    0.000281099836210768    0.00881930766586798    0.00881435084734812
82.5000000000053    0.000282557506858926    0.00878880398617102    0.00878383870406355
83.0000000000056    0.000284860771051401    0.00874256339968586    0.00873758399142193
83.5000000000058    0.000287557188885341    0.00867833502644036    0.00867334542598703
84.0000000000061    0.000289713517072898    0.0086145796941205    0.00860958961945001
84.5000000000063    0.000291040425710283    0.00856743229764909    0.00856244681034114
85.0000000000066    0.000292453308266111    0.00853302918982018    0.00852803962380308
85.5000000000068    0.000294409748003463    0.00849426790086977    0.00848926778240904
86.0000000000071    0.000296864157911974    0.00844128957685743    0.00843627923160551
86.5000000000073    0.000299272760455446    0.00838175645138594    0.00837674108956578
87.0000000000076    0.000301221983928606    0.00833014581012653    0.00832512887524293
87.5000000000079    0.000303004493034064    0.00829071899406099    0.00828569626575886
88.0000000000081    0.000304546063482298    0.00825378820918013    0.00824876242234789
88.5000000000084    0.000306639746333932    0.00820836648632414    0.00820333400664806
89.0000000000086    0.00030910849428946    0.00815507478564447    0.00815003473779046
89.5000000000089    0.000311253894846527    0.00810377490345003    0.00809873181012915
90.0000000000091    0.000313186531436163    0.00806106933231372    0.00805602167648383
90.5000000000094    0.000314818035527599    0.00802345926721198    0.00801840899775861
91.0000000000096    0.000316917025163571    0.00798232829473739    0.00797727042618795
91.5000000000099    0.000319129894608548    0.00793470043419718    0.00792963764965644
92.0000000000102    0.00032125717326643    0.00788583524144709    0.00788077010638103
92.5000000000104    0.000323004983833024    0.00784241745230254    0.00783735280836299
93.0000000000107    0.000325258309894194    0.00780390497402944    0.00779883005480424
93.5000000000109    0.000327029368135453    0.00776481847250589    0.00775974148547225
94.0000000000112    0.000329494413042977    0.00772138881650855    0.00771630218357374
94.5000000000114    0.000331711818337706    0.00767591042868283    0.00767081973691407
95.0000000000117    0.000333424127382953    0.00763311454111241    0.00762802610860841
95.500000000012    0.00033543766091131    0.00759444173046645    0.00758934851538261
96.0000000000122    0.000337885448645597    0.00755642354542169    0.00755131885910131
96.5000000000125    0.000339468541126332    0.00751591053750166    0.0075108094387934
97.0000000000127    0.000341699926408984    0.00747373324713276    0.00746862744358436
97.500000000013    0.000343985699923401    0.00743266669372002    0.00742755498996314
98.0000000000132    0.000345957025497888    0.00739432607732643    0.00738921160860227
98.5000000000135    0.000348191862074329    0.00735725673829087    0.0073521350477749
99.0000000000137    0.000350141658626337    0.00731901192269463    0.00731388833472798
99.500000000014    0.000351928125680988    0.00727958230757778    0.00727446033063103
100.000000000014    0.000354084032464363    0.00724036782602536    0.00723524224363951
100.500000000015    0.000356209143233921    0.00720302026694264    0.00719789053084557
101.000000000015    0.000358546913342073    0.00716696582937129    0.00716182828446986
101.500000000015    0.000360931903276762    0.00713061813419376    0.0071254726562115
102.000000000015    0.000362676620657233    0.00709354216829634    0.00708839870990428
102.500000000016    0.000364628054903806    0.00705634791351747    0.00705120390433867
103.000000000016    0.000366745689398682    0.00702025928411527    0.00701511187224456
103.500000000016    0.000368601353864527    0.00698531843256137    0.00698017073434707
104.000000000016    0.000370984618388204    0.00695061780519416    0.00694546257311792
104.500000000017    0.000373324181393724    0.0069153305698494    0.00691016917647425
105.000000000017    0.000375618876810984    0.00688003626522989    0.00687486966291452
105.500000000017    0.000377401779334948    0.00684579020880409    0.00684062493137747
106.000000000017    0.000379253092474316    0.00681215184263573    0.00680698674221059
106.500000000018    0.000381336936209178    0.00677862522473936    0.00677345731510436
107.000000000018    0.000383577057077595    0.00674511959095095    0.00673994702878246
107.500000000018    0.000385737641702155    0.00671177773023292    0.00670660175617437
108.000000000018    0.000387782834421826    0.0066788809126472    0.0066737030098069
108.500000000019    0.000389850980952501    0.00664652800164323    0.00664134771026217
109.000000000019    0.000391932998486441    0.00661450297901782    0.00660932012637667
109.500000000019    0.000393772101469779    0.00658262443717102    0.00657744237000888
110.000000000019    0.000396101919765102    0.00655076419827024    0.00654557671249359
110.50000000002    0.00039796298926855    0.00651934108900628    0.00651415424024444
111.00000000002    0.000400297051151289    0.00648845165351814    0.00648325911594873
111.50000000002    0.000402118498271796    0.00645774588549345    0.00645255441492441
112.00000000002    0.000404151263112303    0.00642729686489277    0.00642210376339861
112.500000000021    0.000406532779548715    0.00639706384047388    0.00639186472179801
113.000000000021    0.0004088004549206    0.00636707975656247    0.00636187615359574
113.500000000021    0.00041069451662772    0.00633745503875446    0.00633225165968613
114.000000000021    0.000412740429279682    0.00630815734145736    0.00630295222668051
114.500000000022    0.00041469534106263    0.00627902042937611    0.00627381482707813
115.000000000022    0.00041646902002017    0.0062501351562468    0.00624493134814463
115.500000000022    0.000418994701174707    0.00622151041963522    0.00621629904337599
116.000000000022    0.000420950065899033    0.00619323129953817    0.00618801941123556
116.500000000023    0.00042273653917925    0.00616510732711531    0.00615989709739952
117.000000000023    0.000425010301730958    0.00613729561487336    0.00613208100341477
117.500000000023    0.000426985841871222    0.00610976186497133    0.00610454652821919
118.000000000023    0.000429222823155584    0.00608232936063318    0.00607711025163481
118.500000000024    0.000431142761364581    0.00605518194036817    0.00604996289479722
119.000000000024    0.000433365859786289    0.00602836476908132    0.00602314205746372
119.500000000024    0.000435243374885663    0.00600180748395969    0.00599658526300729
120.000000000024    0.000437472905922647    0.00597543290481402    0.00597020701100694
120.500000000025    0.000439282281080271    0.00594921731612663    0.00594399283964004
121.000000000025    0.000441692074484742    0.00592332002629169    0.00591808976943419
121.500000000025    0.000443449828597116    0.00589771723613419    0.00589248887125675
122.000000000026    0.000445596353377615    0.00587224027337077    0.00586700930656656
122.500000000026    0.000447554748137894    0.00584697626315974    0.00584174492049434
123.000000000026    0.000449717348498484    0.00582194369414538    0.00581670958985041
123.500000000026    0.000451870832613021    0.00579710511872267    0.00579186839960981
124.000000000027    0.000453792239168845    0.00577257808141522    0.0057673413555341
124.500000000027    0.000455703241540046    0.00574823436696016    0.00574299777522367
125.000000000027    0.000457894064354777    0.00572404685184247    0.00571880723687596
125.500000000027    0.000459871052514341    0.00570011118585325    0.00569487096341888
126.000000000028    0.000461934536364788    0.00567634959784583    0.00567110781536673
126.500000000028    0.000463707806327447    0.00565280559491831    0.00564756552461578
127.000000000028    0.000466038482727501    0.00562947810271048    0.00562423344005803
127.500000000028    0.000468196700414647    0.00560639161916392    0.00560114428783249
128.000000000029    0.000469933358412629    0.0055834206842669    0.00557817547789717
128.500000000028    0.000472004785427553    0.0055606703428862    0.00555542349340021
129.000000000028    0.000474112169492162    0.00553811159642074    0.00553286271277262
129.500000000027    0.000476204489156925    0.00551572349370337    0.00551047276954449
130.000000000027    0.0004781881144299    0.00549351617107514    0.00548826481393284
130.500000000026    0.000480047292203896    0.00547148800267863    0.00546623737722713
131.000000000026    0.000482188849027141    0.00544972912703024    0.00544447606276871
131.500000000025    0.000483871079401638    0.00542805689146615    0.00542280647249779
132.000000000025    0.000486145492809734    0.00540658654179945    0.00540133232075777
132.500000000024    0.000488276740954702    0.00538538999291674    0.00538013343822111
133.000000000024    0.000490523591339507    0.00536429006828907    0.00535903002680494
133.500000000024    0.000492366900418374    0.0053432946970163    0.00533803556354357
134.000000000023    0.000494279391935496    0.00532247917764882    0.00531722019351326
134.500000000023    0.000496309170404427    0.00530190861727257    0.00529664845620395
135.000000000022    0.000498193719122191    0.00528154356001988    0.005276283716783
135.500000000022    0.000500434570909938    0.00526122801607404    0.00525596484917534
136.000000000021    0.000502449742151967    0.00524104506973096    0.00523578099117809
136.500000000021    0.000504611027164557    0.00522111163431515    0.00521584503089185
137.00000000002    0.000506518965217146    0.00520138995577956    0.00519612341806461
137.50000000002    0.000508516720450516    0.0051817503093188    0.00517648297449966
138.000000000019    0.000510505382486207    0.00516226226542875    0.00515699422944486
138.500000000019    0.000512466240165632    0.00514295361157084    0.00513768513128779
139.000000000019    0.000514624994793091    0.00512376742881377    0.00511849650379079
139.500000000018    0.000516504228654788    0.00510473458012755    0.00509946406837556
140.000000000018    0.00051842394771222    0.00508585529743925    0.00508058477144456
140.500000000017    0.000520487185524766    0.00506704339894078    0.00506177148059143
141.000000000017    0.000522462981508643    0.00504844605917911    0.00504317356150384
141.500000000016    0.000524492228081499    0.00503003705551119    0.00502476339082218
142.000000000016    0.000526701431751455    0.00501176515766627    0.0050064885291058
142.500000000015    0.000528578219468511    0.00499361053728795    0.00498833429865973
143.000000000015    0.000530653580897877    0.00497552612424773    0.00497024836340105
143.500000000014    0.000532326344872356    0.00495762234844891    0.00495234701068217
144.000000000014    0.000534458271398376    0.00493984560175879    0.00493456813965948
144.500000000014    0.000536601742106014    0.00492223872382564    0.00491695899318976
145.000000000013    0.000538472560007709    0.00490474479174334    0.00489946549353218
145.500000000013    0.000540394650041115    0.00488735396046412    0.00488207461352878
146.000000000012    0.000542461760431778    0.00487014747129597    0.00486486659842588
146.500000000012    0.000544442580223018    0.00485306978439953    0.00484778822423493
147.000000000011    0.000546357708354023    0.00483611920928818    0.00483083759292297
147.500000000011    0.000548491581679184    0.00481927919704894    0.00481399542701364
148.00000000001    0.000550408316653852    0.00480249792362864    0.00479721416225909
148.50000000001    0.000552340212714707    0.00478582341897667    0.0047805395320294
149.000000000009    0.0005544203938778    0.00476936223301719    0.00476407670004891
149.500000000009    0.000556430627940165    0.00475306782226493    0.00474778125884476
150.000000000009    0.000558341251128545    0.00473684458649714    0.0047315579867582
150.500000000008    0.000560360071313026    0.00472067439094969    0.00471538679902836
151.000000000008    0.000562301163102398    0.00470463203396122    0.00469934416720551
151.500000000007    0.000564190669437607    0.00468875453117843    0.00468346681134508
152.000000000007    0.00056619557778138    0.0046729871064398    0.0046676984515834
152.500000000006    0.000568302926256249    0.00465729783058028    0.00465200732521882
153.000000000006    0.000570293889079788    0.00464172250675519    0.00463643123237582
153.500000000005    0.000572187705741689    0.00462628931472709    0.00462099813053944
154.000000000005    0.00057426399907849    0.0046109865889445    0.0046056937812169
154.500000000004    0.0005762518367011    0.00459576668806489    0.00459047310051434
155.000000000004    0.000578174755356    0.00458062517874436    0.00457533143576871
155.500000000004    0.000580086418408887    0.00456553400678833    0.00456024026907344
156.000000000003    0.0005820374293984    0.00455059550791548    0.00454530135548704
156.500000000003    0.000584030967521781    0.00453585082255404    0.00453055576034549
157.000000000002    0.000585960416519922    0.00452117122262253    0.00451587587074359
157.500000000002    0.000587913373580834    0.00450650318410403    0.00450120743056832
158.000000000001    0.00058992331700519    0.00449198181937879    0.00448668509441073
158.500000000001    0.000591785847143719    0.00447758570631278    0.00447228929695214
159    0.0005939061624861    0.00446330445683814    0.00445800603555925
159.5    0.00059586725123814    0.00444905381632061    0.00444375488284525
159.999999999999    0.000597955942618258    0.00443491931393431    0.00442961871074388
160.499999999999    0.000599744970139502    0.00442089082563552    0.00441559118999292
160.999999999999    0.000601607432143767    0.00440696862877872    0.00440166928674168
161.499999999998    0.000603677664909162    0.00439318514512999    0.00438788420968647
161.999999999998    0.000605702732507293    0.00437941553939857    0.00437411350293854
162.499999999997    0.000607614187316673    0.00436571328059125    0.00436041116357868
162.999999999997    0.000609672464559983    0.00435211819826057    0.00434681469840242
163.499999999996    0.000611491428681746    0.00433868606174667    0.00433338316574512
163.999999999996    0.000613469736424136    0.00432532988996616    0.00432002622562863
164.499999999995    0.000615421752256754    0.0043120728360732    0.00430676861356584
164.999999999995    0.000617230489025595    0.00429882951805592    0.00429352605422416
165.499999999994    0.00061935035410539    0.0042856718776546    0.00428036649875289
165.999999999994    0.000621186392858438    0.00427260757789454    0.00426730270183254
166.499999999994    0.000623274866327498    0.0042597041250141    0.0042543974994622
166.999999999993    0.000625217205157221    0.00424681110644003    0.00424150406575158
167.499999999993    0.000627192864223584    0.0042340016568945    0.00422869391461995
167.999999999992    0.000629055695627505    0.00422124606949039    0.00421593861041244
168.499999999992    0.000631000786733097    0.00420861420379515    0.00420330627535487
168.999999999991    0.000633037010426323    0.00419612033256844    0.00419081109457115
169.499999999991    0.000634857829542133    0.00418368741729036    0.00417837869414836
169.99999999999    0.000636796714503566    0.00417125619420135    0.00416594709054148
170.49999999999    0.000638680069416267    0.00415894028962037    0.00415363121587421
170.999999999989    0.000640647017699324    0.00414673574075939    0.00414142595468699
171.499999999989    0.000642668554656233    0.0041345707082259    0.00412925980421455
171.999999999989    0.000644657516189913    0.00412247165958429    0.00411715991915642
172.499999999988    0.000646500526891976    0.00411047126980527    0.00410515985995114
172.999999999988    0.000648569569776312    0.00409854375736988    0.00409323082165545
173.499999999987    0.000650397669597401    0.00408666699237312    0.00408135453020961
173.999999999987    0.000652341688785632    0.00407486163684372    0.00406954869845143
174.499999999986    0.000654367829282753    0.00406316319419842    0.00405784906503477
174.999999999986    0.000656173988516712    0.00405150668807888    0.00404619318805335
175.499999999985    0.000658208437213468    0.0040399328869512    0.00403461814933241
175.999999999985    0.000659997739990952    0.00402844143802822    0.00402312742077802
176.499999999984    0.000661997792294926    0.00401701459067224    0.00401169959960331
176.999999999984    0.000664039423610791    0.0040056758649162    0.00400035954177933
177.499999999984    0.000665924777008691    0.00399437205551617    0.00398905569317286
177.999999999983    0.000667873048920275    0.00398313549514588    0.00397781858846974
178.499999999983    0.000669579406439586    0.00397196644890332    0.00396665091420138
178.999999999982    0.000671635423630727    0.00396084786188499    0.00395553094145379
179.499999999982    0.000673557119532096    0.00394981176219694    0.00394449449601295
179.999999999981    0.000675438826498594    0.00393887664280174    0.00393355929391096
180.499999999981    0.000677474099653825    0.0039279860581627    0.0039226674437498
180.99999999998    0.000679392481165633    0.00391711926575257    0.00391180035662548
181.49999999998    0.000681278968190926    0.00390633653513792    0.00390101754900318
181.999999999979    0.000683228459885188    0.00389565374250132    0.00389033413399577
182.499999999979    0.000685070928224993    0.00388501182286966    0.00387969244970625
182.999999999979    0.000687097685167988    0.00387441866324093    0.00386909811079044
183.499999999978    0.000688912449699153    0.00386388101449774    0.0038585609281014
183.999999999978    0.000691018202375983    0.00385343172285884    0.00384810981746812
184.499999999977    0.000692836103664255    0.00384303270540953    0.00383771120872282
184.999999999977    0.000694842559157468    0.00383267465922922    0.00382735214660024
185.499999999976    0.000696636677646714    0.0038223893171706    0.0038170673914301
185.999999999976    0.000698540443501428    0.0038121616328948    0.00380683945249758
186.499999999975    0.000700563595673657    0.00380198522798309    0.00379666189243415
186.999999999975    0.000702400903835595    0.00379188763043186    0.00378656451879257
187.499999999974    0.000704352498350397    0.0037818481739401    0.00377652441532339
187.999999999974    0.000706257980450262    0.00377185911760569    0.00376653506655335
188.499999999974    0.000708164027279811    0.00376192702065797    0.00375660266839415
188.999999999973    0.000710077705351603    0.00375204056000847    0.00374671586025658
189.499999999973    0.000712075739262586    0.00374221307983256    0.00373688739383376
189.999999999972    0.000713857828078883    0.00373244236824581    0.00372711730318034
190.499999999972    0.000715797588893744    0.00372274662477181    0.00371742097074597
190.999999999971    0.000717745103440692    0.00371309781640984    0.00370777152377765
191.499999999971    0.000719588607473324    0.00370348676114629    0.00369816062001427
191.99999999997    0.000721590074932556    0.00369391183655006    0.00368858470032083
192.49999999997    0.000723457426296169    0.00368441352545613    0.00367908634679002
192.999999999969    0.000725349654999233    0.00367497817741997    0.00366965075335894
193.499999999969    0.000727328309822867    0.00366558164616311    0.00366025335897079
193.999999999969    0.000729177757322059    0.00365622258671409    0.00365089439953757
194.499999999968    0.000731020478905308    0.00364692783471606    0.00364159977177464
194.999999999968    0.000732887374849445    0.00363770016466488    0.00363237202054609
195.499999999967    0.000734956934128058    0.00362850995350391    0.00362318027348743
195.999999999967    0.000736749214505695    0.00361936032358475    0.0036140311281145
196.499999999966    0.000738717682879951    0.00361027013441831    0.00360494013100954
196.999999999966    0.000740535756430813    0.00360121945349273    0.00359588973679439
197.499999999965    0.000742489444425659    0.00359222825445618    0.00358689782911893
197.999999999965    0.000744410731571653    0.00358326751584031    0.00357793663861676
198.499999999964    0.000746271090188392    0.00357437420147856    0.00356904327553032
198.999999999964    0.000748191140829864    0.00356554171599148    0.00356021029146775
199.499999999964    0.000750048975317522    0.00355673769031723    0.0035514062342502
199.999999999963    0.000751981012833049    0.00354796781787683    0.0035426358185727
200.499999999963    0.000753878451907943    0.00353924676457273    0.0035339144607381
200.999999999962    0.000755706729093692    0.00353056811244203    0.00352523599379977
201.499999999962    0.00075771580799092    0.00352195698302017    0.00351662373914117
201.999999999961    0.000759524356270523    0.00351337715211712    0.00350804421157576
202.499999999961    0.00076142112657573    0.00350484881363619    0.00349951554263709
202.99999999996    0.000763265073234782    0.00349636661786167    0.00349103337949097
203.49999999996    0.000765271434412339    0.00348791399889123    0.00348257967919564
203.999999999959    0.000767115708546975    0.00347953273531469    0.00347419841891327
204.499999999959    0.000768976020633245    0.00347120499023243    0.00346587054549213
204.999999999959    0.000770804821451581    0.00346287961453634    0.00345754531763213
205.499999999958    0.000772723084815229    0.00345458879000273    0.00344925403128079
205.999999999958    0.000774620146539419    0.00344634961259822    0.00344101452158333
206.499999999957    0.000776462750728369    0.00343817434282968    0.00343283925670989
206.999999999957    0.000778398521973275    0.00343004407280165    0.00342470834365219
207.499999999956    0.000780278937814442    0.00342195101445481    0.00341661502540906
207.999999999956    0.00078222579735619    0.00341387391180256    0.00340853724579491
208.499999999955    0.000784086370229806    0.00340582038451861    0.00340048365429014
208.999999999955    0.000785817312484249    0.003397856130802    0.0033925201355736
209.499999999954    0.00078785912916833    0.00338996285291632    0.00338462543168994
209.999999999954    0.000789632504116759    0.00338209010122603    0.00337675309894494
210.499999999954    0.000791539409679901    0.00337421070471823    0.00336887328799522
210.999999999953    0.000793485999882732    0.0033663531010698    0.00336101502864282
211.499999999953    0.000795295805497613    0.00335856969421407    0.00335323182661722
211.999999999952    0.000797237634107774    0.00335084780840092    0.00334550922056601
212.499999999952    0.000799034598249939    0.00334314178172393    0.00333780347531455
212.999999999951    0.000801036904940198    0.00333545505508291    0.00333011568692608
213.499999999951    0.000802745348748858    0.00332780816388615    0.00332246968427565
213.99999999995    0.000804759635083284    0.00332021420251791    0.00331487455091395
214.49999999995    0.000806560494608749    0.00331269480920507    0.00330735533828377
214.999999999949    0.000808462688863135    0.00330520255713496    0.00329986260839112
215.499999999949    0.000810343068222676    0.00329771231692371    0.00329237208770742
215.999999999949    0.000812230209308179    0.00329024142102347    0.00328490089180649
216.499999999948    0.000814105666108802    0.00328280926086316    0.00327746850156552
216.999999999948    0.000815919675964869    0.00327543784147077    0.00327009721063204
217.499999999947    0.00081781688549257    0.00326809622169231    0.00326275518113843
217.999999999947    0.000819653943693785    0.00326079813387716    0.0032554570596097
218.499999999946    0.000821523998656498    0.00325353006754262    0.0032481887495019
218.999999999946    0.000823434168931724    0.00324632292996924    0.00324098106219785
219.499999999945    0.000825285444995044    0.00323914111118696    0.00323379908785437
219.999999999945    0.00082713459952867    0.00323197267857559    0.00322663054438525
220.499999999944    0.000828995130596997    0.00322482863069935    0.00321948632498105
220.999999999944    0.000830764634082998    0.00321775021583373    0.00321240826757416
221.499999999944    0.000832671583014884    0.00321070512071768    0.00320536264341579
221.999999999943    0.000834672020248313    0.00320365243635136    0.00319830889835057
222.499999999943    0.000836477265399527    0.00319663230648182    0.00319128895557295
222.999999999942    0.000838308050025482    0.00318966682317719    0.00318432345581552
223.499999999942    0.000840178707871895    0.00318277250948803    0.00317742880376685
223.999999999941    0.000842046686370644    0.00317587915205308    0.00317053517489873
224.499999999941    0.000843946115604931    0.00316898189112421    0.00316363750158613
224.99999999994    0.000845834343086124    0.00316214923190697    0.00315680444387562
225.49999999994    0.00084762362087065    0.00315536280157003    0.0031500182116846
225.999999999939    0.00084946734465134    0.00314861682821771    0.00314327207405905
226.499999999939    0.000851372168205231    0.00314187543451508    0.00313653017471868
226.999999999939    0.000853207810067424    0.00313515127678292    0.00312980596633335
227.499999999938    0.000855020737704139    0.0031284751968937    0.00312312994485357
227.999999999938    0.00085692832290267    0.00312182881276655    0.00311648302666424
228.499999999937    0.000858805040779619    0.00311521303566997    0.00310986690563712
228.999999999937    0.000860557368993468    0.00310861994330784    0.00310327425198267
229.499999999936    0.000862505085252208    0.00310207001688283    0.00309672352592973
229.999999999936    0.000864282496319319    0.00309555087960535    0.00309020463938378
230.499999999935    0.000866207932711868    0.00308905848054249    0.00308371157815085
230.999999999935    0.000867974691455587    0.00308258998050384    0.00307724340102509
231.499999999934    0.000869898019744328    0.00307615674166922    0.00307080950790128
231.999999999934    0.000871758422827086    0.00306974140933232    0.00306439392518769
232.499999999934    0.000873561755693969    0.00306334181655568    0.00305799445129834
232.999999999933    0.000875435251685418    0.00305697213706859    0.00305162445627246
233.499999999933    0.00087724328259564    0.00305065326051151    0.00304530562153126
233.999999999932    0.000879056563209222    0.00304437676274227    0.00303902910488767
234.499999999932    0.000881011976340249    0.00303811627467986    0.00303276775314437
234.999999999931    0.000882823080235342    0.00303186361903659    0.00302651514243716
235.499999999931    0.000884645901587989    0.00302565125941906    0.00302030273100024
235.99999999993    0.000886521592360273    0.00301947696774141    0.00301412804661641
236.49999999993    0.000888287491983782    0.00301333201116536    0.00300798335204294
236.999999999929    0.000890200017490964    0.00300720407403092    0.00300185480970752
237.499999999929    0.000892030996926063    0.0030010770124023    0.00299572767673708
237.999999999929    0.000893896766431543    0.00299498349951188    0.00298963386939749
238.499999999928    0.000895710114180366    0.00298894488512136    0.00298359522054137
238.999999999928    0.000897619061325196    0.00298293287829239    0.00297758260597839
239.499999999927    0.000899413387619427    0.00297693970445195    0.00297158951763297
239.999999999927    0.000901223938672478    0.00297096681051804    0.00296561661941706
240.499999999926    0.000903085480597159    0.00296500641854005    0.00295965594198482
240.999999999926    0.000904931197648272    0.0029590684541291    0.00295371778939232
241.499999999925    0.000906764786983371    0.00295316579450507    0.00294781499291837
241.999999999925    0.000908567390076921    0.00294731402466218    0.00294196321940709
242.499999999924    0.000910419272407714    0.00294148655352178    0.00293613545317095
242.999999999924    0.000912289548132095    0.0029356651711318    0.00293031369991818
243.499999999924    0.000914124220949288    0.00292987452662593    0.00292452288015732
243.999999999923    0.000915921128741237    0.00292411483495183    0.00291876321948911
244.499999999923    0.000917759330332849    0.00291838392754954    0.00291303209108939
244.999999999922    0.0009195971890327    0.00291266752931135    0.00290731548928723
245.499999999922    0.000921446231494149    0.00290696012986931    0.00290160784679684
245.999999999921    0.000923239688257744    0.00290127154237682    0.00289591934566857
246.499999999921    0.000925167459068518    0.00289559316503391    0.0028902403001883
246.99999999992    0.00092691925321373    0.00288996064585925    0.00288460808692183
247.49999999992    0.000928750534488995    0.00288438085184441    0.00287902808271596
247.999999999919    0.000930613514648449    0.00287880488388131    0.00287345175611241
248.499999999919    0.000932398502941106    0.0028732399617983    0.00286788694366645
248.999999999919    0.000934317625775455    0.00286769325427023    0.00286233958359354
249.499999999918    0.000936030046887779    0.00286219140556798    0.00285683822199753
249.999999999918    0.000937926153784989    0.0028567271960373    0.00285137341918185
250.499999999917    0.000939717145708394    0.00285127371301521    0.00284591996243597
250.999999999917    0.000941592979409352    0.00284582424279499    0.00284047006799309
251.499999999916    0.000943382274121015    0.00284039608566223    0.00283504197799511
251.999999999916    0.000945240064554935    0.00283500259169808    0.00282964813687772
252.499999999915    0.000947027767457316    0.00282962917973812    0.00282427477569779
252.999999999915    0.000948873872201289    0.00282428016373161    0.00281892547334712
253.499999999914    0.000950684455179293    0.00281893381609157    0.0028135790736437
253.999999999914    0.000952532102351173    0.00281360409435193    0.00280824909871083
254.499999999914    0.000954282637781632    0.00280831422835359    0.00280295948727092
254.999999999913    0.000956171745174106    0.00280305906544515    0.0027977037742664
255.499999999913    0.000957948640557972    0.00279782938430098    0.00279247416061982
255.999999999912    0.000959850837723721    0.00279260758737604    0.00278725175471215
256.499999999912    0.000961628487456488    0.00278739103726407    0.00278203531822185
256.999999999911    0.000963411245099971    0.00278221904510258    0.00277686336259856
257.499999999911    0.000965241113098679    0.00277706370096472    0.00277170779858616
257.99999999991    0.000967024550766768    0.00277193248303661    0.00276657660877019
258.49999999991    0.000968962840152467    0.00276680327728825    0.00276144660857777
258.999999999909    0.000970637583029308    0.00276168855040493    0.00275633255173924
259.499999999909    0.000972572365947503    0.00275660461525527    0.00275124783017113
259.999999999909    0.000974328193237769    0.00275154762538172    0.00274619102361695
260.499999999908    0.000976168954265701    0.00274652186916354    0.00274116495965052
260.999999999908    0.000977990064855812    0.00274151692534651    0.00273615981191897
261.499999999907    0.000979812920667587    0.00273650867308831    0.00273115138911354
261.999999999907    0.000981638884310313    0.00273153007913603    0.00272617258598095
262.499999999906    0.000983406225102379    0.00272657335414055    0.00272121596421184
262.999999999906    0.000985189662992893    0.00272163433431146    0.00271627696031572
263.499999999905    0.000987054506211254    0.00271669318501368    0.0027113354249144
263.999999999905    0.000988843200851866    0.00271177833321508    0.00270642058405487
264.499999999904    0.000990689004502843    0.00270690121643746    0.00270154313009189
264.999999999904    0.000992467759518131    0.00270205079303699    0.00269669271416418
265.499999999904    0.000994298297927933    0.00269720188325167    0.00269184356453548
265.999999999903    0.000996128422005701    0.00269237132795893    0.0026870127705655
266.499999999903    0.000997888460698417    0.00268758239194885    0.00268222392418979
266.999999999902    0.000999738264121261    0.0026827980179449    0.00267743918370964
267.499999999902    0.00100151935845971    0.00267803472105885    0.00267267588080956
267.999999999901    0.00100335464480273    0.00267327646952718    0.00266791735789165
268.499999999901    0.00100512886294213    0.00266853455484359    0.00266317549917945
268.9999999999    0.00100697592870161    0.00266381755296203    0.0026584581494438
269.4999999999    0.00100867735587895    0.00265913201436276    0.00265377300737339
269.999999999899    0.00101058406645278    0.0026544477719585    0.0026490881031073
270.499999999899    0.00101234656007732    0.00264976127197809    0.00264440174426011
270.999999999899    0.00101417035905377    0.00264510661773804    0.00263974687597277
271.499999999898    0.00101595043549688    0.00264049066527982    0.00263513089525787
271.999999999898    0.00101777364784515    0.00263589668836182    0.00263053665129059
272.499999999897    0.0010195543581153    0.00263131385749771    0.00262595378735862
272.999999999897    0.00102142714417858    0.00262674011997945    0.00262137954809458
273.499999999896    0.00102315709418523    0.00262218346837466    0.00261682314159518
273.999999999896    0.00102497193700873    0.00261764468526526    0.00261228415497146
274.499999999895    0.00102675957578119    0.00261311447936251    0.00260775390275728
274.999999999895    0.00102857140872837    0.00260860526819225    0.00260324450852533
275.499999999894    0.00103035783931721    0.00260412136085633    0.00259876053071231
275.999999999894    0.00103220004760119    0.00259963869390828    0.00259427753333129
276.499999999894    0.0010339612453811    0.00259518083789841    0.00258981974823507
276.999999999893    0.00103575920367539    0.0025907497697063    0.00258538853681582
277.499999999893    0.00103758042288049    0.00258632575934682    0.00258096428036228
277.999999999892    0.00103933875103589    0.002581910190871    0.00257654880454144
278.499999999892    0.00104119154369206    0.00257750822768991    0.00257214645078575
278.999999999891    0.00104294575692834    0.00257312706970917    0.00256776539772344
279.499999999891    0.00104475604171726    0.00256878083549821    0.00256341893877673
279.99999999989    0.00104654328300294    0.00256445621370095    0.0025590941964341
280.49999999989    0.00104831165140275    0.00256014457632799    0.0025547825386373
280.999999999889    0.00105014794473117    0.00255583192166324    0.00255046954966794
281.499999999889    0.00105197186932803    0.00255151546362769    0.00254615285995212
281.999999999889    0.00105368362843483    0.0025472291021038    0.00254186680506289
282.499999999888    0.00105552317510003    0.00254297019565429    0.00253760752812395
282.999999999888    0.00105724129495884    0.00253872717327954    0.00253336474824828
283.499999999887    0.00105916972141853    0.00253448723129952    0.00252912400759425
283.999999999887    0.00106087553141174    0.00253025391142939    0.00252489103185132
284.499999999886    0.00106272444598215    0.00252604972492331    0.0025206864350337
284.999999999886    0.00106446102256891    0.00252186973910651    0.00251650658389364
285.499999999885    0.00106622342513659    0.00251772094293803    0.0025123577551998
285.999999999885    0.00106807300020419    0.00251356718866741    0.00250820357090589
286.499999999884    0.00106978684810431    0.00250941634374363    0.00250405300017613
286.999999999884    0.00107166275387658    0.00250527698145165    0.00249991310565923
287.499999999884    0.0010734001553822    0.00250115082544512    0.00249578711148718
287.999999999883    0.00107517560490185    0.0024970554687431    0.00249169168949953
288.499999999883    0.00107696165725964    0.00249298242294023    0.00248761850670889
288.999999999882    0.00107877667437494    0.00248890792236863    0.00248354375748195
289.499999999882    0.00108058621242458    0.00248484313780912    0.0024794787600123
289.999999999881    0.00108232580523646    0.00248080395128374    0.00247543968090358
290.499999999881    0.00108409983286778    0.0024767949088347    0.0024714305384543
290.99999999988    0.00108587956996976    0.0024727890439622    0.00246742456693085
291.49999999988    0.00108774135997353    0.00246878042041807    0.00246341546695588
291.999999999879    0.00108941155430602    0.00246479283618489    0.0024594283327475
292.499999999879    0.00109122134827013    0.00246083518050289    0.00245547040289567
292.999999999879    0.00109303975601329    0.00245687927271158    0.00245151420350392
293.499999999878    0.00109479439590461    0.00245292701069544    0.00244756198280816
293.999999999878    0.00109657913734878    0.00244898818927521    0.00244362305385884
294.499999999877    0.00109835928008907    0.00244507591371325    0.00243971066304541
294.999999999877    0.00110010299988871    0.00244119020506566    0.00243582498602344
295.499999999876    0.00110194357462492    0.00243730387207276    0.00243193824201185
295.999999999876    0.0011036863680647    0.00243341878509141    0.00242805324468342
296.499999999875    0.00110547947814735    0.00242955234005074    0.00242418663122571
296.999999999875    0.0011072316644207    0.0024257070836975    0.00242034138538522
297.499999999874    0.00110901948674391    0.00242187576644054    0.00241650990244936
297.999999999874    0.0011107947676964    0.00241805289333488    0.0024126869328119
298.499999999874    0.00111258202672696    0.00241423942284168    0.00240887331429746
298.999999999873    0.00111430793290139    0.00241044640368411    0.00240508042393899
299.499999999873    0.00111613993809507    0.00240666573432132    0.00240129937244469
