#t    <phi>    <pi>    <phi^2>    <pi^2>    rms(phi)    rms(pi)
0    1.15391695451147e-22    -2.34402306082214e-22    1.95530574934281e-11    7.69132304028456e-07    4.42188393034328e-06    0.000877001883708614
0.5    -7.64653710506355e-11    9.64288682725817e-10    5.29011089110096e-11    1.49555090941971e-06    7.27331484985784e-06    0.00122292718892777
1    -7.42437610590995e-12    2.55733661639263e-09    1.42992641284085e-10    2.64971095428195e-07    1.19579530557713e-05    0.000514753431675453
1.5    -1.08861830431781e-10    1.45461241785063e-10    7.27631336455946e-10    2.26421994150148e-08    2.69746424711078e-05    0.000150473251493392
2    4.38305271813696e-11    8.01150763243645e-10    1.3220612472478e-10    1.37311332009761e-07    1.14980922210103e-05    0.000370555437160379
2.49999999999999    -4.5390436911009e-11    7.41444068796927e-11    5.73279702425268e-11    2.21724382741524e-07    7.57152364061993e-06    0.000470876186211958
2.99999999999998    -2.57071279465575e-11    -2.11942177294976e-09    4.20116230126e-11    2.06133040905158e-07    6.48163737121564e-06    0.000454018767123856
3.49999999999997    -1.79422557826465e-11    -1.73016094207173e-09    2.40803563414684e-11    2.09820501353723e-07    4.90717396687202e-06    0.0004580616785442
3.99999999999996    2.83727512290658e-11    1.31737171948287e-09    3.22405410812403e-11    1.14057350245475e-07    5.67807547329509e-06    0.000337723778025385
4.49999999999995    3.74956604031474e-11    -2.7505775871223e-10    8.35772874595135e-11    3.24074982993158e-08    9.14206144466923e-06    0.000180020827404054
4.99999999999994    -7.17107349559805e-11    1.13898338288126e-09    1.46083003614515e-10    5.80637699814868e-08    1.20864801993539e-05    0.000240964250419413
5.49999999999993    -7.36799383774813e-11    3.50970343169194e-10    7.39091740104061e-11    8.5501163643373e-08    8.59704449243909e-06    0.000292405820125472
5.99999999999992    -1.41636401904512e-11    3.34559299479509e-09    6.17856584335468e-11    7.25234740590291e-08    7.86038538707526e-06    0.0002693018270414
6.49999999999991    -6.68325351282482e-11    -2.23516670648617e-09    5.21309746015311e-11    7.08523967531437e-08    7.22017829399417e-06    0.000266181135222141
6.9999999999999    -6.23427369778985e-11    1.94193977846826e-09    3.22405658231937e-11    8.04910727441563e-08    5.67807765175038e-06    0.000283709486518137
7.49999999999988    -4.67587743291678e-11    1.25243192209372e-09    9.71821509733437e-11    2.62996856980636e-08    9.85810077911346e-06    0.000162171778360154
7.99999999999987    -1.23837403508956e-10    -7.63477584134638e-10    8.70653777699212e-10    5.29331134663815e-09    2.95068428959094e-05    7.27551465262441e-05
8.49999999999986    -2.00651247466001e-11    -2.48179452813219e-09    1.68583786751373e-10    7.6281944829133e-08    1.29839819297075e-05    0.000276191862340247
8.99999999999985    -5.55544783183047e-11    -2.69625265903368e-09    1.90365783872439e-10    2.99415863162919e-08    1.37973107477274e-05    0.000173036372792029
9.49999999999984    9.95111825379552e-11    5.05726272304237e-10    1.36019441876303e-10    5.83924184943219e-08    1.16627373230473e-05    0.000241645232715372
9.99999999999983    -8.72590043091633e-11    6.57585695966222e-10    1.23882942757052e-10    6.26953758295246e-08    1.11302714589285e-05    0.000250390446760838
10.4999999999998    -9.57319128541391e-11    -8.45978723151538e-10    2.47906161960147e-10    2.08722761279184e-08    1.57450361051025e-05    0.000144472406109965
10.9999999999998    -2.28730554612626e-11    -9.49115345022669e-10    1.2846466821621e-10    1.71832203405118e-08    1.13342255234174e-05    0.000131084783020803
11.4999999999998    4.8691258621281e-13    2.56565964656904e-09    4.87068207393491e-11    8.94805483389976e-08    6.97902720580375e-06    0.000299132994389477
11.9999999999998    7.68362826221148e-11    -2.95119722962346e-09    1.20324676534567e-10    1.11612503517622e-07    1.09692605278872e-05    0.00033408457538311
12.4999999999998    6.41008469110132e-11    -3.36739577643757e-09    1.26572007622025e-10    1.00074093356431e-07    1.12504225528607e-05    0.000316344896189415
12.9999999999998    3.43422168586227e-12    -3.83142843069208e-09    5.3522680816327e-11    1.28490848120886e-07    7.31591968356099e-06    0.000358456201098832
13.4999999999998    1.56131194483301e-10    2.0634122614284e-09    1.50539113460474e-10    6.38035259675388e-08    1.2269438187468e-05    0.000252593598421023
13.9999999999997    7.71950037814505e-11    1.93773276935681e-09    1.2844064449798e-10    3.14416575523976e-08    1.13331656871335e-05    0.000177317956080716
14.4999999999997    6.75493371779314e-10    -1.14362002681846e-09    2.92449782705662e-09    1.51518458846016e-08    5.40786263379565e-05    0.000123092834410837
14.9999999999997    3.98745825881821e-10    2.43908421075661e-09    1.05303775528341e-09    3.96870944999651e-08    3.24505432177093e-05    0.000199216200380431
15.4999999999997    -3.55147330940481e-10    -1.29411196197944e-09    7.99321955682651e-10    3.57686630597752e-08    2.82722824610345e-05    0.000189126050712482
15.9999999999997    8.81397084057919e-11    -7.25982085228765e-09    1.69376548236953e-10    2.94165608676627e-07    1.30144745660047e-05    0.000542370361122289
16.4999999999998    -6.55490845562748e-11    6.5334001335183e-09    1.69569525791173e-10    2.1924034903424e-07    1.30218864142979e-05    0.000468231085033399
16.9999999999999    -2.57568762168588e-10    4.04624959694283e-09    7.42214808832451e-10    6.38471166017832e-08    2.72436195973683e-05    0.000252679869766887
17.4999999999999    1.53433718491935e-09    2.72774054729304e-09    9.30690735246806e-09    2.92228891580508e-08    9.64723139046321e-05    0.000170947036097764
18    -1.1715923073599e-09    -2.65170796934231e-09    5.38311619300229e-09    8.81173827295765e-09    7.33697225811142e-05    9.38708595141543e-05
18.5000000000001    -6.18233194679789e-10    1.28789407785197e-08    1.18690233240251e-09    6.9684064681174e-07    3.44514489103187e-05    0.000834769816563747
19.0000000000002    6.10381029788789e-10    -1.34752876499083e-08    2.02007950685943e-09    3.73252233531317e-07    4.49452945978427e-05    0.000610943723553761
19.5000000000002    -1.12381002291776e-09    7.97321471655921e-09    3.42446088286231e-09    4.0769596299407e-08    5.85188933729899e-05    0.000201914824210197
20.0000000000003    -1.80408718558665e-09    8.43201942658438e-09    5.3377712613754e-09    6.839488281436e-08    7.30600524097859e-05    0.00026152415326937
20.5000000000004    5.08028685731444e-09    9.14190456558027e-09    1.1198251823057e-08    1.76444993217951e-07    0.000105821792638604    0.000420053559840143
21.0000000000005    2.20601390293469e-09    -4.30580508674283e-08    4.12560224988153e-09    1.48650122217076e-06    6.42308511932937e-05    0.00121922156325943
21.5000000000006    3.24222976743031e-09    -3.75086294492499e-08    1.11627464667875e-08    5.88627986018603e-07    0.000105653899389826    0.000767220949017756
22.0000000000006    -3.750983816869e-09    -5.11476000885145e-08    8.29655423402588e-10    2.74755978908986e-06    2.88037395025838e-05    0.00165757647982643
22.5000000000007    -2.56138505103711e-09    1.00685646448498e-07    1.14488778468376e-08    1.48596148167071e-07    0.00010699942915865    0.000385481696101737
23.0000000000008    -4.27752000900294e-09    1.09573802054117e-07    1.72782508158118e-08    2.69083882252016e-08    0.000131446760315782    0.000164037728034692
23.5000000000009    6.1093033732443e-09    -7.18583325984012e-08    4.59174476658896e-08    5.15272373835299e-08    0.000214283568265432    0.000226996106177859
24.000000000001    -2.45948226236358e-08    2.28773272315801e-09    3.88252068029648e-08    4.11403094826316e-07    0.000197041128189166    0.00064140712096225
24.500000000001    1.23950710468103e-08    -1.44618636752538e-07    1.19897350831287e-09    2.46852547587063e-06    3.46261946317391e-05    0.00157115417924406
25.0000000000011    1.3416389722381e-08    -1.62276412231583e-07    5.05822401533918e-10    3.06911197131687e-06    2.24904918028576e-05    0.00175188810857978
25.5000000000012    6.42137263753107e-09    -2.86024057427177e-07    6.56020611708708e-09    1.77640834857559e-06    8.09950990853956e-05    0.00133281966775923
26.0000000000013    2.21624935534047e-08    -2.26582185776686e-07    4.09162653828476e-09    1.76321526597135e-06    6.39658193655693e-05    0.00132786114282777
26.5000000000013    -1.8409024043853e-08    2.20233150282807e-07    2.93714157913647e-08    5.63299900484155e-07    0.000171380907491099    0.000750533045229532
27.0000000000014    9.80149613634698e-08    1.82322547755552e-07    1.29268403573548e-07    3.13581333839257e-08    0.000359539141077318    0.000177082184712111
27.5000000000015    -5.45483402825921e-08    -5.25232158007117e-07    4.25222247674693e-08    1.27191005753329e-06    0.000206209169999658    0.00112778977724772
28.0000000000016    3.37064248307226e-08    -7.85901258497386e-07    6.75592525709098e-10    6.26080860425734e-06    2.59921409196323e-05    0.00250216066362985
28.5000000000017    5.42813681468996e-08    -7.58701920413193e-07    6.71998992328977e-10    6.3099709602564e-06    2.59228865264277e-05    0.00251196544256242
29.0000000000017    1.1428175711884e-07    -8.13725409079703e-08    1.27230882628563e-08    3.56316186243496e-06    0.000112796609889377    0.0018876339305632
29.5000000000018    -1.30780580673359e-07    5.65934534973718e-07    9.56706718744007e-09    2.58114384600294e-06    9.78112983447198e-05    0.00160659376499507
30.0000000000019    2.92321711256485e-07    8.74611624125217e-07    2.75112254700606e-07    3.08232453373865e-07    0.000524511362363698    0.000555186174565228
30.500000000002    2.05810862525941e-07    -2.2538737975216e-06    2.96435706880898e-08    8.68662498432777e-06    0.000172172960507679    0.00294730722938425
31.000000000002    1.39748876668267e-07    2.78459081173271e-06    6.2074973016573e-08    7.22044308708283e-06    0.000249148456721739    0.00268708677439655
31.5000000000021    -1.73659173441111e-07    2.97899722907571e-06    2.91138710781618e-09    1.49443885015325e-05    5.39569916721426e-05    0.00386579611815057
32.0000000000022    -4.13111800285617e-07    -6.4286206563233e-07    7.053549859514e-08    5.77887142830013e-06    0.000265584878962979    0.00240392824664724
32.5000000000021    4.95047718973331e-07    -1.75004835900336e-06    2.42994270782848e-08    7.13348820991519e-06    0.000155881948942271    0.00267085850378599
33.000000000002    -1.0388017701241e-06    -3.04063478406423e-06    3.81048084444751e-07    4.89019563272545e-07    0.000617290049600375    0.000699292726840953
33.5000000000019    -1.8372513588182e-06    3.29452586415756e-06    2.69778619334047e-07    2.97232718095986e-06    0.000519398925529782    0.00172404069762265
34.0000000000018    1.29548140557524e-06    -5.12410695268249e-06    1.27234225132242e-07    5.41007750588416e-06    0.000356696715516375    0.00232595168681813
34.5000000000017    4.4976203942583e-07    1.20495725139167e-05    6.89739734873734e-08    8.36191805032237e-06    0.000262628580321109    0.00289167302061015
35.0000000000016    -1.08987370472171e-06    4.31267740191825e-06    7.27672641506206e-08    8.1916016490485e-06    0.000269751879188873    0.00286209417208137
35.5000000000015    3.42097310251355e-07    -5.21220136189323e-06    1.27524411634213e-07    4.78888418305853e-06    0.000357105439056371    0.00218834572588873
36.0000000000014    -4.35258967521702e-07    1.6318793894855e-06    2.63483698969093e-07    2.372712741889e-06    0.000513306447961376    0.00154036037304868
36.5000000000013    3.9396777837103e-07    1.14786318106122e-06    6.65564336610396e-07    1.44595636806477e-06    0.000815821169987508    0.00120247871102772
37.0000000000012    -7.68916973167041e-08    -3.28221682592273e-06    1.88299120101967e-07    1.07355240014903e-05    0.000433934458403149    0.00327650930542597
37.5000000000011    6.84232545237427e-07    4.97619072553342e-06    2.79806393474191e-07    3.9336389470071e-06    0.000528966847070793    0.00198333410814541
38.000000000001    3.42935997973632e-07    -3.19159055196842e-06    1.43373750956542e-07    1.66933763844715e-05    0.000378647109260646    0.00408575160750396
38.5000000000009    -1.98982760048501e-06    -3.06559591140839e-06    3.11000756484228e-07    6.1921796527005e-06    0.000557670868048842    0.00248840717223332
39.0000000000008    -1.84759057761123e-06    1.40113889527878e-06    4.75942275285337e-07    5.5773924988748e-06    0.000689883223230131    0.00236164996044812
39.5000000000007    -1.17904091965567e-06    1.8978798322823e-06    1.69224474187768e-06    2.57979737404231e-06    0.00130086254144709    0.00160617364319505
40.0000000000006    -1.02360327192306e-07    1.14709750863426e-06    2.83158714089816e-07    3.32257915085622e-05    0.000532126586079083    0.00576418165854699
40.5000000000005    1.21619788515265e-06    3.32732463411722e-06    2.50830230143747e-07    4.33860233397458e-05    0.000500828065314287    0.00658680592310542
41.0000000000004    -1.65849911919096e-07    6.86658527701096e-06    5.793213027139e-07    2.03455374271943e-05    0.00076113157548988    0.00451059755212111
41.5000000000003    7.56064570228921e-07    -2.06798968046754e-05    6.88555878729364e-07    1.58309699364965e-05    0.000829792327691531    0.0039787614000295
42.0000000000002    -6.62223416968005e-06    6.78569011910002e-07    1.20783049639166e-06    8.92969522210019e-06    0.00109899346786333    0.0029882594869998
42.5000000000001    -2.91537629376912e-06    9.19573584651295e-06    2.40657443859333e-06    6.09339723351205e-06    0.0015513110388231    0.00246846362581147
43    -1.77531219574515e-06    -9.04989787062362e-06    1.47766203843596e-06    2.59481160158039e-05    0.00121558993361354    0.00509392129063185
43.4999999999999    -4.6288592702126e-06    1.37475347428077e-05    1.43743380130736e-06    1.64565509947598e-05    0.00119892133810739    0.00405664417962042
43.9999999999998    6.39139147352521e-06    1.96833092911333e-05    1.03606897026327e-06    3.13851461222802e-05    0.00101785466564648    0.00560221016114315
44.4999999999997    7.86998768839349e-07    -4.65993611475575e-05    1.22310175237429e-06    2.67756738696353e-05    0.00110593902770778    0.00517431177734546
44.9999999999996    -9.92303392007402e-06    7.07144846514174e-06    2.18799814446151e-06    1.62422288570653e-05    0.00147915505538106    0.00403015866333844
45.4999999999995    -5.33761358354581e-06    1.1739107647611e-05    4.34258487033799e-06    6.4354380410495e-06    0.0020838801261635    0.00253678935554396
45.9999999999994    3.14201020626782e-06    1.37380647688155e-05    3.13147119871282e-06    1.91176640362234e-05    0.00176959354838468    0.00437235351976482
46.4999999999993    -6.66493542281931e-07    -1.84588810929015e-05    1.87716554801774e-06    2.12273702811214e-05    0.00137009674979693    0.00460728005995188
46.9999999999992    1.42506760490117e-05    5.33040505017925e-05    2.36050997914836e-06    2.31165323294405e-05    0.00153632903291597    0.00480767001858911
47.4999999999991    5.82267991037285e-06    -3.12431010033553e-05    2.76874301922273e-06    2.20724542142952e-05    0.00166394384389059    0.00469802917008131
47.999999999999    1.34826074438468e-05    2.28036699334557e-05    2.92778182506199e-06    1.67799360321839e-05    0.00171102309872149    0.00409626854891393
48.4999999999989    1.68458548704086e-05    -4.8602644400194e-08    4.34447837932161e-06    1.13310444444358e-05    0.00208427315784071    0.0033661616779462
48.9999999999988    1.12706722706344e-05    -3.66564603252642e-05    5.35569744674152e-06    1.26958630137201e-05    0.00231421053897179    0.00356293689498376
49.4999999999987    -1.51876992772646e-05    -2.40596203162445e-05    2.44749238884037e-06    3.99581664039212e-05    0.00156437262908523    0.00632120143157861
49.9999999999986    -4.06413510732902e-06    3.50963855758597e-06    2.68669598483531e-06    3.90799862830909e-05    0.00163910935194731    0.0062513977609434
50.4999999999985    -8.31439876339178e-06    1.97143620039657e-05    3.13849593789107e-06    3.0816892619731e-05    0.00177156055743637    0.00555126147498582
50.9999999999984    -2.51546312205551e-06    7.71335244059448e-07    3.68567721125733e-06    2.23821123914733e-05    0.00191981011657471    0.00473097366263175
51.4999999999983    2.48057354350143e-06    1.62335214015758e-05    5.64639291261286e-06    1.4268679619872e-05    0.00237621269236736    0.00377735570110294
51.9999999999982    8.66181287666932e-06    4.65112939842109e-06    7.38062998542061e-06    1.31221104568868e-05    0.0027167176810295    0.00362244238379055
52.4999999999981    4.14820751023102e-06    -2.72630514646128e-05    3.35686246992878e-06    4.81243972209177e-05    0.00183216955064296    0.00693712144530731
52.999999999998    -6.64725332656116e-06    2.59740702403355e-05    3.56454923414251e-06    4.00233509778223e-05    0.00188798968433774    0.00632634778727011
53.4999999999979    1.50553860131266e-05    -1.07866982904515e-07    4.07936879112304e-06    3.28370623562442e-05    0.00201968862116789    0.00573036319482534
53.9999999999978    1.35801955798987e-05    1.96182537403076e-05    5.35497267606999e-06    2.40062626211455e-05    0.00231404154119108    0.0048995793437055
54.4999999999977    1.75609842968606e-05    -8.99332022652457e-06    7.80921194760317e-06    1.55036471389202e-05    0.00279444154697029    0.00393745682631715
54.9999999999976    1.09582565199793e-05    -1.43836001277366e-05    8.82503421439969e-06    1.71119328028313e-05    0.00297067570276759    0.00413663219477858
55.4999999999975    2.68902339888177e-06    -1.64037115478888e-05    4.84247865922544e-06    4.23842221786134e-05    0.00220056161658305    0.0065102959300527
55.9999999999974    -9.70143195590226e-07    -8.93065027929038e-06    4.3769565824826e-06    3.83417788021342e-05    0.00209211750179209    0.00619206742902722
56.4999999999973    -1.22550044172186e-05    -1.33846857850701e-05    5.72872620139479e-06    3.11933724916392e-05    0.00239344438336501    0.0055850866906276
56.9999999999972    -2.35644183258794e-05    -3.82499617450235e-05    6.84988197987665e-06    2.45573734885697e-05    0.00261712183477683    0.00495539205603313
57.4999999999971    -3.00088480708781e-05    1.22481560730992e-05    8.51026637819405e-06    1.79729291735576e-05    0.00291708173475333    0.00423943146615562
57.999999999997    -1.97079446746415e-05    2.81701109359299e-05    9.40775721772961e-06    1.94520149371113e-05    0.00306714342909593    0.00441035388398269
58.4999999999969    -4.0219386875993e-06    2.55182333554459e-05    6.19016875601519e-06    4.04162400632648e-05    0.00248800172428083    0.00635732560775608
58.9999999999968    5.36072501713967e-06    3.20188391390208e-05    5.29553110612803e-06    3.9103564277171e-05    0.00230119585623547    0.00625320230530816
59.4999999999967    2.10127590139471e-05    -3.21322250399016e-08    6.65815602846123e-06    3.30446544152989e-05    0.00258025473401753    0.00574844800048382
59.9999999999966    2.4375356750258e-05    2.57354993848802e-05    8.4309976209332e-06    2.50987770622662e-05    0.00290351570736521    0.00500980186697415
60.4999999999965    3.02030882875162e-05    -6.26263900012251e-06    1.01049349755857e-05    1.8774030123095e-05    0.00317868254927157    0.0043328963641481
60.9999999999964    2.27205929665217e-05    -2.30923129104341e-05    1.02405286442652e-05    2.24932429144813e-05    0.00320000194045574    0.00474264795863721
61.4999999999963    5.77617015307699e-06    -3.83264307717994e-05    7.08609453779454e-06    4.18345751894652e-05    0.00266196565974336    0.00646785175109707
61.9999999999962    -8.75765805577299e-06    -2.44075457993363e-05    6.34438593406264e-06    4.10663392452112e-05    0.0025187912254667    0.00640825588728472
62.4999999999961    -1.69140255250053e-05    -1.76399331656267e-05    7.84938223282424e-06    3.44011077398751e-05    0.00280162384137571    0.00586521922630629
62.999999999996    -3.43802055501589e-05    -2.98790912195695e-05    9.89456414681664e-06    2.60000681900593e-05    0.0031453747230311    0.00509893865720771
63.4999999999959    -4.17485039226799e-05    -7.13537260120577e-06    1.17906681177839e-05    2.01134505540044e-05    0.00343350042670801    0.00448479649933664
63.9999999999958    -3.78982210632119e-05    3.32105481627799e-05    1.15905295247194e-05    2.59398067134627e-05    0.00340427573054236    0.00509300537727514
64.4999999999961    -1.09720925828698e-05    5.22813915795803e-05    8.41145196740192e-06    4.38947709556398e-05    0.00290022957377279    0.00662510661134855
64.9999999999963    7.29407191221505e-06    3.85864466512414e-05    7.82071142832349e-06    4.24216255512217e-05    0.00279654397870629    0.00651307428464904
65.4999999999966    2.69602646813675e-05    2.82514646120753e-05    9.49921755865734e-06    3.53689259715663e-05    0.00308196215142004    0.00594711088061368
65.9999999999969    3.71578963566485e-05    1.35626722537095e-05    1.18552188273092e-05    2.66420053941894e-05    0.00344294033030599    0.00516157160641124
66.4999999999971    4.14028770944715e-05    2.93922587124722e-06    1.3700766125147e-05    2.23623492312364e-05    0.00370122303123107    0.00472888365179221
66.9999999999974    3.80533299457002e-05    -1.69532079870728e-05    1.29528476135542e-05    3.0938932671774e-05    0.00359880529587727    0.00556225181563303
67.4999999999976    2.19175845518265e-05    -5.40986897693139e-05    1.00067579018938e-05    4.60572104557063e-05    0.00316327006772758    0.00678633065709824
67.9999999999979    -1.06957465596673e-05    -4.49436032112919e-05    9.84130336465053e-06    4.34637450585082e-05    0.00313706693675096    0.00659255073025901
68.4999999999981    -2.08503171343256e-05    -2.46372171932183e-05    1.19368393695163e-05    3.53459939531761e-05    0.00345491022080049    0.00594519864770767
68.9999999999984    -3.43478894594121e-05    -2.01802385561587e-05    1.44865257300197e-05    2.7161521789486e-05    0.00380596189582993    0.00521163261823565
69.4999999999986    -4.11947868559727e-05    -9.08165219176817e-06    1.58303050744447e-05    2.57073870671952e-05    0.00397851832520357    0.00507023713358543
69.9999999999989    -4.12867776629716e-05    1.33570707504059e-05    1.42869135622576e-05    3.66386978475447e-05    0.00377957788175449    0.00605297608092132
70.4999999999992    -3.35421429326872e-05    6.55291954944845e-06    1.17998910640117e-05    4.7432955157336e-05    0.00343493318547234    0.00688715559694867
70.9999999999994    -2.91204339964044e-05    1.96335150239865e-05    1.23779285428394e-05    4.33766203504053e-05    0.0035181075229679    0.00658606368595788
71.4999999999997    -1.54580701341573e-05    3.77663457069366e-05    1.50269640469206e-05    3.45560093118049e-05    0.00387643200572232    0.00587831464068885
71.9999999999999    4.64694567218058e-06    3.7211177122045e-05    1.75096874608462e-05    2.80491583716095e-05    0.00418445526523371    0.00529601488856543
72.5000000000002    2.22264551358132e-05    3.46758999548156e-05    1.78899661201269e-05    3.02930995469714e-05    0.00422959479203611    0.00550380751198057
73.0000000000004    3.57879493338448e-05    1.26250260754879e-05    1.56714345388982e-05    4.23689044801012e-05    0.00395855450405583    0.00650912782858178
73.5000000000007    3.52491965978838e-05    -3.29289919817148e-06    1.4129376472488e-05    4.79950971952438e-05    0.00375874100818708    0.00692784860920464
74.000000000001    3.46010877722075e-05    -5.10178288809279e-06    1.56767132638751e-05    4.21678592277293e-05    0.00395923174727119    0.006493676400895
74.5000000000012    2.77000070016629e-05    -1.71860379878771e-05    1.85042324882306e-05    3.39981909462637e-05    0.00430156543572717    0.00583077144007223
75.0000000000015    2.32864040840453e-05    -5.63566018367657e-06    2.03118646841792e-05    3.05940899979765e-05    0.00450680845250428    0.00553118958609364
75.5000000000017    1.98584694705207e-05    -9.1703025522293e-06    1.9720440902037e-05    3.61662424253946e-05    0.00444072590273564    0.0060138305871504
76.000000000002    1.14051776428701e-05    -2.67373698153641e-05    1.75336229472349e-05    4.64322485241862e-05    0.00418730138265181    0.00681406880191575
76.5000000000022    -5.05764448575058e-06    -3.69767371017378e-05    1.71183503804145e-05    4.74992093993204e-05    0.00413742973362048    0.006891867825215
77.0000000000025    -1.96399972599326e-05    -2.75806543264951e-05    1.93148142586798e-05    4.07324286467301e-05    0.00439481837271888    0.00638213662923609
77.5000000000027    -3.14774758189262e-05    -1.39208221542765e-05    2.19672808374754e-05    3.44516982070889e-05    0.00468682088477803    0.00586954039238163
78.000000000003    -3.4994615990719e-05    -7.62736404532284e-08    2.28994502452912e-05    3.44889961399666e-05    0.00478520904685917    0.00587273327626489
78.5000000000033    -3.42508176505486e-05    3.73246107847956e-06    2.15213507322218e-05    4.20567020129871e-05    0.00463898454553494    0.00648511280408609
79.0000000000035    -2.69407231941785e-05    2.04665221516824e-05    1.98381227106118e-05    4.88278213655496e-05    0.0044539192749808    0.00698766073067522
79.5000000000038    -1.88874390301778e-05    1.57349227347332e-05    2.04994274458667e-05    4.61080812470176e-05    0.00452758994504953    0.00679027493252108
80.000000000004    -3.93027596285446e-06    3.83492572243619e-05    2.29418390509442e-05    3.98180390943619e-05    0.0047897623744686    0.00631003711786486
80.5000000000043    9.8723516498227e-06    1.38384727468332e-05    2.49333586211124e-05    3.66148728518374e-05    0.00499332165575033    0.00605100663927164
81.0000000000045    1.4846979994981e-05    6.69838340840207e-06    2.50046979731643e-05    3.9691220682031e-05    0.00500044773398836    0.00630009331785576
81.5000000000048    1.44469841029066e-05    -3.56953023533796e-06    2.35692199340055e-05    4.6410803002309e-05    0.00485479260305277    0.0068125465327411
82.000000000005    1.32000261659658e-05    -3.53865417083369e-06    2.29104317117303e-05    4.87499374089472e-05    0.0047864660733196    0.00698211464291971
82.5000000000053    1.21526283577271e-05    -3.52917487051809e-06    2.43315908383553e-05    4.4764469169852e-05    0.00493269126866656    0.00669062453846998
83.0000000000056    1.04115288858755e-05    -8.67193495627298e-07    2.6481865507955e-05    4.02392733839281e-05    0.00514604285913179    0.0063434432788434
83.5000000000058    9.48884206793982e-06    -3.34292476439325e-06    2.74550884939189e-05    4.00675597568645e-05    0.00523975175516885    0.00632989325200027
84.0000000000061    8.0416571878654e-06    2.95598713520609e-07    2.67547968959214e-05    4.45894048763319e-05    0.00517249767787972    0.00667752984186168
84.5000000000063    1.227650165384e-05    6.36200685176757e-06    2.57303959970625e-05    4.88117310977625e-05    0.00507249891912947    0.00698653638240232
85.0000000000066    5.49528497057459e-06    -1.76132067636977e-05    2.61154624172932e-05    4.77784150342914e-05    0.00511032603843789    0.00691217077402164
85.5000000000068    -1.20502425519772e-06    -1.94154361884931e-05    2.78150090808769e-05    4.38507755195271e-05    0.00527399351808413    0.00662196334634712
86.0000000000071    -1.28080151310506e-05    -2.00196094431188e-05    2.92863466081809e-05    4.19877119133281e-05    0.00541167095848678    0.00647976165677147
86.5000000000073    -1.95878284556573e-05    -5.74541902432774e-06    2.94776119916318e-05    4.4088051869928e-05    0.00542929353678802    0.00663988093719219
87.0000000000076    -1.70619670966605e-05    1.56265578992636e-05    2.88007207460532e-05    4.79626754996282e-05    0.00536660317475887    0.0069254914129119
87.5000000000079    -6.2541891391201e-06    2.34426767655272e-05    2.86106467871758e-05    4.90018618855117e-05    0.00534888845203319    0.00700009373697365
88.0000000000081    3.86370269624994e-06    6.63307987231304e-06    2.94437728294619e-05    4.67001773013547e-05    0.00542621027064593    0.0068337495786432
88.5000000000084    5.61883186173662e-06    7.65701152675289e-06    3.06588452486495e-05    4.44537378282042e-05    0.00553704015493639    0.00666735923723768
89.0000000000086    9.23314786123735e-06    6.34155191663657e-06    3.13382086365546e-05    4.48181031877776e-05    0.00559804639008424    0.00669462941263345
89.5000000000089    7.79974310200345e-06    -1.24993833336202e-05    3.12088295034012e-05    4.70429084599692e-05    0.00558648088400996    0.0068587719181633
90.0000000000091    5.81337238725022e-07    -1.86319533470256e-05    3.08437734536536e-05    4.89544825133536e-05    0.00555371705398291    0.00699672318758347
90.5000000000094    -5.49585663864616e-06    8.77531394672658e-06    3.10512872680297e-05    4.8132623666493e-05    0.00557236548187478    0.00693776236695652
91.0000000000096    1.430582084982e-06    1.54969741121985e-05    3.17965727533247e-05    4.6599568689613e-05    0.00563884480250694    0.00682637008470873
91.5000000000099    1.24209642145928e-05    2.45880338838629e-05    3.25620440398024e-05    4.58968592549213e-05    0.00570630263475838    0.00677467745974013
92.0000000000102    1.98901002970315e-05    5.26315799832853e-06    3.29031414403184e-05    4.6804511314376e-05    0.0057360915111449    0.00684138024184768
92.5000000000104    1.88737087412822e-05    -4.22011537697324e-06    3.28241522213708e-05    4.83425633886065e-05    0.00572920552995694    0.0069528803800463
93.0000000000107    1.66359638779204e-05    -9.11829862854397e-06    3.27794115990425e-05    4.86872883931681e-05    0.00572530652836582    0.00697762174740063
93.5000000000109    9.1875678628625e-06    -1.6729533409719e-05    3.31455577094739e-05    4.76397862952192e-05    0.00575721054835331    0.00690213781504912
94.0000000000112    1.09265986314653e-06    -1.57764315674722e-05    3.37057562693922e-05    4.69346131852655e-05    0.0058056657736634    0.00685086595179562
94.5000000000114    -5.57305211386011e-06    -1.6824985315567e-05    3.41244397532474e-05    4.7104569022429e-05    0.00584161011146221    0.00686325622006771
95.0000000000117    -1.51622229147524e-05    -1.72107711672e-05    3.41950998342479e-05    4.80965376609315e-05    0.00584763797966702    0.00693514538061657
95.500000000012    -1.98254651609862e-05    -8.37561330055507e-06    3.41544600748093e-05    4.87398096246154e-05    0.0058441481009417    0.00698138521166947
96.0000000000122    -2.0573186277274e-05    7.59780177121571e-06    3.43814125714872e-05    4.82545330617423e-05    0.00586353044807423    0.00694654412892846
96.5000000000125    -1.76594484335497e-05    7.834884097636e-06    3.49386269037279e-05    4.71501645879718e-05    0.00591086415404795    0.00686659327487532
97.0000000000127    -1.07090532142373e-05    1.61905841901461e-05    3.53490056703109e-05    4.71460221805475e-05    0.00594549333415572    0.00686627701491362
97.500000000013    -1.86783936149463e-06    2.1892161660283e-05    3.5423079712461e-05    4.79887142793245e-05    0.0059517288432553    0.00692735411341028
98.0000000000132    1.1454765878276e-05    3.04702571940568e-05    3.54091485372503e-05    4.82254125251352e-05    0.0059505476492159    0.00694438507634489
98.5000000000135    2.17624019096083e-05    6.27510211325318e-06    3.54509879769966e-05    4.80794481002493e-05    0.00595403345429463    0.00693393169301103
99.0000000000137    2.36170979664143e-05    -1.07209873556479e-06    3.5696071219338e-05    4.7505373297632e-05    0.00597457224008729    0.00689241410162189
99.500000000014    2.09181575665706e-05    -4.92519466294709e-06    3.6012444742177e-05    4.71536401279353e-05    0.00600100051431935    0.00686684904962915
100.000000000014    1.81097188586705e-05    -4.79069782596053e-06    3.61887028925124e-05    4.76086697591061e-05    0.00601567742906776    0.00689990194193515
100.500000000015    1.60060065859904e-05    -1.50615804477732e-06    3.63914290620049e-05    4.75416396127603e-05    0.00603250966594817    0.00689504440480612
101.000000000015    1.45122613892543e-05    -1.02363991271317e-05    3.65412403226229e-05    4.73198101428171e-05    0.00604491767660174    0.00687893199260975
101.500000000015    7.60725201461332e-06    -1.34522139877091e-05    3.66756494305282e-05    4.69375545018075e-05    0.00605603761218877    0.00685108557381575
102.000000000015    4.60346881852304e-06    5.57082549859092e-07    3.67028485060993e-05    4.68270566603161e-05    0.00605828583958979    0.00684302976392585
102.500000000016    4.72161747632946e-06    -3.03604890683052e-06    3.66929583725962e-05    4.69967951618139e-05    0.0060574694451499    0.006855420187284
103.000000000016    1.42490246327372e-06    -8.31847071711073e-06    3.67845970625513e-05    4.69435341934932e-05    0.00606503050546362    0.00685153012082251
103.500000000016    -3.99480550025729e-06    -1.28549079550144e-05    3.70217583421797e-05    4.65318119864494e-05    0.00608454948075112    0.00682141090521534
104.000000000016    -9.26496715633514e-06    -9.3300265543182e-06    3.72059404216872e-05    4.63414410809795e-05    0.00609966020218101    0.00680744842298375
104.500000000017    -1.34651815667658e-05    -5.24094166398934e-06    3.73611744237257e-05    4.59733185288146e-05    0.00611236395452783    0.00678036068814521
105.000000000017    -1.6693358157006e-05    -6.7906237305424e-06    3.7479273688072e-05    4.58678764246992e-05    0.00612200906728056    0.006772579295374
105.500000000017    -1.8005539142494e-05    -8.45415461231837e-07    3.75122114772083e-05    4.57714896889662e-05    0.00612469487221759    0.00676546295343038
106.000000000017    -1.74017074285695e-05    5.13041933187443e-06    3.74735730633106e-05    4.58401094331411e-05    0.00612154149245835    0.00677053048969862
106.500000000018    -1.34173577158253e-05    1.02458498628533e-05    3.76344288117948e-05    4.53555800759755e-05    0.00613467593164519    0.0067346473625971
107.000000000018    -8.73053965203724e-06    7.70466023280217e-06    3.78222495707167e-05    4.50175389782514e-05    0.00614997344290153    0.0067095066596928
107.500000000018    -5.18188542580214e-06    1.16054336730757e-05    3.79431829882122e-05    4.48580622446883e-05    0.00615980163124395    0.0066976061065576
108.000000000018    1.11672517653576e-06    1.37666024286865e-05    3.79528528649078e-05    4.4716801856568e-05    0.0061605885772248    0.00668704810340299
108.500000000019    9.27809176879277e-06    1.58275088416282e-05    3.79290857847672e-05    4.45463049561728e-05    0.00615865242579741    0.00667428306607808
109.000000000019    1.2668933333835e-05    -2.92535152841737e-07    3.79164397423864e-05    4.42547339375452e-05    0.0061576196082995    0.00665242315641214
109.500000000019    1.09624868668007e-05    -7.16685171523522e-06    3.78897708754684e-05    4.4016315290896e-05    0.00615545698541953    0.00663447540707873
110.000000000019    6.85362782811534e-06    -5.56845131160962e-06    3.79147056034383e-05    4.384618073924e-05    0.00615748801308    0.006621642525204
110.50000000002    4.0069469773224e-06    -4.11234102465574e-06    3.80443717917696e-05    4.34617552555626e-05    0.00616801067899088    0.00659255173238814
111.00000000002    4.81331625762616e-06    4.19497587535877e-06    3.81014529911103e-05    4.32881543727066e-05    0.00617263556538833    0.00657937206539378
111.50000000002    5.56947231269277e-06    4.23088321605406e-07    3.81501474399828e-05    4.29042078440739e-05    0.0061765780510701    0.0065501303548151
112.00000000002    8.40366769829817e-06    9.03033587871757e-06    3.81923020149238e-05    4.25822440999862e-05    0.00617998635866561    0.00652550094268786
112.500000000021    1.37203165638705e-05    1.07565878238542e-05    3.8169371895786e-05    4.23342752057507e-05    0.0061781213688871    0.0065064705871593
113.000000000021    1.61766442777451e-05    -1.96941451927188e-06    3.80929632878904e-05    4.22358392006594e-05    0.00617192851579393    0.0064989103180507
113.500000000021    1.24775597320982e-05    -1.33478118244798e-05    3.80447297741889e-05    4.18721392023386e-05    0.00616802837904399    0.00647085473784245
114.000000000021    2.80675807070921e-06    -2.08940258788397e-05    3.79923718023437e-05    4.16871856999441e-05    0.00616379460433691    0.00645652763795112
114.500000000022    -6.61632470953169e-06    -1.62610076293585e-05    3.80288313100033e-05    4.1411741244223e-05    0.00616674853826964    0.00643517496450981
115.000000000022    -1.1858075145364e-05    -6.37794671490066e-06    3.81347272711524e-05    4.09961269586214e-05    0.00617532077362838    0.00640281861998426
115.500000000022    -1.54483096248363e-05    -4.77274615067062e-06    3.81994113734542e-05    4.0821970477402e-05    0.00618054793065987    0.00638920556081084
116.000000000022    -1.42995616752188e-05    4.83023619168626e-06    3.81894216679938e-05    4.04480455210937e-05    0.006179742485778    0.00635987595711677
116.500000000023    -1.35276144128263e-05    1.23361737621835e-06    3.80792789048201e-05    4.02571995487031e-05    0.00617082619334465    0.0063448560288545
117.000000000023    -1.02245705976777e-05    7.74104092368129e-06    3.79813501885886e-05    3.99371367577825e-05    0.00616289263631492    0.00631957884942247
117.500000000023    -9.5047953646767e-06    -1.66571293142993e-06    3.78528790005205e-05    3.97836179566603e-05    0.00615246199983272    0.00630742540043564
118.000000000023    -9.14360462967987e-06    2.3858285821604e-06    3.77959341064376e-05    3.95996054620265e-05    0.0061478329922772    0.00629282128856751
118.500000000024    -7.97957590085288e-06    -1.74625130816666e-07    3.78720131981059e-05    3.91306962967223e-05    0.00615401897335996    0.00625545332220043
119.000000000024    -8.50745975398497e-06    2.86028210117197e-06    3.79235877275596e-05    3.8825676806411e-05    0.00615820715392785    0.00623102468500947
119.500000000024    -6.00705200895847e-06    5.43046986143907e-06    3.79222080568416e-05    3.85017932374682e-05    0.00615809808075251    0.00620497894818873
120.000000000024    -4.47713728825903e-06    1.45557814135633e-06    3.78504011330012e-05    3.83206005465904e-05    0.00615226633755748    0.00619036335184638
120.500000000025    -1.50654072064064e-06    8.5659468336463e-06    3.77898646581472e-05    3.80006329928977e-05    0.00614734596297315    0.00616445939377108
121.000000000025    1.8391443698788e-06    8.21789758754066e-06    3.77257054559033e-05    3.76061905668738e-05    0.00614212520821998    0.00613238314467003
121.500000000025    7.26486133309727e-06    9.45967752782817e-06    3.75873081181643e-05    3.74129417786881e-05    0.00613084458618501    0.00611660463763919
122.000000000026    1.11600062708517e-05    7.48714713476802e-06    3.74339117841917e-05    3.72015455469874e-05    0.00611831571908901    0.00609930237728998
122.500000000026    1.39287751225003e-05    2.89484400298563e-06    3.73477352312596e-05    3.69240470287377e-05    0.00611126347169578    0.00607651533764344
123.000000000026    1.44553545320169e-05    3.94641204767488e-08    3.73026296827237e-05    3.655025913155e-05    0.00610757077121904    0.00604568103111573
123.500000000026    1.39934300794193e-05    -1.70064545346313e-06    3.72671344301798e-05    3.62841326422748e-05    0.00610466531548572    0.00602363094404694
124.000000000027    1.10394827047985e-05    -1.20103536502767e-05    3.72227755283162e-05    3.59361310899424e-05    0.00610103709693178    0.00599466319665647
124.500000000027    4.60226258494048e-06    -1.10086260023713e-05    3.7127514547998e-05    3.57595584334175e-05    0.00609323340823057    0.00597991950142902
125.000000000027    -8.81635613021478e-07    -1.21970562459673e-05    3.70579786787383e-05    3.55141815921974e-05    0.00608752641895351    0.00595936513598691
125.500000000027    -6.01386600311678e-06    -4.90490746935547e-06    3.70347222870498e-05    3.52098033654278e-05    0.0060856130439312    0.00593378288339829
126.000000000028    -5.34425462362212e-06    5.20144818299376e-06    3.70044583296069e-05    3.49405485402828e-05    0.00608312664413206    0.00591105079365925
126.500000000028    -4.82135985859328e-06    -2.98824360021283e-06    3.69829862362453e-05    3.45949135956091e-05    0.0060813619355153    0.00588174333561142
127.000000000028    -5.32519214827251e-06    1.5949420154342e-06    3.69353631573295e-05    3.43579229965055e-05    0.00607744475907911    0.00586156297011859
127.500000000028    -4.13274959511474e-06    2.05947424666835e-06    3.68420503936621e-05    3.41989153181963e-05    0.00606976385982543    0.00584798350517186
128.000000000029    -4.18133044503827e-06    -4.51932838038729e-07    3.67750938902528e-05    3.37800220035498e-05    0.0060642457409581    0.00581205831004013
128.500000000028    -2.37384774213182e-06    4.99247551896377e-06    3.66754317069713e-05    3.35414969747312e-05    0.00605602394907898    0.00579149998272636
129.000000000028    -1.18824744719874e-06    -9.00388692940818e-07    3.65373369357412e-05    3.34074981708332e-05    0.00604461210697669    0.00577992191643913
129.500000000027    -1.30122223750203e-06    1.8719757682228e-06    3.64322230429762e-05    3.31853690423172e-05    0.00603591097928034    0.00576067405240254
130.000000000027    1.74299005433468e-07    4.56661344207082e-06    3.63815519968933e-05    3.28527192682013e-05    0.00603171219194957    0.00573172734995681
130.500000000026    3.33901837298332e-06    7.2761315124399e-06    3.63672522170951e-05    3.25630503806622e-05    0.00603052577044916    0.00570639969144928
131.000000000026    6.51061044245294e-06    7.21479773551171e-06    3.63286431982885e-05    3.24767915681542e-05    0.00602732119687015    0.00569883668083652
131.500000000025    1.06890469229325e-05    7.89071705480157e-06    3.63580408621435e-05    3.19483180117604e-05    0.00602975344491128    0.00565227881020962
132.000000000025    1.3890476853741e-05    5.71476867157621e-06    3.63231357639848e-05    3.16764093487839e-05    0.0060268518165488    0.00562817703081583
132.500000000024    1.62432757660602e-05    2.20369139596837e-06    3.61817725855602e-05    3.15733549686422e-05    0.00601510671073695    0.00561901682791451
133.000000000024    1.64622273201998e-05    1.31051922990733e-07    3.59875098278079e-05    3.14560662606442e-05    0.00599893647431606    0.00560857078438613
133.500000000024    1.63086558144426e-05    -1.59530780246876e-06    3.58541785036851e-05    3.12261068508183e-05    0.00598781366873007    0.00558803223915282
134.000000000023    1.50960177917462e-05    -2.68084835635105e-06    3.57942129738105e-05    3.08622908622526e-05    0.00598280745838084    0.00555538330588491
134.500000000023    1.29957474581836e-05    -6.34282992144148e-06    3.57311346979418e-05    3.05864159624562e-05    0.00597753844056981    0.00553049507105511
135.000000000022    9.59126953183959e-06    -7.36978085544011e-06    3.56217377767739e-05    3.04610433129378e-05    0.00596838720127328    0.00551914748845037
135.500000000022    5.35232608891504e-06    -8.76832569918224e-06    3.55222049192971e-05    3.02612567118493e-05    0.00596004834476219    0.00550101625414011
136.000000000021    2.06094477212465e-06    -4.31971222030731e-06    3.54881362086152e-05    3.00217826500627e-05    0.00595719161695525    0.00547921198623935
136.500000000021    3.75952959563119e-07    -2.99799804932291e-06    3.55016152143545e-05    2.96997398032434e-05    0.00595832317628156    0.00544974594043163
137.00000000002    -6.07012993888583e-07    -4.19973337219153e-08    3.54687676098061e-05    2.9470442724393e-05    0.00595556607228409    0.00542866859576354
137.50000000002    3.96893083554432e-07    2.36726390093775e-06    3.53985137057739e-05    2.9345893618428e-05    0.00594966499462363    0.00541718450991745
138.000000000019    1.00295553598004e-07    -3.55550901046889e-06    3.53431310609788e-05    2.90275008151042e-05    0.00594500891933054    0.00538771641546397
138.500000000019    -2.10104185534025e-06    -4.23339905196953e-06    3.52368935025322e-05    2.88352410650113e-05    0.00593606680287169    0.0053698438658255
139.000000000019    -3.93255093751996e-06    -4.02987617369302e-06    3.5080018942057e-05    2.87362782007345e-05    0.00592283745151766    0.00536062141554806
139.500000000018    -6.94650739107804e-06    -6.52006737124054e-06    3.49669364412843e-05    2.85735156762151e-05    0.00591328066197769    0.00534541608903709
140.000000000018    -9.70199111564439e-06    -4.70936417966147e-06    3.49176181339945e-05    2.83192727326703e-05    0.00590910517805893    0.00532158346308308
140.500000000017    -1.17754540846506e-05    -2.9718268671685e-06    3.49098000768199e-05    2.8072752773938e-05    0.0059084398461439    0.00529837181992573
141.000000000017    -1.30783482655739e-05    -3.01295017935056e-06    3.49162201089114e-05    2.7826246348586e-05    0.005908980374457    0.00527505803481982
141.500000000016    -1.38974967283711e-05    6.9808407950731e-07    3.48624257521197e-05    2.7584100064238e-05    0.00590442483326737    0.00525205669970505
142.000000000016    -1.18405245533343e-05    7.85993401652734e-06    3.47425606883669e-05    2.74018539470011e-05    0.00589427014059801    0.0052346721166123
142.500000000015    -5.84446570295121e-06    1.4270369452102e-05    3.45770074681645e-05    2.72444370687536e-05    0.00588021881483888    0.00521960088754967
143.000000000015    -3.70234570517711e-07    6.68258256618312e-06    3.44059324128237e-05    2.71421728873795e-05    0.00586565701995523    0.00520981076724191
143.500000000014    2.68663871096788e-06    6.787644637658e-06    3.43129896590444e-05    2.68931584800813e-05    0.00585772843694694    0.00518585695984392
144.000000000014    5.63875783978488e-06    4.90281285276994e-06    3.42658786358576e-05    2.66725122865576e-05    0.00585370368572476    0.00516454143646691
144.500000000014    7.98735449605923e-06    4.18071637401807e-06    3.4240142691984e-05    2.64448695860198e-05    0.00585150227669375    0.00514245584401367
145.000000000013    1.01522243021658e-05    5.07878254686928e-06    3.41947387374715e-05    2.62329339520368e-05    0.00584761794834557    0.00512180711839138
145.500000000013    1.23617853962728e-05    2.63112614948519e-06    3.41376781820844e-05    2.60542166409978e-05    0.00584273269697889    0.00510433244589075
146.000000000012    1.30212243826381e-05    1.00168343828549e-06    3.40797104425949e-05    2.58201440108647e-05    0.00583776848550116    0.00508135247817892
146.500000000012    1.35553823432077e-05    9.9172174444124e-07    3.39792848320061e-05    2.56011075155376e-05    0.00582915955208087    0.00505975360388483
147.000000000011    1.26741988337537e-05    -5.98297100362771e-06    3.38422545695587e-05    2.54429556445495e-05    0.00581739580347105    0.00504409752568361
147.500000000011    7.97776807840234e-06    -1.12735564615512e-05    3.36554034284945e-05    2.53184262450587e-05    0.00580132224442937    0.00503172924072663
148.00000000001    2.22375894273719e-06    -1.15318595310571e-05    3.34937059350798e-05    2.52639885079922e-05    0.00578737427422626    0.0050263162976685
148.50000000001    -3.17757034358505e-06    -1.01143693173656e-05    3.34527682291772e-05    2.50430423084949e-05    0.00578383593579762    0.00500429215854033
149.000000000009    -7.39314200522063e-06    -5.9515774183063e-06    3.34957970800783e-05    2.46692066087152e-05    0.00578755064094731    0.00496680694082641
149.500000000009    -8.83415318855767e-06    -4.15821664010565e-07    3.3486202995084e-05    2.44387991632747e-05    0.00578671970574188    0.00494356136710843
150.000000000009    -8.38272325085184e-06    1.99975870038781e-06    3.33604104460027e-05    2.43262541297219e-05    0.00577584107952717    0.00493216485234293
150.500000000008    -6.7718967200173e-06    4.33693896036263e-06    3.31794368212537e-05    2.4294422959637e-05    0.00576015546341143    0.00492893539728383
151.000000000008    -4.93386786323985e-06    2.33106527052056e-06    3.3053887541274e-05    2.41353991630409e-05    0.00574924892470503    0.00491277861593371
151.500000000007    -5.0474501494841e-06    -2.95763480600356e-06    3.30022805416632e-05    2.38925599126819e-05    0.00574475892139176    0.0048880007329253
152.000000000007    -7.1988525826213e-06    -4.71485715990886e-06    3.29732465931641e-05    2.36964866747783e-05    0.00574222907673367    0.00486790144157626
152.500000000006    -8.41861961176481e-06    1.35916916041387e-06    3.29288851233082e-05    2.34819718969186e-05    0.00573836337731866    0.00484581985319077
153.000000000006    -5.5513803832995e-06    8.85235745286987e-06    3.28494599264533e-05    2.33899910300815e-05    0.005731442149113    0.00483631188674273
153.500000000005    -1.24927459705663e-06    7.54713398731831e-06    3.27720412983561e-05    2.32052255329801e-05    0.00572468686808886    0.00481717433499647
154.000000000005    2.15006229474969e-06    5.86571446514153e-06    3.26777242710973e-05    2.30247476351531e-05    0.00571644291918754    0.0047984073637559
154.500000000004    4.60768473753884e-06    3.72342563952452e-06    3.25528969814259e-05    2.28364723473685e-05    0.00570551275089867    0.00477875072414015
155.000000000004    5.41501984024873e-06    -9.03426864186799e-07    3.23974100907887e-05    2.27806347379626e-05    0.00569186970760477    0.00477290623433799
155.500000000004    3.52814993036136e-06    -6.46988048269443e-06    3.22859895752275e-05    2.2683294079373e-05    0.00568207507231166    0.00476269379868364
156.000000000003    -9.94753657236935e-08    -6.22308561197503e-06    3.22785986565137e-05    2.24669702456857e-05    0.00568142575825984    0.00473992948459059
156.500000000003    -2.17427361793419e-06    -3.04515116772681e-06    3.23009983051953e-05    2.21924989936897e-05    0.00568339630658724    0.00471089054433916
157.000000000002    -3.65398271661435e-06    -2.46538776361187e-06    3.22596434952474e-05    2.20493129954979e-05    0.00567975616938419    0.00469566895312703
157.500000000002    -3.68433684974394e-06    2.26637351937526e-06    3.21654356475185e-05    2.19289229487437e-05    0.00567145678579855    0.0046828322425958
158.000000000001    -2.56114912728375e-06    2.16907037378046e-06    3.20447634455094e-05    2.18289919381777e-05    0.00566080885439745    0.00467215017238438
158.500000000001    -6.34613446679096e-07    5.60213384654476e-06    3.19212941549657e-05    2.16969972938114e-05    0.00564989325140143    0.00465800020501371
159    2.19201316816914e-06    4.49503600677623e-06    3.18174936100824e-05    2.15776035327785e-05    0.00564069931880443    0.00464516773942877
159.5    3.35172003735584e-06    -9.4970958069066e-08    3.17550185578352e-05    2.13526774976782e-05    0.00563515814541242    0.00462089574527046
159.999999999999    2.02844153853353e-06    -4.83030299965346e-06    3.1684916972371e-05    2.11954228944781e-05    0.00562893532187002    0.00460384617061116
160.499999999999    -1.05508311965196e-06    -6.9005099799711e-06    3.15852990402752e-05    2.1047088671338e-05    0.00562007988618266    0.00458770542366225
160.999999999999    -4.81933346961949e-06    -8.85430330809166e-06    3.14741210281312e-05    2.09357542624023e-05    0.00561017805440756    0.0045755519736656
161.499999999998    -9.57297960662088e-06    -9.17135014864301e-06    3.13715805354773e-05    2.0847634973781e-05    0.00560102570013196    0.00456591183227595
161.999999999998    -1.30667176468233e-05    -4.14791373260777e-06    3.13142202318637e-05    2.07247006761925e-05    0.00559589577214887    0.00455243709138349
162.499999999997    -1.37492530015077e-05    1.2840786690083e-06    3.13201354649707e-05    2.05167490594222e-05    0.00559642264513793    0.00452954163360535
162.999999999997    -1.18391166786445e-05    6.15156510722551e-06    3.13377347979457e-05    2.03728153778167e-05    0.00559799916338525    0.0045136213328173
163.499999999996    -8.24723052866925e-06    7.6742093226562e-06    3.1328423964041e-05    2.020927517094e-05    0.00559717392504731    0.00449546619133669
163.999999999996    -4.67831906720674e-06    5.76513776110658e-06    3.12719970409802e-05    2.00633949151186e-05    0.00559213511588471    0.00447921440414558
164.499999999995    -2.87813564664969e-06    2.13997106749888e-06    3.11599101657652e-05    1.99749404265435e-05    0.00558210550617779    0.0044693328190086
164.999999999995    -2.06708499560382e-06    1.10208522466949e-06    3.10230198099177e-05    1.98600891942954e-05    0.00556983083558893    0.00445646586205971
165.499999999994    -1.39920651741551e-06    1.40066909865733e-06    3.08841044231123e-05    1.97757499045277e-05    0.00555734671091641    0.00444699313499063
165.999999999994    -9.91180044809144e-07    7.76701567254722e-07    3.07808602003205e-05    1.96210257416612e-05    0.00554805003743501    0.00442956263511375
166.499999999994    -1.26142075301843e-08    3.02182703225828e-06    3.06920894926371e-05    1.95480712550484e-05    0.00554004417784534    0.00442131904793239
166.999999999993    1.90014088695808e-06    4.50158587542277e-06    3.06393989706851e-05    1.93838659412935e-05    0.00553528638465524    0.00440270890214401
167.499999999993    4.72403973610401e-06    7.14097827310299e-06    3.06120802081493e-05    1.92528831740879e-05    0.00553281645200686    0.00438780493874981
167.999999999992    8.53933339480326e-06    6.67751358335935e-06    3.05874045271871e-05    1.91159249151135e-05    0.00553058148904546    0.00437217112267188
168.499999999992    1.06364373825785e-05    2.31063869399026e-06    3.05658563586256e-05    1.89890513041643e-05    0.0055286294164852    0.00435764224840832
168.999999999991    1.13187934285542e-05    -2.93768214985625e-08    3.05362106680312e-05    1.88694514722618e-05    0.00552594630384213    0.00434389818842463
169.499999999991    1.03288360378485e-05    -3.91445363483565e-06    3.04821943538884e-05    1.87128755994981e-05    0.00552105856417358    0.00432583636728793
169.99999999999    7.37954741500423e-06    -7.81621894810941e-06    3.04026436195616e-05    1.85910896216565e-05    0.00551385429276487    0.00431173150003312
170.49999999999    2.7610173181718e-06    -1.03313885277935e-05    3.03049958029238e-05    1.85090661371452e-05    0.00550499665573987    0.00430220401649623
170.999999999989    -2.77142076536386e-06    -1.15005379467046e-05    3.01860022519833e-05    1.84173438016955e-05    0.0054941782434874    0.0042915278793598
171.499999999989    -8.4968729078898e-06    -1.1229725624962e-05    3.00792244113424e-05    1.83249759033042e-05    0.00548444639088516    0.00428075341459498
171.999999999989    -1.36244221724722e-05    -9.27956709446896e-06    3.00146648089272e-05    1.81905143323284e-05    0.00547854717822596    0.00426502382431364
172.499999999988    -1.78424339567009e-05    -7.10340579729675e-06    2.99649838889557e-05    1.80174661534919e-05    0.00547399904425514    0.00424469265025372
172.999999999988    -2.00222623882197e-05    -1.55070342895827e-06    2.987930900584e-05    1.79478158622839e-05    0.00546616027160281    0.00423648597986619
173.499999999987    -1.97457969934422e-05    2.59581481065079e-06    2.97859899633597e-05    1.78723437260818e-05    0.00545761853438483    0.00422756868516968
173.999999999987    -1.75612530470333e-05    5.38205098299089e-06    2.97141462044648e-05    1.77615662096917e-05    0.00545104006652457    0.00421444388303118
174.499999999986    -1.45147688883801e-05    7.07781772585765e-06    2.96662260472026e-05    1.76684284402107e-05    0.00544665175761097    0.00420337701672202
174.999999999986    -1.10605700732009e-05    5.58933890792176e-06    2.9642548281098e-05    1.75074759541783e-05    0.00544448582924849    0.00418418985150875
175.499999999985    -9.22631845451082e-06    2.33856700022776e-06    2.96189346225871e-05    1.73955323412189e-05    0.00544232023108112    0.00417079451331797
175.999999999985    -8.53447845863157e-06    1.24473873587839e-07    2.95838643420154e-05    1.72671150771522e-05    0.00543909840917526    0.00415537183193736
176.499999999984    -8.78709195871226e-06    6.22292175927926e-08    2.95193082431543e-05    1.71609573351649e-05    0.005433160316995    0.0041425785848059
176.999999999984    -7.24410816785353e-06    6.43999511011002e-06    2.94281227715987e-05    1.70759169970219e-05    0.00542476453816159    0.00413229664030607
177.499999999984    -3.34495925097548e-06    7.4335528214854e-06    2.93214428351511e-05    1.69990590603079e-05    0.00541492674432431    0.0041229848171683
177.999999999983    -3.47798844917465e-07    5.21703043202311e-06    2.92275040150043e-05    1.69637366508609e-05    0.00540624674742471    0.00411870239680587
178.499999999983    2.06829896936158e-06    4.00622172734926e-06    2.91703193613622e-05    1.68291689400566e-05    0.00540095501587465    0.00410233505338656
178.999999999982    3.40321030516318e-06    1.46272532260006e-06    2.91290524997951e-05    1.6697565776241e-05    0.00539713265706474    0.00408626524306433
179.499999999982    3.7578520956522e-06    4.39418061539213e-07    2.90943209561789e-05    1.65800187668258e-05    0.00539391386979126    0.00407185689504648
179.999999999981    4.37319271559557e-06    1.99508878175647e-06    2.90418403231886e-05    1.64752790000398e-05    0.0053890464090017    0.00405897462663423
180.499999999981    5.00710392950575e-06    2.28989660708604e-07    2.89605019843923e-05    1.6400002975601e-05    0.00538149392950531    0.00404969170717535
180.99999999998    5.13765586756116e-06    1.02500423709526e-06    2.88849663846193e-05    1.63259614731422e-05    0.00537447113575945    0.00404053962021269
181.49999999998    6.24100546083762e-06    2.64392657120893e-06    2.88337688606149e-05    1.62118033482314e-05    0.00536970482526421    0.00402638750716864
181.999999999979    6.98244700767056e-06    9.42773532596902e-08    2.87812952873074e-05    1.61125473330431e-05    0.00536481561032075    0.00401404376211257
182.499999999979    6.91242822472326e-06    2.13549692587912e-07    2.87238005010355e-05    1.60057993780067e-05    0.0053594545169608    0.00400072485087431
182.999999999979    7.54296789782942e-06    2.66049056134132e-06    2.86530347700419e-05    1.59137951687311e-05    0.00535284764155278    0.00398920895548491
183.499999999978    9.18603943780938e-06    2.74225464622062e-06    2.85765588815577e-05    1.58286934901029e-05    0.00534569682064341    0.00397852811604271
183.999999999978    9.66452210065347e-06    -4.24201038481043e-07    2.84885367191539e-05    1.5756318919384e-05    0.00533745663365675    0.00396942297310799
184.499999999977    9.42481360145335e-06    -3.24933719012835e-07    2.83986486551445e-05    1.56369850809311e-05    0.00532902991434961    0.00395436277740791
184.999999999977    8.95002751979426e-06    -1.84476699591997e-06    2.83049826043067e-05    1.55802995774961e-05    0.00532023519229311    0.00394718838850274
185.499999999976    7.90057673380005e-06    -2.14989446971808e-06    2.82322445158662e-05    1.54808251427879e-05    0.00531339647464345    0.00393456738673284
185.999999999976    6.7112132603901e-06    -2.44965924973186e-06    2.81772942394477e-05    1.53817179482857e-05    0.0053082246748856    0.00392195256823119
186.499999999975    5.86382179283095e-06    -9.34264160362873e-07    2.81353539187754e-05    1.52445822798445e-05    0.00530427370469976    0.00390443099657235
186.999999999975    5.38440301418602e-06    -1.42218711731416e-06    2.80836879527002e-05    1.51586042723764e-05    0.00529940175500069    0.00389340496863095
187.499999999974    4.11467411392126e-06    -3.55574596828882e-06    2.80127457512364e-05    1.50888835317428e-05    0.00529270524596763    0.00388443958485821
187.999999999974    2.64336923427175e-06    -1.67838010077305e-06    2.79437445397807e-05    1.50003989150457e-05    0.00528618364724305    0.00387303448191284
188.499999999974    2.35208544931102e-06    1.67689392192786e-07    2.78745221877343e-05    1.4914310910421e-05    0.00527963224622969    0.00386190508457954
188.999999999973    2.71341107409279e-06    1.44553548109097e-06    2.78052184832265e-05    1.48148555163307e-05    0.00527306468011031    0.00384900681043277
189.499999999973    4.00193012736634e-06    3.86295707880425e-06    2.7727130097223e-05    1.4745940918229e-05    0.00526565419314431    0.0038400424471341
189.999999999972    6.35481342635644e-06    5.24207627889801e-06    2.76591126119377e-05    1.46573466640394e-05    0.00525918931283938    0.00382848784570039
190.499999999972    9.14036710080317e-06    5.99632430891451e-06    2.75963701519444e-05    1.45675891205435e-05    0.00525321678646842    0.00381674641083716
190.999999999971    1.22896817690833e-05    6.28340704441122e-06    2.75333941334668e-05    1.44797353972648e-05    0.00524721288849507    0.00380521956213576
191.499999999971    1.47469065406223e-05    2.97366012324126e-06    2.74671643845961e-05    1.44049938620156e-05    0.00524089180515527    0.00379538996933926
191.99999999997    1.54804735256664e-05    4.39973273582312e-07    2.73978041114689e-05    1.43388775816714e-05    0.0052342682837631    0.00378667101661802
192.49999999997    1.52350088066684e-05    -1.60717598440153e-06    2.73380318321631e-05    1.42588401228635e-05    0.00522855617992862    0.00377608759695122
192.999999999969    1.38128239398646e-05    -3.77787478176544e-06    2.72770575670099e-05    1.41803504583363e-05    0.00522272599060153    0.00376567871518514
193.499999999969    1.15999658134297e-05    -5.42337804373264e-06    2.72224167955421e-05    1.40979615863054e-05    0.0052174976987379    0.00375472131765808
193.999999999969    7.95227595589187e-06    -9.10264394702561e-06    2.71732867106153e-05    1.40027215446357e-05    0.00521279420962716    0.00374200997947746
194.499999999968    3.07634291744755e-06    -9.96213135157221e-06    2.71207466947757e-05    1.3930001228436e-05    0.00520775740898998    0.00373227839052434
194.999999999968    -1.85007252343254e-06    -9.58840669645196e-06    2.70591945660288e-05    1.38323952003448e-05    0.00520184497493538    0.00371918045579961
195.499999999967    -6.45376450186722e-06    -9.02773414558311e-06    2.69822194834371e-05    1.37766265702974e-05    0.00519443720073319    0.00371167685424171
195.999999999967    -1.06104670782088e-05    -7.00998541144416e-06    2.69143306819479e-05    1.36925061851058e-05    0.00518789148883593    0.00370033201823977
196.499999999966    -1.35537103041204e-05    -5.53791827789965e-06    2.68473068527888e-05    1.3636574992851e-05    0.00518142095855237    0.00369276919456283
196.999999999966    -1.65022655567061e-05    -5.7426527576329e-06    2.67955516694114e-05    1.35527820071694e-05    0.00517641568507041    0.00368140584955105
197.499999999965    -1.87841682982358e-05    -3.27699618222081e-06    2.67516683122636e-05    1.34812100345003e-05    0.00517216738585334    0.0036716752710168
197.999999999965    -2.01400292759177e-05    -2.59715237591733e-06    2.67144225962654e-05    1.33895775498546e-05    0.00516856043550679    0.00365917624673288
198.499999999964    -2.12525143372345e-05    -1.14386844753111e-06    2.66760725039548e-05    1.33216889708174e-05    0.00516484470575729    0.00364988871917794
198.999999999964    -2.08936177629414e-05    2.45752518152325e-06    2.66222316857979e-05    1.32458538462732e-05    0.0051596312990886    0.00363948455235671
199.499999999964    -1.87812644348967e-05    6.17812243487597e-06    2.65543468871034e-05    1.31733831493706e-05    0.00515305677740986    0.00362951029481579
199.999999999963    -1.50641601058072e-05    8.13602214942506e-06    2.647551902271e-05    1.31220545089263e-05    0.00514541466684565    0.00362242851055337
200.499999999963    -1.07053524021981e-05    9.37563511264954e-06    2.6400543170082e-05    1.30635405160208e-05    0.00513813473602162    0.0036143398586031
200.999999999962    -6.07308435038501e-06    8.51624485980391e-06    2.63471174655027e-05    1.3006550691504e-05    0.0051329407344279    0.00360644952343402
201.499999999962    -2.69960980371189e-06    4.70219660128658e-06    2.63190913613773e-05    1.29284899143193e-05    0.00513021286824282    0.00359561786118414
201.999999999961    -1.22725177695372e-06    1.62201794892228e-06    2.63065619677417e-05    1.28162408806949e-05    0.00512899214871643    0.00357997740911205
202.499999999961    -4.40805870953322e-07    1.77700953422666e-06    2.62829387492293e-05    1.2748285685503e-05    0.00512668884904472    0.00357047371195197
202.99999999996    3.34161949122584e-07    1.39677997464663e-06    2.62352552006742e-05    1.26570489633261e-05    0.00512203622488264    0.00355767438256114
203.49999999996    1.34047911441392e-06    2.80436518838793e-06    2.61601116801588e-05    1.26021541865917e-05    0.00511469548294661    0.00354995018586566
203.999999999959    3.26432059879584e-06    5.07403997196343e-06    2.6072059861299e-05    1.25537643215347e-05    0.00510607963172433    0.00354312553766489
204.499999999959    6.37805956122411e-06    7.12600446269251e-06    2.59753297056182e-05    1.25129926117547e-05    0.00509659582721393    0.00353736368384918
204.999999999959    1.00718366983059e-05    7.26279307120902e-06    2.58934616397515e-05    1.24366745299066e-05    0.00508855187630597    0.00352655948223525
205.499999999958    1.32378841690488e-05    5.16591034964589e-06    2.58274615696022e-05    1.23434094381215e-05    0.00508205532516372    0.00351331506578783
205.999999999958    1.53446059030513e-05    3.37770749640204e-06    2.57605074320936e-05    1.22883597804521e-05    0.00507545780941614    0.00350547405803326
206.499999999957    1.66339626653641e-05    1.91717158752889e-06    2.56947897482076e-05    1.22319335543041e-05    0.00506897554339076    0.00349741760142497
206.999999999957    1.73931843116971e-05    1.14864158781394e-06    2.5639424505655e-05    1.21687974826942e-05    0.0050635088607402    0.00348838016324435
207.499999999956    1.78927317041492e-05    7.37597894857686e-07    2.56002234120634e-05    1.21122080992073e-05    0.00505963469651867    0.00348025969651069
207.999999999956    1.76513097063627e-05    -2.08944788683574e-06    2.55772661137264e-05    1.20420892850618e-05    0.00505736636452136    0.0034701707334466
208.499999999955    1.58764081399424e-05    -4.86899672909185e-06    2.55716744075531e-05    1.19477724818645e-05    0.00505681939040912    0.00345655157270008
208.999999999955    1.28100557384469e-05    -7.40732179755548e-06    2.55610985781131e-05    1.18756945162339e-05    0.00505578228176265    0.00344610499663281
209.499999999954    8.64973928478152e-06    -8.64654854271713e-06    2.55162354201363e-05    1.18131664761852e-05    0.00505135235379068    0.00343701785176968
209.999999999954    4.86776112701639e-06    -6.3434914573438e-06    2.54424962992757e-05    1.1769739986949e-05    0.0050440531920448    0.00343069960023683
210.499999999954    1.65943663303146e-06    -7.02552108583278e-06    2.53518409334449e-05    1.17323871589176e-05    0.00503506089136119    0.00342525003481076
210.999999999953    -1.88110111973639e-06    -6.36770898817591e-06    2.52685269942402e-05    1.1680765677391e-05    0.0050267806253803    0.00341770758399154
211.499999999953    -4.43336502038555e-06    -4.41779933777605e-06    2.52008207711778e-05    1.16274130676847e-05    0.00502003995167891    0.00340989641349026
211.999999999952    -6.87272338508304e-06    -5.45314686310309e-06    2.51449272832682e-05    1.15876270956211e-05    0.00501446707526747    0.00340405601581559
212.499999999952    -9.78822586077673e-06    -5.95917701594391e-06    2.51177845588508e-05    1.15190845910894e-05    0.00501175505681246    0.00339397246295527
212.999999999951    -1.23474287755077e-05    -3.87318140180912e-06    2.51087698901421e-05    1.14464035954861e-05    0.00501084997092756    0.0033832511869431
213.499999999951    -1.38072182360267e-05    -2.30190767659033e-06    2.51008531839766e-05    1.13526053816145e-05    0.00501005614187119    0.00336936196969628
213.99999999995    -1.45601417506661e-05    -2.57756477724704e-07    2.50644286204826e-05    1.12924776584952e-05    0.00500641754378865    0.00336042818582049
214.49999999995    -1.39825524754983e-05    2.21857696968417e-06    2.49973941791578e-05    1.12427998681131e-05    0.0049997198588905    0.00335302772819274
214.999999999949    -1.27897772295706e-05    2.25124471919069e-06    2.49004732681898e-05    1.12050984580314e-05    0.00499002101095659    0.00334740099031003
215.499999999949    -1.17794297940245e-05    1.90367851868299e-06    2.47968192508951e-05    1.11534822341995e-05    0.00497962654181303    0.00333968241157862
215.999999999949    -1.05724908302666e-05    3.08054539608539e-06    2.47007993398037e-05    1.11258176647785e-05    0.00496997862794613    0.00333553716438876
216.499999999948    -9.05134902314539e-06    2.49871586178404e-06    2.46318627451487e-05    1.10793824270627e-05    0.00496304148866696    0.00332856969034474
216.999999999948    -8.07000709476522e-06    1.76157571292602e-06    2.45984778143642e-05    1.10236127254296e-05    0.00495967868811577    0.00332018216703249
217.499999999947    -7.02578453599524e-06    2.71015892957197e-06    2.45970554819702e-05    1.09391534146508e-05    0.00495953688567005    0.0033074379918132
217.999999999947    -5.34362074860422e-06    3.56955854686307e-06    2.46101744737036e-05    1.08561869818077e-05    0.00496086140901164    0.00329487089884558
218.499999999946    -3.69117548320736e-06    3.40223928745436e-06    2.46122549597157e-05    1.07778361003952e-05    0.00496107259924094    0.00328295972030773
218.999999999946    -1.69534331235671e-06    4.4171933737485e-06    2.45825917610019e-05    1.071625341402e-05    0.00495808318675806    0.00327356593066684
219.499999999945    6.84377273363495e-07    5.24484307357075e-06    2.45120602029544e-05    1.06786343993954e-05    0.0049509655355882    0.0032678137785095
219.999999999945    3.37889108801504e-06    5.10029098566956e-06    2.44179832651492e-05    1.06588286057909e-05    0.00494145442640567    0.00326478216621304
220.499999999944    5.6808443397558e-06    4.38460541445819e-06    2.43305300592672e-05    1.06173364914181e-05    0.00493259544127378    0.00325842251199157
220.999999999944    7.92166086375023e-06    4.45057270919444e-06    2.42580601848691e-05    1.05528711496297e-05    0.00492524085016746    0.0032485152519316
221.499999999944    9.90551910040094e-06    3.23509596286183e-06    2.41847676806155e-05    1.05125481374415e-05    0.00491779112623817    0.00324230437676594
221.999999999943    1.0997920899949e-05    1.20367826894089e-06    2.41208645240188e-05    1.04673512114789e-05    0.00491128736379319    0.00323532838559511
222.499999999943    1.13507035813275e-05    4.25674356170579e-07    2.40776293699636e-05    1.0415841557923e-05    0.00490688297511687    0.00322735826593894
222.999999999942    1.12748660265173e-05    -1.0298341230795e-06    2.40502562131868e-05    1.03522606760073e-05    0.00490409309562766    0.00321749275297536
223.499999999942    1.01582487810292e-05    -3.31947416321648e-06    2.40225260614668e-05    1.03015130756198e-05    0.00490126747601562    0.0032095953104264
223.999999999941    8.52269108591385e-06    -2.72998189176519e-06    2.39882240993491e-05    1.0254225655017e-05    0.00489777005004173    0.00320222082346235
224.499999999941    7.28365241958362e-06    -2.47651090966274e-06    2.3961009185037e-05    1.0184233229769e-05    0.00489499296561746    0.00319127358536725
224.99999999994    6.13550758690932e-06    -1.94470290635701e-06    2.3927617030232e-05    1.01346777667986e-05    0.00489158250321699    0.00318350027248769
225.49999999994    5.51039015620626e-06    -5.31606797623788e-07    2.38792318971087e-05    1.00920030574404e-05    0.00488663499073841    0.00317679127026542
225.999999999939    5.30319879886557e-06    -6.49916228499399e-07    2.38196303865912e-05    1.00411852878965e-05    0.00488053298961022    0.00316878286815386
226.499999999939    4.85490083153999e-06    -7.5860811691125e-07    2.37510586381911e-05    9.99695598035826e-06    0.00487350336699679    0.00316179623076377
226.999999999939    4.69000876574057e-06    -1.71348738919965e-07    2.36873234160787e-05    9.95504313946056e-06    0.00486696018269068    0.00315516134454328
227.499999999938    4.45736874623291e-06    -8.7628956799175e-07    2.36304751784187e-05    9.92339452169748e-06    0.00486111667318144    0.00315014186249033
227.999999999938    3.87492172431474e-06    -1.00417552680309e-06    2.35861226668239e-05    9.87816639709527e-06    0.00485655306280139    0.00314295488175169
228.499999999937    3.97746378553986e-06    1.58236766564506e-06    2.35576162324732e-05    9.82854011321257e-06    0.00485361725028406    0.00313504985755014
228.999999999937    5.09473574082045e-06    2.45465464164309e-06    2.35416351097327e-05    9.76521770978042e-06    0.00485196961587771    0.00312493386881243
229.499999999936    6.47812528452471e-06    3.40594106159677e-06    2.35201888216956e-05    9.70515562562514e-06    0.0048497574017252    0.00311530801449722
229.999999999936    8.49745244328987e-06    4.19934392784376e-06    2.34803573188516e-05    9.65544411248161e-06    0.00484564599533989    0.00310731821318516
230.499999999935    1.00486939686932e-05    1.80607846259726e-06    2.34170999162823e-05    9.62911752724145e-06    0.00483911137917199    0.00310308141454942
230.999999999935    1.07209930442423e-05    1.25787707583016e-06    2.33474686014319e-05    9.59862155553945e-06    0.0048319099393242    0.00309816396810832
231.499999999934    1.11828757233398e-05    2.14449758541381e-07    2.32802840056252e-05    9.56611780195798e-06    0.00482495170430915    0.0030929141203676
231.999999999934    1.06215380205975e-05    -2.71388475498132e-06    2.32229506353415e-05    9.51984756141843e-06    0.00481900797034739    0.00308542382765285
232.499999999934    8.66046379544544e-06    -4.38113441785909e-06    2.31785789733481e-05    9.4734298647815e-06    0.00481440587920409    0.0030778906202857
232.999999999933    6.66847179706973e-06    -3.95801504167159e-06    2.31480391654911e-05    9.43440219587344e-06    0.00481123629610675    0.00307154464886812
233.499999999933    4.121034856425e-06    -6.22583536693281e-06    2.3131833877691e-05    9.38240721844013e-06    0.00480955475015751    0.00306306520619691
233.999999999932    1.02936060050627e-06    -5.45877948677876e-06    2.31170749519608e-05    9.31652951517975e-06    0.00480802182736076    0.00305229417273405
234.499999999932    -1.13849161389088e-06    -3.43108762743358e-06    2.30868391833609e-05    9.26894181429308e-06    0.00480487646950447    0.00304449175428852
234.999999999931    -2.72132626227351e-06    -3.3376108704802e-06    2.3042375712109e-05    9.21680536565216e-06    0.00480024669225368    0.00303591736152449
235.499999999931    -4.60927650773619e-06    -3.88338847210208e-06    2.29799098797176e-05    9.18565752829368e-06    0.00479373430993914    0.00303078248107443
235.99999999993    -6.19223163715225e-06    -2.29437078262126e-06    2.29061279814238e-05    9.16201158765989e-06    0.00478603067663498    0.0030268806259122
236.49999999993    -7.224887868638e-06    -2.33690349402807e-06    2.28390116642127e-05    9.13039909064633e-06    0.00477901239433504    0.00302165412142561
236.999999999929    -8.64802778395574e-06    -3.06594523871516e-06    2.27839976795531e-05    9.1006696653097e-06    0.00477325076768113    0.00301673006172072
237.499999999929    -1.00650428074401e-05    -2.53571661255427e-06    2.27493704773021e-05    9.0489437368445e-06    0.00476961939490096    0.00300814516055754
237.999999999929    -1.12978068352385e-05    -2.68857353794554e-06    2.27267831961735e-05    8.98676732251593e-06    0.00476724821629147    0.0029977925368658
238.499999999928    -1.27450709409979e-05    -2.7026473663912e-06    2.26949034100627e-05    8.92702875820879e-06    0.00476389976523745    0.00298781215171001
238.999999999928    -1.37527771341023e-05    -1.4886419581842e-06    2.26390516806945e-05    8.90402684289325e-06    0.00475803137251275    0.00298396123078675
239.499999999927    -1.44865955864639e-05    -1.38631286766399e-06    2.25771788559551e-05    8.87807907298696e-06    0.00475152280795362    0.00297961023476622
239.999999999927    -1.46525208291795e-05    1.18389562436812e-06    2.25193748585022e-05    8.84977947616103e-06    0.00474543571889195    0.00297485765618326
240.499999999926    -1.33968583795044e-05    3.33747724012519e-06    2.24774080842664e-05    8.81493216117153e-06    0.00474101556720202    0.00296899326749274
240.999999999926    -1.17066293619246e-05    3.33884597032009e-06    2.24587948382359e-05    8.76622550166686e-06    0.00473905663535105    0.00296077934905228
241.499999999925    -9.9049093467591e-06    3.98954271359075e-06    2.24603903025175e-05    8.72096504423565e-06    0.00473922907183102    0.00295312531528626
241.999999999925    -7.86694639210622e-06    3.86364800200234e-06    2.2471321706845e-05    8.67011208233103e-06    0.00474038604103078    0.00294450287052928
242.499999999924    -6.24872994748929e-06    2.6257471840919e-06    2.24749813624763e-05    8.61519151550389e-06    0.00474077444262542    0.00293516347431546
242.999999999924    -4.93774199415002e-06    2.97377479904744e-06    2.24608930076585e-05    8.55628898999024e-06    0.00473928988629757    0.00292511198873713
243.499999999924    -3.14051296885704e-06    4.16919297406548e-06    2.2414801347133e-05    8.5202146391904e-06    0.00473442620433684    0.00291893769324053
243.999999999923    -9.36817348574496e-07    4.44271084235157e-06    2.23332356971349e-05    8.50290670562592e-06    0.00472580520329691    0.00291597101630765
244.499999999923    1.15863370505149e-06    3.81300007026769e-06    2.22316397175044e-05    8.48849544267932e-06    0.00471504383596508    0.00291349976895654
244.999999999922    2.90485820627875e-06    3.38537044295448e-06    2.21303028299027e-05    8.46507042695748e-06    0.00470428468438099    0.00290947743868628
245.499999999922    4.69929590578249e-06    3.75984845130194e-06    2.20462650698802e-05    8.44079505096508e-06    0.00469534269106081    0.00290530220708702
245.999999999921    6.55186367672616e-06    3.62868391364227e-06    2.19859907594473e-05    8.40272392013506e-06    0.00468891755446069    0.0028987429608001
246.499999999921    8.42006230772832e-06    3.9689820259576e-06    2.19498700957105e-05    8.36989760126911e-06    0.00468506128009669    0.00289307480865096
246.99999999992    1.05614572129729e-05    4.50560687729372e-06    2.19430531826431e-05    8.31938135445077e-06    0.00468432936910553    0.00288433026090242
247.49999999992    1.26712767466156e-05    3.65228051177556e-06    2.19451443587245e-05    8.26725917824143e-06    0.00468454734178983    0.00287528187124123
247.999999999919    1.42374348213235e-05    2.82262889148038e-06    2.19454586117875e-05    8.22406075807782e-06    0.00468457638503603    0.00286776093683626
248.499999999919    1.54335300397195e-05    1.69487298853908e-06    2.19420107260288e-05    8.19069882834186e-06    0.00468420457838674    0.00286193919497732
248.999999999919    1.58315011210142e-05    -2.12148263277606e-08    2.193103616212e-05    8.1570190145169e-06    0.00468303165969356    0.00285604954685083
249.499999999918    1.55279140460879e-05    -1.07240882068165e-06    2.19142805252758e-05    8.11116781635542e-06    0.00468124336145443    0.00284801100178611
249.999999999918    1.47205994671915e-05    -2.45056736359872e-06    2.18803941562818e-05    8.08613034644597e-06    0.00467762519450128    0.0028436111445072
250.499999999917    1.29089042864884e-05    -4.51818380511857e-06    2.18363264193688e-05    8.04891024628645e-06    0.00467291769449869    0.00283705654372654
250.999999999917    1.06916308832581e-05    -4.13790309409376e-06    2.17829295595453e-05    8.01613736627837e-06    0.00466720636447268    0.00283127537410905
251.499999999916    8.56528512389771e-06    -4.61539801889737e-06    2.17219931069083e-05    7.9805095736242e-06    0.00466067803466395    0.00282497580020172
251.999999999916    6.11492271408488e-06    -4.88364504853417e-06    2.16501376521054e-05    7.96295553829695e-06    0.00465296682341768    0.00282186670278878
252.499999999915    3.8489657429957e-06    -4.30894659306688e-06    2.15804631835781e-05    7.93873417679059e-06    0.00464547611866004    0.00281757264498537
252.999999999915    1.70871082690339e-06    -4.24629799064296e-06    2.15203455868898e-05    7.90698052808394e-06    0.00463900233532999    0.00281193216437334
253.499999999914    -3.34727266100026e-07    -3.84658714872947e-06    2.1474155920381e-05    7.87393188135442e-06    0.00463402155889878    0.00280605008599664
253.999999999914    -2.04645823761242e-06    -2.84354187958486e-06    2.14458347861715e-05    7.83562168575262e-06    0.00463096432702522    0.00279921660469893
254.499999999914    -3.04002901229225e-06    -1.17931655426379e-06    2.14326174568391e-05    7.79498509389705e-06    0.00462953650110491    0.00279194980311422
254.999999999913    -3.41312966173644e-06    -4.23057788589184e-07    2.14237166904242e-05    7.74376723090927e-06    0.00462857483908061    0.00278276248572015
255.499999999913    -3.43740572830796e-06    3.55008385195773e-07    2.14096487296337e-05    7.70759843834301e-06    0.00462705488554821    0.00277625616835192
255.999999999912    -3.18337083192897e-06    4.612015907171e-07    2.13822510036235e-05    7.67750040525887e-06    0.00462409351870977    0.00277083023524574
256.499999999912    -3.03858666604688e-06    1.95766005305317e-07    2.13494539789422e-05    7.64416906941438e-06    0.00462054593591854    0.00276480904061927
256.999999999911    -2.97879257905322e-06    -8.99351633552375e-09    2.13059235367469e-05    7.61252078429047e-06    0.00461583304112505    0.00275907969877812
257.499999999911    -3.07520384903579e-06    -4.25200577337055e-07    2.12518053898063e-05    7.59313747065427e-06    0.00460996702080694    0.00275556478600281
257.99999999991    -3.38937714076796e-06    -7.02663899233879e-07    2.11982400037474e-05    7.56644939179577e-06    0.00460415339838607    0.00275071788776298
258.49999999991    -3.68262490457137e-06    -4.58871039972853e-07    2.11500822755228e-05    7.55308609349732e-06    0.00459892038567712    0.00274828780933415
258.999999999909    -3.78318286261111e-06    1.53510192119022e-07    2.11234973937145e-05    7.51714752268596e-06    0.00459602905574387    0.00274174169080907
259.499999999909    -3.53962977164819e-06    7.45898064630369e-07    2.11092601450424e-05    7.47708253820116e-06    0.00459448012467825    0.00273442534764386
259.999999999909    -3.155967660935e-06    6.72550593792666e-07    2.11022659028275e-05    7.43502425529469e-06    0.00459371918413562    0.00272672400564677
260.499999999908    -2.89667907120836e-06    2.90679545135603e-07    2.1089134979855e-05    7.396175541448e-06    0.00459228990690977    0.00271959104590256
260.999999999908    -2.96973179586897e-06    -5.28613115468467e-07    2.10567756357007e-05    7.355907501023e-06    0.00458876528233835    0.00271217757928775
261.499999999907    -3.3108938609364e-06    -8.11920489646494e-07    2.10022240461977e-05    7.32835311894241e-06    0.00458281715587471    0.0027070929905948
261.999999999907    -3.8951337610014e-06    -1.61794880302424e-06    2.09292462327661e-05    7.31198548110138e-06    0.00457484765437048    0.00270406783630571
262.499999999906    -4.81963912572113e-06    -1.84969028202755e-06    2.08469074413468e-05    7.29972243188381e-06    0.00456583882900234    0.00270179921728645
262.999999999906    -5.61293019961086e-06    -1.34473523239835e-06    2.07730483682007e-05    7.29186823997471e-06    0.0045577425183105    0.00270034561337283
263.499999999905    -6.20850991800289e-06    -9.55004347717789e-07    2.0729176917587e-05    7.26287060967298e-06    0.00455292635257717    0.00269497118679211
263.999999999905    -6.31465971264824e-06    7.61486445919713e-07    2.07226688183349e-05    7.21301350347766e-06    0.00455221143439182    0.00268570529351529
264.499999999904    -5.47615962400692e-06    2.37176841187863e-06    2.07329691375439e-05    7.16023050966026e-06    0.00455334373282094    0.00267585965334037
264.999999999904    -4.04645126216957e-06    3.36640141316735e-06    2.07374781639918e-05    7.11745567801029e-06    0.00455384033429193    0.00266785388380845
265.499999999904    -2.15214417283099e-06    4.12474734386538e-06    2.07262579775566e-05    7.09858792626947e-06    0.00455260950948267    0.00266431434195157
265.999999999903    4.59147323977653e-08    4.61987364063429e-06    2.07062690457962e-05    7.07305962484013e-06    0.00455041416177561    0.00265951843039443
266.499999999903    2.4474440387784e-06    5.02780146702912e-06    2.06731037801817e-05    7.0473914810656e-06    0.00454676783992754    0.00265468759033488
266.999999999902    5.12562102245604e-06    5.75553691479585e-06    2.06282313531869e-05    7.02155427072323e-06    0.00454182838526469    0.00264981530385007
267.499999999902    8.17653379675827e-06    6.26938866034751e-06    2.05770683319246e-05    6.9854248158907e-06    0.00453618798951495    0.00264298798912453
267.999999999901    1.11390315561995e-05    5.33863591413431e-06    2.05142211578066e-05    6.96275360733401e-06    0.00452924906356259    0.00263869761554836
268.499999999901    1.33856003355301e-05    3.59616295251255e-06    2.04472103454054e-05    6.93912193280257e-06    0.00452183935706578    0.002634218859627
268.9999999999    1.47035150460867e-05    1.70483954751793e-06    2.03827150075213e-05    6.92553165757272e-06    0.00451469808671262    0.00263163993568551
269.4999999999    1.50777559284658e-05    -3.65238080965462e-07    2.03305924596649e-05    6.90645956159574e-06    0.00450892061595023    0.00262801435083541
269.999999999899    1.41755538480665e-05    -3.24513253918977e-06    2.02941764003527e-05    6.88614442929901e-06    0.00450488351170436    0.00262414441264459
270.499999999899    1.2135160572281e-05    -4.39833193507779e-06    2.02855444761301e-05    6.85218955111434e-06    0.00450393130653744    0.00261766502933254
270.999999999899    9.99589022184423e-06    -4.38830768260649e-06    2.02956437226297e-05    6.80641409274467e-06    0.00450505758063184    0.00260890682767713
271.499999999898    7.48139578268065e-06    -5.63760181222771e-06    2.03050850932285e-05    6.76443630723662e-06    0.00450611019860208    0.00260084688605124
271.999999999898    4.73977946568887e-06    -4.83354236380188e-06    2.02980261942332e-05    6.71907847036056e-06    0.00450533059039221    0.00259211402280625
272.499999999897    2.92007331533839e-06    -2.44063619271794e-06    2.02667729200145e-05    6.69753936646671e-06    0.00450186232499244    0.00258795931377634
272.999999999897    2.13419737503157e-06    -9.80701486929736e-07    2.02155059428128e-05    6.69061045872285e-06    0.00449616518691366    0.00258662125115902
273.499999999896    1.80402300211164e-06    -2.09617292810246e-07    2.01596431027129e-05    6.67442719244277e-06    0.00448994875786059    0.00258349127122647
273.999999999896    2.16504837886651e-06    1.77019002454918e-06    2.01051768747625e-05    6.65505716743086e-06    0.00448387914504037    0.00257973914066096
274.499999999895    3.29724020532341e-06    2.16293752338176e-06    2.00607577956883e-05    6.63148130592405e-06    0.00447892251818396    0.00257516535927799
274.999999999895    3.85075043167764e-06    -4.99969178073301e-08    2.00288158308482e-05    6.60157631218083e-06    0.00447535484655343    0.00256935328627286
275.499999999894    3.41602461915234e-06    -1.55378094148385e-06    2.0000820959053e-05    6.57340533867484e-06    0.00447222643543781    0.00256386484129714
275.999999999894    2.20826146315301e-06    -3.52342812068083e-06    1.99740418336734e-05    6.54588415232513e-06    0.0044692322559087    0.00255849012852882
276.499999999894    -2.5899390887324e-07    -6.16828098453226e-06    1.99492694933307e-05    6.51589580635109e-06    0.00446646050315603    0.00255261782463823
276.999999999893    -3.52329214480589e-06    -6.45740664917354e-06    1.99180275383238e-05    6.4975969166503e-06    0.00446296035437648    0.00254903025061486
277.499999999893    -6.4362811175247e-06    -5.04992857496955e-06    1.98843246547727e-05    6.47980688006473e-06    0.00445917965875542    0.00254554147054927
277.999999999892    -8.52575747724406e-06    -3.26633995295554e-06    1.98578985685247e-05    6.46228445730311e-06    0.00445621205509614    0.00254210027109995
278.499999999892    -9.6137712590454e-06    -9.59231423291292e-07    1.98428836609909e-05    6.4335122899022e-06    0.00445452480477919    0.00253643674665411
278.999999999891    -9.4524459771372e-06    1.44459322148108e-06    1.98398395302781e-05    6.38961054174051e-06    0.00445418344722612    0.00252776748434086
279.499999999891    -8.40597052000063e-06    2.52111426639223e-06    1.9833924612228e-05    6.34826568401776e-06    0.00445352152255803    0.00251957522769228
279.99999999989    -7.12856713607246e-06    2.42289185830669e-06    1.98115970128247e-05    6.32292786865887e-06    0.00445101631050205    0.00251454210508671
280.49999999989    -6.1259780168247e-06    1.48893107444469e-06    1.97680037467828e-05    6.30193643952396e-06    0.00444611810675067    0.00251036535639899
280.999999999889    -5.58155134599569e-06    8.19935822130548e-07    1.97031439889806e-05    6.29175490985681e-06    0.00443881885587429    0.00250833694657677
281.499999999889    -5.22967495854126e-06    6.30112801810166e-07    1.96331509995196e-05    6.29094951896601e-06    0.00443092807998724    0.00250817645350639
281.999999999889    -4.87697398750613e-06    8.93841128790811e-07    1.95764125776842e-05    6.27570833493893e-06    0.00442452130662843    0.00250513623102357
282.499999999888    -4.27188095115672e-06    1.54363132706083e-06    1.95377312192568e-05    6.2524315398658e-06    0.0044201485235555    0.00250048578421637
282.999999999888    -3.35032313690038e-06    2.06666391018972e-06    1.95202537997389e-05    6.21738705820597e-06    0.00441817185893372    0.00249346802407936
283.499999999887    -2.28365094566093e-06    2.09515228283776e-06    1.95124477836107e-05    6.17799880981698e-06    0.00441728905195812    0.00248555716493383
283.999999999887    -1.39604422892478e-06    1.35787859314946e-06    1.9505818746589e-05    6.14458726373675e-06    0.00441653900669398    0.00247882742842306
284.499999999886    -9.65871330064495e-07    3.35167400925638e-07    1.94862861900417e-05    6.11844511579001e-06    0.00441432727118575    0.00247354907035474
284.999999999886    -1.03674391107674e-06    -5.33043531872634e-07    1.94534412221062e-05    6.09299823100069e-06    0.00441060541731725    0.00246839987580321
285.499999999885    -1.4952452663583e-06    -1.43829812163396e-06    1.94058541630596e-05    6.07657914218555e-06    0.00440520736484688    0.00246507141346535
285.999999999885    -2.57630541554044e-06    -2.83053094125751e-06    1.9350059605225e-05    6.06520550425474e-06    0.0043988695102123    0.00246276216723202
286.499999999884    -4.13746891151726e-06    -3.24638402563143e-06    1.93000953267124e-05    6.04744074820608e-06    0.00439318542837238    0.00245915233550035
286.999999999884    -5.76524048574738e-06    -3.21339524671347e-06    1.92569700415358e-05    6.03302375486129e-06    0.00438827264462203    0.002456219336491
287.499999999884    -7.22632117342281e-06    -2.48058332512015e-06    1.92289374462301e-05    6.0062875763573e-06    0.00438507528173832    0.00245077159749
287.999999999883    -8.13683917334498e-06    -1.12847342869024e-06    1.92123417632472e-05    5.97534546536238e-06    0.00438318098589317    0.0024444517160112
288.499999999883    -8.35253772546968e-06    2.84503142314741e-07    1.91983536695623e-05    5.95903119798151e-06    0.00438158463397386    0.00244111268011935
288.999999999882    -8.000840612865e-06    7.83345680091237e-07    1.91894884218558e-05    5.93479792346441e-06    0.00438057352505414    0.00243614394275748
289.499999999882    -7.74175218543309e-06    4.07219187259819e-07    1.91865282837983e-05    5.90193687563026e-06    0.00438023610654396    0.0024293901929914
289.999999999881    -7.39218380259991e-06    9.99337654584167e-07    1.91799976999218e-05    5.87345589287647e-06    0.00437949118683214    0.00242352117675929
290.499999999881    -6.85844750010441e-06    1.02692574100331e-06    1.91579403836781e-05    5.84981725846569e-06    0.00437697308026631    0.00241863932902143
290.99999999988    -6.44366210975408e-06    5.93652321075127e-07    1.91188552175357e-05    5.83324972344659e-06    0.00437250656909218    0.0024152120757862
291.49999999988    -6.19904928808984e-06    4.54379070793994e-07    1.90728419903929e-05    5.81914567572067e-06    0.00436724210024826    0.00241229050266761
291.999999999879    -6.03982131910032e-06    1.05328231444661e-07    1.90302376086348e-05    5.79958911600964e-06    0.00436236187508478    0.00240823360679889
292.499999999879    -6.03409180043449e-06    7.15389368984122e-08    1.89869507737657e-05    5.7851562394374e-06    0.00435739765955574    0.00240523517235209
292.999999999879    -5.8544144365689e-06    6.66782850949145e-07    1.89474235733616e-05    5.76498231208045e-06    0.0043528598988703    0.00240103766473604
293.499999999878    -5.50185187802255e-06    5.36120679517661e-07    1.89162813431022e-05    5.73829009945229e-06    0.0043492816731879    0.00239547277421951
293.999999999878    -5.30802521529579e-06    5.05930543280653e-07    1.88908008733536e-05    5.71767963809633e-06    0.00434635165376916    0.00239116694986582
294.499999999877    -4.77045127693632e-06    1.64136251857709e-06    1.88693691864332e-05    5.69425944153609e-06    0.00434388609763514    0.00238626418224495
294.999999999877    -3.80872600054549e-06    2.12579713615812e-06    1.88457510891549e-05    5.67048922634673e-06    0.00434116765199885    0.00238127795675626
295.499999999876    -2.62405908866152e-06    2.55909122671318e-06    1.88162939030759e-05    5.65054530849224e-06    0.00433777443136336    0.00237708619102134
295.999999999876    -1.32080749546566e-06    2.74867849993729e-06    1.87858109470714e-05    5.63112783908089e-06    0.00433425993712179    0.00237299816347325
296.499999999875    2.43904532516493e-07    3.41873307746508e-06    1.87537801753685e-05    5.61750920746721e-06    0.00433056348710871    0.00237012605566273
296.999999999875    1.82617058900477e-06    2.6987785165742e-06    1.87234006937488e-05    5.60302274667311e-06    0.00432705412016649    0.00236706896039546
297.499999999874    2.96962925210866e-06    2.01796773407552e-06    1.86986314373048e-05    5.58376730422785e-06    0.00432419040036478    0.00236299877952446
297.999999999874    3.9141940814942e-06    1.7859799086487e-06    1.86812219456499e-05    5.56131807465901e-06    0.00432217614457516    0.00235824402573923
298.499999999874    4.83582474460546e-06    1.98075094748065e-06    1.86689310875113e-05    5.5351017708457e-06    0.00432075314063537    0.00235267886620154
298.999999999873    5.88756050448245e-06    2.19923366390576e-06    1.86543129318091e-05    5.5057679702844e-06    0.0043190598824791    0.00234643626243197
299.499999999873    7.04879631691206e-06    2.42428963678542e-06    1.86280574493695e-05    5.48436644421339e-06    0.00431601758150265    0.00234187116789826
