#t    rhoGW_over_rho    rhoGW
0    0    0
9.99999999999983    6.17108452979656e-17    6.02177355666186e-19
20.0000000000003    1.9882692758863e-15    5.62010593224999e-18
30.0000000000019    2.50471615553473e-13    3.21896350333647e-16
40.0000000000006    4.22331890667159e-08    3.09533258306965e-11
49.9999999999986    7.78766800942535e-07    3.76569896245684e-10
59.9999999999966    2.78276860422891e-06    9.47775030560778e-10
69.9999999999989    5.87181807855981e-06    1.43087842398555e-09
80.000000000004    1.35201666293997e-05    2.49883417376746e-09
90.0000000000091    2.46027032307379e-05    3.49447532760269e-09
100.000000000014    3.78745966759561e-05    4.2436892337329e-09
110.000000000019    5.01913141084077e-05    4.53132041648931e-09
120.000000000024    6.07099444433601e-05    4.50329313988912e-09
130.000000000027    6.98971019000848e-05    4.33383570579501e-09
140.000000000018    7.70231931810554e-05    4.05143157570135e-09
150.000000000009    8.35091842879459e-05    3.77386181173582e-09
159.999999999999    8.84766698269615e-05    3.47285149925919e-09
169.99999999999    9.23671346757023e-05    3.17911569972311e-09
179.999999999981    9.57200303109099e-05    2.91286955896577e-09
189.999999999972    9.8380627797454e-05    2.66640527099409e-09
199.999999999963    0.000100667062823124    2.44589893758735e-09
209.999999999954    0.00010245715008626    2.24472320223961e-09
219.999999999945    0.000104179255393882    2.0688666986017e-09
229.999999999936    0.000105632812999769    1.91047168305949e-09
239.999999999927    0.00010650533616263    1.7618461668506e-09
249.999999999918    0.000107673433338473    1.63554137451577e-09
259.999999999909    0.000108366629264585    1.51690632879197e-09
269.999999999899    0.000109032652236642    1.411140671575e-09
279.99999999989    0.000109904522868419    1.31916111362655e-09
289.999999999881    0.000110267346067696    1.23088254613893e-09
