#t    a    aDot    H
0    1    0.403738659880248    0.403738659880248
0.5    1.19879948471699    0.385470343703683    0.321546971464276
1    1.38041167907965    0.33742186620951    0.244435679097178
1.5    1.53482178536331    0.281146926531587    0.183178874063894
2    1.66456947968104    0.24245355846683    0.145655415064614
2.49999999999999    1.78240639203667    0.233760132793433    0.131148616745212
2.99999999999998    1.90189714008615    0.246043245553052    0.129367272481364
3.49999999999997    2.02840646182827    0.2582932412505    0.127338009472565
3.99999999999996    2.15752254874576    0.255112815208333    0.11824340624233
4.49999999999995    2.28091472232444    0.23673990475927    0.103791650973261
4.99999999999994    2.39379682906185    0.215582412942145    0.0900587762189632
5.49999999999993    2.49824627468353    0.204558296628082    0.0818807571939619
5.99999999999992    2.60064276804562    0.206857786628039    0.0795410231538615
6.49999999999991    2.70604747442405    0.214710029354717    0.079344516821685
6.9999999999999    2.81442499708912    0.21723220299843    0.0771852876602173
7.49999999999988    2.92156152303357    0.20978210462507    0.0718047876011336
7.99999999999987    3.02327009946328    0.196859772242045    0.0651148477527671
8.49999999999986    3.11898051158876    0.187157568027536    0.0600060075182069
8.99999999999985    3.21186633210828    0.185809663130403    0.0578509950034056
9.49999999999984    3.30581795973201    0.190457074543329    0.0576126927929112
9.99999999999983    3.40213414742483    0.194039804407813    0.0570347305542574
10.4999999999998    3.49876761812306    0.191308194719638    0.0546787370869365
10.9999999999998    3.59250008272624    0.183096131656708    0.0509662150147431
11.4999999999998    3.68188122481128    0.174967810373139    0.0475213076386264
11.9999999999998    3.76835592823976    0.171988086578394    0.0456400854519948
12.4999999999998    3.85479689144847    0.174403505981595    0.0452432413153838
12.9999999999998    3.9429320383159    0.177840812302256    0.0451036970898985
13.4999999999998    4.03198379743228    0.177496263820575    0.0440220677309297
13.9999999999997    4.11960026097072    0.172343985115872    0.0418351233610374
14.4999999999997    4.20407321975998    0.165703507074616    0.0394149907512972
14.9999999999997    4.2858103456401    0.161995916975196    0.03779820008601
15.4999999999997    4.36684574376679    0.162798911202483    0.0372806645242417
15.9999999999997    4.44896344565643    0.165669258347019    0.0372377207344249
16.4999999999998    4.53217431496987    0.166573509158117    0.0367535530590518
16.9999999999999    4.61485905402165    0.163545790956845    0.0354389568657189
17.4999999999999    4.695333213693    0.158266817032328    0.03370725991731
18    4.77335865173081    0.154332247196316    0.0323320031987027
18.5000000000001    4.85027891044453    0.153957487605585    0.0317419864812424
19.0000000000002    4.92774993834902    0.156107025861285    0.0316791695630534
19.5000000000002    5.00627285322153    0.157609017214983    0.0314823066652394
20.0000000000003    5.08483851732559    0.156094593376927    0.0306980433783817
20.5000000000004    5.16193126772893    0.152046067598211    0.0294552677500307
21.0000000000005    5.23692002723088    0.14819805784248    0.0282987055505682
21.5000000000006    5.3105828194421    0.146980288555895    0.0276768659021375
22.0000000000006    5.384349917159    0.148375453197027    0.02755679988854
22.5000000000007    5.45900820170122    0.150066597684089    0.0274897183040177
23.0000000000008    5.53404772497794    0.149622107088895    0.0270366492167344
23.5000000000009    5.60819797411301    0.146668306566412    0.0261524837823881
24.000000000001    5.68061292324786    0.143112741894561    0.0251931866909771
24.500000000001    5.75161587940889    0.141325842059751    0.024571502169626
25.0000000000011    5.82236282583247    0.142001365555921    0.0243889585386012
25.5000000000012    5.89377851691373    0.143617214580736    0.0243675961301548
26.0000000000013    5.96575012654009    0.143902315501417    0.0241214118005433
26.5000000000013    6.03728706674878    0.141902459797012    0.0235043419715056
27.0000000000014    6.10745823285854    0.138772149725894    0.022721751739421
27.5000000000015    6.17623264441154    0.136644445111565    0.0221242386708352
28.0000000000016    6.24447469276386    0.136673660479865    0.0218871349800238
28.5000000000017    6.3131366500698    0.138042146997768    0.0218658575996833
29.0000000000017    6.38240775977505    0.138781772899394    0.0217444228139202
29.5000000000018    6.45158452947542    0.137586383901365    0.0213259832949212
30.0000000000019    6.51974759170107    0.134959043099211    0.0207000410983699
30.500000000002    6.58660534108591    0.1326869266786    0.0201449638785743
31.000000000002    6.65273709830606    0.132170980678652    0.0198671582426285
31.5000000000021    6.71904136100673    0.133191294900223    0.019822961006489
32.0000000000022    6.78591880994999    0.134158926025731    0.0197701932167266
32.5000000000021    6.85293755125604    0.133607207526715    0.0194963410256419
33.000000000002    6.91925976885369    0.131510715008734    0.019006471703912
33.5000000000019    6.98442013887308    0.129251369065682    0.0185056692604028
34.0000000000018    7.04873905963384    0.128318050739529    0.0182043979290382
34.5000000000017    7.1130073616529    0.1289514511893    0.0181289635498612
35.0000000000016    7.17775884214535    0.129982471053842    0.0181090607684713
35.5000000000015    7.24280240116601    0.129928359874281    0.0179389623902157
36.0000000000014    7.30742534721871    0.128354194123876    0.017564899814232
36.5000000000013    7.37106104480699    0.126225313503679    0.0171244428361649
37.0000000000012    7.43380536567017    0.124988363037755    0.0168135102937938
37.5000000000011    7.49630658252613    0.125234939048577    0.0167062189452736
38.000000000001    7.55916316682798    0.126193434085045    0.0166941010929387
38.5000000000009    7.62238487168461    0.12648426234501    0.0165937911131816
39.0000000000008    7.68540894940706    0.125387731733599    0.0163150370473484
39.5000000000007    7.74763241790206    0.123475422019627    0.0159371812393059
40.0000000000006    7.80897438137196    0.122074841971748    0.0156326344549104
40.5000000000005    7.8699294049618    0.12197067289207    0.0154983185510115
41.0000000000004    7.93109700495054    0.122754553922655    0.0154776260895602
41.5000000000003    7.99263098153926    0.123225376694495    0.0154173734505085
42.0000000000002    8.05411624542955    0.122501613502922    0.0152098144315259
42.5000000000001    8.11497091525698    0.120842653257557    0.0148913230274628
43    8.17499808266451    0.119403943865515    0.0146059904428255
43.4999999999999    8.23455734737421    0.119050976607867    0.0144574834548732
43.9999999999998    8.29420973617801    0.11964814814163    0.0144255030855735
44.4999999999997    8.35419368621911    0.120179176934699    0.0143854908622652
44.9999999999996    8.414220348284    0.119728827566437    0.0142293430181983
45.4999999999995    8.47375875752077    0.118328031703467    0.0139640548060738
45.9999999999994    8.53254733637114    0.116919820894572    0.0137028036628857
46.4999999999993    8.59082877465591    0.116392091102783    0.0135484124006935
46.9999999999992    8.64910561909676    0.116816666322986    0.013506213412987
47.4999999999991    8.70766495149983    0.117350444766467    0.0134766835219417
47.999999999999    8.76631827783841    0.117088581647585    0.013356642770271
48.4999999999989    8.82459413994882    0.115904781308584    0.0131342903107447
48.9999999999988    8.88219724566297    0.114572504345736    0.0128991173216379
49.4999999999987    8.9392916538875    0.113959214104264    0.0127481257482751
49.9999999999986    8.99631347088105    0.114234979632289    0.0126979767881633
50.4999999999985    9.0535632720246    0.114716677055338    0.0126708869876473
50.9999999999984    9.11092101755808    0.114560257260558    0.0125739491144511
51.4999999999983    9.16797587547023    0.11354857122274    0.0123853479508547
51.9999999999982    9.22443219604313    0.112322666523957    0.0121766482897602
52.4999999999981    9.28040222145789    0.111689045617165    0.0120349358736759
52.999999999998    9.33626136079796    0.111857383337315    0.0119809610094028
53.4999999999979    9.39229849162901    0.112261763710848    0.0119525336434848
53.9999999999978    9.44843231097373    0.112140359785342    0.011868673669292
54.4999999999977    9.50430725150556    0.111257521167589    0.0117060105722029
54.9999999999976    9.55965082702091    0.110149240181134    0.0115223078932748
55.4999999999975    9.6145432992614    0.109539224932551    0.0113930762515747
55.9999999999974    9.66931212091386    0.109635151277519    0.0113384644022803
56.4999999999973    9.72421863136256    0.109968817475281    0.0113087561730265
56.9999999999972    9.77920282589971    0.109851549346491    0.0112331803831244
57.4999999999971    9.83395322980232    0.109058724818501    0.0110900186598399
57.999999999997    9.88822540140795    0.108057153705368    0.0109278610993214
58.4999999999969    9.9420873552693    0.107497086165365    0.0108123256539676
58.9999999999968    9.9958291056488    0.107556060407589    0.0107600939622714
59.4999999999967    10.0496781788457    0.107818537259412    0.0107285562125131
59.9999999999966    10.1035773632311    0.107675503934406    0.0106571662752104
60.4999999999965    10.1572516544338    0.106943510876138    0.0105287842139321
60.9999999999964    10.2104921206184    0.106045609508238    0.0103859449922199
61.4999999999963    10.2633676165359    0.105551626378567    0.0102843072880394
61.9999999999962    10.3161365085736    0.105595566683143    0.0102359605842152
62.4999999999961    10.3689882671048    0.105786406832878    0.0102021917768469
62.999999999996    10.4218567306463    0.105595639063337    0.0101321330538756
63.4999999999959    10.4744966429323    0.104901570085295    0.0100149509481276
63.9999999999958    10.5267412029662    0.104108233761124    0.00988988251480799
64.4999999999961    10.5786712341282    0.103696232614229    0.00980238730547666
64.9999999999963    10.6305151447416    0.103734335410926    0.00975816637279698
65.4999999999966    10.6824179656665    0.103845455441227    0.00972115636880979
65.9999999999969    10.7342970357527    0.103589920305545    0.00965036834368549
66.4999999999971    10.7859368767005    0.102925169507013    0.00954253401290985
66.9999999999974    10.8372190466463    0.102241014659436    0.00943424823465896
67.4999999999976    10.8882407503719    0.101918622756404    0.00936043067865873
67.9999999999979    10.9391987365322    0.101949278084982    0.00931962939337735
68.4999999999981    10.9901879893704    0.10196961632086    0.0092782413203017
68.9999999999984    11.0411080163171    0.101642351924351    0.00920581084562703
69.4999999999986    11.0917778090579    0.101012299303214    0.00910695300988847
69.9999999999989    11.1421313957928    0.100444681966388    0.00901485347806213
70.4999999999992    11.19227989601    0.100208392161197    0.00895334937048183
70.9999999999994    11.2423823953852    0.10021767034952    0.00891427340086366
71.4999999999997    11.2924818804758    0.100137784341465    0.00886765065477754
71.9999999999999    11.3424662649068    0.0997473484807411    0.0087941498921937
72.5000000000002    11.3921966660151    0.099169116234795    0.00870500388486394
73.0000000000004    11.4416580796649    0.098720358387595    0.00862815141828518
73.5000000000007    11.4909657777179    0.0985530721861143    0.00857656998485003
74.000000000001    11.5402341437053    0.0985183492992523    0.00853694544429928
74.5000000000012    11.5894586309486    0.0983374124836078    0.00848507386022389
75.0000000000015    11.6385281854308    0.0979068406728203    0.00841230429766722
75.5000000000017    11.6873527425524    0.0974023563042608    0.00833399645324549
76.000000000002    11.7359597887123    0.0970653448738318    0.00827076324572869
76.5000000000022    11.7844541794261    0.0969364389080706    0.00822578945381341
77.0000000000025    11.8329009716474    0.0968352494561137    0.008183559525102
77.5000000000027    11.8812600592111    0.0965657138589462    0.00812756503752159
78.000000000003    11.9294381193877    0.096131744153518    0.00805836311747866
78.5000000000033    11.9773953790967    0.0957175859397224    0.00799151926693273
79.0000000000035    12.0251846024477    0.0954690386913454    0.00793909131938924
79.5000000000038    12.0728849549866    0.0953393477214459    0.00789698138240497
80.000000000004    12.1205152704406    0.0951604707878786    0.00785119020640608
80.5000000000043    12.1680195832217    0.094833158617538    0.00779363954577311
81.0000000000045    12.2153357750853    0.0944326173074467    0.00773066078953424
81.5000000000048    12.2624655740867    0.0941086076151489    0.00767452573436954
82.000000000005    12.3094663327859    0.0939111690155542    0.00762918281562087
82.5000000000053    12.3563827402928    0.0937486212494404    0.00758706032500408
83.0000000000056    12.4032002348149    0.0935016759191292    0.00753851217016367
83.5000000000058    12.4498675252922    0.0931575816905976    0.00748261630104465
84.0000000000061    12.4963581046948    0.0928147601091578    0.00742734477769869
84.5000000000063    12.5426977477213    0.09256042511597    0.00737962653471307
85.0000000000066    12.5889303631082    0.0923743968306163    0.00733774785992296
85.5000000000068    12.6350678781094    0.0921643526580085    0.00729432984033949
86.0000000000071    12.6810811540238    0.0918764908823657    0.00724516228280843
86.5000000000073    12.7269380016721    0.0915519330838292    0.00719355536043319
87.0000000000076    12.7726404843112    0.0912696324640706    0.00714571372898017
87.5000000000079    12.8182191758114    0.0910533854069193    0.00710343489669311
88.0000000000081    12.8636961226663    0.0908503616348341    0.00706253947298651
88.5000000000084    12.9090611991018    0.0906000357964837    0.00701832878465149
89.0000000000086    12.9542884583705    0.0903054526905462    0.00697108551972955
89.5000000000089    12.9993685014837    0.0900209692430049    0.00692502633745096
90.0000000000091    13.0443176234578    0.0897834580104471    0.0068829555214899
90.5000000000094    13.0891567831928    0.0895737643912099    0.00684335636549386
91.0000000000096    13.1338878195896    0.0893438766493675    0.0068025460455135
91.5000000000099    13.1784942218009    0.0890769354782549    0.00675926505555517
92.0000000000102    13.2229633843967    0.0888022254307125    0.00671575824943299
92.5000000000104    13.2673017449984    0.0885574246029238    0.00667486323180288
93.0000000000107    13.3115254828404    0.0883397134590635    0.00663633282097837
93.5000000000109    13.3556407868323    0.0881182073836383    0.00659782699984839
94.0000000000112    13.3996392595495    0.0878714334497199    0.00655774620104768
94.5000000000114    13.4435100478851    0.0876122732765383    0.00651706830764198
95.0000000000117    13.4872539796794    0.0873676973549859    0.00647779729562585
95.500000000012    13.5308817705882    0.0871460941779174    0.00644053326719217
96.0000000000122    13.5744005983374    0.0869276914764317    0.00640379594271577
96.5000000000125    13.6178067536714    0.0866943512433288    0.0063662491920702
97.0000000000127    13.6610931720442    0.0864507561975762    0.00632824585183909
97.500000000013    13.7042585608587    0.0862129148893599    0.00629095798991973
98.0000000000132    13.7473087698292    0.085990267340708    0.00625506190196499
98.5000000000135    13.7902500300722    0.0857744527134442    0.00621993455712528
99.0000000000137    13.8330818828219    0.0855512239695881    0.00618453824637781
99.500000000014    13.8757999146432    0.0853204682803475    0.00614886844759909
100.000000000014    13.918402370105    0.0850903509572346    0.00611351423062735
100.500000000015    13.9608921369489    0.0848706089700235    0.00607916801716453
101.000000000015    14.0032742491387    0.0846579342375615    0.00604558139270666
101.500000000015    14.0455497189972    0.0844429874779059    0.00601208134728205
102.000000000015    14.0877164380821    0.0842231688331444    0.00597848268761794
102.500000000016    14.1297725703828    0.0840020708882672    0.00594504054965067
103.000000000016    14.17171955569    0.0837869875584226    0.00591226683742706
103.500000000016    14.2135605917566    0.0835782174526436    0.00588017456379761
104.000000000016    14.255297917008    0.0833703652696458    0.00584837761757169
104.500000000017    14.296930290453    0.0831584666155491    0.00581652599027356
105.000000000017    14.338456277511    0.0829459840211079    0.00578486152314762
105.500000000017    14.3798772928514    0.082739290598869    0.00575382452255003
106.000000000017    14.4211960131128    0.0825357609926493    0.0057232257933116
106.500000000018    14.4624129947481    0.082332406892665    0.00569285408476189
107.000000000018    14.5035283309961    0.0821286770315397    0.0056626687766741
107.500000000018    14.5445417346435    0.0819254400673742    0.00563272749063222
108.000000000018    14.5854540636809    0.0817244205402963    0.00560314544775111
108.500000000019    14.6262666552024    0.0815262411843158    0.00557396108700904
109.000000000019    14.6669805807191    0.0813295947304413    0.00554508095806408
109.500000000019    14.7075963491466    0.0811333743731334    0.00551642650825409
110.000000000019    14.7481138895381    0.0809367913761735    0.00548794184682749
110.50000000002    14.788533546658    0.0807424367294317    0.00545980008597123
111.00000000002    14.8288568399416    0.080550925838988    0.00543203880841467
111.50000000002    14.869084523633    0.0803601013282926    0.00540450901335372
112.00000000002    14.9092171056606    0.0801704238787146    0.0053772390133266
112.500000000021    14.9492551153989    0.0799816468977345    0.00535020951079677
113.000000000021    14.9891989766776    0.0797939832102802    0.00532343211498064
113.500000000021    15.0290493662386    0.0796081342499274    0.00529695074585089
114.000000000021    15.0688073698888    0.0794239091297914    0.0052707495145568
114.500000000022    15.1084733737801    0.0792402702505242    0.00524475691819671
115.000000000022    15.148047810087    0.079057796302748    0.00521900889764183
115.500000000022    15.1875313405425    0.0788765517732312    0.00519350709503878
116.000000000022    15.2269246730736    0.0786970857118494    0.00516828495585932
116.500000000023    15.2662284948979    0.078518197426554    0.00514326098635268
117.000000000023    15.3054431916146    0.0783408936308067    0.00511849886671217
117.500000000023    15.3445696316618    0.0781649657133638    0.00509398227449006
118.000000000023    15.3836081710949    0.0779892900380121    0.00506963575583981
118.500000000024    15.422559158272    0.0778150495750544    0.00504553419289805
119.000000000024    15.4614235307474    0.0776425448390335    0.00502169445682861
119.500000000024    15.5002019202753    0.0774713333043887    0.00499808542513573
120.000000000024    15.5388949652661    0.0773009243464399    0.00497467320032921
120.500000000025    15.5775029313536    0.077131169549843    0.0049514463190758
121.000000000025    15.6160264465812    0.0769631082161557    0.00492846938236359
121.500000000025    15.6544663319039    0.0767965965140005    0.00490573072794495
122.000000000026    15.6928230920625    0.0766305439976173    0.00488315859728115
122.500000000026    15.7310970720005    0.0764655233628839    0.00486078771320938
123.000000000026    15.7692888285116    0.0763016624599057    0.00483862419476705
123.500000000026    15.8073988945396    0.0761387228598081    0.00481665094730475
124.000000000027    15.8454278782211    0.0759774840424137    0.00479491526680966
124.500000000027    15.8833765009867    0.0758171113071459    0.0047733623453701
125.000000000027    15.9212451279178    0.0756574309096104    0.00475197952809265
125.500000000027    15.9590341797461    0.0754990806954181    0.00473080512549031
126.000000000028    15.9967443124598    0.075341552929614    0.00470980541152556
126.500000000028    16.0343759286277    0.075185142115436    0.00468899709287724
127.000000000028    16.0719296255743    0.0750298480786845    0.00466837833580941
127.500000000028    16.1094060373727    0.074875841358638    0.00464795791880416
128.000000000029    16.1468054805263    0.0747222904110072    0.0046276825779022
128.500000000028    16.1841284889034    0.0745699023928971    0.00460759456056134
129.000000000028    16.2213755713455    0.0744184896139443    0.00458768057533925
129.500000000027    16.2585471495321    0.0742679169877772    0.00456793072005298
130.000000000027    16.2956436665091    0.0741182580143054    0.00454834798373959
130.500000000026    16.3326655124657    0.0739695072491268    0.00452893051612858
131.000000000026    16.3696134709405    0.0738222806951278    0.00450971434519073
131.500000000025    16.4064877865405    0.0736753479222606    0.0044906227878158
132.000000000025    16.4432889878817    0.0735294943665428    0.00447170237175374
132.500000000024    16.4800176089287    0.0733852164466164    0.00445298167684341
133.000000000024    16.5166742524052    0.0732413139443106    0.00443438629502819
133.500000000024    16.5532590206773    0.0730978433130301    0.00441591853433337
134.000000000023    16.5897722320877    0.0729553231618421    0.00439760848679603
134.500000000023    16.6262145708086    0.0728142061501227    0.00437948192235929
135.000000000022    16.6625866722335    0.072674228995015    0.00436152143869231
135.500000000022    16.698888796165    0.0725343230207192    0.00434366165953373
136.000000000021    16.7351211068866    0.0723950624678988    0.00432593597653189
136.500000000021    16.7712841120212    0.072257260080321    0.00430839162926879
137.00000000002    16.8073785561425    0.0721206624746304    0.00429101196440137
137.50000000002    16.8434048166378    0.0719843754527245    0.00427374252631029
138.000000000019    16.8793631064938    0.071848884928221    0.00425661113366177
138.500000000019    16.9152538795708    0.0717143891528809    0.00423962830611092
139.000000000019    16.9510775846092    0.0715804961481392    0.00422276966115305
139.500000000018    16.9868345103917    0.0714474252869027    0.00420604705621842
140.000000000018    17.0225251241455    0.0713151827974889    0.00418945968811244
140.500000000017    17.0581497121598    0.0711831679467891    0.00417297122770864
141.000000000017    17.0937085359736    0.0710524176870788    0.00415664146475584
141.500000000016    17.1292022918521    0.0709227541449935    0.0041404586703217
142.000000000016    17.1646314255606    0.0707938214653388    0.00412440090964708
142.500000000015    17.1999962237725    0.0706654833514068    0.00410845923638858
143.000000000015    17.2352969365708    0.0705374093956372    0.00409261352764784
143.500000000014    17.2705338017686    0.0704103852315048    0.00407690845226188
144.000000000014    17.3057073846923    0.0702840351840928    0.00406132113653223
144.500000000014    17.3408180424397    0.0701586682016245    0.00404586842615608
145.000000000013    17.3758661490063    0.0700338831691014    0.00403052616592046
145.500000000013    17.4108519903236    0.0699096127901172    0.00401528959231696
146.000000000012    17.4457759628537    0.0697864418873464    0.00400019133777361
146.500000000012    17.4806385676794    0.0696639776670808    0.00398520782849918
147.000000000011    17.515440053222    0.0695422117083443    0.00397033768475328
147.500000000011    17.5501808810635    0.0694210284931659    0.00395557339058941
148.00000000001    17.5848611292352    0.0693000571690142    0.00394089305907577
148.50000000001    17.6194809971788    0.0691796459876507    0.0039263157637122
149.000000000009    17.6540410231512    0.0690605693070741    0.00391188449242355
149.500000000009    17.6885417606552    0.0689424964899367    0.00389757942869469
150.000000000009    17.7229835685751    0.0688247381869131    0.00388336071748931
150.500000000008    17.7573665417446    0.0687071640438586    0.00386922035327364
151.000000000008    17.79169087265    0.0685903202643144    0.00385518839975765
151.500000000007    17.8259570364187    0.0684744808755673    0.00384127936220607
152.000000000007    17.8601654497621    0.0683592503355603    0.00382747016134001
152.500000000006    17.8943163413433    0.0682443977963047    0.00381374714152291
153.000000000006    17.9284099752806    0.0681301879254358    0.00380012438467061
153.500000000005    17.9624466706585    0.0680168311135346    0.00378661283513451
154.000000000005    17.9964269215621    0.0679042457357749    0.00377320709448254
154.500000000004    18.0303509920654    0.0677920842581557    0.00375988710857536
155.000000000004    18.0642190749618    0.0676803160360851    0.0037466505335896
155.500000000004    18.0980313106882    0.0675687354239247    0.00373348538655806
156.000000000003    18.1317879548501    0.0674581018700903    0.0037204329787039
156.500000000003    18.1654896273393    0.0673487254708955    0.0037075095058013
157.000000000002    18.1991367151614    0.0672396551346192    0.00369466179561159
157.500000000002    18.2327292402047    0.0671304936977528    0.00368186752588442
158.000000000001    18.2662673853158    0.0670222486893628    0.00366918140830686
158.500000000001    18.2997516101816    0.0669147644867168    0.00365659413920608
159    18.3331822974266    0.0668079670162035    0.00364410094943425
159.5    18.3665595734583    0.0667012279970962    0.00363166698315599
159.999999999999    18.3998836687172    0.0665951898708481    0.00361932667998716
160.499999999999    18.4331548721283    0.0664897798585281    0.00360707542033748
160.999999999999    18.4663735245078    0.0663850030411894    0.00359491282644565
161.499999999998    18.4995400408115    0.0662811069998834    0.00358285161975172
161.999999999998    18.5326546117441    0.0661771526993914    0.00357084044815982
162.499999999997    18.5657172607688    0.066073544483335    0.00355890071766604
162.999999999997    18.5987282615086    0.0659705858565814    0.00354704821367342
163.499999999996    18.6316880480286    0.0658687032037725    0.00353530517653456
163.999999999996    18.6645969995947    0.0657672402489732    0.00352363569652222
164.499999999995    18.6974554041666    0.0656663752317212    0.00351204876879063
164.999999999995    18.73026334899    0.0655654597944369    0.00350050923325498
165.499999999994    18.7630209710517    0.0654650431730905    0.00348904599499688
165.999999999994    18.7957284675402    0.0653651862836368    0.00347766176748728
166.499999999994    18.8283863487824    0.0652664088564255    0.00346638355764598
166.999999999993    18.8609948408445    0.0651675617653448    0.00345514975828427
167.499999999993    18.8935540128084    0.0650692066717776    0.00344398976643916
167.999999999992    18.9260640641604    0.0649711171944149    0.00343289111640748
168.499999999992    18.9585252623691    0.0648738329667298    0.00342188182197369
168.999999999991    18.9909380605227    0.064777467784473    0.00341096725069778
169.499999999991    19.023302784431    0.0646814302353493    0.00340011568802267
169.99999999999    19.0556194523821    0.0645852629800433    0.00338930272728392
170.49999999999    19.0878881844705    0.06448984640717    0.00337857419238434
170.999999999989    19.1201094161929    0.0643951530843695    0.00336792806372922
171.499999999989    19.1522833614909    0.0643006275881185    0.00335733480830837
171.999999999989    19.1844101154826    0.0642064767728637    0.00334680484760105
172.499999999988    19.216489936578    0.0641129571132488    0.00333635108830213
172.999999999988    19.2485231434275    0.0640198700199389    0.00332596270076953
173.499999999987    19.2805098500896    0.0639270442956118    0.00331563038491509
173.999999999987    19.3124502431947    0.0638346429209385    0.003305362194703
174.499999999986    19.3443446220493    0.0637429462309236    0.00329517217958718
174.999999999986    19.3761932001629    0.0636514468655575    0.00328503366001854
175.499999999985    19.4079961658043    0.0635604663839969    0.00327496284732303
175.999999999985    19.4397537439711    0.0634700042384449    0.0032649592723431
176.499999999984    19.4714662206277    0.0633799226149121    0.0032550154105893
176.999999999984    19.5031337949058    0.0632904089488779    0.00324514047918849
177.499999999984    19.5347566476503    0.0632010447343726    0.00323531262120814
177.999999999983    19.5663349137803    0.0631120867595572    0.00322554464275822
178.499999999983    19.5978687910917    0.0630235388478251    0.00321583635035218
178.999999999982    19.6293584924608    0.0629352672345561    0.00320618054118927
179.499999999982    19.6608041593719    0.062847527892487    0.00319658989444382
179.999999999981    19.6922061299997    0.062760470383847    0.00318707157387692
180.499999999981    19.7235646674933    0.0626736472383944    0.00317760244129133
180.99999999998    19.7548797921351    0.0625868937218694    0.00316817385782255
181.49999999998    19.7861516534168    0.0625006922772694    0.00315880992787582
181.999999999979    19.8173806072628    0.0624151723742018    0.00314951676062211
182.499999999979    19.8485668461188    0.0623298630101949    0.00314027020154268
182.999999999979    19.8797105162232    0.0622448284055867    0.00313107317909839
183.499999999978    19.9108117268953    0.0621601239903665    0.00312192816862415
183.999999999978    19.9418707607975    0.0620760156812504    0.00311284815882379
184.499999999977    19.9728877961889    0.0619921987463707    0.00310381750395652
184.999999999977    20.0038629881244    0.0619085992349142    0.00309483219674455
185.499999999976    20.0347964796389    0.061825474661911    0.00308590480191518
185.999999999976    20.0656885096909    0.0617427050986171    0.00307702898252397
186.499999999975    20.0965392345729    0.0616602402523951    0.00306820191937916
186.999999999975    20.1273488440674    0.0615783048681259    0.00305943447123571
187.499999999974    20.1581175973448    0.0614967330346914    0.00305071804139051
187.999999999974    20.1888456279693    0.0614154631799329    0.00304204927372612
188.499999999974    20.2195331217854    0.061334549975181    0.0030334305745713
188.999999999973    20.2501802142186    0.0612539024063649    0.00302485714983196
189.499999999973    20.2807870969532    0.0611736305922132    0.00301633414422084
189.999999999972    20.3113539020341    0.0610937179114663    0.00300786044131445
190.499999999972    20.3418808977319    0.061014314916844    0.00299944313033743
190.999999999971    20.3723682715061    0.0609351935781765    0.00299107068781021
191.499999999971    20.4028161232027    0.0608562795539318    0.00298273920553173
191.99999999997    20.4332245811722    0.0607775603043595    0.00297444781967316
192.49999999997    20.463593780329    0.0606993700581491    0.00296621261689124
192.999999999969    20.4939240155184    0.060621598275037    0.00295802786372845
193.499999999969    20.5242154198531    0.0605440471571162    0.00294988363348359
193.999999999969    20.5544680894745    0.0604667064318381    0.00294177918730973
194.499999999968    20.5846821901368    0.0603897990948476    0.00293372511351103
194.999999999968    20.61485795804    0.0603133498047064    0.00292572230802995
195.499999999967    20.6449955828937    0.0602371144188025    0.00291775864891512
195.999999999967    20.6750951127988    0.0601611197002246    0.00290983520859268
196.499999999966    20.7051567697377    0.060085523501242    0.00290195936062952
196.999999999966    20.7351806725789    0.0600101612520141    0.00289412290153681
197.499999999965    20.7651670041313    0.0599352004623008    0.00288633365916954
197.999999999965    20.7951158940055    0.0598604002312072    0.00287857978461486
198.499999999964    20.8250274867885    0.0597860702963371    0.00287087593686326
198.999999999964    20.8549020361041    0.0597121571875567    0.00286321926059316
199.499999999964    20.8847396600278    0.0596383910775369    0.00285559657665646
199.999999999963    20.9145404556273    0.0595648203042436    0.00284800999718916
200.499999999963    20.9443045418262    0.0594915688528445    0.00284046523168333
200.999999999962    20.9740320583314    0.0594185838979862    0.00283295952503247
201.499999999962    21.0037232127361    0.0593460780761473    0.00282550276801217
201.999999999961    21.0333781507041    0.0592737475794902    0.00281808025105591
202.499999999961    21.0629970161116    0.0592017636024147    0.00281069989978775
202.99999999996    21.0925799671455    0.0591300821736421    0.00280335939300669
203.49999999996    21.1221271217605    0.0590585641451876    0.00279605192245738
203.999999999959    21.1516386311663    0.0589875642429376    0.00278879406326568
204.499999999959    21.1811147532726    0.0589169329669529    0.00278157847937866
204.999999999959    21.210555542235    0.0588462370465295    0.00277438452422208
205.499999999958    21.2399610258732    0.0587757500165054    0.00276722494664225
205.999999999958    21.2693313486576    0.0587056182370837    0.00276010643093343
206.499999999957    21.2986667237114    0.058635947530757    0.0027530337129262
206.999999999957    21.327967348492    0.0585665781209868    0.00274599905204412
207.499999999956    21.3572333494119    0.0584974445121735    0.00273899917443119
207.999999999956    21.386464806632    0.0584283656437741    0.00273202542692588
208.499999999955    21.4156617295263    0.0583594069925201    0.00272508072501251
208.999999999955    21.4448243228263    0.0582911325228975    0.00271819118895049
209.499999999954    21.4739529534226    0.0582233875080824    0.00271134930929438
209.999999999954    21.5030477275374    0.0581557400539794    0.00270453476134471
210.499999999954    21.5321086560469    0.0580879566237119    0.00269773655481711
210.999999999953    21.5611357057341    0.0580202818079144    0.00269096593981755
211.499999999953    21.5901290387624    0.0579531681119684    0.00268424371192597
211.999999999952    21.6190889559391    0.0578865079997137    0.00267756463362955
212.499999999952    21.6480155515557    0.0578199081781002    0.00267091032156733
212.999999999951    21.6769088813983    0.0577533986452998    0.00266428202292533
213.499999999951    21.7057689928486    0.0576871577033065    0.00265768781204262
213.99999999995    21.7345960965832    0.0576212999030559    0.00265113276763925
214.49999999995    21.7633904039492    0.0575560145354512    0.00264462537624685
214.999999999949    21.792152132295    0.0574908910796742    0.00263814655526726
215.499999999949    21.8208812833908    0.0574257112879215    0.00263168616070662
215.999999999949    21.8495778604274    0.0573606260515301    0.0026252509965155
216.499999999948    21.8782419530956    0.0572958049150473    0.00261884867339355
216.999999999948    21.9068737463633    0.0572314410221407    0.00261248782846716
217.499999999947    21.9354734161226    0.0571672652983533    0.00260615598368327
217.999999999947    21.964041067681    0.0571033986193218    0.00259985848885279
218.499999999946    21.9925768335036    0.0570397235927965    0.00259358982917827
218.999999999946    22.0210808816957    0.0569765120902398    0.00258736219154436
219.499999999945    22.0495533695386    0.0569134528137852    0.0025811612534706
219.999999999945    22.0779943408214    0.0568504413226106    0.00257498214941998
220.499999999944    22.1064038315322    0.0567875746153976    0.00256882915231996
220.999999999944    22.1347820065277    0.0567252167544006    0.00256271856382737
221.499999999944    22.1631290839347    0.0566630842852529    0.00255663738051889
221.999999999943    22.1914450671238    0.0566008165696517    0.00255056921252527
222.499999999943    22.2197299456938    0.0565387681726603    0.0025445299430211
222.999999999942    22.2479838971452    0.0564771354016578    0.00253852823980625
223.499999999942    22.2762071866666    0.0564160660582429    0.00253257053974658
223.999999999941    22.3043999456257    0.056354939020933    0.00252662878886303
224.499999999941    22.332562100627    0.0562937109375836    0.00252070096946033
224.99999999994    22.3606937596164    0.0562329906007761    0.00251481421843598
225.49999999994    22.3887951467937    0.0561726161182656    0.00250896110085272
225.999999999939    22.4168664274144    0.0561125371750174    0.00250313920354164
226.499999999939    22.4449076762757    0.0560524346885582    0.00249733416136105
226.999999999939    22.4729188772643    0.0559924216013463    0.00249155091544398
227.499999999938    22.5009001600079    0.0559327739066614    0.00248580161277609
227.999999999938    22.528851680683    0.0558733282771534    0.00248007883708787
228.499999999937    22.556773531294    0.0558140935218872    0.00247438284754927
228.999999999937    22.5846657883645    0.0557549992674006    0.00246871039801373
229.499999999936    22.6125285902676    0.0556962298264688    0.00246306951494316
229.999999999936    22.6403620523946    0.0556376750017949    0.00245745517995859
230.499999999935    22.6681662960538    0.0555792990288875    0.00245186568260544
230.999999999935    22.6959413772581    0.0555210769033152    0.00244629980226106
231.499999999934    22.7236874180187    0.0554631115397362    0.00244076194674975
231.999999999934    22.7514045051594    0.0554052471281585    0.00243524513467264
232.499999999934    22.7790926751328    0.0553474644094531    0.00242974841881539
232.999999999933    22.8067520007914    0.0552898918163944    0.00242427732868213
233.499999999933    22.8343826347905    0.0552327191120582    0.00241884004465729
233.999999999932    22.8619847720352    0.0551758712005735    0.00241343311837319
234.499999999932    22.889558524384    0.0551191098864982    0.00240804600175142
234.999999999931    22.9171038830282    0.0550623611829042    0.00240267537573462
235.499999999931    22.9446209384289    0.0550059202215458    0.00239733401432746
235.99999999993    22.9721098527498    0.0549497676768648    0.00239202093447621
236.49999999993    22.9995707396374    0.0548938248910145    0.00238673258350907
236.999999999929    23.0270036962359    0.0548379802147282    0.0023814639949744
237.499999999929    23.0544087077822    0.054782086601391    0.0023762087024552
237.999999999929    23.0817858252486    0.0547264424160011    0.00237097956069488
238.499999999928    23.1091352279855    0.054671243676373    0.00236578492172072
238.999999999928    23.1364571000607    0.0546162327361783    0.00236061348978253
239.499999999927    23.1637514832084    0.0545613389173319    0.00235546210884208
239.999999999927    23.1910184579395    0.0545065758465714    0.00235033126921215
240.499999999926    23.2182580675411    0.0544518724980147    0.00234521781692735
240.999999999926    23.2454703568278    0.0543973202844506    0.00234012560079141
241.499999999925    23.2726554303176    0.0543430381420203    0.0023350596284439
241.999999999925    23.2998134674243    0.0542891704178851    0.00233002596753779
242.499999999924    23.3269446278975    0.0542354732027091    0.00232501401567384
242.999999999924    23.3540489370934    0.0541817789587219    0.00232001650354789
243.499999999924    23.3811264491256    0.0541283153869204    0.0023150430970337
243.999999999923    23.4081772890581    0.0540750851589882    0.00231009379719049
244.499999999923    23.4352015711053    0.0540220688936433    0.00230516766539147
244.999999999922    23.4621993707331    0.0539691349690854    0.00230025898750169
245.499999999922    23.4891707096537    0.0539162325266641    0.00229536551941808
245.999999999921    23.5161156254312    0.0538634527520917    0.00229049106621341
246.499999999921    23.5430341656678    0.0538107160799214    0.00228563216199177
246.99999999992    23.5699264077942    0.0537583541959689    0.00228080280209072
247.49999999992    23.5967925970795    0.0537064321273012    0.002276005601454
247.999999999919    23.6236328325327    0.053654495467587    0.00227122118972735
248.499999999919    23.6504471016129    0.0536026115203196    0.00226645235457997
248.999999999919    23.6772354618271    0.0535508473721026    0.00226170185528789
249.499999999918    23.7039980137693    0.0534994523856831    0.00225698012439108
249.999999999918    23.7307349640539    0.0534483600874461    0.00225228422838176
250.499999999917    23.7574463814773    0.0533973193429709    0.00224760348757864
250.999999999917    23.7841322788655    0.0533462673745313    0.00224293519515676
251.499999999916    23.8107926747151    0.0532953664558396    0.0022382861076454
251.999999999916    23.8374276959363    0.0532447423854983    0.0022336614111503
252.499999999915    23.8640374373484    0.0531942588982883    0.00222905529032722
252.999999999915    23.8906219907303    0.0531439569822535    0.00222446937559322
253.499999999914    23.9171813867499    0.0530936325381074    0.00221989504864989
253.999999999914    23.9437156415002    0.0530434170689628    0.0022153377472052
254.499999999914    23.9702248598382    0.0529935300612592    0.00221080654733653
254.999999999913    23.9967092178322    0.0529439237821032    0.00220629934302658
255.499999999913    24.0231688183405    0.052894511854265    0.00220181243591323
255.999999999912    24.0496037348232    0.0528451283220699    0.00219733883787663
256.499999999912    24.07601394246    0.0527957482877558    0.00219287745944715
256.999999999911    24.1023995536124    0.0527467444028784    0.0021884436977136
257.499999999911    24.128760698625    0.0526978529065912    0.00218402650533121
257.99999999991    24.1550974424113    0.0526491451311093    0.00217962876186408
258.49999999991    24.1814098387203    0.0526004113794583    0.0021752417137909
258.999999999909    24.2076978670283    0.0525517701928767    0.00217087021167981
259.499999999909    24.2339616519677    0.0525033771795231    0.00216652060168875
259.999999999909    24.2602012810043    0.0524551963620547    0.00216219130890423
260.499999999908    24.2864168885678    0.0524072692397108    0.00215788395135308
260.999999999908    24.3126085801171    0.0523594969928714    0.00215359437142796
261.499999999907    24.3387763637284    0.0523116494969171    0.00214931304331618
261.999999999907    24.3649202781559    0.0522640419326331    0.00214505286025868
262.499999999906    24.3910404310519    0.0522166003694281    0.00214081070125044
262.999999999906    24.4171369007665    0.0521692853536586    0.00213658487338951
263.499999999905    24.4432096998936    0.052121906958722    0.0021323675408696
263.999999999905    24.469258846567    0.0520747379562785    0.00212816981024272
264.499999999904    24.4952844929838    0.0520278888331774    0.00212399610415138
264.999999999904    24.5212867741451    0.051981254246478    0.00211984202645052
265.499999999904    24.5472657361519    0.0519345923566525    0.00211569764693451
265.999999999903    24.5732213895551    0.0518880653711326    0.00211156952312275
266.499999999903    24.5991538702973    0.0518418980357476    0.00210746671650138
266.999999999902    24.6250632777432    0.0517957335882493    0.00210337463924666
267.499999999902    24.6509496384888    0.0517497316037373    0.00209929971715726
267.999999999901    24.6768130057118    0.0517037374812226    0.00209523561528205
268.499999999901    24.7026533964496    0.0516578605329681    0.00209118671196645
268.9999999999    24.7284709000474    0.0516121841522138    0.00208715631309475
269.4999999999    24.7542656281281    0.0515667723865161    0.00208314692753079
269.999999999899    24.7800376645569    0.0515213331733419    0.00207914668535929
270.499999999899    24.8057869481861    0.051475831921185    0.00207515415772565
270.999999999899    24.8315135434261    0.051430600013397    0.00207118264955754
271.499999999898    24.857217606805    0.0513857048728517    0.00206723478410489
271.999999999898    24.8828992762069    0.0513409844896046    0.00206330395504582
272.499999999897    24.908558601905    0.0512963337627331    0.00205938587545607
272.999999999897    24.9341956191335    0.051251732848553    0.0020554796966951
273.499999999896    24.9598103575161    0.0512072599186351    0.00205158850108071
273.999999999896    24.9854029013379    0.0511629229546676    0.00204771254466855
274.499999999895    25.0109732852159    0.0511186314308444    0.0020438481480871
274.999999999895    25.0365215614009    0.051074507028382    0.00204000012154741
275.499999999894    25.0620478322271    0.0510305924015814    0.00203617009843711
275.999999999894    25.0875521426593    0.0509866521151201    0.00203234862553296
276.499999999894    25.1130345225247    0.0509429174458865    0.00202854487378632
276.999999999893    25.1384950986029    0.0508994083433815    0.0020247595627238
277.499999999893    25.1639339344127    0.050855931407721    0.00202098493583205
277.999999999892    25.1893510370651    0.0508125003406741    0.00201722149434916
278.499999999892    25.2147464514839    0.0507691661118233    0.00201347121255052
278.999999999891    25.2401202298841    0.0507259999379921    0.00200973685846127
279.499999999891    25.2654725057402    0.050683141531462    0.00200602389367335
279.99999999989    25.2908034006583    0.050640460243771    0.002002327068916
280.49999999989    25.3161129816113    0.050597871262811    0.00199864297096333
280.999999999889    25.3414012649699    0.0505552363426701    0.00199496609576022
281.499999999889    25.3666682034869    0.0505125277889327    0.00199129532438908
281.999999999889    25.391913839933    0.0504700812571547    0.00198764384501739
282.499999999888    25.4171383235939    0.0504278712187446    0.00198401057494085
282.999999999888    25.442341730305    0.0503857834441377    0.00198039095529175
283.499999999887    25.4675241067544    0.0503436910774282    0.00197677995184762
283.999999999887    25.4926854248653    0.0503016293118761    0.00197317891283483
284.499999999886    25.5178257815068    0.0502598221736141    0.00196959657158716
284.999999999886    25.5429452790974    0.050218221186204    0.00196603095835229
285.499999999885    25.5680440539401    0.0501768965056432    0.00196248474853167
285.999999999885    25.5931221570377    0.0501354883158368    0.00195894381342802
286.499999999884    25.6181795417715    0.0500940749364995    0.00195541118973029
286.999999999884    25.6432162472371    0.0500527419973337    0.0019518901808086
287.499999999884    25.6682322983998    0.0500115069303567    0.00194838142139903
287.999999999883    25.6932278006565    0.0499705460120569    0.00194489172009677
288.499999999883    25.7182028785663    0.049929774913775    0.00194141772461818
288.999999999882    25.743157563325    0.0498889559157999    0.00193795014434726
289.499999999882    25.7680918473055    0.049848200948571    0.00193449329674691
289.999999999881    25.7930058010015    0.0498076696030214    0.00193105332458335
290.499999999881    25.8178995647937    0.0497674080984202    0.00192763195059776
290.99999999988    25.8427732057315    0.0497271459462757    0.00192421864133556
291.49999999988    25.8676267000613    0.0496868234084055    0.00192081105795019
291.999999999879    25.8924600595836    0.0496466800117076    0.00191741842596111
292.499999999879    25.9172734277541    0.0496068057881466    0.00191404415770928
292.999999999879    25.9420668613217    0.0495669171193002    0.00191067725575875
293.499999999878    25.9668403454232    0.0495270331303566    0.00190731842887023
293.999999999878    25.9915939096199    0.049487252795798    0.00190397145199633
294.499999999877    26.0163276391379    0.0494477088823461    0.00190064138060588
294.999999999877    26.0410416610067    0.0494084021707408    0.00189732817964513
295.499999999876    26.0657360314167    0.0493690578406431    0.00189402124617311
295.999999999876    26.0904107144    0.0493296947597632    0.00189072128069401
296.499999999875    26.1150657535884    0.0492904893468378    0.00188743500827927
296.999999999875    26.1397012354596    0.0492514678329235    0.00188416338003557
297.499999999874    26.1643172394655    0.0492125569996169    0.00188090354314257
297.999999999874    26.1889138019845    0.0491737012368897    0.00187765333105047
298.499999999874    26.2134909502285    0.049134910428754    0.00187441308454667
298.999999999873    26.2380487435086    0.0490962972502419    0.00187118705854179
299.499999999873    26.2625872621724    0.0490577795494386    0.00186797207219944
