1:binCentralValue 2:valuesAverage 3:valuesAverage 4:multiplicity
0.5 1.370529652528564e-15 5.574398070403032e-11 18
1 1.234621880528763e-14 3.493499522735784e-10 62
1.5 2.079367379731157e-14 6.942343298732456e-10 98
2 7.769909512429187e-14 2.495146627941714e-09 210
2.5 1.435733244083448e-13 4.975575691213288e-09 350
3 2.482652833125595e-13 7.53617713738531e-09 450
3.5 3.839117351999013e-13 1.437298677181901e-08 602
4 5.1324699724573e-13 2.025740120136559e-08 762
4.5 8.931640110729754e-13 3.395354793831759e-08 1142
5 1.079460212799115e-12 4.580452973510773e-08 1250
5.5 1.333184762195445e-12 5.764948958149066e-08 1458
6 1.825743252499289e-12 7.388508318338791e-08 1814
6.5 2.626085861202569e-12 9.365841566802059e-08 2178
7 3.161152925677965e-12 1.163113398628199e-07 2498
7.5 3.68982691509902e-12 1.382503360000238e-07 2622
8 4.536893721363307e-12 1.829566302082297e-07 3338
8.5 5.514727821729885e-12 2.141531913559033e-07 3722
9 6.716344418851563e-12 2.587771358682871e-07 4170
9.5 7.419579791192858e-12 2.69896751816849e-07 4358
10 8.93093018555356e-12 3.523662546907069e-07 5034
10.5 1.026026116735215e-11 4.261685039442054e-07 5714
11 1.164799314307827e-11 4.428608291726949e-07 5982
11.5 1.358421777066383e-11 5.39920125471837e-07 6602
12 1.475908176184917e-11 5.825048245292588e-07 7130
12.5 1.719818633885933e-11 6.921995924342615e-07 8034
13 1.948105274341496e-11 7.645979529203372e-07 8606
13.5 2.21059858422554e-11 8.672647152415413e-07 9066
14 2.441506785840608e-11 9.733783169732919e-07 9962
14.5 2.670165780710549e-11 1.051423280393004e-06 10550
15 2.972783973899046e-11 1.168495043103459e-06 11226
15.5 3.285544023433527e-11 1.306909796656106e-06 12146
16 3.472396754728915e-11 1.37197731559285e-06 12303
16.5 3.672489568979105e-11 1.39167493750098e-06 12584
17 3.555550336798512e-11 1.44854940868084e-06 12120
17.5 3.363231260558286e-11 1.348697067901002e-06 11180
18 3.543600433511182e-11 1.383378620141587e-06 11096
18.5 3.282784423719478e-11 1.277070497179875e-06 10056
19 3.266863961323349e-11 1.298715898323026e-06 9716
19.5 2.902681455066693e-11 1.144592822389729e-06 8604
20 1.417341976311913e-11 5.732575290697504e-07 8060
20.5 2.163897629372287e-42 8.865468092571974e-38 7320
21 1.914604760457575e-42 8.021893881240249e-38 6356
21.5 1.604949863290762e-42 6.244861956438096e-38 5348
22 1.256418098792764e-42 5.113544779428981e-38 4308
22.5 9.8102841320751e-43 3.994455569136732e-38 3563
23 6.884237820704572e-43 2.556810807852972e-38 2448
23.5 5.044289466318239e-43 2.010217238082733e-38 1868
24 3.326215346769486e-43 1.379865619409774e-38 1358
24.5 2.44301111221432e-43 9.813147140239935e-39 1062
25 1.727706742490136e-43 6.408373876472907e-39 776
25.5 9.146769552074039e-44 3.596353481094846e-39 432
26 3.929086860173232e-44 1.498900675309652e-39 200
26.5 3.012917853756148e-44 1.290670900761873e-39 168
27 7.616513386623535e-45 3.079124958990688e-40 56
27.5 3.067647178828004e-46 1.705588803449759e-41 7

0.5 2.97127403455118e-13 2.721269508962117e-11 18
1 1.847716092485057e-12 1.769038312391785e-10 62
1.5 3.659223677192149e-12 3.754695805016118e-10 98
2 1.29431338785062e-11 1.445812912117797e-09 210
2.5 2.515648703271193e-11 3.172431570539182e-09 350
3 3.615330959789113e-11 5.269796595638295e-09 450
3.5 6.470454722680865e-11 1.087059762219816e-08 602
4 8.438421797501767e-11 1.660834257204929e-08 762
4.5 1.237525461813192e-10 2.932610058331596e-08 1142
5 1.417215626750175e-10 4.097918964203971e-08 1250
5.5 1.466080698650891e-10 5.185747766665431e-08 1458
6 1.432547697068071e-10 6.287326236650828e-08 1814
6.5 1.297514008647506e-10 7.2054637060113e-08 2178
7 1.047030673832053e-10 7.572324903819265e-08 2498
7.5 7.343001035380358e-11 7.123746615167781e-08 2622
8 4.921997144743344e-11 6.751551248528334e-08 3338
8.5 2.337633381442522e-11 5.041316481189197e-08 3722
9 7.568756096306526e-12 3.186129670356389e-08 4170
9.5 1.654048372262925e-12 1.4095374224385e-08 4358
10 2.793725211860295e-12 6.124434408482124e-09 5034
10.5 6.559725033650544e-12 3.936221403086126e-09 5714
11 8.211035947454311e-12 7.704161119665269e-09 5982
11.5 8.668837128601245e-12 1.639831027563695e-08 6602
12 6.392243192104527e-12 2.291100279352694e-08 7130
12.5 5.303677281966865e-12 2.757369985918669e-08 8034
13 5.140321391528968e-12 2.694908576278593e-08 8606
13.5 7.591625432303646e-12 2.408075048687201e-08 9066
14 1.111834411725357e-11 2.09036636414559e-08 9962
14.5 1.41256491421963e-11 1.865542109472262e-08 10550
15 1.595283820849857e-11 2.041587998892222e-08 11226
15.5 1.667961654806391e-11 2.430294515765364e-08 12146
16 1.503238668003386e-11 2.731942662038207e-08 12303
16.5 1.400853902973613e-11 2.549034361800975e-08 12584
17 1.344248319193792e-11 2.42262408312861e-08 12120
17.5 1.173264268102009e-11 2.201245136434595e-08 11180
18 9.884791887123692e-12 2.349108699847478e-08 11096
18.5 8.854735326359219e-12 2.113040867464926e-08 10056
19 9.480400764268295e-12 2.314206929372319e-08 9716
19.5 9.2075592035943e-12 2.614078303671175e-08 8604
20 4.71855274820286e-12 1.503023469562823e-08 8060
20.5 9.540481587076445e-17 3.614720198749534e-13 7320
21 8.261155894505159e-17 2.864232192270951e-13 6356
21.5 6.892757049918182e-17 2.020030024182293e-13 5348
22 5.513603318871651e-17 1.355574394534616e-13 4308
22.5 4.724124753338798e-17 8.010172631164311e-14 3563
23 2.906520069924799e-17 3.585511812704299e-14 2448
23.5 2.220470293518607e-17 1.776282741282556e-14 1868
24 1.406900339958948e-17 9.579529987163142e-15 1358
24.5 8.032507402324872e-18 9.07414752753398e-15 1062
25 4.421051836526214e-18 7.574552687366098e-15 776
25.5 2.113919195600304e-18 4.766785223325715e-15 432
26 8.46700872072712e-19 2.527777908269943e-15 200
26.5 8.174059768786379e-19 2.243109115614942e-15 168
27 2.096239037783887e-19 9.914338216826633e-16 56
27.5 1.428776142090446e-20 5.230443895474158e-17 7

0.5 5.634784184654923e-13 2.649760773463152e-11 18
1 4.205704360993337e-12 1.897433903225345e-10 62
1.5 1.080092107172121e-11 4.645820972068452e-10 98
2 5.094844377516516e-11 2.061660147265793e-09 210
2.5 1.42810215063919e-10 5.312192715085814e-09 350
3 3.011872490439868e-10 1.011394804876721e-08 450
3.5 7.508066531003567e-10 2.290231572119246e-08 602
4 1.362129838241191e-09 3.709539488491285e-08 762
4.5 2.812855126842189e-09 6.657375073843876e-08 1142
5 4.445581944149417e-09 9.002753296290826e-08 1250
5.5 6.127190925477662e-09 1.04840884258604e-07 1458
6 7.83518254499401e-09 1.104773266300994e-07 1814
6.5 9.163444742744595e-09 1.033376852771885e-07 2178
7 9.490331160818533e-09 8.193029476916408e-08 2498
7.5 8.485267020765587e-09 5.362102506856061e-08 2622
8 7.345583776228534e-09 3.187083585185427e-08 3338
8.5 4.784170833174901e-09 1.287196313605292e-08 3722
9 2.494242618440237e-09 3.566140131552396e-09 4170
9.5 8.694133691091817e-10 5.962352820055263e-10 4358
10 3.090106082923661e-10 1.016707233589754e-10 5034
10.5 2.040687639733386e-10 1.777410277172745e-10 5714
11 2.878584849306329e-10 8.281524918685359e-10 5982
11.5 3.799578137651849e-10 2.26245143614714e-09 6602
12 3.367547607113379e-10 3.274403286768718e-09 7130
12.5 2.84512617490392e-10 3.561613360730889e-09 8034
13 2.153604350646272e-10 3.039154778561908e-09 8606
13.5 1.816018228244917e-10 2.581983330274233e-09 9066
14 1.537825772618158e-10 2.546708073690518e-09 9962
14.5 1.293695953503777e-10 2.662524895442841e-09 10550
15 1.122026572427936e-10 2.700754489957533e-09 11226
15.5 1.101182589574738e-10 2.697328133187747e-09 12146
16 8.611002568376149e-11 2.380883668319093e-09 12303
16.5 4.738052747924414e-11 1.653104845298097e-09 12584
17 3.866144926903522e-11 1.251228702103048e-09 12120
17.5 3.63992133865816e-11 1.085662184049779e-09 11180
18 4.048281508847406e-11 1.063995862121251e-09 11096
18.5 3.436074699605197e-11 1.410199785549409e-09 10056
19 2.684360866108613e-11 2.439240025993808e-09 9716
19.5 1.734065438159302e-11 3.250657047308173e-09 8604
20 7.804497667159306e-12 1.852836418754833e-09 8060
20.5 1.427659676115136e-15 1.454688731184483e-13 7320
21 1.12688729606999e-15 1.046647180559255e-13 6356
21.5 8.835329498050705e-16 7.947435149417851e-14 5348
22 6.47056590849363e-16 5.0643211137316e-14 4308
22.5 4.614970311420155e-16 3.49371777722205e-14 3563
23 2.650367056880052e-16 2.024193970711665e-14 2448
23.5 1.702450768355111e-16 1.175561677010261e-14 1868
24 1.069289691704404e-16 7.934821814620357e-15 1358
24.5 6.584371980942046e-17 5.395983162400881e-15 1062
25 4.093761624621326e-17 3.09731394610135e-15 776
25.5 1.850414934448736e-17 1.515000460045063e-15 432
26 8.270764803611347e-18 6.788655839434828e-16 200
26.5 6.952145100860369e-18 4.472664844817401e-16 168
27 2.230608489533145e-18 1.461813288411171e-16 56
27.5 4.297660290727393e-19 5.321378128851997e-18 7

0.5 1.570014376509009e-10 3.554611369436859e-10 18
1 1.092774635334232e-09 2.278695009049228e-09 62
1.5 2.790429367507712e-09 5.957074021515678e-09 98
2 1.247125336694448e-08 2.54726453572576e-08 210
2.5 3.220794272026976e-08 6.250020055210212e-08 350
3 5.96046917879932e-08 1.062366569600857e-07 450
3.5 1.337211829221336e-07 2.256739526562909e-07 602
4 2.077154088789028e-07 3.183132586373209e-07 762
4.5 3.474203857842674e-07 4.65004407373288e-07 1142
5 4.322472168400347e-07 4.966730907075022e-07 1250
5.5 4.543293705297223e-07 4.373140650554094e-07 1458
6 4.157548785969808e-07 3.139381463226662e-07 1814
6.5 3.283902332133692e-07 1.849769358032724e-07 2178
7 2.060104713012473e-07 7.575105280588044e-08 2498
7.5 1.003285408971991e-07 2.55184980928166e-08 2622
8 4.039139200564353e-08 1.964433838099456e-08 3338
8.5 1.046232041094591e-08 2.250167920014095e-08 3722
9 3.13603419168605e-09 2.23162757514497e-08 4170
9.5 2.36009483463769e-09 1.615327959966561e-08 4358
10 2.10530077431498e-09 1.220882224045841e-08 5034
10.5 2.4806589371515e-09 1.044132983206096e-08 5714
11 2.943406802905735e-09 7.867920633191662e-09 5982
11.5 3.545033449359891e-09 6.741172412214171e-09 6602
12 2.945489243676159e-09 5.481981384714043e-09 7130
12.5 2.50934852933269e-09 4.762117956819932e-09 8034
13 1.882139214062977e-09 3.727671785016381e-09 8606
13.5 1.623510489660447e-09 2.884896002455921e-09 9066
14 1.316499802203759e-09 2.377977929685146e-09 9962
14.5 1.06441779288175e-09 1.906339653599736e-09 10550
15 8.984623442666034e-10 1.615317756488739e-09 11226
15.5 7.769651690006643e-10 1.614779171431396e-09 12146
16 5.23778448934254e-10 1.521453191924465e-09 12303
16.5 1.985995317882529e-10 1.379618039582013e-09 12584
17 7.98054618199616e-11 1.278656249061193e-09 12120
17.5 5.772662356767341e-11 1.078513431024565e-09 11180
18 5.958363275571511e-11 1.013789294955839e-09 11096
18.5 5.93491132000654e-11 7.275259479697529e-10 10056
19 5.992275473000651e-11 4.88305287485789e-10 9716
19.5 5.231712605539801e-11 3.044830298432802e-10 8604
20 2.890954863236873e-11 1.36526651222932e-10 8060
20.5 1.510091602606482e-12 9.84861661471374e-12 7320
21 9.705711706780084e-13 6.420557910930336e-12 6356
21.5 6.560250798550834e-13 4.430869335582419e-12 5348
22 3.828595455570339e-13 2.668605174983406e-12 4308
22.5 2.452136406434779e-13 1.789651111952049e-12 3563
23 1.041042559605417e-13 8.688664221246547e-13 2448
23.5 5.550763100592197e-14 4.763334124745625e-13 1868
24 3.504099663817666e-14 2.896074549913551e-13 1358
24.5 1.778701076193849e-14 1.667792558214634e-13 1062
25 1.087191709970448e-14 1.025449203249092e-13 776
25.5 4.896649636571099e-15 4.946240341328048e-14 432
26 1.742826195184691e-15 1.862377850432445e-14 200
26.5 1.069580501130349e-15 1.349873845849984e-14 168
27 3.54334565946224e-16 6.507683782430706e-15 56
27.5 6.232999883690281e-17 4.461796791043528e-16 7

0.5 2.278884926346186e-10 3.886265506458605e-08 18
1 4.219718444902195e-09 6.112880680145256e-07 62
1.5 7.722920165894422e-09 1.229832869126523e-06 98
2 2.886830530758852e-08 4.62665390819733e-06 210
2.5 5.038781983533213e-08 8.614385666330461e-06 350
3 7.943242406479475e-08 1.402258496353534e-05 450
3.5 1.247474170040218e-07 2.409488755965028e-05 602
4 1.445819855094098e-07 3.051315499962179e-05 762
4.5 1.965214791802512e-07 4.206732782836893e-05 1142
5 1.692813990751851e-07 3.646265046429637e-05 1250
5.5 1.416542174230425e-07 2.81497172572066e-05 1458
6 1.171460780637518e-07 1.830908678819962e-05 1814
6.5 9.660445746416863e-08 1.11493337705947e-05 2178
7 8.874289942848244e-08 7.513426856361492e-06 2498
7.5 8.076729351902424e-08 6.32482138738317e-06 2622
8 8.940101708413322e-08 7.128785641549884e-06 3338
8.5 8.61141039110276e-08 6.616905633605175e-06 3722
9 9.22600764157219e-08 6.063833575259326e-06 4170
9.5 8.518449896712929e-08 5.313173417713513e-06 4358
10 9.942634085785178e-08 5.585543856449772e-06 5034
10.5 1.017304985855316e-07 5.556971686815539e-06 5714
11 1.030112355817272e-07 5.272169932571939e-06 5982
11.5 1.094553822124466e-07 5.468945750275679e-06 6602
12 1.134496887751348e-07 5.464060119075861e-06 7130
12.5 1.211449447469733e-07 5.833098324717787e-06 8034
13 1.327918245414599e-07 5.77723429871357e-06 8606
13.5 1.34401446174929e-07 5.599898679332735e-06 9066
14 1.44718611997971e-07 5.979648064432018e-06 9962
14.5 1.544456042208239e-07 6.063241259819253e-06 10550
15 1.639358004866217e-07 6.489185793927837e-06 11226
15.5 1.753947098490883e-07 6.804748988013403e-06 12146
16 1.784457019373656e-07 6.486654810225572e-06 12303
16.5 1.736630489778007e-07 6.401935227178166e-06 12584
17 1.673171373313015e-07 5.742835024490306e-06 12120
17.5 1.558900732254137e-07 5.027015565938358e-06 11180
18 1.502819913257382e-07 4.822204921494867e-06 11096
18.5 1.404003715425709e-07 4.184567900705006e-06 10056
19 1.331676310413333e-07 3.973303058177388e-06 9716
19.5 1.226595405354373e-07 3.450446580836966e-06 8604
20 1.155575738341483e-07 3.320726623937977e-06 8060
20.5 1.069886488242763e-07 2.851725449833196e-06 7320
21 9.689113755071443e-08 2.502576210892629e-06 6356
21.5 8.561721511010228e-08 2.09492141182602e-06 5348
22 6.772767063069493e-08 1.731670926485235e-06 4308
22.5 5.665490312808001e-08 1.421729310402948e-06 3563
23 3.945727122639492e-08 9.955025470377174e-07 2448
23.5 3.199582776827897e-08 7.835520714870372e-07 1868
24 2.459261541663842e-08 5.894794957051596e-07 1358
24.5 1.802321354646251e-08 4.567888569335609e-07 1062
25 1.442149304788612e-08 3.445622349629637e-07 776
25.5 8.185009260613117e-09 1.809621217319383e-07 432
26 3.715850550465447e-09 8.922189800730933e-08 200
26.5 3.78710513417107e-09 9.174982198626183e-08 168
27 1.493085168293134e-09 2.960400957913813e-08 56
27.5 1.191662334442804e-10 3.275249186822495e-09 7

0.5 1.114736997978648e-09 2.702931501169119e-08 18
1 7.137925581060613e-09 2.68265210595577e-07 62
1.5 1.814352182769924e-08 6.910231056452164e-07 98
2 5.507633918738428e-08 2.213855010938719e-06 210
2.5 1.220402116530118e-07 4.885074403882201e-06 350
3 1.558751907068114e-07 5.834319281531235e-06 450
3.5 2.398609033271727e-07 8.344289588994e-06 602
4 2.882747681685747e-07 9.780410457580371e-06 762
4.5 3.828430753412969e-07 1.196515444638361e-05 1142
5 3.915746510420404e-07 1.15816377136767e-05 1250
5.5 4.286047350857553e-07 1.02071919222153e-05 1458
6 5.243192246998277e-07 1.170533677620723e-05 1814
6.5 6.267298344140636e-07 1.328956362624202e-05 2178
7 7.379489451930651e-07 1.430550365932362e-05 2498
7.5 7.615568682378066e-07 1.372304240031915e-05 2622
8 9.519505802222994e-07 1.613147529737345e-05 3338
8.5 1.09144821307955e-06 1.745135566978123e-05 3722
9 1.18453886616207e-06 1.775154767198364e-05 4170
9.5 1.201515720201783e-06 1.901679716936168e-05 4358
10 1.421998435542844e-06 1.989391358570384e-05 5034
10.5 1.63147935923891e-06 2.107898930484945e-05 5714
11 1.681953167546687e-06 2.148736971213146e-05 5982
11.5 1.837718462116499e-06 2.317947277107844e-05 6602
12 1.926745478849394e-06 2.430252177478489e-05 7130
12.5 2.230892420302906e-06 2.652528283266915e-05 8034
13 2.343516670716881e-06 2.706178556660968e-05 8606
13.5 2.44792907124015e-06 2.853661562317623e-05 9066
14 2.73369361183076e-06 3.150181306660299e-05 9962
14.5 2.938024130629391e-06 3.152628127247526e-05 10550
15 3.107928218839944e-06 3.420738061482952e-05 11226
15.5 3.330270349848325e-06 3.655081419752592e-05 12146
16 3.285230494060436e-06 3.628139249479462e-05 12303
16.5 3.336882513468756e-06 3.679646225218067e-05 12584
17 3.177093405702651e-06 3.465535971685122e-05 12120
17.5 2.922572752207997e-06 3.079866753370213e-05 11180
18 2.890055455556129e-06 3.111527442326688e-05 11096
18.5 2.62562356394919e-06 2.759228751164004e-05 10056
19 2.447736722968679e-06 2.692959703215395e-05 9716
19.5 2.188282892348749e-06 2.267099341202737e-05 8604
20 2.077659381120554e-06 2.110557802224729e-05 8060
20.5 1.825991508572626e-06 1.913584452980107e-05 7320
21 1.627165557438431e-06 1.680653892332756e-05 6356
21.5 1.399764665717354e-06 1.424296934399166e-05 5348
22 1.045985513987969e-06 1.140813809658859e-05 4308
22.5 9.431700766812822e-07 9.321427286133749e-06 3563
23 6.278518482212334e-07 6.503243011835052e-06 2448
23.5 4.302716766874687e-07 5.069086673526869e-06 1868
24 3.137488499974127e-07 3.606923032010432e-06 1358
24.5 2.46692216740987e-07 2.704647676540309e-06 1062
25 1.856887726713844e-07 2.331099498769112e-06 776
25.5 1.010678576971008e-07 1.220294016290017e-06 432
26 5.20057610721508e-08 5.861156963036327e-07 200
26.5 4.786434822331058e-08 4.698563932661275e-07 168
27 1.490907093612838e-08 1.455867085752926e-07 56
27.5 1.534699528141818e-09 9.01175900094208e-09 7

0.5 1.691083083282038e-09 4.312565954765218e-09 18
1 1.093718552310895e-08 2.107447313193931e-08 62
1.5 2.845409944002658e-08 6.080613830181804e-08 98
2 8.988508054002085e-08 1.598381840803301e-07 210
2.5 1.53213626929278e-07 3.180304566920323e-07 350
3 2.407975253103759e-07 4.077963555038543e-07 450
3.5 3.607807155971869e-07 6.36793989740816e-07 602
4 5.370031011621567e-07 9.493466393623484e-07 762
4.5 7.75685263138851e-07 1.377057325289087e-06 1142
5 9.807007848405412e-07 1.679342441826211e-06 1250
5.5 1.184955256366394e-06 2.126773158188889e-06 1458
6 1.434903287308215e-06 2.654108705140601e-06 1814
6.5 1.730507484930936e-06 3.366264313589284e-06 2178
7 2.109396327728196e-06 4.199409042765312e-06 2498
7.5 2.161165854219342e-06 4.527113834440628e-06 2622
8 2.85249330352198e-06 6.172034205147515e-06 3338
8.5 3.229901646936333e-06 6.81676091627508e-06 3722
9 3.677664007645007e-06 8.238111092287333e-06 4170
9.5 3.805199792276158e-06 8.74472340108046e-06 4358
10 4.509145308878007e-06 1.024850759877365e-05 5034
10.5 5.050738706433828e-06 1.197435021667142e-05 5714
11 5.28979107661486e-06 1.326209534283705e-05 5982
11.5 5.871763582696033e-06 1.473041633206583e-05 6602
12 6.389327037162275e-06 1.647998105640478e-05 7130
12.5 7.130288437969198e-06 1.929776847129778e-05 8034
13 7.76404454255292e-06 2.150828212108912e-05 8606
13.5 8.166059941849587e-06 2.331640220042732e-05 9066
14 8.808938317079664e-06 2.614607746415194e-05 9962
14.5 9.539951293129627e-06 2.787089576252562e-05 10550
15 1.026798893762904e-05 3.132314358819715e-05 11226
15.5 1.134632661247412e-05 3.502177293697847e-05 12146
16 1.147080764035739e-05 3.585771456698289e-05 12303
16.5 1.154508075211777e-05 3.882897438209927e-05 12584
17 1.085782323774889e-05 3.7554920803235e-05 12120
17.5 9.926271638673543e-06 3.527798360278353e-05 11180
18 9.951053989365663e-06 3.512419613245716e-05 11096
18.5 8.871121633894414e-06 3.315038140474375e-05 10056
19 8.601829863424733e-06 3.293559122942572e-05 9716
19.5 7.727086981758079e-06 3.083429941820541e-05 8604
20 7.008675909881726e-06 2.88769204164139e-05 8060
20.5 6.348764158417225e-06 2.715454289703127e-05 7320
21 5.516038681032188e-06 2.364872461892971e-05 6356
21.5 4.737362707267286e-06 2.069204389733451e-05 5348
22 3.751852490779263e-06 1.715061390414455e-05 4308
22.5 3.047222755041808e-06 1.481418505671324e-05 3563
23 2.036429857752346e-06 1.003354071962043e-05 2448
23.5 1.573945402197305e-06 7.590061821746106e-06 1868
24 1.134673762841616e-06 5.880015008701677e-06 1358
24.5 9.195012967999637e-07 4.834801792975438e-06 1062
25 6.751339977292593e-07 3.586950646917859e-06 776
25.5 3.292461400898263e-07 1.915741368585711e-06 432
26 1.722124650455863e-07 9.883771685710441e-07 200
26.5 1.449897216481045e-07 9.356707377116203e-07 168
27 4.24798851195665e-08 2.159808123959297e-07 56
27.5 3.253913324629984e-09 5.672008135328991e-09 7

0.5 5.411112391231105e-09 4.138825363180043e-09 18
1 2.831592482723795e-08 2.700579153486987e-08 62
1.5 6.850118354674988e-08 5.963868891347481e-08 98
2 2.111334661936147e-07 1.986115021639585e-07 210
2.5 4.598725120658344e-07 3.254229808274029e-07 350
3 6.512819546304991e-07 5.67276006576475e-07 450
3.5 8.183958878876897e-07 8.154695346110848e-07 602
4 1.233858939259637e-06 1.098854241280063e-06 762
4.5 1.874149390525064e-06 1.834133445680467e-06 1142
5 2.186909843041472e-06 2.346947823204134e-06 1250
5.5 2.617545423890141e-06 2.949771796548135e-06 1458
6 3.037278872059345e-06 3.820041704578908e-06 1814
6.5 3.727942155248364e-06 4.943211351889118e-06 2178
7 4.351250597547257e-06 6.295730985524301e-06 2498
7.5 4.401898528306478e-06 6.731418414549253e-06 2622
8 5.68038193516478e-06 9.009758503116283e-06 3338
8.5 6.00954832949195e-06 1.058168580145983e-05 3722
9 6.465940336902037e-06 1.261569442588285e-05 4170
9.5 6.540264228003932e-06 1.326536427256362e-05 4358
10 7.707765503897116e-06 1.564612696613732e-05 5034
10.5 8.423020097042978e-06 1.875299473870394e-05 5714
11 8.632352228449859e-06 2.12776720848312e-05 5982
11.5 9.390295503518392e-06 2.30562659328727e-05 6602
12 1.025710054268933e-05 2.539901146493285e-05 7130
12.5 1.153428887157047e-05 2.907061596636165e-05 8034
13 1.204727608184293e-05 3.416093972362067e-05 8606
13.5 1.304229102154e-05 3.56776462542146e-05 9066
14 1.430035455336186e-05 3.921134451347247e-05 9962
14.5 1.513994429657293e-05 4.234922599909661e-05 10550
15 1.608567731045684e-05 4.784857331241664e-05 11226
15.5 1.7394759824081e-05 5.242855209737396e-05 12146
16 1.765310229317471e-05 5.411009653208129e-05 12303
16.5 1.831208379736895e-05 5.595807161612673e-05 12584
17 1.700599287801144e-05 5.463894424253333e-05 12120
17.5 1.615770257466095e-05 5.188794748560098e-05 11180
18 1.569262858139594e-05 5.118205446711661e-05 11096
18.5 1.397262197516689e-05 4.764637756206967e-05 10056
19 1.377501504416587e-05 4.569057151836486e-05 9716
19.5 1.224178228294847e-05 4.177982748438815e-05 8604
20 1.113848049590739e-05 3.952704854328962e-05 8060
20.5 1.005930983780136e-05 3.637101774807836e-05 7320
21 8.980069730478574e-06 3.157289579179528e-05 6356
21.5 7.430664644674123e-06 2.783415399504581e-05 5348
22 5.993275431550646e-06 2.164643787227946e-05 4308
22.5 4.750752615700381e-06 1.823010518279382e-05 3563
23 3.121196141627239e-06 1.35971020507479e-05 2448
23.5 2.565057736460432e-06 1.045686955681799e-05 1868
24 1.83715717430031e-06 7.09909149269038e-06 1358
24.5 1.435087084261235e-06 5.944438006690676e-06 1062
25 9.827903140893615e-07 4.114564961765841e-06 776
25.5 6.329922992905136e-07 2.52787973334555e-06 432
26 2.814901286855488e-07 1.224277947561313e-06 200
26.5 2.701653511784768e-07 1.042844418897407e-06 168
27 8.868138661737574e-08 4.056735765653588e-07 56
27.5 1.154374067368402e-08 4.142594188605962e-08 7

0.5 4.938652915969455e-09 4.153621676961914e-09 18
1 3.680743857156834e-08 2.959387214357239e-08 62
1.5 8.890166099148602e-08 6.616686798874006e-08 98
2 2.092567921632635e-07 1.917026534675735e-07 210
2.5 5.054495878812665e-07 3.582876637189642e-07 350
3 6.804385662630402e-07 6.12519461660732e-07 450
3.5 1.094799956450509e-06 9.414238301080177e-07 602
4 1.558144681189658e-06 1.325129617405428e-06 762
4.5 2.328132062720116e-06 2.351121191441217e-06 1142
5 2.735589800822059e-06 2.536681757323811e-06 1250
5.5 3.343307686871228e-06 3.137152425871587e-06 1458
6 4.511947813804424e-06 4.306336580403188e-06 1814
6.5 5.059240434966275e-06 5.911321655529281e-06 2178
7 6.004266967754206e-06 6.868435411309218e-06 2498
7.5 6.081977944615722e-06 7.286000188892279e-06 2622
8 8.583828116979896e-06 9.758014872841923e-06 3338
8.5 9.360154922986613e-06 1.115655990715923e-05 3722
9 1.064720201218989e-05 1.32378430274351e-05 4170
9.5 1.06111928523877e-05 1.417494013351706e-05 4358
10 1.232511661342043e-05 1.674032858115513e-05 5034
10.5 1.395858018819738e-05 1.985477963397097e-05 5714
11 1.464974215839596e-05 2.081168016709462e-05 5982
11.5 1.617466720599994e-05 2.452771539233169e-05 6602
12 1.751418435773103e-05 2.658783725755021e-05 7130
12.5 1.890848627345481e-05 3.103993489244297e-05 8034
13 2.10114758551152e-05 3.343419376693488e-05 8606
13.5 2.153288506803931e-05 3.669815054417638e-05 9066
14 2.435548680657498e-05 4.20300538872936e-05 9962
14.5 2.600308534508924e-05 4.578747346635522e-05 10550
15 2.755046441618735e-05 4.974333480135965e-05 11226
15.5 2.993823174314161e-05 5.529672525329178e-05 12146
16 2.948913235430496e-05 5.646631620547058e-05 12303
16.5 3.031297940705467e-05 5.891705484129244e-05 12584
17 2.918347273094706e-05 5.982957361387722e-05 12120
17.5 2.612880204115731e-05 5.682753401493585e-05 11180
18 2.604760180295034e-05 5.615315549975148e-05 11096
18.5 2.344567439999462e-05 5.243958606169383e-05 10056
19 2.261143820008208e-05 5.261449436626986e-05 9716
19.5 1.990922518537289e-05 4.71941244892636e-05 8604
20 1.848111977458199e-05 4.607423714139288e-05 8060
20.5 1.672596704897333e-05 4.237331208219216e-05 7320
21 1.41591605677192e-05 3.779102689208742e-05 6356
21.5 1.229033559811599e-05 3.167710446636063e-05 5348
22 9.952332596089588e-06 2.673161534749813e-05 4308
22.5 8.131062115907035e-06 2.271406449765601e-05 3563
23 5.531280908355311e-06 1.591779295127526e-05 2448
23.5 4.255866455347491e-06 1.202652697476862e-05 1868
24 3.135447880665977e-06 8.926672702019809e-06 1358
24.5 2.466706873404944e-06 6.970764664555736e-06 1062
25 1.71742166771135e-06 5.559371788890762e-06 776
25.5 9.797514874855417e-07 3.237645127830815e-06 432
26 4.319280407162285e-07 1.37689157646108e-06 200
26.5 3.916028604952859e-07 1.23129100981116e-06 168
27 1.076484604829614e-07 4.748438488411949e-07 56
27.5 2.364890293485559e-08 1.291743081287796e-07 7

0.5 6.410315152653455e-09 2.87316045909039e-09 18
1 3.753918920378413e-08 2.803451799513977e-08 62
1.5 8.286958637391391e-08 5.605440489691219e-08 98
2 2.879175960432386e-07 1.737227417084297e-07 210
2.5 5.576200012062567e-07 3.869031736766402e-07 350
3 9.123161466700018e-07 5.779187366647103e-07 450
3.5 1.361358504090514e-06 9.061084143311559e-07 602
4 1.96639099795305e-06 1.446116251342964e-06 762
4.5 3.105397149719551e-06 2.366279698140893e-06 1142
5 3.486332183603511e-06 2.843220951934644e-06 1250
5.5 4.52734322120024e-06 3.705554900360124e-06 1458
6 5.637756209625992e-06 4.877897050227838e-06 1814
6.5 7.045330730083817e-06 6.510955845741287e-06 2178
7 8.364377585821601e-06 8.105849447424658e-06 2498
7.5 8.277068657331386e-06 8.582914468035862e-06 2622
8 1.135837924847979e-05 1.168110251382105e-05 3338
8.5 1.267375388244664e-05 1.26082975883535e-05 3722
9 1.427652004681117e-05 1.595976258555374e-05 4170
9.5 1.434131060745439e-05 1.670621823748944e-05 4358
10 1.68205027095283e-05 2.081194295974521e-05 5034
10.5 1.904543312443527e-05 2.465910333026727e-05 5714
11 1.971721626749468e-05 2.668222289960699e-05 5982
11.5 2.216676523642805e-05 2.986497381830488e-05 6602
12 2.295050283221693e-05 3.290683380056507e-05 7130
12.5 2.56469486802425e-05 3.780629265888538e-05 8034
13 2.814567486794627e-05 4.247075877663264e-05 8606
13.5 2.934479925601628e-05 4.671827110591389e-05 9066
14 3.252038712602283e-05 5.130766958448822e-05 9962
14.5 3.349004208226989e-05 5.682175864766703e-05 10550
15 3.783794743970806e-05 6.281483771785793e-05 11226
15.5 3.95464898025541e-05 6.832028783744615e-05 12146
16 4.054579803198074e-05 7.208582830956076e-05 12303
16.5 4.097076504849653e-05 7.5326685563662e-05 12584
17 3.914305041062754e-05 7.302870227696886e-05 12120
17.5 3.552302479563755e-05 7.011022564040717e-05 11180
18 3.439507208916005e-05 7.092518781542649e-05 11096
18.5 3.15723573194631e-05 6.590279866711686e-05 10056
19 3.063261749647438e-05 6.452474347846412e-05 9716
19.5 2.707634739351513e-05 5.868577177485086e-05 8604
20 2.509496505173512e-05 5.668864158827641e-05 8060
20.5 2.259049629626432e-05 5.242950201699159e-05 7320
21 1.987867995821084e-05 4.589124794281399e-05 6356
21.5 1.688668840231178e-05 4.017641134742184e-05 5348
22 1.359964915630906e-05 3.310671254123004e-05 4308
22.5 1.116501855835227e-05 2.726463938735709e-05 3563
23 7.656218268189597e-06 1.915782978070556e-05 2448
23.5 5.6636622575835e-06 1.522920240054604e-05 1868
24 4.151294542130282e-06 1.114317315223038e-05 1358
24.5 3.475034971590688e-06 9.222629400521443e-06 1062
25 2.55727090239845e-06 6.181282495576121e-06 776
25.5 1.265817536441631e-06 3.53088674136814e-06 432
26 5.947105883276336e-07 1.881783509655603e-06 200
26.5 5.341284695860297e-07 1.420483323476179e-06 168
27 2.625977339226708e-07 4.700507795373444e-07 56
27.5 3.367989299266015e-08 5.406308939491334e-08 7

0.5 8.202641255368116e-09 1.867774964716507e-09 18
1 3.789899754240836e-08 2.968077859705323e-08 62
1.5 9.423301922741528e-08 4.9303694027825e-08 98
2 2.435062472129507e-07 1.52668238453708e-07 210
2.5 6.557188468071613e-07 3.938127659491837e-07 350
3 8.770578765514004e-07 4.810031477182837e-07 450
3.5 1.336259116677859e-06 8.064951717040602e-07 602
4 1.927801724557883e-06 1.115703287778559e-06 762
4.5 3.340355123959964e-06 2.079273874761426e-06 1142
5 3.692144012086561e-06 2.42537405895796e-06 1250
5.5 4.289690880842742e-06 3.172036565933464e-06 1458
6 5.899224455233377e-06 4.407188998672983e-06 1814
6.5 7.190333985147449e-06 5.365802770548383e-06 2178
7 8.577089430353623e-06 6.903909943861096e-06 2498
7.5 9.374147584381502e-06 7.124755192154579e-06 2622
8 1.168436090527139e-05 1.053194428598777e-05 3338
8.5 1.323374363629407e-05 1.216004473656783e-05 3722
9 1.56535506356134e-05 1.359029943503858e-05 4170
9.5 1.648112719808066e-05 1.581869972250862e-05 4358
10 1.878970272915743e-05 2.01105474958968e-05 5034
10.5 2.133870977633794e-05 2.188228529025424e-05 5714
11 2.283857868057893e-05 2.476494188745157e-05 5982
11.5 2.563447400136604e-05 2.845493829412794e-05 6602
12 2.741888078960679e-05 3.144696215495456e-05 7130
12.5 3.135967284141285e-05 3.696279909338465e-05 8034
13 3.273846764024856e-05 4.082195771622014e-05 8606
13.5 3.473703259537842e-05 4.615650409627227e-05 9066
14 3.867918203034375e-05 5.15928626946412e-05 9962
14.5 4.259236692023302e-05 5.519515913861144e-05 10550
15 4.350090903378065e-05 6.215239655647618e-05 11226
15.5 4.807889802405163e-05 6.794164172554113e-05 12146
16 4.95638376099679e-05 7.028297566983907e-05 12303
16.5 5.079618156747143e-05 7.484368040328009e-05 12584
17 4.862271854541785e-05 7.280880599654628e-05 12120
17.5 4.436966446910953e-05 7.032289892182723e-05 11180
18 4.328449974557634e-05 7.139293814228752e-05 11096
18.5 3.89578640629588e-05 6.555156156694779e-05 10056
19 3.853562773208128e-05 6.481065875703e-05 9716
19.5 3.312856810544493e-05 6.030025395007481e-05 8604
20 3.136561574062093e-05 5.600281323612811e-05 8060
20.5 2.871039038394716e-05 5.109245724599446e-05 7320
21 2.486412178360201e-05 4.70090418983003e-05 6356
21.5 2.034349800632428e-05 3.997860815823529e-05 5348
22 1.657925612677822e-05 3.244508793373584e-05 4308
22.5 1.326629504809016e-05 2.882378011652547e-05 3563
23 9.193401456644613e-06 1.952132211289758e-05 2448
23.5 7.137222834668762e-06 1.467929185629147e-05 1868
24 5.266621843086294e-06 1.201281033394949e-05 1358
24.5 4.209907647145937e-06 9.340350417620422e-06 1062
25 3.105964755045274e-06 6.55777538415261e-06 776
25.5 1.733609409516809e-06 4.268649015560227e-06 432
26 7.293285076945558e-07 1.971513029076692e-06 200
26.5 6.403914832401141e-07 1.500656273804719e-06 168
27 1.649318230609124e-07 5.294309451085913e-07 56
27.5 5.129967164635848e-08 7.43102622181436e-08 7

0.5 1.391944172476234e-09 3.413614510104505e-09 18
1 4.528698552008014e-08 2.159647026711821e-08 62
1.5 7.963006139751428e-08 4.50521090967714e-08 98
2 2.486951046401804e-07 1.472233919602214e-07 210
2.5 5.147073066849344e-07 2.813216729189147e-07 350
3 8.290225905449297e-07 4.760918327193537e-07 450
3.5 1.458050597094537e-06 7.011310241881438e-07 602
4 1.923893563438245e-06 9.83305962831607e-07 762
4.5 2.890326641546852e-06 1.704704776966696e-06 1142
5 3.56984306736199e-06 1.911993332599094e-06 1250
5.5 4.277674109140242e-06 2.501435841466013e-06 1458
6 5.436403620543516e-06 3.628856370679179e-06 1814
6.5 7.124419547046484e-06 4.647194386278439e-06 2178
7 8.442328193243505e-06 6.067817711226219e-06 2498
7.5 9.354572361931127e-06 6.553608384151109e-06 2622
8 1.16528682750423e-05 9.12253985311704e-06 3338
8.5 1.375879873857375e-05 1.076866735559457e-05 3722
9 1.541714411633052e-05 1.247852797464839e-05 4170
9.5 1.598608728779938e-05 1.380251268694689e-05 4358
10 1.970745856180521e-05 1.653954396240896e-05 5034
10.5 2.230776536119437e-05 1.981057131232159e-05 5714
11 2.298323381516521e-05 2.166785914455234e-05 5982
11.5 2.50385044002743e-05 2.605589171360235e-05 6602
12 2.818960867844816e-05 2.975416281065353e-05 7130
12.5 3.207706618444086e-05 3.349116216395768e-05 8034
13 3.43281266759116e-05 3.749942133509799e-05 8606
13.5 3.727150494013058e-05 3.979276561654887e-05 9066
14 4.138520951543528e-05 4.646985896513604e-05 9962
14.5 4.455222388901219e-05 5.178420608571246e-05 10550
15 4.689959041232166e-05 5.697302882343637e-05 11226
15.5 5.192168022455281e-05 6.335174864830859e-05 12146
16 5.314768907500232e-05 6.7198534815521e-05 12303
16.5 5.479953845430648e-05 6.985558611920829e-05 12584
17 5.150219510483929e-05 6.940608856346589e-05 12120
17.5 4.754287652470582e-05 6.522340568228336e-05 11180
18 4.809586658828038e-05 6.549917591008681e-05 11096
18.5 4.275207852505086e-05 6.333941819080964e-05 10056
19 4.072682650157585e-05 6.181658192360997e-05 9716
19.5 3.625763421030666e-05 5.689763124999999e-05 8604
20 3.52780778727955e-05 5.268751267482369e-05 8060
20.5 3.063259129585787e-05 4.959707590939154e-05 7320
21 2.747392811864312e-05 4.48221921562434e-05 6356
21.5 2.284825411847175e-05 3.750350993307546e-05 5348
22 1.862933761010833e-05 3.048271591670806e-05 4308
22.5 1.532725306308078e-05 2.777234153147655e-05 3563
23 1.001511248972302e-05 1.861566637018967e-05 2448
23.5 7.627201592244915e-06 1.432331546255273e-05 1868
24 5.640448309350744e-06 1.061272868544886e-05 1358
24.5 4.274679196294108e-06 8.36700456414011e-06 1062
25 3.300186219237557e-06 6.631941380530429e-06 776
25.5 1.903318022235738e-06 3.311881282314751e-06 432
26 8.015097246332553e-07 1.907695931164521e-06 200
26.5 7.689651371826533e-07 1.438018135614334e-06 168
27 2.96787997327199e-07 5.400677344825926e-07 56
27.5 1.548960916800873e-08 4.2488398828793e-08 7

0.5 6.472421024740589e-09 4.218902680347776e-09 18
1 4.356406467660768e-08 1.794133871615598e-08 62
1.5 1.123322686631859e-07 4.130296708506971e-08 98
2 2.660503178952765e-07 1.237362185852625e-07 210
2.5 5.708249072680358e-07 2.4831216726754e-07 350
3 8.113821464456717e-07 3.514515892436641e-07 450
3.5 1.34505508815971e-06 5.282639080305961e-07 602
4 1.769662412336033e-06 7.802274235400963e-07 762
4.5 2.815563724861167e-06 1.375449814438006e-06 1142
5 3.55677240367711e-06 1.720361497824259e-06 1250
5.5 4.405762899184896e-06 1.953476859949296e-06 1458
6 5.65625505062789e-06 3.327318266112956e-06 1814
6.5 6.932091583103877e-06 3.82293785398428e-06 2178
7 8.029266131061674e-06 5.002747626278211e-06 2498
7.5 9.170681194784128e-06 5.502108376269494e-06 2622
8 1.185620591598506e-05 7.599597659902548e-06 3338
8.5 1.308789170842455e-05 9.018002295553051e-06 3722
9 1.521438465655214e-05 1.044359855840106e-05 4170
9.5 1.615345804748191e-05 1.228188070978194e-05 4358
10 1.908035996421132e-05 1.439091875466157e-05 5034
10.5 2.214672199059491e-05 1.743483099738497e-05 5714
11 2.312894374079497e-05 1.85207339060781e-05 5982
11.5 2.544683660950246e-05 2.182981786120329e-05 6602
12 2.876117367547504e-05 2.482320732469047e-05 7130
12.5 3.239289041834649e-05 2.890198381525419e-05 8034
13 3.414815908732964e-05 3.208816587823409e-05 8606
13.5 3.729812555143136e-05 3.538745556563674e-05 9066
14 4.051643328910085e-05 4.034394634522684e-05 9962
14.5 4.334232733793566e-05 4.513823816529319e-05 10550
15 4.81173857856491e-05 5.053931821540827e-05 11226
15.5 5.289595384460421e-05 5.499643282213266e-05 12146
16 5.297563979304661e-05 5.888352421633549e-05 12303
16.5 5.454029940077656e-05 6.207339179825405e-05 12584
17 5.088936783076316e-05 6.068760648168448e-05 12120
17.5 4.779624838136141e-05 5.895306005158907e-05 11180
18 4.73183720843719e-05 5.805383410772182e-05 11096
18.5 4.206006619672881e-05 5.54074920183004e-05 10056
19 3.991298045538748e-05 5.603024203524408e-05 9716
19.5 3.762220572495602e-05 4.889935557543548e-05 8604
20 3.369991911805713e-05 4.799407856791053e-05 8060
20.5 3.218453049317265e-05 4.395608422658365e-05 7320
21 2.79296772421444e-05 4.027471856146166e-05 6356
21.5 2.359532931311409e-05 3.320707855849499e-05 5348
22 1.829115853723685e-05 2.831947710488958e-05 4308
22.5 1.503599679874386e-05 2.428136002263942e-05 3563
23 1.054726164826573e-05 1.662697974139961e-05 2448
23.5 8.066961286126035e-06 1.206800472329605e-05 1868
24 5.694017133462573e-06 9.664387265901402e-06 1358
24.5 4.523494666872822e-06 7.676603455843229e-06 1062
25 3.667995205695707e-06 5.135291035821641e-06 776
25.5 1.705162508292071e-06 2.997094113717506e-06 432
26 9.074299933738988e-07 1.546162063689432e-06 200
26.5 7.461439391300152e-07 1.502491277685041e-06 168
27 2.355309404614639e-07 4.331125921849682e-07 56
27.5 6.503889493650352e-08 2.6123379026762e-08 7

0.5 8.137726103596969e-09 1.668727776966063e-09 18
1 4.915065897780364e-08 1.193079455437829e-08 62
1.5 9.787671940195709e-08 3.795571209271874e-08 98
2 2.586434053692722e-07 1.009794763530422e-07 210
2.5 5.415397069394213e-07 2.016516713570841e-07 350
3 7.315254679138127e-07 2.896815300255349e-07 450
3.5 1.452248488864083e-06 4.866800111158656e-07 602
4 1.688273759873314e-06 7.534087720144509e-07 762
4.5 2.806702364369287e-06 1.265421349905625e-06 1142
5 3.273292723104218e-06 1.518137217808104e-06 1250
5.5 4.120294784542262e-06 1.937793386979994e-06 1458
6 5.382326273129696e-06 2.696126299514394e-06 1814
6.5 6.702586430967791e-06 3.462740351428874e-06 2178
7 7.605183916453326e-06 4.422784977532835e-06 2498
7.5 8.273084700001323e-06 4.995714192946692e-06 2622
8 1.151103961654982e-05 6.464343173515061e-06 3338
8.5 1.262375117419024e-05 7.636621827201653e-06 3722
9 1.513800004568977e-05 8.992895719941376e-06 4170
9.5 1.521264486098336e-05 1.028864231283023e-05 4358
10 1.851010724164484e-05 1.198327070977735e-05 5034
10.5 2.082917823799165e-05 1.522465578718169e-05 5714
11 2.226649574360733e-05 1.642521600012539e-05 5982
11.5 2.496337703794269e-05 1.884425054562864e-05 6602
12 2.697763565327516e-05 2.126752158829659e-05 7130
12.5 3.147954075909771e-05 2.519499102313368e-05 8034
13 3.253947896201678e-05 2.817974542887994e-05 8606
13.5 3.721988410554104e-05 3.06943141933316e-05 9066
14 3.908101062842304e-05 3.561459106732161e-05 9962
14.5 4.147221298473979e-05 3.791617495500482e-05 10550
15 4.611819664739145e-05 4.31527055933539e-05 11226
15.5 5.016095200045307e-05 4.613919910868642e-05 12146
16 5.168069780514675e-05 4.973683659149331e-05 12303
16.5 5.217399412391989e-05 5.217898115917017e-05 12584
17 4.920385869515516e-05 5.240683926070822e-05 12120
17.5 4.571678715426713e-05 4.932468573638412e-05 11180
18 4.521967752013191e-05 5.110769477792396e-05 11096
18.5 4.128514522093141e-05 4.702954602031317e-05 10056
19 4.003275042632001e-05 4.610235437535318e-05 9716
19.5 3.516349615865973e-05 4.336870715758281e-05 8604
20 3.275381774730823e-05 4.056863980268484e-05 8060
20.5 2.993370558449079e-05 3.819725645530181e-05 7320
21 2.646164086300908e-05 3.394058401427388e-05 6356
21.5 2.232313099588377e-05 2.880159691756441e-05 5348
22 1.736281186320976e-05 2.370672315039593e-05 4308
22.5 1.489780448391536e-05 1.95869930733408e-05 3563
23 1.027888083265643e-05 1.42388852665479e-05 2448
23.5 7.253443926453591e-06 1.06818870171172e-05 1868
24 5.606051939751003e-06 8.049194539482307e-06 1358
24.5 4.39460245975346e-06 6.165028582699486e-06 1062
25 3.15639038038976e-06 5.282906851117986e-06 776
25.5 1.709273904146232e-06 2.810055937308329e-06 432
26 9.234003592276924e-07 1.29743168749688e-06 200
26.5 6.604985466815278e-07 1.004627026991274e-06 168
27 3.032134599767994e-07 2.905032363504365e-07 56
27.5 1.104124844946244e-08 4.377899020847751e-08 7

0.5 7.30142669885528e-09 1.830454966101509e-09 18
1 3.824322443861625e-08 1.310918678070459e-08 62
1.5 9.249479020842843e-08 2.366950579922013e-08 98
2 2.874950419896836e-07 7.654787859654789e-08 210
2.5 5.154239201625591e-07 1.68331314424828e-07 350
3 7.903308523839851e-07 2.909926275560568e-07 450
3.5 1.262994782219144e-06 4.130145516198471e-07 602
4 1.637776606708156e-06 5.917773153206756e-07 762
4.5 2.689359077830385e-06 1.051051626590351e-06 1142
5 3.232204243407331e-06 1.322937569905976e-06 1250
5.5 3.875244398763909e-06 1.622378631556948e-06 1458
6 5.203446436800214e-06 2.334145834044168e-06 1814
6.5 6.4876305938201e-06 2.835657994059833e-06 2178
7 7.569653513851565e-06 3.689349154218007e-06 2498
7.5 7.91951865269537e-06 4.126519509801914e-06 2622
8 1.07851764226543e-05 5.540393777029585e-06 3338
8.5 1.267651426779742e-05 6.469160723250778e-06 3722
9 1.436072177835136e-05 7.91296206203506e-06 4170
9.5 1.474747708925553e-05 8.600636689151702e-06 4358
10 1.763169978735723e-05 1.036810879225133e-05 5034
10.5 2.052692985054495e-05 1.242503660372619e-05 5714
11 2.131592683578679e-05 1.401166803840732e-05 5982
11.5 2.389193168454465e-05 1.603403941582534e-05 6602
12 2.659417898192921e-05 1.807886571508384e-05 7130
12.5 2.956613262003334e-05 2.134282753595603e-05 8034
13 3.209287065712577e-05 2.402057236752123e-05 8606
13.5 3.427491069310433e-05 2.700620439130802e-05 9066
14 3.80370246749801e-05 3.01115781085653e-05 9962
14.5 4.040079303213702e-05 3.310592485695243e-05 10550
15 4.45566789359949e-05 3.695880181998092e-05 11226
15.5 4.755545102629781e-05 4.031523623357617e-05 12146
16 4.851097501878603e-05 4.273515458614195e-05 12303
16.5 4.961350450204511e-05 4.593737746755297e-05 12584
17 4.738783401489916e-05 4.462736273231081e-05 12120
17.5 4.454859806297693e-05 4.369478614899911e-05 11180
18 4.350796450152722e-05 4.416642174781455e-05 11096
18.5 3.828556785237201e-05 4.11204843285534e-05 10056
19 3.857841956770622e-05 4.100906702129439e-05 9716
19.5 3.385661482387762e-05 3.774103784567346e-05 8604
20 3.224611254024048e-05 3.573485623679968e-05 8060
20.5 2.865527022111689e-05 3.276633653510524e-05 7320
21 2.526261793864149e-05 2.924169024835056e-05 6356
21.5 2.091775896230723e-05 2.512664590822416e-05 5348
22 1.63248816805113e-05 2.026967070635065e-05 4308
22.5 1.398709019749019e-05 1.711390750811637e-05 3563
23 9.386593655951218e-06 1.200387525502702e-05 2448
23.5 7.318597251332512e-06 9.384735612872604e-06 1868
24 5.631014368872322e-06 6.813224316777209e-06 1358
24.5 3.911934671055596e-06 5.499154701520225e-06 1062
25 2.863807292233233e-06 4.100340089181456e-06 776
25.5 1.634770801607292e-06 2.474484866604001e-06 432
26 8.021640612693187e-07 9.617693739703025e-07 200
26.5 7.003047642334597e-07 9.771218330847927e-07 168
27 2.283435672898527e-07 3.599989465870304e-07 56
27.5 1.662769919116952e-08 2.660470953744107e-08 7

0.5 8.320506517987465e-09 2.010475368783258e-09 18
1 4.07701088573631e-08 9.854166988046256e-09 62
1.5 6.771915526717185e-08 2.394962230987741e-08 98
2 2.317441735468429e-07 7.091250211649526e-08 210
2.5 4.627640353312384e-07 1.400490673264022e-07 350
3 7.25585645413834e-07 2.125866441344215e-07 450
3.5 1.012050925792068e-06 3.725326972808957e-07 602
4 1.652209041547425e-06 4.714105527902291e-07 762
4.5 2.50208985472153e-06 8.583439855982228e-07 1142
5 3.07143392986379e-06 9.94177390913865e-07 1250
5.5 3.683987378320273e-06 1.397271927940979e-06 1458
6 4.808143158862871e-06 1.89915453665409e-06 1814
6.5 6.061285727515914e-06 2.458819806796701e-06 2178
7 7.696951729868426e-06 3.147683452140981e-06 2498
7.5 7.708761870029588e-06 3.4717274799803e-06 2622
8 1.045957357979278e-05 4.879088223379703e-06 3338
8.5 1.183292426203021e-05 5.672493668125839e-06 3722
9 1.336579433304201e-05 6.74134599334893e-06 4170
9.5 1.42010779536257e-05 7.338514934319532e-06 4358
10 1.652356558481405e-05 9.003017016391224e-06 5034
10.5 1.990578077012261e-05 1.105582852938383e-05 5714
11 2.05606738158625e-05 1.193526426265723e-05 5982
11.5 2.251738335516774e-05 1.406320665226926e-05 6602
12 2.457357111225128e-05 1.588716053364124e-05 7130
12.5 2.89280195514141e-05 1.842189996920485e-05 8034
13 2.972703208857894e-05 2.064423826460687e-05 8606
13.5 3.317174096263708e-05 2.298332154832487e-05 9066
14 3.603204526982394e-05 2.600833620274323e-05 9962
14.5 3.947374662676591e-05 2.909950707376205e-05 10550
15 4.193003964980158e-05 3.144006761028418e-05 11226
15.5 4.624281131903561e-05 3.418380045694886e-05 12146
16 4.70833892767514e-05 3.797343257316551e-05 12303
16.5 4.808511660135445e-05 3.865337793081515e-05 12584
17 4.65711323172994e-05 3.916972309210808e-05 12120
17.5 4.155184673913259e-05 3.668008411887149e-05 11180
18 4.121675008792898e-05 3.75340222965722e-05 11096
18.5 3.7863869896958e-05 3.489693303904818e-05 10056
19 3.69358449749557e-05 3.374241798972038e-05 9716
19.5 3.243996917640216e-05 3.123686288879335e-05 8604
20 2.978293916412622e-05 3.071610022763631e-05 8060
20.5 2.723558047395779e-05 2.820444873717e-05 7320
21 2.425800836689175e-05 2.546241853060109e-05 6356
21.5 2.003508747704496e-05 2.195878420531757e-05 5348
22 1.64191177251481e-05 1.779083624833984e-05 4308
22.5 1.26014542029112e-05 1.496268660480247e-05 3563
23 9.44927578511338e-06 1.068777998178125e-05 2448
23.5 6.508390086345148e-06 8.076559089866751e-06 1868
24 5.068455578750056e-06 6.45977785583635e-06 1358
24.5 4.110093504067658e-06 4.630920839049057e-06 1062
25 2.978123510349115e-06 3.592004352357782e-06 776
25.5 1.63212858066406e-06 2.55318818437887e-06 432
26 7.762888642394384e-07 9.249486596206138e-07 200
26.5 5.5911157996502e-07 7.875627293758792e-07 168
27 2.16470203145331e-07 2.718752349958168e-07 56
27.5 3.585807508460502e-08 1.815614739971419e-08 7

0.5 6.435476514498064e-09 1.548556240259955e-09 18
1 3.926280549876255e-08 8.904941348496769e-09 62
1.5 9.436861282854441e-08 1.284697039035811e-08 98
2 2.48614784816749e-07 6.356516510438355e-08 210
2.5 4.872977600138546e-07 1.25218679493373e-07 350
3 6.992078978955167e-07 1.967559204581116e-07 450
3.5 1.184018246243535e-06 2.887147899045054e-07 602
4 1.525615104142417e-06 4.208457525985752e-07 762
4.5 2.422105148915009e-06 7.989438578060384e-07 1142
5 2.520341430053594e-06 9.850417882856964e-07 1250
5.5 3.497914883905491e-06 1.157395906082513e-06 1458
6 4.680848856534801e-06 1.673389312154216e-06 1814
6.5 5.880218145954413e-06 2.182489570780966e-06 2178
7 6.829573528074787e-06 2.852089685759871e-06 2498
7.5 7.373844808308339e-06 3.074461228693553e-06 2622
8 9.717520095272924e-06 4.320803596267333e-06 3338
8.5 1.111267945332975e-05 4.92566146902433e-06 3722
9 1.310861954875583e-05 5.903808796368288e-06 4170
9.5 1.357609854935701e-05 6.651141176717347e-06 4358
10 1.597443299436629e-05 8.019044252244005e-06 5034
10.5 1.923191993500687e-05 9.559825820098681e-06 5714
11 1.953760896793667e-05 1.087332099746829e-05 5982
11.5 2.163241999958683e-05 1.238505933920813e-05 6602
12 2.396544829111058e-05 1.392535834512025e-05 7130
12.5 2.689016156179867e-05 1.635696928939213e-05 8034
13 2.86288506389056e-05 1.746329953991483e-05 8606
13.5 3.09496211789656e-05 1.99637754302303e-05 9066
14 3.419437292297778e-05 2.192762245836784e-05 9962
14.5 3.848351978323086e-05 2.497345186677276e-05 10550
15 4.049440148452625e-05 2.748886365819245e-05 11226
15.5 4.271102408498961e-05 3.061317765730486e-05 12146
16 4.472996406579182e-05 3.250728038626294e-05 12303
16.5 4.614677809431627e-05 3.404869335634851e-05 12584
17 4.213352503568636e-05 3.370183155729074e-05 12120
17.5 3.962031897560474e-05 3.134964515874344e-05 11180
18 3.892567409044227e-05 3.235714897162314e-05 11096
18.5 3.595748976034318e-05 2.981456618844174e-05 10056
19 3.453531230221882e-05 3.063458019366832e-05 9716
19.5 3.117580713958812e-05 2.756224345586399e-05 8604
20 2.814765551820992e-05 2.667014190185699e-05 8060
20.5 2.536042166416522e-05 2.395635232857285e-05 7320
21 2.309098730961452e-05 2.175179254059125e-05 6356
21.5 1.887903859570629e-05 1.9036723195281e-05 5348
22 1.546346670526552e-05 1.553824837464719e-05 4308
22.5 1.230375817654756e-05 1.337450906745241e-05 3563
23 8.791752808332933e-06 9.142427984502928e-06 2448
23.5 7.062041774344672e-06 7.006439291506039e-06 1868
24 4.643342096720603e-06 5.058707157534259e-06 1358
24.5 3.347477839884527e-06 4.357565001935002e-06 1062
25 2.876627668132399e-06 3.134345557850942e-06 776
25.5 1.513650886605744e-06 1.744704281194876e-06 432
26 6.77785700344484e-07 7.472815799362914e-07 200
26.5 6.208927365094178e-07 7.901263825377423e-07 168
27 1.410641417200357e-07 3.145325297922823e-07 56
27.5 2.297145193876298e-08 2.062543092624087e-08 7

0.5 4.79965359839778e-09 1.023584146465971e-09 18
1 2.777906028407916e-08 7.173631241481519e-09 62
1.5 7.938980483302375e-08 1.484031067308803e-08 98
2 2.151932053216653e-07 5.84764796784274e-08 210
2.5 4.393229209327946e-07 1.006634191913897e-07 350
3 6.925261878098883e-07 1.919425759461601e-07 450
3.5 9.472971105480149e-07 2.944665353534172e-07 602
4 1.401190554787251e-06 3.80006247167999e-07 762
4.5 2.605351984828945e-06 6.356955506649597e-07 1142
5 2.860077343063084e-06 8.095452198616881e-07 1250
5.5 3.554121994978722e-06 1.016945295694484e-06 1458
6 4.671740910088657e-06 1.476396461614498e-06 1814
6.5 5.585063636960656e-06 1.868022298590808e-06 2178
7 6.840332917002424e-06 2.504090931972873e-06 2498
7.5 7.439558399912617e-06 2.577014938071874e-06 2622
8 9.446795218145042e-06 3.612905893181531e-06 3338
8.5 1.118388475326142e-05 4.425592032983908e-06 3722
9 1.267305255255333e-05 5.183603442355505e-06 4170
9.5 1.328273385619427e-05 5.821918381997312e-06 4358
10 1.582278893267247e-05 7.048929055797169e-06 5034
10.5 1.848256522900886e-05 8.754284594741731e-06 5714
11 1.904324466093365e-05 9.370590012174903e-06 5982
11.5 2.101610145699639e-05 1.080813601026846e-05 6602
12 2.256772887223966e-05 1.2255850131666e-05 7130
12.5 2.524904563721915e-05 1.406808203628157e-05 8034
13 2.743060674926523e-05 1.593961242134543e-05 8606
13.5 2.895398751779845e-05 1.737296374647281e-05 9066
14 3.273073617389854e-05 1.987950009011598e-05 9962
14.5 3.500525356286041e-05 2.210548299203595e-05 10550
15 3.833275902506658e-05 2.391115110520439e-05 11226
15.5 4.139042729328057e-05 2.67278535513929e-05 12146
16 4.260563475235994e-05 2.811070971357817e-05 12303
16.5 4.382891463749038e-05 2.939887378581449e-05 12584
17 4.116899340990875e-05 2.941238497642358e-05 12120
17.5 3.787914776355967e-05 2.808196424177079e-05 11180
18 3.729921705628818e-05 2.8570761073597e-05 11096
18.5 3.437758404627968e-05 2.627379648885898e-05 10056
19 3.339111929144432e-05 2.70646892965998e-05 9716
19.5 2.94095308262966e-05 2.406830863885986e-05 8604
20 2.698126214383699e-05 2.281313611365268e-05 8060
20.5 2.440694417809588e-05 2.164295321432436e-05 7320
21 2.124753506223854e-05 1.89958416695535e-05 6356
21.5 1.773602139417173e-05 1.695806945822532e-05 5348
22 1.436462392039863e-05 1.319288939428065e-05 4308
22.5 1.208665988258896e-05 1.12761213522192e-05 3563
23 8.247462642750743e-06 7.950266808579565e-06 2448
23.5 6.142781030910565e-06 6.42166602465251e-06 1868
24 4.534834953010151e-06 4.599107185312477e-06 1358
24.5 3.334762020961183e-06 3.524785006490147e-06 1062
25 2.895642169538348e-06 2.718670607853908e-06 776
25.5 1.332103076496975e-06 1.565260458208334e-06 432
26 6.821167928615736e-07 6.018231005475486e-07 200
26.5 6.183394785369346e-07 6.544578475038775e-07 168
27 1.948847798535605e-07 2.708375202042886e-07 56
27.5 1.023599918343558e-08 1.838005317187768e-08 7

0.5 5.254721928697376e-09 1.053621273814712e-09 18
1 3.656379022167154e-08 5.669686563394929e-09 62
1.5 5.917465993574752e-08 1.603153739779065e-08 98
2 2.307647229147986e-07 3.978398972687952e-08 210
2.5 4.554823904115874e-07 9.795580365738348e-08 350
3 7.554374190048068e-07 1.493545761550222e-07 450
3.5 1.130965326781519e-06 2.33759439726257e-07 602
4 1.440625091251452e-06 3.416352404653535e-07 762
4.5 2.212589054965561e-06 6.05994832051532e-07 1142
5 2.641377226221132e-06 7.098504034754478e-07 1250
5.5 3.379736266469408e-06 9.23991734302385e-07 1458
6 4.200197598679209e-06 1.319176739987123e-06 1814
6.5 5.235587138425994e-06 1.725849197848858e-06 2178
7 6.389861879867024e-06 2.182396275687401e-06 2498
7.5 7.024693815988734e-06 2.396883912426651e-06 2622
8 9.272965664938604e-06 3.15844028884809e-06 3338
8.5 1.119774936903661e-05 3.865606584388964e-06 3722
9 1.190436340257713e-05 4.498490951560961e-06 4170
9.5 1.2598052492418e-05 5.018346334348711e-06 4358
10 1.525021655937682e-05 6.315758528165936e-06 5034
10.5 1.6749855366747e-05 7.412466523181145e-06 5714
11 1.816441181047979e-05 8.302165067958847e-06 5982
11.5 2.028019209165893e-05 9.631388379804413e-06 6602
12 2.182422598835945e-05 1.056300416731215e-05 7130
12.5 2.487163431276099e-05 1.277389716426444e-05 8034
13 2.722780254552044e-05 1.385330487156777e-05 8606
13.5 2.739535870125905e-05 1.544376909070238e-05 9066
14 3.137923759999664e-05 1.757413704675771e-05 9962
14.5 3.355167436840525e-05 1.924944160123659e-05 10550
15 3.71407815355052e-05 2.118388413973653e-05 11226
15.5 4.017922887112524e-05 2.407851029325809e-05 12146
16 4.004414299930348e-05 2.472957863249114e-05 12303
16.5 4.062244558612917e-05 2.655752084598507e-05 12584
17 4.014921635060232e-05 2.649955796451827e-05 12120
17.5 3.5643664820444e-05 2.459479503672118e-05 11180
18 3.533287097740179e-05 2.561592397252668e-05 11096
18.5 3.225811458215135e-05 2.349790719410747e-05 10056
19 3.122711382694525e-05 2.332395756859046e-05 9716
19.5 2.77960220889368e-05 2.087283790695479e-05 8604
20 2.594320567831827e-05 1.996292581392082e-05 8060
20.5 2.330539876390628e-05 1.949903240099022e-05 7320
21 2.00061974011035e-05 1.707906650448458e-05 6356
21.5 1.657039687945927e-05 1.503031574628732e-05 5348
22 1.392119423842014e-05 1.213258010110317e-05 4308
22.5 1.166263443464902e-05 1.038197523840944e-05 3563
23 7.627307058606393e-06 6.980614229044019e-06 2448
23.5 5.938249869898819e-06 5.549566599827847e-06 1868
24 4.386030469358446e-06 4.269810022807589e-06 1358
24.5 3.356661456799095e-06 3.268837734021001e-06 1062
25 2.343347775938019e-06 2.46806861132272e-06 776
25.5 1.539832221090131e-06 1.360174209424757e-06 432
26 6.207859803808705e-07 6.797959446598746e-07 200
26.5 5.210206142406337e-07 5.665322047119766e-07 168
27 2.392492036955053e-07 1.503661030709768e-07 56
27.5 2.814732969721246e-08 1.489868806812315e-08 7

0.5 4.421097175308811e-09 8.933480500623765e-10 18
1 2.304980365029689e-08 6.035237245062252e-09 62
1.5 7.738717930798271e-08 1.658089135021375e-08 98
2 2.161977009771174e-07 3.832433172249132e-08 210
2.5 4.20451667024899e-07 9.109627401855009e-08 350
3 6.128414419779363e-07 1.40519163200556e-07 450
3.5 1.009246051575067e-06 2.224921563988509e-07 602
4 1.284769928394271e-06 3.207399000999978e-07 762
4.5 2.224971171702591e-06 5.475321932811066e-07 1142
5 2.480407577116422e-06 6.333254715746926e-07 1250
5.5 3.259491027714061e-06 8.42445250129986e-07 1458
6 4.228697326913381e-06 1.098563737687523e-06 1814
6.5 5.386103761135158e-06 1.52803240747628e-06 2178
7 6.258202566920125e-06 1.871310716416934e-06 2498
7.5 6.547665076313498e-06 2.036138033032275e-06 2622
8 8.66900374564171e-06 2.960799752719458e-06 3338
8.5 9.905748219254777e-06 3.452642850417229e-06 3722
9 1.132609637364506e-05 4.120213397675657e-06 4170
9.5 1.194078428722377e-05 4.762098192097897e-06 4358
10 1.407205170121917e-05 5.52852253606489e-06 5034
10.5 1.616220398785126e-05 6.517263236921116e-06 5714
11 1.780305474770896e-05 7.391141139022822e-06 5982
11.5 1.921133585865589e-05 8.621478223956143e-06 6602
12 2.059081184351234e-05 9.36535400275413e-06 7130
12.5 2.463459554605315e-05 1.138546290173857e-05 8034
13 2.566145028658948e-05 1.274767319923766e-05 8606
13.5 2.62224889136949e-05 1.36678885197915e-05 9066
14 3.026178803930264e-05 1.561674600153188e-05 9962
14.5 3.175713250910246e-05 1.687746247662462e-05 10550
15 3.432818811789494e-05 1.897149385572627e-05 11226
15.5 3.791379698405026e-05 2.104335940461437e-05 12146
16 3.962150828201707e-05 2.177103631223723e-05 12303
16.5 3.871617635404262e-05 2.3236210730917e-05 12584
17 3.766242029670781e-05 2.353955337253871e-05 12120
17.5 3.465652299627904e-05 2.215022624333841e-05 11180
18 3.416797850849813e-05 2.240413661247019e-05 11096
18.5 3.116812772996047e-05 2.095330343398326e-05 10056
19 2.936996270636193e-05 2.079168942442482e-05 9716
19.5 2.570784084545578e-05 1.914225802202579e-05 8604
20 2.492764995940857e-05 1.834581657719807e-05 8060
20.5 2.229426976083e-05 1.697036687189057e-05 7320
21 1.923831613478853e-05 1.509351189564985e-05 6356
21.5 1.616580999093804e-05 1.296886749755043e-05 5348
22 1.292437962783688e-05 1.093112300141435e-05 4308
22.5 1.050776169276036e-05 9.127908215742041e-06 3563
23 7.354462982285259e-06 6.326869356799522e-06 2448
23.5 5.780769513613392e-06 4.87605195864233e-06 1868
24 3.938350596816764e-06 3.63756030501355e-06 1358
24.5 2.925911432396506e-06 2.805347847334151e-06 1062
25 2.303765495683218e-06 2.300072560618918e-06 776
25.5 1.411536068251185e-06 1.131818037197081e-06 432
26 6.547011888327287e-07 5.541794484847903e-07 200
26.5 5.221380823614521e-07 4.891529346795208e-07 168
27 1.889439517940608e-07 1.853382843551578e-07 56
27.5 2.662900952368985e-08 1.413300495701485e-08 7

0.5 5.307429305246127e-09 7.952333096189054e-10 18
1 2.658468036721865e-08 5.679250200893189e-09 62
1.5 7.177910746168353e-08 1.22983000132957e-08 98
2 2.257530042463185e-07 3.773010149198929e-08 210
2.5 3.844757077641196e-07 7.830130209561414e-08 350
3 5.848412397616947e-07 1.320454177490848e-07 450
3.5 8.504902304571251e-07 1.879827797441188e-07 602
4 1.293693905589491e-06 2.700256792088301e-07 762
4.5 2.222154604913088e-06 4.798137819693743e-07 1142
5 2.526389562549702e-06 5.790963013255655e-07 1250
5.5 3.160601234806147e-06 8.050049097369745e-07 1458
6 3.883308523739971e-06 1.070662453611055e-06 1814
6.5 5.044370819709392e-06 1.325574443083642e-06 2178
7 5.567560201155787e-06 1.708661984086412e-06 2498
7.5 6.259922067374932e-06 1.823262349165232e-06 2622
8 8.548778281043745e-06 2.57945844273819e-06 3338
8.5 9.934530516055396e-06 2.991525993399073e-06 3722
9 1.13598464731604e-05 3.676414090857663e-06 4170
9.5 1.174722882869367e-05 4.075750529716647e-06 4358
10 1.352889819425818e-05 4.962283094231326e-06 5034
10.5 1.506448709166053e-05 5.977895231867232e-06 5714
11 1.681601956807506e-05 6.598145084806969e-06 5982
11.5 1.819273136337012e-05 7.668698081112649e-06 6602
12 1.979125817201894e-05 8.458628562693837e-06 7130
12.5 2.318535909582544e-05 9.860456074301323e-06 8034
13 2.444507760322439e-05 1.098408516174778e-05 8606
13.5 2.590269839687959e-05 1.212146554180195e-05 9066
14 2.914652076314176e-05 1.379431484146959e-05 9962
14.5 3.044688987327462e-05 1.518082941530522e-05 10550
15 3.314313851420779e-05 1.694123565648346e-05 11226
15.5 3.599689253440507e-05 1.934796018799785e-05 12146
16 3.622134691516196e-05 1.992446156456128e-05 12303
16.5 3.78323029217191e-05 2.084485616789446e-05 12584
17 3.513343540352671e-05 2.091640352060491e-05 12120
17.5 3.26014739878913e-05 1.981151816942618e-05 11180
18 3.252895242656597e-05 2.025325949822431e-05 11096
18.5 2.888409413760377e-05 1.893063967488019e-05 10056
19 2.834786753848287e-05 1.924933617293976e-05 9716
19.5 2.481039035957845e-05 1.65116274434352e-05 8604
20 2.390496522885648e-05 1.700666056705602e-05 8060
20.5 2.168769378567308e-05 1.491964453596939e-05 7320
21 1.868321066271385e-05 1.340684823916751e-05 6356
21.5 1.592310655793884e-05 1.192110574845509e-05 5348
22 1.272652871226702e-05 9.568274960039274e-06 4308
22.5 1.072749236030001e-05 8.129434812984283e-06 3563
23 7.107257827870524e-06 5.494791338231781e-06 2448
23.5 5.275837396842558e-06 4.378080294427029e-06 1868
24 3.860426645840293e-06 3.189171385487482e-06 1358
24.5 2.961614852026704e-06 2.690766899198478e-06 1062
25 2.179036723620071e-06 2.005643868177213e-06 776
25.5 1.291895158706063e-06 1.093121953118584e-06 432
26 5.794694688621309e-07 5.279236613371108e-07 200
26.5 5.061860045004496e-07 5.104445130492828e-07 168
27 1.789692215695365e-07 1.652048495410171e-07 56
27.5 8.122035836854529e-09 2.152982580247851e-08 7

0.5 6.973842706797186e-09 5.892293917495718e-10 18
1 2.815732415777845e-08 5.244499845353305e-09 62
1.5 8.180055326839464e-08 1.338141122936462e-08 98
2 1.907913095840379e-07 3.181909927639474e-08 210
2.5 4.313187299503332e-07 7.572693962972473e-08 350
3 6.051381518211696e-07 1.067388903901321e-07 450
3.5 9.102073202326489e-07 1.693803849344198e-07 602
4 1.226946187855169e-06 2.415336955401316e-07 762
4.5 2.199432892784421e-06 4.38307723621858e-07 1142
5 2.376690097063976e-06 5.253684095521739e-07 1250
5.5 3.061117925865494e-06 6.677481962181546e-07 1458
6 3.893165021637524e-06 8.996870420279063e-07 1814
6.5 5.12843929293891e-06 1.223809849454912e-06 2178
7 5.842378591095772e-06 1.472445475682932e-06 2498
7.5 6.196107531818639e-06 1.64086529121279e-06 2622
8 8.199208202739741e-06 2.453102547568215e-06 3338
8.5 9.211102975713626e-06 2.838653832768168e-06 3722
9 1.060604730797215e-05 3.375667005958358e-06 4170
9.5 1.058496638864026e-05 3.734936361809339e-06 4358
10 1.291476572294497e-05 4.462789362920627e-06 5034
10.5 1.487598222421276e-05 5.502370475852837e-06 5714
11 1.648914346077617e-05 5.749983439686379e-06 5982
11.5 1.702937838731109e-05 6.563357123054543e-06 6602
12 1.89501617855005e-05 7.65843405986246e-06 7130
12.5 2.139094115555082e-05 9.019380298652527e-06 8034
13 2.335582610479598e-05 1.037858201336214e-05 8606
13.5 2.472451788733473e-05 1.101754528407831e-05 9066
14 2.745055377215076e-05 1.236692856865953e-05 9962
14.5 2.913704174731314e-05 1.394485110473408e-05 10550
15 3.137395239258451e-05 1.520416811420723e-05 11226
15.5 3.488771972420229e-05 1.692897127388389e-05 12146
16 3.550215082796851e-05 1.760218490742548e-05 12303
16.5 3.557218081655425e-05 1.856068977066011e-05 12584
17 3.440569741856696e-05 1.86099909044951e-05 12120
17.5 3.176234397509637e-05 1.771886625829589e-05 11180
18 3.125742613613751e-05 1.845899118066521e-05 11096
18.5 2.803798564228908e-05 1.662948134662923e-05 10056
19 2.787693690600437e-05 1.674276679903488e-05 9716
19.5 2.341816882361098e-05 1.494149891545226e-05 8604
20 2.305668322644419e-05 1.451209874101886e-05 8060
20.5 2.036401861402282e-05 1.403628165624513e-05 7320
21 1.813692048144803e-05 1.222320325789979e-05 6356
21.5 1.495357038071295e-05 1.030214073980352e-05 5348
22 1.23208669346805e-05 8.630884113225671e-06 4308
22.5 1.019805792640676e-05 7.44612609621814e-06 3563
23 6.607954583790147e-06 5.122974315721502e-06 2448
23.5 5.02145058371457e-06 3.696017282711099e-06 1868
24 3.925646801115785e-06 2.869429540789217e-06 1358
24.5 2.930596115718823e-06 2.383991796649284e-06 1062
25 2.048939865993164e-06 1.652573221576209e-06 776
25.5 1.206941480389223e-06 9.758710150469856e-07 432
26 6.141078692668166e-07 5.267996654880246e-07 200
26.5 4.476852340698702e-07 4.855337886804004e-07 168
27 1.416164314684849e-07 1.363849966164957e-07 56
27.5 1.202411714434273e-08 2.342107397375005e-08 7

0.5 5.716012037434398e-09 1.031985812277957e-09 18
1 2.440958442802919e-08 3.975732514136932e-09 62
1.5 6.636834274200458e-08 8.930147383579688e-09 98
2 1.86377494522062e-07 3.617093289237246e-08 210
2.5 4.030708550343487e-07 6.928863019446499e-08 350
3 5.83476867678484e-07 9.451102069279331e-08 450
3.5 9.352775800348556e-07 1.521455678566787e-07 602
4 1.259207368022458e-06 2.053810391786871e-07 762
4.5 1.897597557432008e-06 3.992671702765586e-07 1142
5 2.209182449695627e-06 4.559969817452488e-07 1250
5.5 3.043131106461427e-06 5.967928454132872e-07 1458
6 3.665667843384e-06 8.405827701482004e-07 1814
6.5 4.905199973296622e-06 1.111188937284782e-06 2178
7 5.72226017779942e-06 1.276481957845193e-06 2498
7.5 5.985360626418764e-06 1.520810005220458e-06 2622
8 8.47024973664382e-06 2.139229815110504e-06 3338
8.5 9.138190499734414e-06 2.540638986630983e-06 3722
9 1.029594204971426e-05 3.060371964219319e-06 4170
9.5 1.062255233180433e-05 3.24975491303283e-06 4358
10 1.266005291235377e-05 4.092200009820332e-06 5034
10.5 1.439217682095557e-05 4.901556228000525e-06 5714
11 1.54509539793506e-05 5.309076651570755e-06 5982
11.5 1.658121753936147e-05 5.974845437444456e-06 6602
12 1.82626354092466e-05 6.998497117841866e-06 7130
12.5 2.075065751971261e-05 8.19887167700256e-06 8034
13 2.184737259880749e-05 8.988289750382373e-06 8606
13.5 2.376361316194229e-05 1.019487720321939e-05 9066
14 2.674999323451247e-05 1.125404614688859e-05 9962
14.5 2.889786955910977e-05 1.245031063489171e-05 10550
15 3.045070888395622e-05 1.386971535027918e-05 11226
15.5 3.401367911236584e-05 1.471615674901122e-05 12146
16 3.312152255533059e-05 1.639033530200763e-05 12303
16.5 3.377288924763051e-05 1.697410814017916e-05 12584
17 3.256991360110021e-05 1.663166035705882e-05 12120
17.5 3.00565313178878e-05 1.633701118173423e-05 11180
18 3.021793223270308e-05 1.636174332890605e-05 11096
18.5 2.683423152743793e-05 1.508917054836694e-05 10056
19 2.587905350739611e-05 1.53959056211457e-05 9716
19.5 2.204990902397966e-05 1.374099142651067e-05 8604
20 2.11582036484854e-05 1.315164590844036e-05 8060
20.5 1.942238294271786e-05 1.258065853615602e-05 7320
21 1.656670858065948e-05 1.079667616386177e-05 6356
21.5 1.392072497600378e-05 9.352203555716695e-06 5348
22 1.183601223697555e-05 7.947639386481857e-06 4308
22.5 9.586420473271719e-06 6.808656691725079e-06 3563
23 6.638272965899622e-06 4.633345811979411e-06 2448
23.5 4.729983655714326e-06 3.781485395724563e-06 1868
24 3.360935721370226e-06 2.837525640423446e-06 1358
24.5 2.9348446745414e-06 2.227015039820597e-06 1062
25 1.898560969702083e-06 1.615332595428171e-06 776
25.5 1.209741208581428e-06 9.203735856215911e-07 432
26 5.505097476748467e-07 4.617270919707006e-07 200
26.5 4.671826011395672e-07 3.743871430448134e-07 168
27 1.689830413723551e-07 1.787339990039858e-07 56
27.5 1.437456704544467e-08 1.075729992179409e-08 7

0.5 4.609011244505177e-09 8.568093414164203e-10 18
1 2.693657872945511e-08 3.440374458435219e-09 62
1.5 7.941587812079743e-08 1.035457533663635e-08 98
2 1.753967635379371e-07 3.267063717574642e-08 210
2.5 3.992393384419086e-07 5.429549648455452e-08 350
3 4.787164835473429e-07 8.635112269991206e-08 450
3.5 8.728568418785753e-07 1.449036704158622e-07 602
4 1.167262284488794e-06 2.213800467432574e-07 762
4.5 2.000826423643579e-06 3.246105585363646e-07 1142
5 2.169908554418591e-06 4.266580408766972e-07 1250
5.5 2.887563549553515e-06 5.874423594620735e-07 1458
6 3.654597500619978e-06 7.863297218683973e-07 1814
6.5 4.504057956214133e-06 1.032972529250254e-06 2178
7 5.290601037783644e-06 1.236009296195351e-06 2498
7.5 5.754175043136481e-06 1.443960822664682e-06 2622
8 7.653221600149864e-06 1.971128420010659e-06 3338
8.5 8.691467666982323e-06 2.255359127025365e-06 3722
9 9.900768117238882e-06 2.718137232308282e-06 4170
9.5 1.025100906736926e-05 2.97991200788078e-06 4358
10 1.198347910782709e-05 3.75919428653947e-06 5034
10.5 1.406559881650835e-05 4.421940029343996e-06 5714
11 1.494083653874722e-05 4.921612509284661e-06 5982
11.5 1.566153594620581e-05 5.41915469740637e-06 6602
12 1.800709418429658e-05 6.375000390815751e-06 7130
12.5 2.03896103418502e-05 7.524803911431889e-06 8034
13 2.179849317315656e-05 8.341276252942693e-06 8606
13.5 2.281737677185289e-05 9.168694462688345e-06 9066
14 2.53615227416229e-05 1.045934810646666e-05 9962
14.5 2.732511259130914e-05 1.114311066016765e-05 10550
15 2.845212148911548e-05 1.226731447051229e-05 11226
15.5 3.185010464111087e-05 1.3714352771468e-05 12146
16 3.259884598951377e-05 1.454169844442235e-05 12303
16.5 3.303941042802945e-05 1.540804900407373e-05 12584
17 3.16977919079974e-05 1.519249656483633e-05 12120
17.5 2.851335714919147e-05 1.462735843489052e-05 11180
18 2.814070611640039e-05 1.478628095115543e-05 11096
18.5 2.591411874928554e-05 1.371133560120258e-05 10056
19 2.469916971132339e-05 1.389122216247008e-05 9716
19.5 2.238749787318646e-05 1.218860032539193e-05 8604
20 2.052476884778255e-05 1.178348936012847e-05 8060
20.5 1.873114441954925e-05 1.108728286985208e-05 7320
21 1.602387050409072e-05 9.880942454626161e-06 6356
21.5 1.415841371262722e-05 8.291134049910716e-06 5348
22 1.122570045726133e-05 7.111992475578384e-06 4308
22.5 9.193810922915418e-06 6.164106891539014e-06 3563
23 6.483111294276993e-06 4.272667194090834e-06 2448
23.5 4.740920038279272e-06 3.187901561552495e-06 1868
24 3.546784178524266e-06 2.430143758542966e-06 1358
24.5 2.696453639784316e-06 1.923286726693646e-06 1062
25 1.975005099575933e-06 1.406729697655892e-06 776
25.5 1.070430828007622e-06 7.817447232134937e-07 432
26 5.597073385363333e-07 4.04986006731967e-07 200
26.5 4.082623942608164e-07 3.941943022877042e-07 168
27 1.544323821488099e-07 7.107624963488041e-08 56
27.5 1.2153625719113e-08 2.51556741832856e-08 7

0.5 3.829786208406009e-09 5.172766455090345e-10 18
1 2.556741428013021e-08 3.457355832713338e-09 62
1.5 7.115469518936962e-08 7.665808830549659e-09 98
2 1.836002316945944e-07 2.799967211373721e-08 210
2.5 3.529689087939004e-07 5.452870376033751e-08 350
3 4.91464206354495e-07 7.313806081742893e-08 450
3.5 8.035035264790099e-07 1.390858912570042e-07 602
4 1.204930385859776e-06 1.904696079099388e-07 762
4.5 1.819746799885866e-06 3.101026353929702e-07 1142
5 2.038297058779448e-06 3.664507802691447e-07 1250
5.5 2.800793228729701e-06 4.956660420930908e-07 1458
6 3.517250753929213e-06 6.853246866930981e-07 1814
6.5 4.403655984554667e-06 9.140296377906118e-07 2178
7 5.111751104644848e-06 1.113124573351456e-06 2498
7.5 5.682055454035097e-06 1.3071971997697e-06 2622
8 7.276571900334708e-06 1.741699840947723e-06 3338
8.5 8.198739609523931e-06 2.127916384294448e-06 3722
9 9.530784815219567e-06 2.601983341254443e-06 4170
9.5 9.613685240629289e-06 2.853800117230405e-06 4358
10 1.145181084818791e-05 3.470474248281594e-06 5034
10.5 1.345922364800023e-05 4.004650883909543e-06 5714
11 1.39954980261834e-05 4.633215641516629e-06 5982
11.5 1.515976187544205e-05 4.928049627158295e-06 6602
12 1.694792972536075e-05 5.690485385469647e-06 7130
12.5 1.906213290047926e-05 6.668768765693787e-06 8034
13 2.102902024875388e-05 7.483725693346995e-06 8606
13.5 2.208072768714449e-05 8.085860358181023e-06 9066
14 2.443033765948407e-05 9.352413938900104e-06 9962
14.5 2.656556891672693e-05 1.045903064794479e-05 10550
15 2.827816665767202e-05 1.128925402216332e-05 11226
15.5 3.093815048857983e-05 1.278004353796014e-05 12146
16 3.062530354430116e-05 1.343908422351188e-05 12303
16.5 3.186492562977115e-05 1.424014712345156e-05 12584
17 3.002410215676444e-05 1.434403597769844e-05 12120
17.5 2.733980101958177e-05 1.316754533508586e-05 11180
18 2.732721101764052e-05 1.355651334812334e-05 11096
18.5 2.48440187929709e-05 1.283053231666856e-05 10056
19 2.424902923623818e-05 1.267434027752311e-05 9716
19.5 2.113562585704713e-05 1.15772806523425e-05 8604
20 1.998628946661339e-05 1.090583879840176e-05 8060
20.5 1.798402602190107e-05 1.018579981297546e-05 7320
21 1.56689080715674e-05 9.173197119677177e-06 6356
21.5 1.319930489417812e-05 7.891616365844502e-06 5348
22 1.03444184372913e-05 6.430288933274023e-06 4308
22.5 8.811422785743466e-06 5.401324905764453e-06 3563
23 6.059043130957027e-06 3.71678298375483e-06 2448
23.5 4.4468467174545e-06 2.768918917009573e-06 1868
24 3.281110770724537e-06 2.265653264452096e-06 1358
24.5 2.677761725702647e-06 1.697250414728487e-06 1062
25 1.891530415435779e-06 1.395270938547991e-06 776
25.5 9.548626322347507e-07 7.061614110891315e-07 432
26 5.114530951752485e-07 3.490454927101457e-07 200
26.5 3.686504056871052e-07 2.347305245397146e-07 168
27 1.718041190594301e-07 9.042490471590403e-08 56
27.5 1.570267705619013e-08 3.673419810174831e-09 7

0.5 3.128276332455986e-09 6.302479112742477e-10 18
1 2.894472464474513e-08 3.80231525762931e-09 62
1.5 6.223357128737399e-08 6.761692855593455e-09 98
2 1.576093683776518e-07 2.204848218581804e-08 210
2.5 3.650258704245713e-07 5.295837050878076e-08 350
3 5.201344456368415e-07 6.758170098088541e-08 450
3.5 8.225972698113735e-07 1.292071860036371e-07 602
4 1.232550121516064e-06 1.709523011421212e-07 762
4.5 1.699651749476209e-06 2.878440500582116e-07 1142
5 2.098619946612972e-06 3.464743099866297e-07 1250
5.5 2.667806877823404e-06 4.611238076281512e-07 1458
6 3.456979273025495e-06 6.335272240506598e-07 1814
6.5 4.376284871567533e-06 8.159942748079018e-07 2178
7 5.037061744733676e-06 1.062862662896403e-06 2498
7.5 5.694011146533151e-06 1.190193172587249e-06 2622
8 7.240945907251261e-06 1.615652156566486e-06 3338
8.5 8.172876973153899e-06 1.847511684816809e-06 3722
9 9.316989637633718e-06 2.345107691278177e-06 4170
9.5 9.864423412453789e-06 2.522417229505429e-06 4358
10 1.114060925495101e-05 3.140846180042949e-06 5034
10.5 1.26741992614572e-05 3.639802185584396e-06 5714
11 1.395412987052848e-05 4.126692585138308e-06 5982
11.5 1.466075779029475e-05 4.683295228168588e-06 6602
12 1.631958616797761e-05 4.99415013308007e-06 7130
12.5 1.842961318115842e-05 6.235775053586718e-06 8034
13 1.968840485225003e-05 6.832668941453296e-06 8606
13.5 2.150725886326142e-05 7.403838872923838e-06 9066
14 2.325783751994351e-05 8.579087279491406e-06 9962
14.5 2.602007773171238e-05 9.435235914328112e-06 10550
15 2.705944803030919e-05 1.053230623368015e-05 11226
15.5 3.006946876547682e-05 1.162948073461049e-05 12146
16 2.984822090448662e-05 1.239351156442118e-05 12303
16.5 3.086730210965329e-05 1.291623092684327e-05 12584
17 2.936321645891933e-05 1.26632517442343e-05 12120
17.5 2.695706822147254e-05 1.209587774155423e-05 11180
18 2.657814821123878e-05 1.233497441097613e-05 11096
18.5 2.354901510615778e-05 1.147454763215325e-05 10056
19 2.332335306740343e-05 1.163182131961073e-05 9716
19.5 2.027239550354019e-05 1.048634015413463e-05 8604
20 1.934677063125402e-05 1.04566411905296e-05 8060
20.5 1.743054890604668e-05 9.362167222458131e-06 7320
21 1.470987512866224e-05 8.278753087519746e-06 6356
21.5 1.263622857793139e-05 7.276242990100731e-06 5348
22 1.002039791132925e-05 5.873427587407977e-06 4308
22.5 8.598331555304163e-06 5.069214479742927e-06 3563
23 5.66475609002619e-06 3.531974381677303e-06 2448
23.5 4.419110598253251e-06 2.638029191503258e-06 1868
24 3.269633912233924e-06 2.179219536172937e-06 1358
24.5 2.276387311780206e-06 1.592013058267874e-06 1062
25 1.982917297644181e-06 1.172199725176953e-06 776
25.5 1.077445240666623e-06 7.126284927882746e-07 432
26 4.526364092118573e-07 3.187977161250805e-07 200
26.5 3.886794109962585e-07 2.744784360003328e-07 168
27 1.00700062289369e-07 8.642672232439998e-08 56
27.5 9.995545952297042e-09 8.91889029856394e-09 7

0.5 3.137199194736074e-09 5.831807646749829e-10 18
1 2.899234446525086e-08 3.030276836485665e-09 62
1.5 5.018420325252072e-08 3.98966271581998e-09 98
2 1.677566166208485e-07 1.979459711449991e-08 210
2.5 3.406565048548659e-07 4.590629473329546e-08 350
3 4.561113545630008e-07 7.159781697164459e-08 450
3.5 8.507038106975548e-07 1.017704040345611e-07 602
4 1.116885680162106e-06 1.592245372212367e-07 762
4.5 1.683939141086382e-06 2.761499047536364e-07 1142
5 2.090534809143035e-06 3.237204054447488e-07 1250
5.5 2.533667683894112e-06 4.500537232590461e-07 1458
6 3.534954006464488e-06 6.059637331689667e-07 1814
6.5 4.145353015579524e-06 7.789320139013671e-07 2178
7 4.868085737373135e-06 9.127387380426671e-07 2498
7.5 5.379470449169333e-06 1.108242122812134e-06 2622
8 6.82721652011671e-06 1.456170596426331e-06 3338
8.5 7.614204578764305e-06 1.692290711440508e-06 3722
9 8.800402415593573e-06 2.119690083437362e-06 4170
9.5 9.196710417794538e-06 2.306831056502698e-06 4358
10 1.088748892623595e-05 2.864493431780187e-06 5034
10.5 1.232329443491135e-05 3.322357562200725e-06 5714
11 1.325930479352128e-05 3.763664581783221e-06 5982
11.5 1.456137411176443e-05 4.26660621201618e-06 6602
12 1.579822358411663e-05 4.715518693373468e-06 7130
12.5 1.816740990645054e-05 5.709691132063522e-06 8034
13 1.979710356160777e-05 6.287794191206934e-06 8606
13.5 2.041911215513624e-05 6.850306454208703e-06 9066
14 2.270565836498344e-05 8.045673441037836e-06 9962
14.5 2.461054778299827e-05 8.791802030489788e-06 10550
15 2.549509135844351e-05 9.541026489243757e-06 11226
15.5 2.889920315016352e-05 1.073748400442132e-05 12146
16 2.894411195321252e-05 1.116929121386467e-05 12303
16.5 2.943189343050882e-05 1.193032005369445e-05 12584
17 2.776474995844615e-05 1.164139774120708e-05 12120
17.5 2.629779131129001e-05 1.129984658730911e-05 11180
18 2.595098742907502e-05 1.135516432810093e-05 11096
18.5 2.288868857878444e-05 1.057415587663134e-05 10056
19 2.256497980297899e-05 1.051346553424995e-05 9716
19.5 1.939882533929315e-05 9.616100947786992e-06 8604
20 1.850121427537933e-05 9.412784509668834e-06 8060
20.5 1.703846164276653e-05 8.57297186659005e-06 7320
21 1.460062087785714e-05 7.876299264012716e-06 6356
21.5 1.213035032428273e-05 6.679453442776696e-06 5348
22 1.016752430986387e-05 5.273826045149344e-06 4308
22.5 8.586592646487131e-06 4.636521631722881e-06 3563
23 5.489166209465671e-06 3.32725348091232e-06 2448
23.5 4.021959961806325e-06 2.524898656820783e-06 1868
24 3.052610992340917e-06 1.950288812740127e-06 1358
24.5 2.395565401273387e-06 1.484266014423243e-06 1062
25 1.742730043989569e-06 1.122796249736984e-06 776
25.5 9.817484824853244e-07 6.711262717931283e-07 432
26 5.175180958059392e-07 3.029960293781412e-07 200
26.5 3.137505450151725e-07 2.258984899579514e-07 168
27 1.619928327945781e-07 7.472113690980902e-08 56
27.5 2.267830520192819e-08 2.819264081682208e-09 7

0.5 3.565962451439338e-09 3.075860020516105e-10 18
1 3.194510790835168e-08 2.478707366947645e-09 62
1.5 5.490031442286073e-08 6.362442245222823e-09 98
2 1.538544508954777e-07 2.144947382724315e-08 210
2.5 3.129810767996774e-07 4.529450034397376e-08 350
3 4.284855972940649e-07 6.569585977774488e-08 450
3.5 8.188856554045878e-07 9.584032627391508e-08 602
4 1.023623857923649e-06 1.464602815358599e-07 762
4.5 1.676394822018438e-06 2.434436255671017e-07 1142
5 1.908026440296183e-06 3.092895412782906e-07 1250
5.5 2.484255200560327e-06 3.781068855212864e-07 1458
6 3.335902257007708e-06 5.777474079588345e-07 1814
6.5 4.185426274388788e-06 6.974590453288465e-07 2178
7 4.754806397600938e-06 9.095714676163239e-07 2498
7.5 5.177765400593328e-06 1.019359317279641e-06 2622
8 6.489948617803752e-06 1.364272728099241e-06 3338
8.5 7.418278881720261e-06 1.664966979108604e-06 3722
9 8.564751969829129e-06 1.920366660691093e-06 4170
9.5 8.904499789881008e-06 2.129067979536821e-06 4358
10 1.031602071531415e-05 2.645565348607984e-06 5034
10.5 1.144905678877767e-05 3.048763523946663e-06 5714
11 1.239400072819309e-05 3.543591674014657e-06 5982
11.5 1.415555606775359e-05 3.969583992373311e-06 6602
12 1.505805820664351e-05 4.441736725229466e-06 7130
12.5 1.740965265023645e-05 5.467972901457736e-06 8034
13 1.903635299748578e-05 5.81234425924667e-06 8606
13.5 1.935560697625086e-05 6.474459772157979e-06 9066
14 2.243785908149842e-05 7.337810495505395e-06 9962
14.5 2.392499986416045e-05 8.181130517241908e-06 10550
15 2.466852944647845e-05 8.856671849261174e-06 11226
15.5 2.768789954048965e-05 1.002646962891804e-05 12146
16 2.81336033474221e-05 1.026230615574638e-05 12303
16.5 2.857107108118976e-05 1.089774144825481e-05 12584
17 2.665001571816686e-05 1.069922256070084e-05 12120
17.5 2.470571494737542e-05 1.024296893183521e-05 11180
18 2.42588106485423e-05 1.065953067322924e-05 11096
18.5 2.212043679295285e-05 9.94689145452163e-06 10056
19 2.221801926609854e-05 9.568616219799343e-06 9716
19.5 1.877643686972363e-05 8.755600776059435e-06 8604
20 1.807814474814031e-05 8.698953988902656e-06 8060
20.5 1.600119683161323e-05 7.985318384246344e-06 7320
21 1.413545423485919e-05 7.175822229185455e-06 6356
21.5 1.18450262988248e-05 6.125438419309502e-06 5348
22 9.575824346886278e-06 5.097285732189412e-06 4308
22.5 7.917934762863184e-06 4.230208442687279e-06 3563
23 5.719288297484452e-06 2.967864189568701e-06 2448
23.5 4.107697628273802e-06 2.339975280322465e-06 1868
24 2.964990089767847e-06 1.632373267228489e-06 1358
24.5 2.337352064043344e-06 1.359106476751135e-06 1062
25 1.572651421254225e-06 1.052036568298896e-06 776
25.5 9.99692457617036e-07 5.708074613335138e-07 432
26 4.592725714554066e-07 2.576945189962546e-07 200
26.5 3.287580481685566e-07 2.351620740141623e-07 168
27 1.337473759885635e-07 1.056094603071475e-07 56
27.5 9.902298712496931e-10 2.454210210876363e-08 7

0.5 4.385361041075996e-09 3.820594822874907e-10 18
1 3.100120401202018e-08 2.622942196568179e-09 62
1.5 5.209128638887539e-08 5.12377891913305e-09 98
2 1.555434368639314e-07 1.762090943196271e-08 210
2.5 2.946482533596013e-07 3.973187755297294e-08 350
3 4.501125775683818e-07 6.025099667926126e-08 450
3.5 7.855607257186556e-07 9.568391358797315e-08 602
4 9.682205240236022e-07 1.339444652616701e-07 762
4.5 1.652652440770744e-06 2.220223203944137e-07 1142
5 2.035146965963994e-06 2.998857921196721e-07 1250
5.5 2.576791962127191e-06 3.674888864149605e-07 1458
6 3.15654794320792e-06 4.909156365380858e-07 1814
6.5 3.996277125187974e-06 6.659171984304508e-07 2178
7 4.42567147403205e-06 8.438067271973575e-07 2498
7.5 4.905275946266505e-06 9.14484533513205e-07 2622
8 6.354507318404183e-06 1.222272098044205e-06 3338
8.5 7.377242642098814e-06 1.521009916292215e-06 3722
9 8.417648381641127e-06 1.798261437239174e-06 4170
9.5 8.906289668546659e-06 1.946778332714388e-06 4358
10 1.028034131302518e-05 2.417757222768388e-06 5034
10.5 1.142136337145157e-05 2.865114938111351e-06 5714
11 1.275790536881343e-05 3.07487318279276e-06 5982
11.5 1.380045390524487e-05 3.660567489708864e-06 6602
12 1.466207318824005e-05 4.122674423800668e-06 7130
12.5 1.724760703386584e-05 4.958336206492987e-06 8034
13 1.796625726511386e-05 5.414193575085805e-06 8606
13.5 1.850439285926386e-05 5.935215518072676e-06 9066
14 2.184577670371039e-05 6.733477680548685e-06 9962
14.5 2.278114556914554e-05 7.44706985991096e-06 10550
15 2.476962372153306e-05 8.275317381375898e-06 11226
15.5 2.691882369321036e-05 9.245054771003885e-06 12146
16 2.707599333061046e-05 9.490727134309391e-06 12303
16.5 2.776301062568259e-05 9.831861259862883e-06 12584
17 2.630614005690935e-05 9.80655898252404e-06 12120
17.5 2.434036937296803e-05 9.627857152777348e-06 11180
18 2.413207775369942e-05 9.855100449714301e-06 11096
18.5 2.144825331671056e-05 8.984385020134631e-06 10056
19 2.142167426437053e-05 9.115791849825644e-06 9716
19.5 1.831064108886549e-05 8.121332071766344e-06 8604
20 1.743295117967598e-05 7.683494911238523e-06 8060
20.5 1.524655683480033e-05 7.133608677088274e-06 7320
21 1.38095063822872e-05 6.440818645622661e-06 6356
21.5 1.178519136124774e-05 5.668120815772263e-06 5348
22 9.256046947963108e-06 4.747594441886532e-06 4308
22.5 7.595190079032871e-06 3.732775275514392e-06 3563
23 5.053060813882724e-06 2.863442256264955e-06 2448
23.5 3.818567915321587e-06 2.168150635253973e-06 1868
24 2.720054986621026e-06 1.557399195176357e-06 1358
24.5 2.305992704559276e-06 1.235067217073026e-06 1062
25 1.662913662185255e-06 9.99539335300792e-07 776
25.5 8.353320533709391e-07 5.504179890510339e-07 432
26 3.815037310482559e-07 2.575101466269586e-07 200
26.5 3.669667713228233e-07 1.845333039314161e-07 168
27 1.320494198341991e-07 6.004073919968174e-08 56
27.5 1.352765220994682e-08 5.140687368703705e-09 7

0.5 3.931792175426443e-09 4.079441309345558e-10 18
1 2.766715277723425e-08 2.762136551378014e-09 62
1.5 5.083171114984362e-08 5.254498582479892e-09 98
2 1.580617799665676e-07 1.756407941432107e-08 210
2.5 3.120777578247438e-07 3.613406727648565e-08 350
3 4.019343752089724e-07 5.103761152189246e-08 450
3.5 7.537496444287943e-07 8.301320604708298e-08 602
4 9.616428076139858e-07 1.202161900407025e-07 762
4.5 1.611530152102836e-06 2.122956716317417e-07 1142
5 1.932164933237352e-06 2.628510586313536e-07 1250
5.5 2.508866755913544e-06 3.570440126254475e-07 1458
6 3.041163973056464e-06 4.78577261372266e-07 1814
6.5 3.884259778845871e-06 6.12651986911483e-07 2178
7 4.434099193752014e-06 7.665142009155079e-07 2498
7.5 4.703162486294605e-06 8.753007163344009e-07 2622
8 5.998667808008698e-06 1.143996299900295e-06 3338
8.5 7.334885654934262e-06 1.355560659223648e-06 3722
9 8.070354172850096e-06 1.692538692480745e-06 4170
9.5 8.442857380585597e-06 1.806875082511594e-06 4358
10 9.7521687176928e-06 2.229027386889151e-06 5034
10.5 1.124965695449753e-05 2.589756131314126e-06 5714
11 1.204627813237678e-05 3.096631593102341e-06 5982
11.5 1.341943512331064e-05 3.441629359225425e-06 6602
12 1.454591141165392e-05 3.894329206481264e-06 7130
12.5 1.639444625070599e-05 4.472299955247996e-06 8034
13 1.784128960143269e-05 4.909364370145623e-06 8606
13.5 1.854201329297412e-05 5.538634473253259e-06 9066
14 2.071960970524e-05 6.469524238280379e-06 9962
14.5 2.203225760816669e-05 6.713830254039256e-06 10550
15 2.416213018266087e-05 7.676035549587646e-06 11226
15.5 2.614332090983405e-05 8.412171964025532e-06 12146
16 2.625689312713069e-05 8.833100781690214e-06 12303
16.5 2.652483611906039e-05 9.327304068215101e-06 12584
17 2.594184888683299e-05 9.205664761932601e-06 12120
17.5 2.349084333058901e-05 8.723989947097723e-06 11180
18 2.300743769702669e-05 8.976745562962555e-06 11096
18.5 2.077190565905612e-05 8.346200191080728e-06 10056
19 2.020719495765747e-05 8.48306583973289e-06 9716
19.5 1.784282668353295e-05 7.495876417041012e-06 8604
20 1.642040636773017e-05 7.358982154421385e-06 8060
20.5 1.458617597947964e-05 6.694667883106983e-06 7320
21 1.327428542954491e-05 6.101910726070515e-06 6356
21.5 1.141876662202961e-05 5.17197643836392e-06 5348
22 8.831205732412962e-06 4.337431727291571e-06 4308
22.5 7.358573535316349e-06 3.728585374749183e-06 3563
23 5.165390881808872e-06 2.454640382469683e-06 2448
23.5 3.958874149490822e-06 1.923694912669453e-06 1868
24 2.851906598746125e-06 1.510256019668633e-06 1358
24.5 2.220541708278886e-06 1.186924108017207e-06 1062
25 1.724714878915318e-06 9.038533586790453e-07 776
25.5 8.230533759732301e-07 4.82512915390431e-07 432
26 4.194231245276659e-07 1.952617790545815e-07 200
26.5 3.347828559791292e-07 2.059016988740466e-07 168
27 1.170071982479002e-07 7.651128231615333e-08 56
27.5 6.819457690429917e-09 7.25286073579734e-09 7

