1:binCentralValue 2:valuesAverage 3:valuesAverage 4:multiplicity
0.5 3.714026148788818e-13 1.856198151963755e-13 18
1 1.638008684798721e-12 2.403819330151331e-12 62
1.5 2.536639334574543e-12 8.923055518408555e-12 98
2 6.082079922815101e-12 3.447704389437108e-11 210
2.5 1.26034398686427e-11 7.544737858392466e-11 350
3 1.335929178249323e-11 1.384581424838072e-10 450
3.5 2.041676127240143e-11 2.400916413618792e-10 602
4 2.657176186932341e-11 4.347774247085198e-10 762
4.5 4.067849801251871e-11 8.184754186352346e-10 1142
5 4.328740582906909e-11 1.131713315209203e-09 1250
5.5 5.302248390885396e-11 1.444757341461973e-09 1458
6 5.949715981810349e-11 2.196567934248882e-09 1814
6.5 7.62524883276707e-11 3.147132963962094e-09 2178
7 8.588685832750975e-11 4.110171511417177e-09 2498
7.5 9.146534432967908e-11 4.96287946695816e-09 2622
8 1.156057628726045e-10 7.400125474483173e-09 3338
8.5 1.263795954821054e-10 8.91935794514251e-09 3722
9 1.444831664003935e-10 1.177710418174502e-08 4170
9.5 1.536455665410347e-10 1.366995947757955e-08 4358
10 1.757732004629674e-10 1.736992422599938e-08 5034
10.5 1.967430358815858e-10 2.129556531387223e-08 5714
11 2.047515856121304e-10 2.508507153275955e-08 5982
11.5 2.296892137559334e-10 3.025545632908262e-08 6602
12 2.484733904519552e-10 3.559709060236188e-08 7130
12.5 2.820873009303151e-10 4.278771748021092e-08 8034
13 3.02985277470146e-10 5.031330634097773e-08 8606
13.5 3.099272222796522e-10 5.731510272748344e-08 9066
14 3.520168508826942e-10 6.721488619959013e-08 9962
14.5 3.728212602036245e-10 7.535627430006254e-08 10550
15 3.937846744436863e-10 8.726038354090825e-08 11226
15.5 4.214564225042957e-10 9.972359951755174e-08 12146
16 4.309550295663167e-10 1.087080050953186e-07 12303
16.5 4.447812016105074e-10 1.167503765437735e-07 12584
17 4.189444061098625e-10 1.207121525283905e-07 12120
17.5 3.962391039129089e-10 1.1776776762199e-07 11180
18 3.850636304716193e-10 1.27787569928257e-07 11096
18.5 3.488454188086513e-10 1.19624458972142e-07 10056
19 3.473287391508068e-10 1.164553093013619e-07 9716
19.5 3.02883944225867e-10 1.103276339601934e-07 8604
20 1.471957605522233e-10 5.305777909683448e-08 8060
20.5 1.599852163565694e-32 1.494745032979516e-32 7320
21 1.331491684084902e-32 1.257512316450415e-32 6356
21.5 9.540282948267018e-33 9.247039298518937e-33 5348
22 7.42794967017392e-33 7.698516026907183e-33 4308
22.5 7.056712910883049e-33 6.754127095952941e-33 3563
23 4.294028641672337e-33 4.73966810134887e-33 2448
23.5 3.030055538140337e-33 3.299318026641731e-33 1868
24 2.985188814262573e-33 2.65810123795425e-33 1358
24.5 1.802119010239753e-33 2.290052764371211e-33 1062
25 1.591893077046946e-33 1.576683863846318e-33 776
25.5 1.184576122526795e-33 1.131309163417483e-33 432
26 9.586958810087597e-34 7.07850670359246e-34 200
26.5 6.610488082467512e-34 6.656676367069488e-34 168
27 2.565445913846598e-34 3.296119219541081e-34 56
27.5 4.179224257486591e-35 5.085177333829564e-35 7

0.5 6.638685614795802e-15 9.222490012498451e-15 18
1 8.056263466299581e-14 6.66775644030156e-14 62
1.5 1.856410342829554e-13 1.463378695830743e-13 98
2 5.311664959436454e-13 3.638408435894992e-13 210
2.5 8.014016566208333e-13 9.187712733804313e-13 350
3 9.963204487775613e-13 1.490060379451436e-12 450
3.5 1.475982608572978e-12 2.458373727207885e-12 602
4 1.930514950707246e-12 4.25461288875865e-12 762
4.5 2.940615417311393e-12 7.752057656620142e-12 1142
5 3.293269317194697e-12 9.801612930392726e-12 1250
5.5 3.757829336399548e-12 1.385278573489006e-11 1458
6 4.83769706779912e-12 1.793960473567862e-11 1814
6.5 6.036326038595748e-12 2.633209866055898e-11 2178
7 6.960804469918626e-12 3.308748954587908e-11 2498
7.5 7.074805009158777e-12 4.142340123208879e-11 2622
8 9.763296095499984e-12 5.677841095520499e-11 3338
8.5 1.068683325771897e-11 6.82656406460529e-11 3722
9 1.247823136089075e-11 8.834020625716542e-11 4170
9.5 1.322774520798149e-11 1.031182733173898e-10 4358
10 1.5913352666511e-11 1.248021332208329e-10 5034
10.5 1.712087666242209e-11 1.594797291876674e-10 5714
11 1.909961119332965e-11 1.756877472533306e-10 5982
11.5 2.160240271747224e-11 2.108906032728773e-10 6602
12 2.363390445081039e-11 2.46703104856381e-10 7130
12.5 2.672498014565998e-11 2.967853304459183e-10 8034
13 2.998432203914657e-11 3.352672303754512e-10 8606
13.5 3.174956717579344e-11 3.755779177061395e-10 9066
14 3.593783971826201e-11 4.414523080076065e-10 9962
14.5 3.814011944646212e-11 4.945483940957465e-10 10550
15 4.091098940368004e-11 5.69894803516886e-10 11226
15.5 4.633834160960777e-11 6.195672425350505e-10 12146
16 4.678397715637749e-11 6.896442204135784e-10 12303
16.5 4.788287969764631e-11 7.41374631305725e-10 12584
17 4.646493041451906e-11 7.516139267991293e-10 12120
17.5 4.406544434462604e-11 7.255645844579151e-10 11180
18 4.442709715761584e-11 7.718291800085453e-10 11096
18.5 3.893981011747474e-11 7.446900520086092e-10 10056
19 3.879935163017104e-11 7.105522850420268e-10 9716
19.5 3.430929293467838e-11 6.738412559346299e-10 8604
20 1.682707960771014e-11 3.184945042973901e-10 8060
20.5 1.935110121281972e-15 1.784193895421979e-14 7320
21 1.570066009817473e-15 1.515291594366563e-14 6356
21.5 1.1570808421428e-15 1.243423010487431e-14 5348
22 7.531480104911503e-16 1.073354451180774e-14 4308
22.5 4.83880870156663e-16 9.969398173945611e-15 3563
23 2.716452820055099e-16 6.132447703416132e-15 2448
23.5 1.941993338946928e-16 4.561174891943972e-15 1868
24 1.564121039454625e-16 2.495089343927734e-15 1358
24.5 8.114410365275859e-17 3.092549002019951e-15 1062
25 3.046709142957482e-17 3.135191904924605e-15 776
25.5 1.285199493228093e-17 1.5082130048075e-15 432
26 9.928790671555895e-18 9.801289075937981e-16 200
26.5 1.999851685266419e-17 5.294573844005034e-16 168
27 9.438745137130603e-18 1.216406271013329e-16 56
27.5 9.074828926665526e-19 6.682574053718975e-18 7

0.5 4.532877353625821e-13 3.193057688404065e-14 18
1 4.035405972628603e-12 1.120872179442044e-13 62
1.5 7.425376827353342e-12 8.121788692755552e-14 98
2 1.930389178776826e-11 1.650603838248403e-13 210
2.5 2.494908743284634e-11 5.323930352063659e-13 350
3 2.816763636260412e-11 1.580895113893268e-12 450
3.5 3.165519517847159e-11 3.972827602681898e-12 602
4 3.106273308851935e-11 6.88564134055003e-12 762
4.5 3.291661863075332e-11 1.289721589864842e-11 1142
5 2.288236163593865e-11 1.603280214471421e-11 1250
5.5 2.180881578597631e-11 2.166645305324944e-11 1458
6 1.740517171644594e-11 2.64246638213168e-11 1814
6.5 1.392095571504596e-11 2.98980707296234e-11 2178
7 1.214922286265741e-11 3.200323151736639e-11 2498
7.5 9.266374289955974e-12 3.360402559040892e-11 2622
8 8.287657442349377e-12 4.037634459374595e-11 3338
8.5 6.768967057517217e-12 3.994112341469507e-11 3722
9 6.787418686664808e-12 3.914170845835643e-11 4170
9.5 6.63201071934077e-12 3.72301525446266e-11 4358
10 7.179040840804585e-12 4.088282973193434e-11 5034
10.5 7.675795454939413e-12 4.615218633415258e-11 5714
11 8.170383181019075e-12 4.792687877452413e-11 5982
11.5 9.343145217738382e-12 5.184417408867217e-11 6602
12 1.028605450071801e-11 5.580880673792395e-11 7130
12.5 1.169820057352108e-11 6.556412505311623e-11 8034
13 1.285746394082818e-11 7.526125724025443e-11 8606
13.5 1.342119196866978e-11 8.343117055755427e-11 9066
14 1.511620463396926e-11 9.845736353979749e-11 9962
14.5 1.685181374199483e-11 1.042403833520944e-10 10550
15 1.762320915025855e-11 1.226043188149754e-10 11226
15.5 1.937121348205849e-11 1.367816991008606e-10 12146
16 2.019056186103769e-11 1.462475183191564e-10 12303
16.5 2.112148480386564e-11 1.52534450753326e-10 12584
17 1.997448433901679e-11 1.583268806765482e-10 12120
17.5 1.901683746699513e-11 1.520761210154199e-10 11180
18 1.917998505261111e-11 1.618413748483198e-10 11096
18.5 1.703132445157128e-11 1.535932311568086e-10 10056
19 1.66439431691106e-11 1.49412551253354e-10 9716
19.5 1.515549059144058e-11 1.374862212943514e-10 8604
20 7.212014680430606e-12 6.691263732466257e-11 8060
20.5 1.812381561326113e-14 5.407440024594501e-14 7320
21 1.490169493434425e-14 4.07085694361213e-14 6356
21.5 1.109995056693061e-14 2.802172727568533e-14 5348
22 8.487974227383603e-15 1.548196495808295e-14 4308
22.5 5.398889392926484e-15 1.017412790437282e-14 3563
23 3.010557291535514e-15 3.048496616368518e-15 2448
23.5 1.840991467884196e-15 1.938449039622611e-15 1868
24 1.126430373919078e-15 1.353250038491435e-15 1358
24.5 6.852336097059928e-16 1.239978025995727e-15 1062
25 4.367876369804165e-16 5.896037890692135e-16 776
25.5 1.526523989883818e-16 2.552858377669676e-16 432
26 6.206997916526902e-17 1.675697690505502e-16 200
26.5 4.778097263443346e-17 2.169886432523315e-16 168
27 7.720215284976857e-18 7.54675168625246e-17 56
27.5 5.725994140228892e-19 7.257699036783154e-18 7

0.5 1.024672604164116e-10 3.821518485413448e-12 18
1 8.079422599669969e-10 4.909534926601871e-11 62
1.5 1.724974488752441e-09 1.645514456612606e-10 98
2 3.989868561657331e-09 6.299640443124613e-10 210
2.5 5.290300281931216e-09 1.441223864855844e-09 350
3 5.663759239685464e-09 2.708492186484314e-09 450
3.5 6.250632618875602e-09 4.717446368278908e-09 602
4 5.267834085650875e-09 6.141739807636681e-09 762
4.5 4.939168623169751e-09 9.014105790153847e-09 1142
5 2.775415825637697e-09 8.105880083641544e-09 1250
5.5 2.057061362707037e-09 8.941294357077888e-09 1458
6 1.39156629680778e-09 8.753598364348863e-09 1814
6.5 8.808086719018986e-10 8.18352625675048e-09 2178
7 5.486672043912833e-10 7.716378063298093e-09 2498
7.5 3.019168884749238e-10 6.440118789116268e-09 2622
8 1.682211141800148e-10 5.950967256014866e-09 3338
8.5 7.329196221573236e-11 4.844822981487182e-09 3722
9 2.857570481248767e-11 3.761603220046206e-09 4170
9.5 8.688242971574791e-12 2.458928904881832e-09 4358
10 6.544852793184165e-12 1.77426723088508e-09 5034
10.5 8.640410176875031e-12 1.127428872655675e-09 5714
11 9.786558736647704e-12 5.945420536236458e-10 5982
11.5 9.449656943206349e-12 3.236864410482623e-10 6602
12 8.841711219501159e-12 1.663574483174515e-10 7130
12.5 8.881173162263211e-12 9.665024858133456e-11 8034
13 9.576367471398948e-12 6.781695162188773e-11 8606
13.5 1.136623194513402e-11 5.233657272410201e-11 9066
14 1.201040353445777e-11 5.507409428975124e-11 9962
14.5 1.191286736602297e-11 6.181307713515267e-11 10550
15 1.247016387962816e-11 7.154171983476848e-11 11226
15.5 1.365278676166952e-11 7.512954843198496e-11 12146
16 1.419943097929903e-11 7.830155197148346e-11 12303
16.5 1.428225685170826e-11 7.862869258999983e-11 12584
17 1.375085395464978e-11 7.696081074471862e-11 12120
17.5 1.279874579453352e-11 7.151400389767196e-11 11180
18 1.242458535858388e-11 7.515489168946426e-11 11096
18.5 1.123191017733945e-11 6.520576077347823e-11 10056
19 1.055039548472229e-11 6.12556869913699e-11 9716
19.5 9.215127152906898e-12 5.653645576421192e-11 8604
20 4.416712396890035e-12 2.805501544278678e-11 8060
20.5 2.438350301094753e-13 1.113678871112632e-12 7320
21 1.814282280033438e-13 8.475258653712491e-13 6356
21.5 1.254890426042013e-13 5.983737454630917e-13 5348
22 8.1717366869388e-14 4.008375683457051e-13 4308
22.5 5.011873296771401e-14 2.460120886790113e-13 3563
23 2.15690248567265e-14 1.099831277475161e-13 2448
23.5 1.212241365427807e-14 5.717779591117093e-14 1868
24 6.903575262981187e-15 2.946867942184306e-14 1358
24.5 4.583961414417692e-15 1.702727978008589e-14 1062
25 2.718906855583874e-15 1.03810568674663e-14 776
25.5 8.98619866653045e-16 5.030959803516287e-15 432
26 4.313411480752371e-16 1.98349748428365e-15 200
26.5 1.95710559173102e-16 1.683829347874379e-15 168
27 6.662871888793998e-17 3.715551846292083e-16 56
27.5 3.014037165026406e-18 2.333474864765882e-17 7

0.5 5.668355471178536e-09 2.051908981511268e-08 18
1 3.965535079678902e-08 1.777641325394039e-07 62
1.5 7.689083272915515e-08 4.626533904124102e-07 98
2 1.386864715443221e-07 1.267077197253477e-06 210
2.5 1.306887804317771e-07 2.502399633010719e-06 350
3 6.816093089473927e-08 3.545932554141007e-06 450
3.5 2.145482168672152e-08 5.302055916932831e-06 602
4 3.941450879086839e-08 6.540586590439401e-06 762
4.5 2.330106588147244e-07 9.461727601190105e-06 1142
5 5.052970771582062e-07 8.155743815305446e-06 1250
5.5 9.000161768344551e-07 8.526480707154798e-06 1458
6 1.395667108741456e-06 8.586857831734451e-06 1814
6.5 1.873680717536768e-06 8.163300048624581e-06 2178
7 2.141763871747718e-06 7.062621261442363e-06 2498
7.5 2.256911414938597e-06 6.109519860618595e-06 2622
8 2.441889325404539e-06 5.588402596629349e-06 3338
8.5 2.272928232797499e-06 4.50139788547876e-06 3722
9 1.953207615928937e-06 3.609536703605682e-06 4170
9.5 1.509624425603164e-06 2.620722500180065e-06 4358
10 1.36600110108647e-06 2.182295912869803e-06 5034
10.5 1.188072459905468e-06 1.863388457777439e-06 5714
11 9.146225331000351e-07 1.419497800670446e-06 5982
11.5 7.553110518940285e-07 1.199183529834645e-06 6602
12 6.800330491729029e-07 1.059981310288501e-06 7130
12.5 6.187134768562274e-07 9.874936483193258e-07 8034
13 5.628921829589201e-07 8.969818680395759e-07 8606
13.5 5.134513036955313e-07 8.5893206091336e-07 9066
14 5.003821589687689e-07 8.481780532735691e-07 9962
14.5 4.883656766991919e-07 8.295854843236879e-07 10550
15 4.614159662049202e-07 8.154862930990178e-07 11226
15.5 4.689302586461891e-07 8.231670372503161e-07 12146
16 4.479070320713114e-07 7.870252648593907e-07 12303
16.5 4.059988271298621e-07 7.175558113908072e-07 12584
17 3.52979246406701e-07 6.325653573217477e-07 12120
17.5 2.876745953231284e-07 5.273201942105891e-07 11180
18 2.668082663493294e-07 5.005617394854623e-07 11096
18.5 2.280344741952423e-07 4.277806133773669e-07 10056
19 2.048027507701102e-07 3.925144410710067e-07 9716
19.5 1.730412459490633e-07 3.425279640943429e-07 8604
20 1.540603567439304e-07 3.203208035113172e-07 8060
20.5 1.384939612903816e-07 3.009830470731041e-07 7320
21 1.188661424141906e-07 2.645629748207685e-07 6356
21.5 9.735588246481025e-08 2.250731774824412e-07 5348
22 7.733819685069471e-08 1.800244688366577e-07 4308
22.5 6.240664607364612e-08 1.530836584887656e-07 3563
23 4.322857850812849e-08 1.090297993603268e-07 2448
23.5 3.302290787407142e-08 8.830680875024304e-08 1868
24 2.302430871667507e-08 6.314576693368006e-08 1358
24.5 1.89379794491959e-08 5.729556404892493e-08 1062
25 1.177453939908607e-08 3.417651704640337e-08 776
25.5 7.635622820087009e-09 2.060912837959281e-08 432
26 4.063980004887236e-09 9.191011658718848e-09 200
26.5 2.88905703746686e-09 1.008780728499066e-08 168
27 1.166625531171484e-09 4.324784500427804e-09 56
27.5 1.392827240054399e-10 2.967821564179459e-10 7

0.5 1.034163958313167e-08 1.298400720256386e-07 18
1 1.21507404180136e-07 1.160755402698609e-06 62
1.5 4.395795410055544e-07 2.916179148300304e-06 98
2 1.877830568411613e-06 7.974527603235606e-06 210
2.5 4.964579505862803e-06 1.335690055665188e-05 350
3 1.032074705450796e-05 1.775621729526312e-05 450
3.5 2.106867112125006e-05 2.416242345612008e-05 602
4 3.095093390556487e-05 2.532850928204237e-05 762
4.5 5.009434171674753e-05 2.718678592773241e-05 1142
5 5.335182967831424e-05 2.050444883749322e-05 1250
5.5 5.836963947743708e-05 1.54998104673839e-05 1458
6 6.3340155186291e-05 1.312063301256059e-05 1814
6.5 6.284156730983334e-05 1.053070272358818e-05 2178
7 5.895490404380476e-05 7.866034082784257e-06 2498
7.5 4.935368055258533e-05 7.70320830431138e-06 2622
8 4.411282869397793e-05 9.573638357849716e-06 3338
8.5 3.22204064229526e-05 1.043834474893866e-05 3722
9 2.33560727048467e-05 1.106667623381735e-05 4170
9.5 1.510073702316577e-05 1.090180624336128e-05 4358
10 1.109576281154389e-05 1.045995817462317e-05 5034
10.5 8.699388001603398e-06 9.294640824947837e-06 5714
11 6.9367416122066e-06 7.569287370846663e-06 5982
11.5 6.179003132506858e-06 6.151070338107925e-06 6602
12 5.734044234694317e-06 5.06389905151429e-06 7130
12.5 5.737041274122742e-06 4.710206109759329e-06 8034
13 5.388430805928332e-06 4.238962541988806e-06 8606
13.5 5.312431096069965e-06 4.255424288749778e-06 9066
14 5.337795434314942e-06 4.272101255443208e-06 9962
14.5 5.162273635006593e-06 4.694218437456916e-06 10550
15 5.202499679258088e-06 4.910635433198357e-06 11226
15.5 5.366757614483831e-06 5.399045851954233e-06 12146
16 5.005377066476713e-06 5.491841863983976e-06 12303
16.5 4.517048202482073e-06 5.712907306560101e-06 12584
17 4.004337269337277e-06 5.424360132820638e-06 12120
17.5 3.33418523343425e-06 5.15207600524425e-06 11180
18 3.155483403103646e-06 5.10178457290355e-06 11096
18.5 2.727014590114425e-06 4.487436177786874e-06 10056
19 2.465734449165762e-06 4.341646022759671e-06 9716
19.5 2.121558839143744e-06 3.721187685959956e-06 8604
20 1.920178269864601e-06 3.568092669659887e-06 8060
20.5 1.723885888654646e-06 3.349696030909273e-06 7320
21 1.451222642833262e-06 2.89924530566262e-06 6356
21.5 1.213329795476535e-06 2.574358347661457e-06 5348
22 9.591276987453144e-07 2.150736173937551e-06 4308
22.5 7.15734474260563e-07 1.885452330412785e-06 3563
23 4.934842270414474e-07 1.309693906900724e-06 2448
23.5 3.700880192861498e-07 1.160263687797301e-06 1868
24 2.611540660636009e-07 8.32665282019609e-07 1358
24.5 1.933960752366155e-07 6.908310798123846e-07 1062
25 1.422699054524898e-07 5.291379947842227e-07 776
25.5 6.842133332658682e-08 2.76614186993356e-07 432
26 3.764514435676118e-08 1.219858350381607e-07 200
26.5 3.160454235799494e-08 1.08958393306463e-07 168
27 1.282199010369561e-08 3.501800580516858e-08 56
27.5 2.08939852014984e-09 3.410691487777516e-09 7

0.5 1.774458922699399e-07 5.882370721453672e-08 18
1 1.96921239399159e-06 3.676710826946468e-07 62
1.5 4.936544424338955e-06 5.74996196834293e-07 98
2 1.674804812378468e-05 1.349188223128397e-06 210
2.5 3.083573062574531e-05 2.068067613694948e-06 350
3 4.971472632439799e-05 3.602243126789135e-06 450
3.5 7.536773477759169e-05 1.015367663756217e-05 602
4 9.226231392287826e-05 2.148077282728422e-05 762
4.5 0.0001084059135992884 4.602843594244433e-05 1142
5 8.395188646824069e-05 6.203442532598585e-05 1250
5.5 6.717189885645132e-05 7.094549157302426e-05 1458
6 5.568501027702641e-05 8.461161045279586e-05 1814
6.5 4.768186229520633e-05 8.166457825823741e-05 2178
7 3.362677263380195e-05 6.950374669362639e-05 2498
7.5 2.35894523460703e-05 6.15593130358536e-05 2622
8 2.093800161616401e-05 6.071624053464569e-05 3338
8.5 1.506491849714646e-05 5.129863299225625e-05 3722
9 1.290718841577157e-05 4.057038933609188e-05 4170
9.5 1.066747046261494e-05 3.216561385197484e-05 4358
10 9.934327116332677e-06 2.779641122954459e-05 5034
10.5 9.378561144855718e-06 2.572549415316116e-05 5714
11 7.997850923604231e-06 2.125749463466251e-05 5982
11.5 7.079470756110877e-06 1.986407082878766e-05 6602
12 6.861243403142813e-06 1.9076601114637e-05 7130
12.5 6.875434753253968e-06 1.92231114863855e-05 8034
13 6.778935357281351e-06 1.864268378236703e-05 8606
13.5 6.398471044779118e-06 1.912818551011203e-05 9066
14 6.217977764656329e-06 1.999349999881429e-05 9962
14.5 6.320872330857883e-06 2.056401051909107e-05 10550
15 6.295137611726637e-06 2.09608093094103e-05 11226
15.5 6.590328005941295e-06 2.217142126515895e-05 12146
16 6.307755725391998e-06 2.243824452934936e-05 12303
16.5 6.214924335492618e-06 2.164729074185197e-05 12584
17 5.661472585486902e-06 1.970028719317066e-05 12120
17.5 5.066113009881875e-06 1.796217428099677e-05 11180
18 4.809894512035884e-06 1.70990562129353e-05 11096
18.5 4.258971340101298e-06 1.55414377333488e-05 10056
19 4.129090447087331e-06 1.470781714641712e-05 9716
19.5 3.536324078135604e-06 1.328717060332449e-05 8604
20 3.345016911235874e-06 1.262253102225234e-05 8060
20.5 2.88573792630369e-06 1.158489068867139e-05 7320
21 2.503676763961824e-06 1.036909171273351e-05 6356
21.5 2.146492257231597e-06 9.170614991863858e-06 5348
22 1.703735323290324e-06 7.550225207775846e-06 4308
22.5 1.381451539825093e-06 6.114726070931871e-06 3563
23 9.200327150700321e-07 4.45664951993161e-06 2448
23.5 7.791177861773971e-07 3.290775165609972e-06 1868
24 5.261401852052171e-07 2.552849297738976e-06 1358
24.5 4.184515232337492e-07 2.219789380726797e-06 1062
25 3.082030198177704e-07 1.493358279428461e-06 776
25.5 1.690542946551252e-07 8.924728277619043e-07 432
26 9.84596009874399e-08 4.378846144945273e-07 200
26.5 7.754393542041451e-08 3.024516032573686e-07 168
27 3.122329886086148e-08 1.137038974210418e-07 56
27.5 1.493607608531865e-09 1.731428678879998e-08 7

0.5 1.381427487365078e-07 2.115665803702344e-07 18
1 8.787177352994153e-07 3.031989902784974e-06 62
1.5 1.552662517411106e-06 6.889414349813869e-06 98
2 4.021033679979531e-06 2.287443640164455e-05 210
2.5 5.004920778346838e-06 4.391591319074575e-05 350
3 5.611208235556171e-06 7.106112251997621e-05 450
3.5 8.851464092391259e-06 0.0001063584548541119 602
4 1.644676372744614e-05 0.0001285347745613034 762
4.5 3.18686685098233e-05 0.0001470598266421782 1142
5 4.12424312371152e-05 0.0001068860208638184 1250
5.5 4.447957731802737e-05 8.747214212434595e-05 1458
6 4.706164059673986e-05 6.977821518636922e-05 1814
6.5 4.396698288736404e-05 6.246416273045973e-05 2178
7 3.485048377777135e-05 6.092934570835146e-05 2498
7.5 2.506268329208041e-05 5.06858289174123e-05 2622
8 2.500986392452414e-05 5.507202961323904e-05 3338
8.5 2.222279660891474e-05 4.961073192006149e-05 3722
9 2.100148970842421e-05 4.271956235857421e-05 4170
9.5 1.857073161891987e-05 4.037561572793589e-05 4358
10 1.869412271672734e-05 3.907660764721669e-05 5034
10.5 1.938285592377517e-05 4.026307044419329e-05 5714
11 1.820034161992546e-05 3.561827772653154e-05 5982
11.5 1.72026113341679e-05 3.567357418367781e-05 6602
12 1.743819231642346e-05 3.510073180918247e-05 7130
12.5 1.806875351562516e-05 3.71573523619982e-05 8034
13 1.817978168388555e-05 3.851454435481379e-05 8606
13.5 1.757368700768883e-05 3.779456431956906e-05 9066
14 1.922818282361104e-05 4.086702622856993e-05 9962
14.5 1.95084781378132e-05 4.155603034817987e-05 10550
15 1.981444089013346e-05 4.362490418356414e-05 11226
15.5 2.17211232639857e-05 4.650036529212421e-05 12146
16 2.137116068288984e-05 4.659652038155263e-05 12303
16.5 2.097102160144501e-05 4.642131929975268e-05 12584
17 1.897026223254797e-05 4.354568838296936e-05 12120
17.5 1.622194531053515e-05 3.979960208163202e-05 11180
18 1.576381393402819e-05 3.761545535549427e-05 11096
18.5 1.405685864534443e-05 3.462020221571705e-05 10056
19 1.307884361899331e-05 3.291250208470126e-05 9716
19.5 1.14315937771549e-05 2.990915478961167e-05 8604
20 1.052503696393632e-05 2.843874038720575e-05 8060
20.5 9.569703208104454e-06 2.571208246338208e-05 7320
21 8.049751365988389e-06 2.319700372802915e-05 6356
21.5 6.792651467258482e-06 2.01363926433367e-05 5348
22 5.445213565522629e-06 1.589444413151786e-05 4308
22.5 4.47764536533765e-06 1.415923696451511e-05 3563
23 3.015305911038169e-06 9.309857990833412e-06 2448
23.5 2.235575439725863e-06 7.51348423600074e-06 1868
24 1.713718791555888e-06 5.124928823831877e-06 1358
24.5 1.215127301127654e-06 4.370749957967425e-06 1062
25 9.100041961269383e-07 3.198070038707639e-06 776
25.5 5.734374417683885e-07 1.903323932975337e-06 432
26 2.001481262609501e-07 9.253851863877811e-07 200
26.5 1.740114707752365e-07 7.781831778682494e-07 168
27 8.181971592403163e-08 2.155770676768146e-07 56
27.5 6.910264865710036e-09 7.711995759839754e-08 7

0.5 1.834439358872962e-07 1.165228460748631e-07 18
1 2.634083852429993e-06 6.278270514875037e-07 62
1.5 5.567482145172198e-06 1.537996560800602e-06 98
2 1.60460353268907e-05 3.426047264826212e-06 210
2.5 2.542688732592271e-05 6.533126351482175e-06 350
3 3.357744633195686e-05 1.203133077580019e-05 450
3.5 4.66223684599064e-05 1.93540090721285e-05 602
4 5.393084368070107e-05 3.118552520079186e-05 762
4.5 6.059056469177767e-05 4.897237972947419e-05 1142
5 4.758479094141949e-05 4.925046090153232e-05 1250
5.5 4.361406978827453e-05 4.777837851119423e-05 1458
6 4.319571470988694e-05 4.458933894793274e-05 1814
6.5 4.275841921156972e-05 4.258711398265914e-05 2178
7 4.071926040512949e-05 4.542065164518884e-05 2498
7.5 3.43129344479498e-05 4.122293250122247e-05 2622
8 3.682430967074269e-05 4.874385901473835e-05 3338
8.5 3.502867491194053e-05 4.576763256042647e-05 3722
9 3.189720451827728e-05 4.570685723779819e-05 4170
9.5 3.006196656159968e-05 4.528260785303786e-05 4358
10 2.870558169040126e-05 4.667571185958757e-05 5034
10.5 3.057507792854412e-05 5.066307862450012e-05 5714
11 2.774845557395509e-05 4.861309133120764e-05 5982
11.5 2.753830324042207e-05 5.2189314443592e-05 6602
12 2.753444438790408e-05 5.269162078320118e-05 7130
12.5 2.893842443634467e-05 5.769858338423397e-05 8034
13 2.882920580898847e-05 5.983454532068166e-05 8606
13.5 2.955183991428912e-05 6.286375946051432e-05 9066
14 3.113810508823115e-05 6.873539887260778e-05 9962
14.5 3.244444654763079e-05 7.148308876008402e-05 10550
15 3.326928919630725e-05 7.612335856645584e-05 11226
15.5 3.534591479285798e-05 8.249639270055952e-05 12146
16 3.520052987503764e-05 8.293540838824743e-05 12303
16.5 3.351456551624491e-05 8.460549120559759e-05 12584
17 3.101557790255858e-05 8.155273719340385e-05 12120
17.5 2.764712651824946e-05 7.346977159525837e-05 11180
18 2.654833364528926e-05 7.208726558316435e-05 11096
18.5 2.24778133902141e-05 6.572119092757604e-05 10056
19 2.164018350802081e-05 6.48167968994586e-05 9716
19.5 1.888859925110834e-05 5.727396790799708e-05 8604
20 1.807202405434065e-05 5.216224236453114e-05 8060
20.5 1.568180388665521e-05 4.847137371331206e-05 7320
21 1.413157077265505e-05 4.379421446720227e-05 6356
21.5 1.196181849627594e-05 3.876592688038412e-05 5348
22 9.211375035088668e-06 3.092711600884151e-05 4308
22.5 7.764705274305536e-06 2.61011356776249e-05 3563
23 4.989555310398832e-06 1.826288701414574e-05 2448
23.5 3.750919573648431e-06 1.364868004342386e-05 1868
24 2.761285440780135e-06 1.011857202489631e-05 1358
24.5 2.216270861691671e-06 8.011281090973031e-06 1062
25 1.708196640778451e-06 6.278112515844688e-06 776
25.5 8.469972584004765e-07 3.381741443231804e-06 432
26 4.190901172097196e-07 1.367275505256226e-06 200
26.5 3.835222716676965e-07 1.568621514597413e-06 168
27 1.413239336997409e-07 5.18019482996646e-07 56
27.5 5.419241209631197e-09 1.035458748057685e-07 7

0.5 1.48982569160301e-08 1.547433165923138e-07 18
1 2.801163572290389e-07 1.504290757707153e-06 62
1.5 8.151101516823788e-07 3.314899447782309e-06 98
2 2.366921114063587e-06 7.410758764304178e-06 210
2.5 4.762389085432418e-06 1.069604726505987e-05 350
3 7.246217432912219e-06 1.253388066431889e-05 450
3.5 1.184186136668417e-05 1.246319264925163e-05 602
4 1.555632705388695e-05 1.692202752881951e-05 762
4.5 2.101942652381495e-05 2.034901839306882e-05 1142
5 1.759899474815069e-05 2.306355978543086e-05 1250
5.5 1.868277520354426e-05 2.313503992877194e-05 1458
6 1.897538393691675e-05 2.425646471144598e-05 1814
6.5 2.051881758493787e-05 2.540763850129796e-05 2178
7 2.092700027453352e-05 2.916131891006825e-05 2498
7.5 2.043230319435708e-05 2.748282532360862e-05 2622
8 2.296794851090216e-05 3.430320525877138e-05 3338
8.5 2.475176234228574e-05 3.370549050697763e-05 3722
9 2.400734837868636e-05 3.497589109293801e-05 4170
9.5 2.509719573293648e-05 3.632878491928987e-05 4358
10 2.640684343522321e-05 3.970558078441568e-05 5034
10.5 2.84382832559871e-05 4.410255785415625e-05 5714
11 2.845216642796275e-05 4.572497120929547e-05 5982
11.5 3.075856520358483e-05 4.927227333385404e-05 6602
12 3.179789096974108e-05 5.431723212424957e-05 7130
12.5 3.363433627348586e-05 5.885029528717374e-05 8034
13 3.529979107120771e-05 6.337437394662595e-05 8606
13.5 3.676323242470376e-05 6.81524082923304e-05 9066
14 4.023193474921036e-05 7.465586505181667e-05 9962
14.5 4.154867672910104e-05 8.00818316461943e-05 10550
15 4.435457203348964e-05 8.762233576582111e-05 11226
15.5 4.749545448215137e-05 9.698836930244579e-05 12146
16 4.766873662483911e-05 9.851660304089991e-05 12303
16.5 4.785171069007083e-05 0.0001025532639918121 12584
17 4.35061169129289e-05 9.73639807706771e-05 12120
17.5 4.025353099007881e-05 9.149947021702e-05 11180
18 3.902444820378488e-05 9.281799248301133e-05 11096
18.5 3.551386573828231e-05 8.394205874346398e-05 10056
19 3.237418543053964e-05 8.235667804329411e-05 9716
19.5 2.839674507977057e-05 7.348997175084945e-05 8604
20 2.682743524158022e-05 7.051693145629008e-05 8060
20.5 2.48842256221961e-05 6.619702775348857e-05 7320
21 2.177468569118723e-05 5.638735017254548e-05 6356
21.5 1.82126075347595e-05 4.949207926593393e-05 5348
22 1.424596718294569e-05 4.066974616839752e-05 4308
22.5 1.244976011637798e-05 3.315491197475179e-05 3563
23 8.250472544352214e-06 2.371948636763051e-05 2448
23.5 6.427970346367445e-06 1.862850769821193e-05 1868
24 4.622579132067994e-06 1.415747438483664e-05 1358
24.5 3.455408246047982e-06 1.201113661224738e-05 1062
25 2.673674611101334e-06 7.494926662588136e-06 776
25.5 1.507103370550574e-06 5.039354108376761e-06 432
26 7.038552265081188e-07 1.75196481588284e-06 200
26.5 6.257095180638378e-07 2.159537906043352e-06 168
27 2.487442172073627e-07 6.43278982173745e-07 56
27.5 1.328619174907016e-08 3.6263915647688e-08 7

0.5 1.405125414903018e-08 4.727842825192834e-08 18
1 8.278890247934188e-08 5.005039317504061e-07 62
1.5 2.028504863698787e-07 1.106165151929114e-06 98
2 6.069575232933647e-07 2.287595000667858e-06 210
2.5 1.108330543447878e-06 3.660268112844631e-06 350
3 1.674914412699036e-06 4.543189000443699e-06 450
3.5 2.31821406723373e-06 5.082184921683774e-06 602
4 3.129172703669584e-06 6.740915279620596e-06 762
4.5 4.698076781342867e-06 8.605729537779242e-06 1142
5 4.903181396832798e-06 9.700625358955414e-06 1250
5.5 5.690893689613467e-06 1.098755741640372e-05 1458
6 6.285645036073099e-06 1.28102752114002e-05 1814
6.5 7.811067913208133e-06 1.456874292000415e-05 2178
7 8.770956963545342e-06 1.709122780106803e-05 2498
7.5 8.762764299322033e-06 1.781731490559145e-05 2622
8 1.043785064618469e-05 2.269357173138578e-05 3338
8.5 1.164102203567896e-05 2.438864022391006e-05 3722
9 1.27645264426252e-05 2.772011866378614e-05 4170
9.5 1.361817084762383e-05 2.833083747526263e-05 4358
10 1.535106884335315e-05 3.273798658650108e-05 5034
10.5 1.714887455571116e-05 3.771977677213259e-05 5714
11 1.813212395394793e-05 3.980445173602731e-05 5982
11.5 1.981368634429663e-05 4.32057962974202e-05 6602
12 2.097657503050775e-05 4.946632194480496e-05 7130
12.5 2.414122395777047e-05 5.608492384318044e-05 8034
13 2.566618554106595e-05 5.916656414567965e-05 8606
13.5 2.732855399656174e-05 6.479753328537494e-05 9066
14 3.016685970755853e-05 7.425149789451723e-05 9962
14.5 3.240278347559735e-05 7.821124938256552e-05 10550
15 3.446517573206887e-05 8.541071771641834e-05 11226
15.5 3.727311805576705e-05 9.469338512876507e-05 12146
16 3.831178645385627e-05 9.832771546325231e-05 12303
16.5 3.908926386727974e-05 0.0001018755727293001 12584
17 3.760202103783204e-05 0.0001000265314780257 12120
17.5 3.378974483090635e-05 9.27766468665371e-05 11180
18 3.505409372790409e-05 9.579376180257601e-05 11096
18.5 3.106443050767928e-05 8.991942794592462e-05 10056
19 2.950767223099783e-05 8.814628190688064e-05 9716
19.5 2.653194637917823e-05 7.668027338988987e-05 8604
20 2.613924052143351e-05 7.653464643935427e-05 8060
20.5 2.335337812886895e-05 6.905193824172891e-05 7320
21 1.995832968577912e-05 6.149160568925088e-05 6356
21.5 1.717824279529049e-05 5.382655697228872e-05 5348
22 1.470429168317343e-05 4.222403204996738e-05 4308
22.5 1.154357189792759e-05 3.599533446528083e-05 3563
23 7.434109299340269e-06 2.589598434530301e-05 2448
23.5 5.763510553786354e-06 1.983999973453845e-05 1868
24 4.452028069666365e-06 1.398575276873548e-05 1358
24.5 3.360508816561962e-06 1.26782344685491e-05 1062
25 2.646307530571966e-06 8.704089232367482e-06 776
25.5 1.571925739749916e-06 5.137995987847966e-06 432
26 6.58474776048524e-07 2.425512867386552e-06 200
26.5 6.469796991765303e-07 1.945605342694886e-06 168
27 1.733283000874674e-07 7.344057024623197e-07 56
27.5 1.683796652805626e-08 9.761269346413084e-08 7

0.5 7.387597107414751e-09 6.582395567806701e-09 18
1 5.509541923541522e-08 1.103565480301222e-07 62
1.5 1.136061102684608e-07 1.805314942455832e-07 98
2 2.691940913644177e-07 4.54644087968219e-07 210
2.5 4.68768457346467e-07 9.425013460173769e-07 350
3 6.936863666472309e-07 1.24002681075816e-06 450
3.5 8.376444756221954e-07 1.636986991705871e-06 602
4 1.156555209453658e-06 2.277252561056103e-06 762
4.5 1.873270285574568e-06 3.499994239522812e-06 1142
5 2.150364941790488e-06 3.94761540943868e-06 1250
5.5 2.392085560156298e-06 4.780154964891076e-06 1458
6 3.243732493221756e-06 6.728174843141431e-06 1814
6.5 3.915781524381995e-06 8.252169574453874e-06 2178
7 4.9113965217239e-06 9.9235114742626e-06 2498
7.5 4.80637259983738e-06 1.0142847890914e-05 2622
8 6.333769367212731e-06 1.355304711261156e-05 3338
8.5 7.111993084483866e-06 1.501127387769455e-05 3722
9 8.178465706156541e-06 1.812795931716537e-05 4170
9.5 8.755579564301031e-06 1.945985255453764e-05 4358
10 1.033103391730836e-05 2.40586284013267e-05 5034
10.5 1.173965049005938e-05 2.660376737099522e-05 5714
11 1.261414169361654e-05 2.854159300711127e-05 5982
11.5 1.392855844020626e-05 3.410213157256874e-05 6602
12 1.582200732130896e-05 3.695419446862452e-05 7130
12.5 1.772242728194509e-05 4.311303725753082e-05 8034
13 1.947810403155911e-05 4.885205945038083e-05 8606
13.5 2.022404517800907e-05 5.22015747306352e-05 9066
14 2.30671527162436e-05 5.949038159164604e-05 9962
14.5 2.542891780328383e-05 6.449699796216409e-05 10550
15 2.72165836359116e-05 7.061493002976239e-05 11226
15.5 2.958246359763187e-05 7.786042112384122e-05 12146
16 3.103696118676264e-05 8.154677817545568e-05 12303
16.5 3.127615097457453e-05 8.661992333568981e-05 12584
17 3.112217110766667e-05 8.327335138006463e-05 12120
17.5 2.865325611335964e-05 7.983083710417054e-05 11180
18 2.827073243239462e-05 8.011809162322063e-05 11096
18.5 2.618632027443508e-05 7.322518660759768e-05 10056
19 2.543106099121345e-05 7.479675763287131e-05 9716
19.5 2.305732270698601e-05 6.550060892268827e-05 8604
20 2.11554815111726e-05 6.298960313345937e-05 8060
20.5 1.989751400228387e-05 5.887207792548932e-05 7320
21 1.72778251422418e-05 5.269947831337335e-05 6356
21.5 1.474076820428594e-05 4.731646077839505e-05 5348
22 1.226536546982976e-05 3.709583300205097e-05 4308
22.5 9.823077786692332e-06 3.064126070861023e-05 3563
23 6.808536085189106e-06 2.287477613394486e-05 2448
23.5 5.056938679396494e-06 1.752220040158904e-05 1868
24 3.791057562601974e-06 1.28658389904651e-05 1358
24.5 2.893830572772773e-06 1.011438750716842e-05 1062
25 2.374559684762731e-06 7.862713823697263e-06 776
25.5 1.279267884271595e-06 4.924272831708286e-06 432
26 5.277949347899216e-07 1.710353419768997e-06 200
26.5 5.822689468212896e-07 1.890663083246562e-06 168
27 1.570921841135416e-07 7.160213472032155e-07 56
27.5 2.047461451463235e-08 1.357636077281498e-07 7

0.5 3.147360045230466e-09 2.633659437426786e-09 18
1 2.157760264096125e-08 2.486758672234964e-08 62
1.5 4.96019052444161e-08 5.087810900017472e-08 98
2 1.211613508841071e-07 2.148714966423693e-07 210
2.5 2.157350838472592e-07 4.222182351178588e-07 350
3 3.279348754226097e-07 6.232302047619374e-07 450
3.5 4.797406739246564e-07 8.160040315960063e-07 602
4 6.447855827340927e-07 1.306002829955685e-06 762
4.5 1.036702565091529e-06 2.053858897062852e-06 1142
5 1.380472156687926e-06 2.273241754893863e-06 1250
5.5 1.52397179999911e-06 3.181447624649223e-06 1458
6 1.955204033249232e-06 4.146339083445225e-06 1814
6.5 2.5258790281969e-06 5.176414122395139e-06 2178
7 3.265184090158944e-06 6.176908752959671e-06 2498
7.5 3.383059700208616e-06 7.158814159674198e-06 2622
8 4.459340870070758e-06 9.962424741292197e-06 3338
8.5 5.083796508429672e-06 1.099696544150487e-05 3722
9 5.973090470666014e-06 1.35362383961574e-05 4170
9.5 6.405489224965342e-06 1.440383710114858e-05 4358
10 7.395431105112946e-06 1.778864496688854e-05 5034
10.5 8.903563916350615e-06 2.030523846670423e-05 5714
11 9.266262972281643e-06 2.228615803112328e-05 5982
11.5 1.07258349307868e-05 2.554760971613032e-05 6602
12 1.167440242327358e-05 2.841332913332795e-05 7130
12.5 1.373904657446983e-05 3.376896530271696e-05 8034
13 1.545083843765292e-05 3.750216450437728e-05 8606
13.5 1.653441848220714e-05 4.102202662409083e-05 9066
14 1.813288046053263e-05 4.643268921043229e-05 9962
14.5 1.988765526807732e-05 5.087902616771359e-05 10550
15 2.137068312741858e-05 5.608323398955486e-05 11226
15.5 2.384839126604432e-05 6.390134805532056e-05 12146
16 2.447410975832008e-05 6.540363071874338e-05 12303
16.5 2.591751340219875e-05 6.845589503627783e-05 12584
17 2.547555632428151e-05 6.886464692911361e-05 12120
17.5 2.357693862160815e-05 6.443113154309829e-05 11180
18 2.40643983296186e-05 6.604534279148816e-05 11096
18.5 2.170083218531399e-05 6.098146389559409e-05 10056
19 2.103148364127366e-05 6.062345101727412e-05 9716
19.5 1.914454300098962e-05 5.601255572643528e-05 8604
20 1.794892093147864e-05 5.416132983685836e-05 8060
20.5 1.692588290188038e-05 4.874929172612631e-05 7320
21 1.461850042345315e-05 4.431793312960437e-05 6356
21.5 1.264609486903902e-05 3.758117164200548e-05 5348
22 9.871856619307591e-06 3.221531637721252e-05 4308
22.5 8.720109599422451e-06 2.686323138282081e-05 3563
23 5.661189075342706e-06 1.792785420068612e-05 2448
23.5 4.517764670909227e-06 1.428299788282319e-05 1868
24 3.527590053999306e-06 1.15582574321221e-05 1358
24.5 2.57620260867609e-06 8.136451590167136e-06 1062
25 1.810250340108649e-06 6.856017818757004e-06 776
25.5 1.05413582161453e-06 3.109199622264359e-06 432
26 4.798815713610296e-07 1.633001330174365e-06 200
26.5 3.600788669219284e-07 1.46234168834422e-06 168
27 1.223656314238304e-07 5.358220050420298e-07 56
27.5 1.460586143954846e-08 2.255763233856976e-08 7

0.5 2.314518675721303e-09 1.885636748460856e-09 18
1 7.888292525071207e-09 1.987466633375648e-08 62
1.5 2.667628735277747e-08 5.021330429930771e-08 98
2 6.68219933647378e-08 1.04552043859534e-07 210
2.5 1.425878425783454e-07 2.639349556087247e-07 350
3 2.188610767656314e-07 3.766415766491524e-07 450
3.5 3.543220358208573e-07 6.116225257476367e-07 602
4 4.334441024376618e-07 9.193739054360503e-07 762
4.5 7.957751796046547e-07 1.277055214037369e-06 1142
5 8.962879273867769e-07 1.838047375881883e-06 1250
5.5 1.151733748646448e-06 2.175787309316216e-06 1458
6 1.480988398296774e-06 3.215067458682432e-06 1814
6.5 1.898697727013804e-06 4.104330582878416e-06 2178
7 2.364937714001215e-06 5.265640123070018e-06 2498
7.5 2.519873970918013e-06 5.678337505259364e-06 2622
8 3.51113831086821e-06 7.622167768047201e-06 3338
8.5 4.047287660832714e-06 8.76715774811126e-06 3722
9 4.835235660272458e-06 1.070675247283112e-05 4170
9.5 5.258340524048381e-06 1.192556096106522e-05 4358
10 6.154787267371918e-06 1.419686754109229e-05 5034
10.5 7.237536392470021e-06 1.688679622388098e-05 5714
11 7.832210537421595e-06 1.774466391959119e-05 5982
11.5 8.993195675600315e-06 2.112819467820049e-05 6602
12 9.979161367314134e-06 2.339245274724849e-05 7130
12.5 1.161449712586401e-05 2.693227512698821e-05 8034
13 1.27807984600764e-05 3.079387639142169e-05 8606
13.5 1.383006318790597e-05 3.418001580376725e-05 9066
14 1.531895918962532e-05 3.844185365507774e-05 9962
14.5 1.657411328295047e-05 4.128497178190835e-05 10550
15 1.796392626143144e-05 4.651956086406426e-05 11226
15.5 2.017113291861287e-05 5.121639041626826e-05 12146
16 2.099013260377097e-05 5.424015682319691e-05 12303
16.5 2.196345998989653e-05 5.870825844331696e-05 12584
17 2.098303370308587e-05 5.771515266354497e-05 12120
17.5 1.986795079905475e-05 5.376331710720165e-05 11180
18 2.026300652059971e-05 5.621394508904407e-05 11096
18.5 1.810402203366918e-05 5.041060133664988e-05 10056
19 1.859453374725313e-05 5.085301674548142e-05 9716
19.5 1.624819250211628e-05 4.557347209570021e-05 8604
20 1.568597565368704e-05 4.352377531700032e-05 8060
20.5 1.434371546241067e-05 4.121900705106012e-05 7320
21 1.230221925820021e-05 3.577275810443835e-05 6356
21.5 1.084400618376826e-05 3.192098330832251e-05 5348
22 8.804206050440174e-06 2.565876180403935e-05 4308
22.5 7.458846357345869e-06 2.164888073550759e-05 3563
23 5.145104880087318e-06 1.497070438540358e-05 2448
23.5 4.009364714498916e-06 1.201496808013292e-05 1868
24 2.704202442859626e-06 9.365874353489736e-06 1358
24.5 2.223580834754285e-06 7.008914060465147e-06 1062
25 1.720222885321014e-06 5.36966131317457e-06 776
25.5 9.921679132142752e-07 3.232008325654715e-06 432
26 4.665142386606695e-07 1.433035989256597e-06 200
26.5 3.670640261090669e-07 1.104054291823151e-06 168
27 1.13358883135369e-07 4.185363184805383e-07 56
27.5 7.798958120100361e-09 7.380102615694578e-08 7

0.5 1.43632378796858e-09 2.221718572106241e-09 18
1 7.032196279022429e-09 1.868721906786615e-08 62
1.5 1.854480952881851e-08 3.188094850148896e-08 98
2 4.325233245391539e-08 8.560680429774521e-08 210
2.5 1.140019027092085e-07 2.066883885216351e-07 350
3 1.55547232180912e-07 3.179243477213456e-07 450
3.5 2.596394298514742e-07 4.889745737734479e-07 602
4 3.544375160256819e-07 6.379809300491445e-07 762
4.5 6.306613859990067e-07 1.199812456373183e-06 1142
5 6.967283932421761e-07 1.546837178176986e-06 1250
5.5 9.280672613264139e-07 1.876972016526353e-06 1458
6 1.244162421881011e-06 2.674320835987534e-06 1814
6.5 1.735991787451925e-06 3.288080499962163e-06 2178
7 1.902697183129502e-06 4.086368816250645e-06 2498
7.5 2.176748829619626e-06 4.419285254861218e-06 2622
8 2.855219302811542e-06 6.442373433754013e-06 3338
8.5 3.378090077555569e-06 7.20490912751805e-06 3722
9 3.913576728245442e-06 8.98969653854571e-06 4170
9.5 4.312765935855863e-06 9.297031332954573e-06 4358
10 5.353975714833217e-06 1.126476311957872e-05 5034
10.5 6.414123453803422e-06 1.406184628528739e-05 5714
11 6.695683612328343e-06 1.540644896840991e-05 5982
11.5 7.650778737946076e-06 1.735816678511393e-05 6602
12 8.564782733231827e-06 1.919552668298821e-05 7130
12.5 9.667827260751522e-06 2.304263923758721e-05 8034
13 1.06201542631693e-05 2.543384340995475e-05 8606
13.5 1.168679382384367e-05 2.82189069834546e-05 9066
14 1.314282347227685e-05 3.155105537721664e-05 9962
14.5 1.449850896857207e-05 3.469537441746668e-05 10550
15 1.578318641350457e-05 3.803550054891921e-05 11226
15.5 1.73702029390129e-05 4.263330247494868e-05 12146
16 1.797477723290091e-05 4.535337984060643e-05 12303
16.5 1.921258938536934e-05 4.842819920030157e-05 12584
17 1.835901478928604e-05 4.787279991966402e-05 12120
17.5 1.709529159571727e-05 4.544990379100888e-05 11180
18 1.745319922277227e-05 4.426155062029674e-05 11096
18.5 1.544662749192643e-05 4.311711124133875e-05 10056
19 1.579379775869546e-05 4.242363751495253e-05 9716
19.5 1.449716119794146e-05 3.887991096374368e-05 8604
20 1.3723502337235e-05 3.697722375913647e-05 8060
20.5 1.268492198395568e-05 3.425726545625548e-05 7320
21 1.105192884750163e-05 3.130308846170343e-05 6356
21.5 9.377267362568147e-06 2.584493720849086e-05 5348
22 7.726335119994299e-06 2.181942509513124e-05 4308
22.5 6.423963778650808e-06 1.884607493534511e-05 3563
23 4.318088259142426e-06 1.340045271670837e-05 2448
23.5 3.44229421204781e-06 1.001857508653738e-05 1868
24 2.540850670580374e-06 7.419976272828892e-06 1358
24.5 1.836554362335076e-06 5.761870944428493e-06 1062
25 1.504520387531227e-06 4.35919507678611e-06 776
25.5 7.98773708512075e-07 2.528811784813182e-06 432
26 4.617746453219383e-07 1.505487307613749e-06 200
26.5 2.862259393863238e-07 8.846750144931898e-07 168
27 7.802934968751919e-08 3.831500289939113e-07 56
27.5 1.076445880799347e-08 4.539246967660937e-08 7

0.5 1.673359903819557e-09 1.284621955496127e-09 18
1 7.543912660026176e-09 1.448243117007616e-08 62
1.5 1.530703954357831e-08 2.675603857948712e-08 98
2 3.633706768658212e-08 8.874684796000705e-08 210
2.5 9.02727443135867e-08 1.756621258541351e-07 350
3 1.31810249435916e-07 2.800309626819183e-07 450
3.5 2.067902301581013e-07 3.943439865035279e-07 602
4 3.005462763734576e-07 6.53841258063842e-07 762
4.5 4.854893400749903e-07 9.667950522620113e-07 1142
5 6.253958859633398e-07 1.223931158044287e-06 1250
5.5 8.083129219344081e-07 1.615991625133016e-06 1458
6 1.07281500708701e-06 2.177811032881435e-06 1814
6.5 1.452152728680603e-06 2.882391678327286e-06 2178
7 1.697441079407813e-06 3.35607116836801e-06 2498
7.5 1.852732246472315e-06 3.656363991136224e-06 2622
8 2.68738551651581e-06 5.214232004335237e-06 3338
8.5 3.00330591014629e-06 6.049921982140277e-06 3722
9 3.484009984207575e-06 7.411335360216416e-06 4170
9.5 3.773326790615899e-06 7.994468172192567e-06 4358
10 4.433281275263965e-06 9.708666252959008e-06 5034
10.5 5.424809462991908e-06 1.194336763140667e-05 5714
11 5.68655043286375e-06 1.267185402300596e-05 5982
11.5 6.667736471712376e-06 1.487605377880268e-05 6602
12 7.315141066957724e-06 1.647274967543728e-05 7130
12.5 8.60040255479457e-06 1.943939980048314e-05 8034
13 9.521389400453669e-06 2.21387589282078e-05 8606
13.5 1.045524289977464e-05 2.384719319297904e-05 9066
14 1.12976288109527e-05 2.753770002897368e-05 9962
14.5 1.264040163553204e-05 2.98583143197425e-05 10550
15 1.379607354568576e-05 3.303074188752824e-05 11226
15.5 1.512586401554684e-05 3.685039075106708e-05 12146
16 1.600355846439932e-05 3.955480183333291e-05 12303
16.5 1.652714338730514e-05 3.993392280597239e-05 12584
17 1.624549585835254e-05 4.056953075485801e-05 12120
17.5 1.525253383603424e-05 3.867209933911933e-05 11180
18 1.558572389135757e-05 3.956092931793645e-05 11096
18.5 1.436459627262297e-05 3.715102918987391e-05 10056
19 1.369189213779408e-05 3.64348297156644e-05 9716
19.5 1.255025367895922e-05 3.357360448617244e-05 8604
20 1.195295632511103e-05 3.105858508795894e-05 8060
20.5 1.102423251451467e-05 2.875862685690983e-05 7320
21 9.930067690694539e-06 2.667203959091362e-05 6356
21.5 8.059855043441288e-06 2.336245158403701e-05 5348
22 6.988366729427497e-06 1.858178388421751e-05 4308
22.5 5.998546727818852e-06 1.589323982460928e-05 3563
23 3.983375054146368e-06 1.13335086674957e-05 2448
23.5 3.038391704941205e-06 8.6786245738725e-06 1868
24 2.327346170858857e-06 6.544092436329668e-06 1358
24.5 1.903717626211021e-06 5.597490461368989e-06 1062
25 1.314379255991578e-06 4.110213120015796e-06 776
25.5 6.666053017407806e-07 2.192516366667467e-06 432
26 3.729138534501659e-07 9.605666797947004e-07 200
26.5 3.287733285384358e-07 9.564077517889781e-07 168
27 1.266868036444241e-07 2.343516343917659e-07 56
27.5 1.500255738841502e-08 4.719392043474995e-08 7

0.5 7.246924157325955e-10 2.38520255196221e-09 18
1 5.591575992437931e-09 1.017265198973731e-08 62
1.5 1.410373393924329e-08 1.924713091223919e-08 98
2 3.26841840622268e-08 8.248229587961322e-08 210
2.5 8.022893974178508e-08 1.615370307640067e-07 350
3 1.300425580044208e-07 2.338742223256869e-07 450
3.5 1.949260078265808e-07 3.76212499945527e-07 602
4 2.279792383027744e-07 5.499969484158717e-07 762
4.5 4.734667780376564e-07 8.344560679392569e-07 1142
5 5.347326812988476e-07 9.930829857138242e-07 1250
5.5 6.823579466169399e-07 1.291916083163768e-06 1458
6 9.143118887891064e-07 1.881945865507094e-06 1814
6.5 1.246876309337948e-06 2.400627532547109e-06 2178
7 1.440908929692314e-06 3.071899019791902e-06 2498
7.5 1.632758778451052e-06 3.388333670211999e-06 2622
8 2.219436827019821e-06 4.64654995621638e-06 3338
8.5 2.641847342036317e-06 5.466254088936426e-06 3722
9 3.043305927861852e-06 6.415730842835854e-06 4170
9.5 3.286138567870996e-06 7.006734031951055e-06 4358
10 4.080253096534601e-06 8.765085955636368e-06 5034
10.5 4.814025297486025e-06 1.02171419933995e-05 5714
11 5.118251492237854e-06 1.117850106178759e-05 5982
11.5 6.135265559403762e-06 1.271347696277133e-05 6602
12 6.472704193305901e-06 1.466289808660713e-05 7130
12.5 7.798138215157383e-06 1.739415071572837e-05 8034
13 8.65117441964895e-06 1.920902173088288e-05 8606
13.5 9.135826934317586e-06 2.11389925091073e-05 9066
14 1.029803911755282e-05 2.372219361003332e-05 9962
14.5 1.151833807807593e-05 2.613265940100226e-05 10550
15 1.221809328912797e-05 2.866407614867415e-05 11226
15.5 1.347014338775011e-05 3.193456708415437e-05 12146
16 1.424097759511401e-05 3.281781285152535e-05 12303
16.5 1.508561339778652e-05 3.479905370693561e-05 12584
17 1.474060671040405e-05 3.47802778765802e-05 12120
17.5 1.355067996978043e-05 3.317790057314754e-05 11180
18 1.352140106278524e-05 3.331171261780979e-05 11096
18.5 1.271057600296166e-05 3.118557662235617e-05 10056
19 1.257875292972029e-05 3.151709336610513e-05 9716
19.5 1.114809475916899e-05 2.858617736989603e-05 8604
20 1.079527724781314e-05 2.761658644564168e-05 8060
20.5 9.797320990845547e-06 2.553480407185687e-05 7320
21 9.055984729259949e-06 2.260307394551976e-05 6356
21.5 7.566409611186457e-06 1.987766709848059e-05 5348
22 6.056480369714624e-06 1.606961005808023e-05 4308
22.5 4.924674064730089e-06 1.409605142530537e-05 3563
23 3.317425014425772e-06 9.912014840231241e-06 2448
23.5 2.729212149109579e-06 7.270979309675911e-06 1868
24 2.033701209705435e-06 5.306364018578968e-06 1358
24.5 1.747127094193075e-06 4.450633304749427e-06 1062
25 1.186126671128529e-06 3.332079248736749e-06 776
25.5 6.379997737690434e-07 1.924733933137936e-06 432
26 2.984815192937859e-07 8.655929655177402e-07 200
26.5 2.393122747645906e-07 7.712898932489145e-07 168
27 6.968028589564475e-08 2.543221974180977e-07 56
27.5 1.286818891035974e-08 3.40121208994483e-08 7

0.5 1.053670423514294e-09 7.094037742524094e-10 18
1 5.976204711980204e-09 6.240638026046789e-09 62
1.5 1.103879921665512e-08 1.954456030620309e-08 98
2 3.905264742613235e-08 6.044248760215281e-08 210
2.5 6.508111230232597e-08 1.292737852062498e-07 350
3 1.092821686854295e-07 1.927225683685848e-07 450
3.5 1.742967880156476e-07 2.786043551256952e-07 602
4 2.312835040652023e-07 4.704024045619489e-07 762
4.5 3.742800364546173e-07 7.684057959018599e-07 1142
5 4.615058416927527e-07 9.710661376376085e-07 1250
5.5 6.174721039081976e-07 1.233842687432194e-06 1458
6 8.229535523279623e-07 1.532258541214897e-06 1814
6.5 1.09846127443768e-06 2.024473591691848e-06 2178
7 1.288495837500808e-06 2.580022666375702e-06 2498
7.5 1.446747549424887e-06 2.989678254525894e-06 2622
8 2.05096920460772e-06 4.026450404573998e-06 3338
8.5 2.400590919722531e-06 4.546374875692665e-06 3722
9 2.737845893139615e-06 5.617592028459837e-06 4170
9.5 2.984644082110348e-06 6.087263591092291e-06 4358
10 3.654583663766014e-06 7.64294678808475e-06 5034
10.5 4.140744395493285e-06 8.987541404642412e-06 5714
11 4.692639929058241e-06 9.639386014036191e-06 5982
11.5 5.239227483955126e-06 1.136462791616765e-05 6602
12 5.683091909390692e-06 1.275743490446663e-05 7130
12.5 6.893477733441358e-06 1.505794246512569e-05 8034
13 7.726474851526047e-06 1.658963675531038e-05 8606
13.5 8.154869740435041e-06 1.838945250931078e-05 9066
14 9.444076329244862e-06 2.085616998289106e-05 9962
14.5 1.032037630081461e-05 2.244151062201857e-05 10550
15 1.100608945658639e-05 2.498082182762399e-05 11226
15.5 1.237712754849833e-05 2.8390100670152e-05 12146
16 1.265513743624277e-05 2.963493487755215e-05 12303
16.5 1.32613087993661e-05 3.08796219074059e-05 12584
17 1.324816918458883e-05 3.0735299285967e-05 12120
17.5 1.2853125007834e-05 2.940683856440162e-05 11180
18 1.250134202280828e-05 2.936851372443469e-05 11096
18.5 1.125161664422697e-05 2.773420721356221e-05 10056
19 1.1252285738829e-05 2.777832336077929e-05 9716
19.5 1.005718749187875e-05 2.526366125269374e-05 8604
20 9.581038014172087e-06 2.389166710508149e-05 8060
20.5 8.845301642025981e-06 2.157470165277908e-05 7320
21 8.052737484537662e-06 1.930524655281492e-05 6356
21.5 6.342469840997307e-06 1.646991887789781e-05 5348
22 5.538339165450578e-06 1.387945332480124e-05 4308
22.5 4.572050951722441e-06 1.205394212083997e-05 3563
23 3.202248909932847e-06 8.394636977774984e-06 2448
23.5 2.544745301226411e-06 6.282308094901559e-06 1868
24 1.876439157423201e-06 5.283413885156175e-06 1358
24.5 1.385518411414025e-06 3.614548808937319e-06 1062
25 1.135434332676788e-06 2.785837608243715e-06 776
25.5 5.769484583172352e-07 1.787399921700877e-06 432
26 2.908950368355133e-07 6.712688387254683e-07 200
26.5 2.274246106189667e-07 6.098803988858879e-07 168
27 1.049595011617553e-07 2.025268315731187e-07 56
27.5 2.175429529804745e-09 3.414303628535473e-08 7

0.5 5.578942094257547e-10 1.587268962481419e-09 18
1 4.75931948207927e-09 4.801997172247103e-09 62
1.5 1.241419434627494e-08 1.789157759211082e-08 98
2 3.112771892678227e-08 5.57382094265126e-08 210
2.5 7.344994281318241e-08 1.27470513106829e-07 350
3 9.504616754168817e-08 1.860605488680165e-07 450
3.5 1.559630010206918e-07 2.596232216605388e-07 602
4 2.307520004285283e-07 3.920940829196087e-07 762
4.5 3.499207745079977e-07 6.367397516909165e-07 1142
5 4.476381584189565e-07 8.247193611254943e-07 1250
5.5 5.792708684228311e-07 1.080365845602447e-06 1458
6 7.258154958596769e-07 1.369190808860806e-06 1814
6.5 9.924920789844207e-07 1.908858646868625e-06 2178
7 1.186971049921525e-06 2.192239349641063e-06 2498
7.5 1.329725407323002e-06 2.643696014905637e-06 2622
8 1.796397034819536e-06 3.554638135693478e-06 3338
8.5 2.158534183895823e-06 4.182483118889116e-06 3722
9 2.464124328172834e-06 4.889409992919896e-06 4170
9.5 2.716956974023357e-06 5.212655908273391e-06 4358
10 3.23833610985008e-06 6.453285271123581e-06 5034
10.5 3.814688869234744e-06 7.726221679667893e-06 5714
11 4.23753388309779e-06 8.772521858133717e-06 5982
11.5 4.753687217900061e-06 9.730878224936594e-06 6602
12 5.321877006442165e-06 1.107802839355802e-05 7130
12.5 6.391688855201422e-06 1.265725619880319e-05 8034
13 6.746763183374191e-06 1.449039849650668e-05 8606
13.5 7.437981124463955e-06 1.618901957618327e-05 9066
14 8.3501975442544e-06 1.831093710208605e-05 9962
14.5 9.190729961197324e-06 1.994026143086773e-05 10550
15 1.004525490428475e-05 2.177959280030507e-05 11226
15.5 1.120141350518727e-05 2.431463033405757e-05 12146
16 1.15016921150131e-05 2.562623147183891e-05 12303
16.5 1.19182109500639e-05 2.710433643047602e-05 12584
17 1.22494052096333e-05 2.645683119509773e-05 12120
17.5 1.16043635647189e-05 2.555550651282697e-05 11180
18 1.123357620073291e-05 2.54619692461587e-05 11096
18.5 1.039688558237787e-05 2.485916870387839e-05 10056
19 1.011595624117728e-05 2.435966659958543e-05 9716
19.5 9.353126688277085e-06 2.193094031275368e-05 8604
20 8.79509431741704e-06 2.059743451916834e-05 8060
20.5 8.052904665057134e-06 1.904911252755897e-05 7320
21 7.106073520286412e-06 1.706083750119008e-05 6356
21.5 6.307338685243707e-06 1.489506947616517e-05 5348
22 5.12152097690521e-06 1.215850382383503e-05 4308
22.5 4.278697564052094e-06 1.048805165638469e-05 3563
23 2.906458885000412e-06 7.032845218400873e-06 2448
23.5 2.30054090262657e-06 5.470085543780909e-06 1868
24 1.521806266908254e-06 4.160135329579068e-06 1358
24.5 1.335166475725769e-06 3.322929559601364e-06 1062
25 1.020831395741402e-06 2.717534374926268e-06 776
25.5 5.765140877848375e-07 1.405997675087188e-06 432
26 2.631332805996662e-07 5.885644283262304e-07 200
26.5 1.61711166833155e-07 5.877951449084899e-07 168
27 8.55945464794079e-08 1.285404691364394e-07 56
27.5 1.009883896439072e-08 2.727583361558883e-08 7

0.5 6.288475274827242e-10 9.008475482385535e-10 18
1 3.768670238886329e-09 5.712969125112914e-09 62
1.5 1.085708867874534e-08 1.871303349245399e-08 98
2 3.06163619939975e-08 4.46999701993547e-08 210
2.5 5.618406222087773e-08 9.914139331279251e-08 350
3 8.815096481171188e-08 1.45585803971144e-07 450
3.5 1.284222057787743e-07 2.480165527528434e-07 602
4 2.125564862916514e-07 3.41661735574688e-07 762
4.5 3.192863043987743e-07 5.76192351715804e-07 1142
5 3.717487918603704e-07 7.257696681263957e-07 1250
5.5 5.219630815166425e-07 8.8375589204176e-07 1458
6 6.868329585752678e-07 1.256480641587245e-06 1814
6.5 8.653986049772893e-07 1.66342277425282e-06 2178
7 1.106150679459994e-06 2.004523517700784e-06 2498
7.5 1.233488427234149e-06 2.381384091988658e-06 2622
8 1.60852731488135e-06 3.172915552507431e-06 3338
8.5 1.895608251943237e-06 3.662827528248179e-06 3722
9 2.321769822036784e-06 4.432763607597046e-06 4170
9.5 2.497054130439613e-06 4.603708907535736e-06 4358
10 3.029356600514252e-06 5.866734854735245e-06 5034
10.5 3.569747515292082e-06 6.918072565339864e-06 5714
11 3.801324787336134e-06 7.703038429803584e-06 5982
11.5 4.389687729135423e-06 8.636586855478941e-06 6602
12 4.758400611094322e-06 9.825829848159846e-06 7130
12.5 5.650567676604937e-06 1.145128291553673e-05 8034
13 6.278031025105561e-06 1.319393997054552e-05 8606
13.5 7.009690239806562e-06 1.427970999900005e-05 9066
14 7.765618410585706e-06 1.582107497470162e-05 9962
14.5 8.31487802245499e-06 1.783793268742422e-05 10550
15 9.341615530855628e-06 1.960873626622593e-05 11226
15.5 1.018264366929442e-05 2.195975660437588e-05 12146
16 1.062120049747813e-05 2.278783156404368e-05 12303
16.5 1.096129187124929e-05 2.376749534275703e-05 12584
17 1.100078427835615e-05 2.363256572311409e-05 12120
17.5 1.003300856027304e-05 2.244516240748833e-05 11180
18 1.052827544208746e-05 2.351897106318824e-05 11096
18.5 9.654327568931496e-06 2.151532208428648e-05 10056
19 9.474426344625453e-06 2.123963517373501e-05 9716
19.5 8.286513353738125e-06 1.903234138781274e-05 8604
20 8.128484264979256e-06 1.854480538201898e-05 8060
20.5 7.430904107633521e-06 1.716811379963715e-05 7320
21 6.630706407130961e-06 1.524509953468782e-05 6356
21.5 5.485012268371465e-06 1.298319147610593e-05 5348
22 4.87062469911975e-06 1.119235985339189e-05 4308
22.5 3.828176667311951e-06 9.670309668327661e-06 3563
23 2.684710028859439e-06 6.595726118812697e-06 2448
23.5 2.034693651560213e-06 5.115648461679215e-06 1868
24 1.540852141068057e-06 3.937385340783679e-06 1358
24.5 1.286090758225977e-06 3.068969159469473e-06 1062
25 9.251752343055449e-07 2.292570837262701e-06 776
25.5 5.453584744558253e-07 1.34503374889672e-06 432
26 2.353981891687893e-07 5.533890566526756e-07 200
26.5 1.973217333121236e-07 4.86412918901523e-07 168
27 7.521264166159277e-08 1.650591911547273e-07 56
27.5 1.211892447897881e-08 1.54782811639633e-08 7

0.5 7.522497416163254e-10 7.169388935890235e-10 18
1 2.829263571091615e-09 6.114061700704458e-09 62
1.5 7.318519748209918e-09 1.228197282603686e-08 98
2 2.337553950443912e-08 4.139755669633077e-08 210
2.5 5.018883418034605e-08 9.72554265906682e-08 350
3 8.46018964468798e-08 1.370386140644319e-07 450
3.5 1.260577071554448e-07 2.466862962633866e-07 602
4 1.884154525495075e-07 3.186481477011148e-07 762
4.5 2.939560011000715e-07 5.448238088887669e-07 1142
5 3.616158082019726e-07 6.315008796327408e-07 1250
5.5 4.502686397457011e-07 8.758099235872735e-07 1458
6 6.153883357893644e-07 1.106714885505146e-06 1814
6.5 8.093790095629572e-07 1.492173260902623e-06 2178
7 1.02873028893358e-06 1.909830760475588e-06 2498
7.5 1.102383600531927e-06 2.038899530207427e-06 2622
8 1.422361664369833e-06 2.895524214855291e-06 3338
8.5 1.734124743785951e-06 3.429336713773441e-06 3722
9 2.087231331420556e-06 3.781608604293888e-06 4170
9.5 2.258247369700135e-06 4.175348815350535e-06 4358
10 2.645760068374684e-06 5.074866683953569e-06 5034
10.5 3.240892496564612e-06 6.289700622054596e-06 5714
11 3.333957690875302e-06 6.829516675935421e-06 5982
11.5 4.141381802165838e-06 7.917847595832997e-06 6602
12 4.451021715741018e-06 8.88378871412364e-06 7130
12.5 5.156636164656095e-06 1.036022026070006e-05 8034
13 5.730055464222542e-06 1.190174718925537e-05 8606
13.5 6.293835367173298e-06 1.287268169577107e-05 9066
14 7.177109100599382e-06 1.421298913162288e-05 9962
14.5 7.687720577768457e-06 1.595731947057732e-05 10550
15 8.535314656053104e-06 1.737105896087105e-05 11226
15.5 9.173725481434486e-06 1.990249809507595e-05 12146
16 9.86579262954482e-06 2.096575376683152e-05 12303
16.5 1.015178673063742e-05 2.103209160514582e-05 12584
17 9.973852322357394e-06 2.133097205980912e-05 12120
17.5 9.215480603166787e-06 2.008085687699945e-05 11180
18 9.530533417396903e-06 2.09155634830003e-05 11096
18.5 8.420418825157021e-06 1.930328641379196e-05 10056
19 8.574517582433753e-06 1.897260254398182e-05 9716
19.5 7.669654794537506e-06 1.728361806896782e-05 8604
20 7.475685656960152e-06 1.65421197185897e-05 8060
20.5 6.891428401674623e-06 1.567105671392129e-05 7320
21 6.21440303287683e-06 1.402244089605807e-05 6356
21.5 5.222531422616189e-06 1.173622580182319e-05 5348
22 4.256020058535505e-06 9.559628785020324e-06 4308
22.5 3.411411520566939e-06 7.978832742855164e-06 3563
23 2.331713266137235e-06 5.745533185550988e-06 2448
23.5 1.9385895774502e-06 4.856071144413579e-06 1868
24 1.447230253803825e-06 3.439301315231638e-06 1358
24.5 1.122538837590517e-06 2.635705250855045e-06 1062
25 8.698672408987103e-07 1.962947635568545e-06 776
25.5 4.821034315290504e-07 1.216988772083904e-06 432
26 2.18011965419364e-07 5.483684419025137e-07 200
26.5 1.639000372829678e-07 4.741884376934574e-07 168
27 8.920931407842559e-08 1.137887431402238e-07 56
27.5 1.435530896148607e-08 1.339939215737172e-08 7

0.5 5.497676644988731e-10 5.40237269428325e-10 18
1 3.30759835065281e-09 3.07634201270499e-09 62
1.5 8.824918240038872e-09 1.751190303482976e-08 98
2 2.181158188384402e-08 3.458911221452665e-08 210
2.5 5.100305632099039e-08 8.046713045622821e-08 350
3 7.611168161767283e-08 1.133680298872416e-07 450
3.5 1.112369236949768e-07 1.797531621226771e-07 602
4 1.509495813465138e-07 2.821653762426234e-07 762
4.5 2.642673346982479e-07 5.067254397934075e-07 1142
5 3.438828085310278e-07 5.618187921266655e-07 1250
5.5 4.16508063887041e-07 7.282109908693006e-07 1458
6 5.757250164001447e-07 9.980023165798188e-07 1814
6.5 7.216191890611063e-07 1.329377573782958e-06 2178
7 8.831594848159224e-07 1.567969353721657e-06 2498
7.5 1.060117178760122e-06 1.876924162885617e-06 2622
8 1.359693252990925e-06 2.552162145615185e-06 3338
8.5 1.551914337949509e-06 3.080385758961919e-06 3722
9 1.865130913895233e-06 3.391659471078498e-06 4170
9.5 2.111723250611161e-06 3.811773732450574e-06 4358
10 2.500427369165442e-06 4.730421763625793e-06 5034
10.5 2.905161492506152e-06 5.546508324524525e-06 5714
11 3.147940425781552e-06 6.089154669461235e-06 5982
11.5 3.667749707176135e-06 7.08661844103499e-06 6602
12 4.115753520445289e-06 8.341808503592458e-06 7130
12.5 4.806718887604998e-06 9.361397421237879e-06 8034
13 5.155725405913816e-06 1.031846743049047e-05 8606
13.5 5.671993480747898e-06 1.160414252441396e-05 9066
14 6.358444079171652e-06 1.300202217967829e-05 9962
14.5 7.068842302844446e-06 1.4602797989085e-05 10550
15 7.687187150692297e-06 1.539130608214099e-05 11226
15.5 8.853243891077132e-06 1.741040638589992e-05 12146
16 9.190663052948342e-06 1.841037303056043e-05 12303
16.5 9.332752227529853e-06 2.003927654028884e-05 12584
17 9.20221562762093e-06 1.93834398416458e-05 12120
17.5 8.703956926690925e-06 1.843496793598061e-05 11180
18 8.859009726371292e-06 1.901008254272321e-05 11096
18.5 8.138505462554363e-06 1.727381245328116e-05 10056
19 7.892502772827948e-06 1.713962648271063e-05 9716
19.5 7.057233829614737e-06 1.552302173048337e-05 8604
20 6.966640374432274e-06 1.493096200445313e-05 8060
20.5 6.522685891520934e-06 1.379205377172128e-05 7320
21 5.682964720375739e-06 1.213243028573156e-05 6356
21.5 4.738643389971038e-06 1.069623671081049e-05 5348
22 4.099212598862463e-06 9.045145101241612e-06 4308
22.5 3.296952090911806e-06 7.436864130507763e-06 3563
23 2.222774619184318e-06 5.235011941101089e-06 2448
23.5 1.906777060077501e-06 4.221944104631091e-06 1868
24 1.355808093442386e-06 3.204522112743205e-06 1358
24.5 9.753710184177223e-07 2.473558694975909e-06 1062
25 7.621072488087042e-07 1.778126569101794e-06 776
25.5 4.417309162263508e-07 9.54701147315621e-07 432
26 2.21675149139622e-07 4.145719928616189e-07 200
26.5 1.750604430895518e-07 4.42371474328394e-07 168
27 4.458944766498402e-08 2.039822954195799e-07 56
27.5 3.582291636110013e-09 2.418991628027148e-08 7

0.5 5.95521074834241e-10 7.372886679869759e-10 18
1 4.274263135286049e-09 5.226991877830878e-09 62
1.5 7.200379007032498e-09 1.326439278486726e-08 98
2 1.947646360690663e-08 3.450885273827932e-08 210
2.5 4.850768506264109e-08 7.440896551236035e-08 350
3 7.130643644365459e-08 1.048558326203602e-07 450
3.5 9.993096761071485e-08 1.546845766890991e-07 602
4 1.518827208240079e-07 2.735114126785308e-07 762
4.5 2.614240044648884e-07 4.498873389775517e-07 1142
5 2.957586595906044e-07 5.647068776979779e-07 1250
5.5 3.88314702974975e-07 6.668220339476228e-07 1458
6 5.441049416064201e-07 8.928383592666738e-07 1814
6.5 6.767115977607951e-07 1.235954259424391e-06 2178
7 8.46402420408129e-07 1.514508832009497e-06 2498
7.5 9.297605309209487e-07 1.772567434291436e-06 2622
8 1.254195402142678e-06 2.207834870416427e-06 3338
8.5 1.530977884184719e-06 2.602974329005852e-06 3722
9 1.697113358331588e-06 3.172633054156379e-06 4170
9.5 1.886374935166714e-06 3.505254179321987e-06 4358
10 2.317234723936648e-06 4.220061807229789e-06 5034
10.5 2.778180807313008e-06 5.000118156886202e-06 5714
11 2.94997085186243e-06 5.465805743635973e-06 5982
11.5 3.411556475762435e-06 6.328632426005598e-06 6602
12 3.763165561926217e-06 7.322829610647211e-06 7130
12.5 4.419023979697524e-06 8.423177883423788e-06 8034
13 4.872525619338053e-06 9.602076566409665e-06 8606
13.5 5.391151956931682e-06 1.045854588551757e-05 9066
14 6.133934751914208e-06 1.208772029394639e-05 9962
14.5 6.580008262540744e-06 1.283169254676352e-05 10550
15 6.998216611016715e-06 1.433745147497838e-05 11226
15.5 8.061702446976208e-06 1.589944286509464e-05 12146
16 8.283363855998623e-06 1.656610751512421e-05 12303
16.5 8.801555454610505e-06 1.771012878046956e-05 12584
17 8.556025239079165e-06 1.771016547677706e-05 12120
17.5 8.067062049077233e-06 1.628881318917511e-05 11180
18 7.911147109771953e-06 1.720413736556891e-05 11096
18.5 7.372159272662979e-06 1.602974201266817e-05 10056
19 7.14404974141169e-06 1.552905449112493e-05 9716
19.5 6.596878695803959e-06 1.421283958569828e-05 8604
20 6.508232954805932e-06 1.375214461537889e-05 8060
20.5 5.88066144378803e-06 1.305813412541976e-05 7320
21 5.002321743725103e-06 1.163594924126519e-05 6356
21.5 4.440150103374407e-06 9.766627294398796e-06 5348
22 3.623132343902179e-06 8.270516914603075e-06 4308
22.5 3.129600065251726e-06 6.765781496918802e-06 3563
23 2.067321935270661e-06 4.935980661254532e-06 2448
23.5 1.654113036262165e-06 3.61485332625892e-06 1868
24 1.207678200133988e-06 2.849157352637754e-06 1358
24.5 9.4369165367009e-07 2.255827521509698e-06 1062
25 6.628447480849065e-07 1.59730824334568e-06 776
25.5 3.892653598347833e-07 9.183702336046836e-07 432
26 1.873817501707606e-07 4.356783992520973e-07 200
26.5 1.812604056501182e-07 4.443427129103766e-07 168
27 4.231449724843247e-08 1.095053353543796e-07 56
27.5 5.484369951174349e-09 1.710021224502263e-08 7

0.5 5.360265870922676e-10 9.090523674029261e-10 18
1 2.030770007197732e-09 5.452799790563463e-09 62
1.5 5.410961379113104e-09 1.367052340469253e-08 98
2 1.896313666804384e-08 3.631822129567608e-08 210
2.5 4.279510005487081e-08 7.099207571061424e-08 350
3 6.248688054401032e-08 1.004668472744912e-07 450
3.5 9.604086737516876e-08 1.729949073483432e-07 602
4 1.572101471508084e-07 2.533889194632072e-07 762
4.5 2.182478848640632e-07 3.897388640785961e-07 1142
5 2.803948039974857e-07 5.108243933490904e-07 1250
5.5 3.38526722464328e-07 6.74855135882749e-07 1458
6 4.692284233789721e-07 8.859940239481527e-07 1814
6.5 6.308011565826148e-07 1.103965217385588e-06 2178
7 7.563077020530204e-07 1.36272550235121e-06 2498
7.5 8.470315172470105e-07 1.497503244402682e-06 2622
8 1.189600731987922e-06 2.048695878717496e-06 3338
8.5 1.363020303714245e-06 2.390337018969734e-06 3722
9 1.599209991966053e-06 2.895645662771045e-06 4170
9.5 1.725660536236394e-06 3.236032734782984e-06 4358
10 2.165780576430709e-06 3.926014932681456e-06 5034
10.5 2.547546963925294e-06 4.648369617331298e-06 5714
11 2.767229205159994e-06 5.094190471796779e-06 5982
11.5 3.009923890970152e-06 5.938112475607647e-06 6602
12 3.5575606766732e-06 6.68262059013282e-06 7130
12.5 4.067611654133357e-06 7.698143572384209e-06 8034
13 4.5231010525378e-06 8.662495919491376e-06 8606
13.5 4.938119743720792e-06 9.290911391429435e-06 9066
14 5.59463252652321e-06 1.087254755981515e-05 9962
14.5 6.123605401167609e-06 1.162419363011446e-05 10550
15 6.729422234013139e-06 1.253883994185273e-05 11226
15.5 7.507652568848506e-06 1.467565465026632e-05 12146
16 7.683216133356671e-06 1.510099511865606e-05 12303
16.5 8.061088864744737e-06 1.576351274856014e-05 12584
17 7.891636765902139e-06 1.582420290105602e-05 12120
17.5 7.497297516812324e-06 1.529430792816799e-05 11180
18 7.586156749486791e-06 1.519681704760813e-05 11096
18.5 6.904378145281447e-06 1.438844806413209e-05 10056
19 6.732525771881157e-06 1.430529461036758e-05 9716
19.5 6.281184299465956e-06 1.337013811948917e-05 8604
20 6.018002138323179e-06 1.219589985763622e-05 8060
20.5 5.419614611893597e-06 1.160889316440799e-05 7320
21 4.756873480534541e-06 1.040915250594934e-05 6356
21.5 4.214818089760294e-06 8.925642985148886e-06 5348
22 3.28166142693233e-06 7.519200109371535e-06 4308
22.5 2.759202821254078e-06 6.447869491975541e-06 3563
23 1.98592629609701e-06 4.252068755850695e-06 2448
23.5 1.554308143516823e-06 3.396121133322927e-06 1868
24 1.150272566143244e-06 2.598390700946607e-06 1358
24.5 9.473984000946277e-07 2.006144952327314e-06 1062
25 6.034534725546735e-07 1.490003351675784e-06 776
25.5 3.709685038266229e-07 8.325029957748658e-07 432
26 1.773880688665545e-07 4.099487827282336e-07 200
26.5 1.792654852557996e-07 3.623603420172657e-07 168
27 5.490008342912071e-08 1.25947265044959e-07 56
27.5 3.358284186869637e-09 7.589817358259772e-09 7

0.5 3.816548774676029e-10 5.714046856084797e-10 18
1 2.350719874327156e-09 5.1034307831545e-09 62
1.5 5.732108811678102e-09 9.126766340163797e-09 98
2 2.140295747345806e-08 3.177902440444245e-08 210
2.5 3.817553808356216e-08 6.727665119944792e-08 350
3 6.520215878796188e-08 9.106162466270715e-08 450
3.5 9.606755964622495e-08 1.351193177262996e-07 602
4 1.301246007575039e-07 2.188045700743536e-07 762
4.5 2.300339441084314e-07 3.578733137369296e-07 1142
5 2.588780945364685e-07 4.499822556114372e-07 1250
5.5 3.330835561655963e-07 5.780978263588197e-07 1458
6 4.305459956043756e-07 7.826047260893032e-07 1814
6.5 6.108029525676052e-07 9.854232683664771e-07 2178
7 6.82845657356222e-07 1.232080655909409e-06 2498
7.5 7.863312083100896e-07 1.388211000282875e-06 2622
8 1.052690877322255e-06 1.895674446034107e-06 3338
8.5 1.242733494358376e-06 2.227203045431818e-06 3722
9 1.468337564196615e-06 2.708528294028548e-06 4170
9.5 1.590738014742668e-06 3.004822597939925e-06 4358
10 2.014087627386214e-06 3.604513747154864e-06 5034
10.5 2.387812916972182e-06 4.307133536190949e-06 5714
11 2.498154396910422e-06 4.748245182321692e-06 5982
11.5 2.965115176481765e-06 5.375749758895949e-06 6602
12 3.216956337999836e-06 5.95856897609701e-06 7130
12.5 3.736579901185671e-06 7.109773778898706e-06 8034
13 4.203023738183085e-06 8.080044365316841e-06 8606
13.5 4.698763645138451e-06 8.638905948580688e-06 9066
14 5.185738941845839e-06 9.914773965108921e-06 9962
14.5 5.644801852000749e-06 1.080631969471235e-05 10550
15 6.307640356036125e-06 1.163237185687442e-05 11226
15.5 7.017975746645851e-06 1.324939297375917e-05 12146
16 7.055471971079949e-06 1.353215005751205e-05 12303
16.5 7.565719309768526e-06 1.494483369585584e-05 12584
17 7.362217936694162e-06 1.441603282629234e-05 12120
17.5 7.059562075513922e-06 1.390777795590793e-05 11180
18 6.975274115077173e-06 1.375671868297449e-05 11096
18.5 6.482422908859461e-06 1.305459174347765e-05 10056
19 6.452877148014598e-06 1.330793424106479e-05 9716
19.5 5.568249537796264e-06 1.176193844638794e-05 8604
20 5.710536690283112e-06 1.153680395673379e-05 8060
20.5 5.02466510080214e-06 1.070794725037228e-05 7320
21 4.420141206572253e-06 9.538905510258876e-06 6356
21.5 3.871756775488882e-06 7.979550816337216e-06 5348
22 3.16930118989878e-06 6.746071831866242e-06 4308
22.5 2.625577718098993e-06 5.616387227048676e-06 3563
23 1.831749046271976e-06 4.050717462045305e-06 2448
23.5 1.409953749989804e-06 3.038147310135412e-06 1868
24 1.140947167904512e-06 2.245286588156852e-06 1358
24.5 8.119485289970088e-07 1.96211772558328e-06 1062
25 6.282055753672976e-07 1.286684011714968e-06 776
25.5 3.40283203428887e-07 6.761234998818951e-07 432
26 1.80623255244158e-07 3.756669892981445e-07 200
26.5 1.66168208162993e-07 3.123017575196136e-07 168
27 5.214773772978936e-08 1.075143475146799e-07 56
27.5 8.883685231604301e-09 2.158171671584447e-08 7

0.5 2.461805155220568e-10 5.658691030923434e-10 18
1 2.905367726398736e-09 3.172806940334238e-09 62
1.5 5.088895881806765e-09 7.707518893887528e-09 98
2 1.731067532047476e-08 2.748113400357822e-08 210
2.5 3.109240661075857e-08 5.520386365056637e-08 350
3 5.828426775244098e-08 8.76286389538853e-08 450
3.5 8.390914697599275e-08 1.313572758655383e-07 602
4 1.174069792541161e-07 2.019361155334294e-07 762
4.5 2.083220662930856e-07 3.375479487843242e-07 1142
5 2.447836908908554e-07 3.956012898325369e-07 1250
5.5 3.0629433329015e-07 5.020528486903499e-07 1458
6 4.296664154090993e-07 6.493926976013595e-07 1814
6.5 5.548221237542499e-07 9.08496777569057e-07 2178
7 6.452523389049733e-07 1.155290028125083e-06 2498
7.5 7.681581677549384e-07 1.297517643136385e-06 2622
8 1.006851746902474e-06 1.624016458401348e-06 3338
8.5 1.159150816170169e-06 2.056092654771231e-06 3722
9 1.383343868661662e-06 2.469205094060496e-06 4170
9.5 1.544573400301215e-06 2.770147085534816e-06 4358
10 1.831080439176182e-06 3.230492220860181e-06 5034
10.5 2.167311045364703e-06 3.959840802830672e-06 5714
11 2.399757969391434e-06 4.209398751709806e-06 5982
11.5 2.723070498319895e-06 4.946428705926744e-06 6602
12 3.004553487593036e-06 5.474810692574442e-06 7130
12.5 3.502952415150179e-06 6.647540516350506e-06 8034
13 3.924140138471137e-06 7.584390553358168e-06 8606
13.5 4.271367869798397e-06 7.905517556821391e-06 9066
14 4.96728057720059e-06 9.09532621172768e-06 9962
14.5 5.204416518815391e-06 9.874913542910257e-06 10550
15 5.746775398388247e-06 1.085146226236857e-05 11226
15.5 6.701042141772843e-06 1.231931978974903e-05 12146
16 6.587609482179442e-06 1.258260785738429e-05 12303
16.5 7.124606177742888e-06 1.325412515964899e-05 12584
17 6.760044523245221e-06 1.319290570727475e-05 12120
17.5 6.533727908404216e-06 1.275349025633643e-05 11180
18 6.544582282334654e-06 1.27926407804271e-05 11096
18.5 6.089400659483377e-06 1.192246546473024e-05 10056
19 6.0818392820372e-06 1.192005266778648e-05 9716
19.5 5.402475754678662e-06 1.076520752316506e-05 8604
20 5.220766339484477e-06 1.033253891027986e-05 8060
20.5 4.874770524465421e-06 9.733188201811274e-06 7320
21 4.250575272690454e-06 8.608092327467257e-06 6356
21.5 3.758975779901731e-06 7.600428922166536e-06 5348
22 2.932144589715494e-06 6.223577524265131e-06 4308
22.5 2.483013739009868e-06 5.45043743600591e-06 3563
23 1.763336565022616e-06 3.563106461186453e-06 2448
23.5 1.392418566560797e-06 2.862534802763316e-06 1868
24 8.951483155211298e-07 2.11829207858563e-06 1358
24.5 7.843157139078891e-07 1.669168296979948e-06 1062
25 6.128414233195988e-07 1.1628127232421e-06 776
25.5 3.377230323935419e-07 7.922719851543592e-07 432
26 1.904637692135747e-07 4.370637691770025e-07 200
26.5 1.404070069415425e-07 2.220572493947099e-07 168
27 4.081981759503787e-08 9.721644936881317e-08 56
27.5 3.471893242754506e-09 1.065079253933281e-08 7

0.5 2.307373071671776e-10 4.929956393095897e-10 18
1 3.123831139869545e-09 3.224122280256136e-09 62
1.5 6.068599431116383e-09 8.049836485852879e-09 98
2 1.438463676553077e-08 2.677763676308047e-08 210
2.5 3.333096914388317e-08 4.772034648155926e-08 350
3 5.645532260467099e-08 8.042750798759592e-08 450
3.5 7.027533418358198e-08 1.285915210203254e-07 602
4 1.119354328570464e-07 1.664083791296088e-07 762
4.5 1.815714805984899e-07 3.126559989597269e-07 1142
5 2.234316550355256e-07 3.660391865371779e-07 1250
5.5 3.105988140747454e-07 4.763232334385101e-07 1458
6 3.768303488998138e-07 6.629321823017634e-07 1814
6.5 4.907342090174007e-07 8.260061365368142e-07 2178
7 6.235684026995458e-07 1.062434703543309e-06 2498
7.5 7.04479378351144e-07 1.145154373511941e-06 2622
8 9.252542412440561e-07 1.649269707425233e-06 3338
8.5 1.127908962068635e-06 1.849606727449894e-06 3722
9 1.280584990504921e-06 2.221761495397368e-06 4170
9.5 1.400978621076112e-06 2.440029897846187e-06 4358
10 1.709007594282819e-06 2.963536425004737e-06 5034
10.5 2.038475670416435e-06 3.458741704058136e-06 5714
11 2.325808820614677e-06 3.86764820555441e-06 5982
11.5 2.560629878160173e-06 4.518192298668302e-06 6602
12 2.788930221964714e-06 5.206805367617808e-06 7130
12.5 3.361040422994517e-06 6.015604759189228e-06 8034
13 3.692587003674657e-06 6.764940031792439e-06 8606
13.5 3.990289621385732e-06 7.192922038155317e-06 9066
14 4.591477843810534e-06 8.56482408279576e-06 9962
14.5 4.954119537688976e-06 9.079826025001236e-06 10550
15 5.369217950436107e-06 1.005279349211721e-05 11226
15.5 6.146574672190293e-06 1.116618078834426e-05 12146
16 6.194027007331411e-06 1.168880311235177e-05 12303
16.5 6.542222372291993e-06 1.261778310774888e-05 12584
17 6.461452397841881e-06 1.220050846597697e-05 12120
17.5 5.957952510857283e-06 1.177240600245234e-05 11180
18 6.238813796500929e-06 1.197436956846108e-05 11096
18.5 5.719471446534783e-06 1.096657352338639e-05 10056
19 5.622957611045047e-06 1.099496028765253e-05 9716
19.5 5.047799628293423e-06 9.984382497818803e-06 8604
20 4.907051685494228e-06 9.816665417836104e-06 8060
20.5 4.682361614120214e-06 9.098941055581518e-06 7320
21 3.940833828423076e-06 8.277166973869421e-06 6356
21.5 3.500992326348838e-06 6.829088482037152e-06 5348
22 2.67917796777744e-06 5.589647452021695e-06 4308
22.5 2.271552374461745e-06 4.673296427116756e-06 3563
23 1.624713818347048e-06 3.3896296401589e-06 2448
23.5 1.228225259217617e-06 2.729772359028378e-06 1868
24 9.376167021368923e-07 1.836339743350489e-06 1358
24.5 7.340898373381821e-07 1.532663285026515e-06 1062
25 5.00145604593878e-07 1.164905456384914e-06 776
25.5 3.065458605849496e-07 6.831592328227154e-07 432
26 1.346231875045181e-07 3.391463924467867e-07 200
26.5 1.245857521443938e-07 2.755367146735029e-07 168
27 3.114741961471028e-08 9.602231276264839e-08 56
27.5 3.513935297582123e-09 1.789213300983258e-08 7

0.5 1.822160682658624e-10 4.801952987593467e-10 18
1 2.270969974636962e-09 3.660470199521744e-09 62
1.5 5.306342558858787e-09 9.824732047846733e-09 98
2 1.369782692797637e-08 2.236556708200373e-08 210
2.5 3.017797816792702e-08 4.618380024343693e-08 350
3 4.79250966009659e-08 7.33704566960933e-08 450
3.5 7.378293013480002e-08 1.145936329040802e-07 602
4 1.000373247291748e-07 1.627460028114332e-07 762
4.5 1.748821623397337e-07 2.932754524126511e-07 1142
5 2.172881578683632e-07 3.613433739357029e-07 1250
5.5 2.554892067074847e-07 4.420660694023177e-07 1458
6 3.840494502809811e-07 6.097350652976364e-07 1814
6.5 4.759538201787965e-07 7.780646916400248e-07 2178
7 5.86104364185387e-07 9.390146643224541e-07 2498
7.5 6.28111804650195e-07 1.120977949236252e-06 2622
8 8.612901092237398e-07 1.531110730588301e-06 3338
8.5 1.018332503308684e-06 1.766947139927675e-06 3722
9 1.213086660591891e-06 2.074280278697879e-06 4170
9.5 1.373718449452342e-06 2.282357259674461e-06 4358
10 1.603497245593414e-06 2.80385988719575e-06 5034
10.5 1.927851523132453e-06 3.31771219563521e-06 5714
11 2.103403258066024e-06 3.672942494732328e-06 5982
11.5 2.369342696959181e-06 4.195516046604088e-06 6602
12 2.704687819197234e-06 4.719402183899324e-06 7130
12.5 3.01546986823533e-06 5.59907433819244e-06 8034
13 3.37902489713855e-06 6.331397778347646e-06 8606
13.5 3.615628362340318e-06 6.706131504842793e-06 9066
14 4.276121549682214e-06 7.742445469308146e-06 9962
14.5 4.685601050934247e-06 8.485605191826082e-06 10550
15 5.07406374828032e-06 9.279168500845657e-06 11226
15.5 5.7384982497272e-06 1.058809758423912e-05 12146
16 5.842042381665278e-06 1.091247235817067e-05 12303
16.5 6.160261725528796e-06 1.130397762370752e-05 12584
17 6.157401567818983e-06 1.126922261402637e-05 12120
17.5 5.834317703249136e-06 1.110602637665512e-05 11180
18 5.848396308248884e-06 1.101641341426631e-05 11096
18.5 5.333414386047963e-06 1.022374055435745e-05 10056
19 5.22187647756076e-06 1.033990579181889e-05 9716
19.5 4.806198117526465e-06 9.520191723775413e-06 8604
20 4.524981792887583e-06 8.944945947286047e-06 8060
20.5 4.209655216561754e-06 8.282294545475944e-06 7320
21 3.735207990800173e-06 7.28997606155733e-06 6356
21.5 3.063236686220104e-06 6.333577211819275e-06 5348
22 2.612763142172809e-06 5.151350698450035e-06 4308
22.5 2.140486299092721e-06 4.279227734419919e-06 3563
23 1.574585567796318e-06 3.144970709011021e-06 2448
23.5 1.170558786812745e-06 2.450036311899453e-06 1868
24 8.347303727870858e-07 1.941136494687081e-06 1358
24.5 7.154861996814664e-07 1.450607175526519e-06 1062
25 4.884576641728386e-07 1.183193814293309e-06 776
25.5 2.89773321309468e-07 5.95982964249833e-07 432
26 1.414664505993634e-07 2.680269842401608e-07 200
26.5 1.170809608559275e-07 2.217345373454273e-07 168
27 3.714902473454779e-08 7.232951644917851e-08 56
27.5 7.071425727099553e-09 7.200371388464187e-09 7

0.5 1.485303923714937e-10 2.233891759368606e-10 18
1 1.933066269392828e-09 2.634775319440277e-09 62
1.5 5.152341131299723e-09 8.469061961870398e-09 98
2 1.387924364696102e-08 2.118873709592226e-08 210
2.5 2.716290126450953e-08 4.243841597005723e-08 350
3 4.581223222275521e-08 7.368994587484057e-08 450
3.5 6.365440992424857e-08 1.123679563328419e-07 602
4 9.477524458010665e-08 1.544282777363515e-07 762
4.5 1.654875324305787e-07 2.688774604652469e-07 1142
5 2.004907951397477e-07 2.995950037319326e-07 1250
5.5 2.702659316169966e-07 4.419977065704697e-07 1458
6 3.451489150985028e-07 5.431804131286076e-07 1814
6.5 4.233569644876727e-07 7.351629047808156e-07 2178
7 5.617867533428963e-07 9.091103719942186e-07 2498
7.5 6.159195931732813e-07 1.041779316329014e-06 2622
8 8.54203162678758e-07 1.362610664588019e-06 3338
8.5 9.665492563679623e-07 1.554720520214217e-06 3722
9 1.160995412259738e-06 1.906001477686438e-06 4170
9.5 1.252313417616484e-06 2.09687133247582e-06 4358
10 1.524822116470692e-06 2.566883674021561e-06 5034
10.5 1.807178957147055e-06 3.051946945097397e-06 5714
11 1.98482030347286e-06 3.319462519726142e-06 5982
11.5 2.249322697153068e-06 3.809980786077663e-06 6602
12 2.531366527138411e-06 4.350130009602066e-06 7130
12.5 2.934197725797648e-06 5.24234756220005e-06 8034
13 3.356393870778587e-06 5.780757577561654e-06 8606
13.5 3.454329635164719e-06 6.355120456416675e-06 9066
14 3.963663736848482e-06 7.310825191653086e-06 9962
14.5 4.452201299706606e-06 7.861812615998679e-06 10550
15 4.750931230282392e-06 8.597607577268035e-06 11226
15.5 5.364281544498107e-06 9.788368922754002e-06 12146
16 5.444657261236222e-06 1.026155913967731e-05 12303
16.5 5.800468570540313e-06 1.07597953636784e-05 12584
17 5.652369864133176e-06 1.0577460194579e-05 12120
17.5 5.35918756268065e-06 1.020409661864569e-05 11180
18 5.428158826951644e-06 1.006093940434649e-05 11096
18.5 5.121668569979394e-06 9.674751690747346e-06 10056
19 5.136128838685093e-06 9.264802590255723e-06 9716
19.5 4.514323035803576e-06 8.551558624154736e-06 8604
20 4.236919117538097e-06 8.26135665967797e-06 8060
20.5 3.910742240649222e-06 7.824029554224577e-06 7320
21 3.500902197354306e-06 7.001119490892473e-06 6356
21.5 2.971995803714572e-06 5.63769577871262e-06 5348
22 2.586403760721713e-06 4.799938575185822e-06 4308
22.5 2.049052508330356e-06 4.072670679200516e-06 3563
23 1.421242612841743e-06 2.887270037177679e-06 2448
23.5 1.061352818781068e-06 2.183514769875195e-06 1868
24 7.634052085507446e-07 1.567051108463095e-06 1358
24.5 7.007941770559044e-07 1.361364483959565e-06 1062
25 4.625083490322324e-07 9.268013431322441e-07 776
25.5 2.597976400872854e-07 5.665100973824811e-07 432
26 1.284238121885104e-07 2.447446354699836e-07 200
26.5 1.099169340631109e-07 2.133290630629293e-07 168
27 4.024468855042847e-08 6.015928636816031e-08 56
27.5 4.886122645133189e-09 9.989943630654954e-09 7

0.5 2.713480335936649e-10 4.379050393184366e-10 18
1 2.271620089836868e-09 2.820064069029706e-09 62
1.5 4.502651585883899e-09 7.203489078862966e-09 98
2 1.226654977112249e-08 2.306192770283621e-08 210
2.5 2.453338463192796e-08 4.228528296554553e-08 350
3 4.251740627402109e-08 6.2351997850068e-08 450
3.5 6.514209674639197e-08 1.079923198056122e-07 602
4 8.922637168590215e-08 1.546048558936524e-07 762
4.5 1.468933230882641e-07 2.472969746915912e-07 1142
5 1.975020297732365e-07 3.129277637789185e-07 1250
5.5 2.446636780562655e-07 3.886334462739021e-07 1458
6 3.150868230060812e-07 5.353492714302776e-07 1814
6.5 4.047613486584024e-07 6.642778523491786e-07 2178
7 5.03208234790597e-07 8.88058783943752e-07 2498
7.5 5.736123744819706e-07 8.850467637010355e-07 2622
8 7.934149915758681e-07 1.317840955967535e-06 3338
8.5 9.455906675075179e-07 1.488027846635821e-06 3722
9 1.086540582267014e-06 1.819747176726397e-06 4170
9.5 1.169731223042038e-06 1.962763881780278e-06 4358
10 1.356950021297984e-06 2.391636230339724e-06 5034
10.5 1.726594967801229e-06 2.879720476146318e-06 5714
11 1.877415516386935e-06 3.031805462499855e-06 5982
11.5 2.107789049718715e-06 3.567940493159775e-06 6602
12 2.402869543802932e-06 4.050752103360724e-06 7130
12.5 2.708212142323275e-06 4.796730625620039e-06 8034
13 3.032810642463526e-06 5.416563720672727e-06 8606
13.5 3.284572980421847e-06 5.822946588668169e-06 9066
14 3.789153712343653e-06 6.552603364342333e-06 9962
14.5 4.138816240779188e-06 7.159504221345604e-06 10550
15 4.598996052206692e-06 8.002982244145631e-06 11226
15.5 5.009899933754093e-06 9.047101284592153e-06 12146
16 5.169739711985858e-06 9.427903202911721e-06 12303
16.5 5.594137729239745e-06 9.892677911750659e-06 12584
17 5.45203024949765e-06 9.87779135477754e-06 12120
17.5 5.046114230596075e-06 9.305106701991404e-06 11180
18 5.19250959146432e-06 9.613405011505342e-06 11096
18.5 4.773629839292508e-06 9.030548773104038e-06 10056
19 4.581147732120908e-06 9.006938329576245e-06 9716
19.5 4.230144219976645e-06 7.941640197221616e-06 8604
20 3.95244979678639e-06 7.7131397355337e-06 8060
20.5 3.681456427903607e-06 7.086768915912938e-06 7320
21 3.298495585821693e-06 6.296223022662338e-06 6356
21.5 2.898597429232845e-06 5.589893780894279e-06 5348
22 2.359370676856547e-06 4.338881069276833e-06 4308
22.5 1.92594778494146e-06 3.868808191490044e-06 3563
23 1.314958186415977e-06 2.784166990621018e-06 2448
23.5 1.023661628877807e-06 2.104630902839012e-06 1868
24 7.996234449152199e-07 1.606870706677196e-06 1358
24.5 6.045449643160437e-07 1.115570624017963e-06 1062
25 4.626485296955359e-07 9.993886400960645e-07 776
25.5 2.665971449807584e-07 5.626491829243248e-07 432
26 1.046233046220576e-07 1.917086591830249e-07 200
26.5 1.128547978378569e-07 1.967227583913084e-07 168
27 2.351351416854071e-08 6.324341021802162e-08 56
27.5 1.250856960862043e-09 4.84409663041043e-09 7

