1:binCentralValue 2:valuesAverage 3:multiplicity
0.5 0 18
1 0 62
1.5 0 98
2 0 210
2.5 0 350
3 0 450
3.5 0 602
4 0 762
4.5 0 1142
5 0 1250
5.5 0 1458
6 0 1814
6.5 0 2178
7 0 2498
7.5 0 2622
8 0 3338
8.5 0 3722
9 0 4170
9.5 0 4358
10 0 5034
10.5 0 5714
11 0 5982
11.5 0 6602
12 0 7130
12.5 0 8034
13 0 8606
13.5 0 9066
14 0 9962
14.5 0 10550
15 0 11226
15.5 0 12146
16 0 12303
16.5 0 12584
17 0 12120
17.5 0 11180
18 0 11096
18.5 0 10056
19 0 9716
19.5 0 8604
20 0 8060
20.5 0 7320
21 0 6356
21.5 0 5348
22 0 4308
22.5 0 3563
23 0 2448
23.5 0 1868
24 0 1358
24.5 0 1062
25 0 776
25.5 0 432
26 0 200
26.5 0 168
27 0 56
27.5 0 7

0.5 6.169346054273087e-20 18
1 2.198850513983601e-19 62
1.5 5.020103801501704e-19 98
2 4.840777553854501e-19 210
2.5 1.078542048419374e-18 350
3 5.934090445520741e-19 450
3.5 2.066462005614187e-18 602
4 1.293537253543381e-18 762
4.5 1.49965714830897e-17 1142
5 1.964781028324229e-17 1250
5.5 1.967426991796129e-17 1458
6 1.79662417231015e-17 1814
6.5 2.082825490483403e-17 2178
7 1.203296665704059e-17 2498
7.5 1.89586517330312e-17 2622
8 1.171852364213152e-17 3338
8.5 1.360904512744912e-17 3722
9 1.044890184082058e-17 4170
9.5 9.82835324610926e-18 4358
10 1.333298985033634e-17 5034
10.5 2.014013888121432e-17 5714
11 2.942604266666649e-17 5982
11.5 4.024704801199099e-17 6602
12 5.016196203626151e-17 7130
12.5 5.092282458390034e-17 8034
13 6.096645804987419e-17 8606
13.5 6.807957617068585e-17 9066
14 7.786933499072058e-17 9962
14.5 8.748338270971608e-17 10550
15 9.720266180335716e-17 11226
15.5 1.004391296870464e-16 12146
16 9.942977570911513e-17 12303
16.5 9.475518296958346e-17 12584
17 7.932191714245264e-17 12120
17.5 6.198805742374171e-17 11180
18 5.0954018247211e-17 11096
18.5 4.262571126429707e-17 10056
19 3.974882471441846e-17 9716
19.5 3.492837208832254e-17 8604
20 3.497734780669098e-17 8060
20.5 3.788223944904667e-17 7320
21 3.349418131758487e-17 6356
21.5 3.060854123235317e-17 5348
22 2.80857634317143e-17 4308
22.5 2.993924681036988e-17 3563
23 2.367984356978948e-17 2448
23.5 1.830731055701607e-17 1868
24 1.272518470050103e-17 1358
24.5 9.727516789406045e-18 1062
25 1.137121874475844e-17 776
25.5 8.856814860408478e-18 432
26 5.866877078475536e-18 200
26.5 5.66225750909664e-18 168
27 1.535858214161246e-18 56
27.5 1.02579026468183e-19 7

0.5 1.210797546220453e-17 18
1 8.54209912647115e-17 62
1.5 1.315120387174366e-16 98
2 1.841839430600462e-16 210
2.5 1.546561853843485e-16 350
3 5.383111412776488e-17 450
3.5 8.084643248954881e-18 602
4 7.048377872404132e-18 762
4.5 5.82185617327977e-17 1142
5 2.722833740348909e-16 1250
5.5 5.422871681969427e-16 1458
6 7.903469837916466e-16 1814
6.5 1.202190080697594e-15 2178
7 2.222880816192471e-15 2498
7.5 3.305430211882835e-15 2622
8 3.819851554963676e-15 3338
8.5 3.176344794319446e-15 3722
9 1.944195329129692e-15 4170
9.5 8.036229421977842e-16 4358
10 2.936959913178757e-16 5034
10.5 2.094283346824232e-16 5714
11 4.326944165535119e-16 5982
11.5 8.260899861246796e-16 6602
12 1.053747775284302e-15 7130
12.5 1.188813665516995e-15 8034
13 1.220397678803783e-15 8606
13.5 1.252636982510393e-15 9066
14 1.316928878889555e-15 9962
14.5 1.359340630314649e-15 10550
15 1.457091338529215e-15 11226
15.5 1.519006968503733e-15 12146
16 1.374874021312065e-15 12303
16.5 1.123316567552407e-15 12584
17 7.555888848028258e-16 12120
17.5 4.884309226037056e-16 11180
18 3.416829384119561e-16 11096
18.5 2.338719776223762e-16 10056
19 1.759848759259848e-16 9716
19.5 1.211060011492485e-16 8604
20 9.236968295622741e-17 8060
20.5 6.998049734247375e-17 7320
21 5.624281345970366e-17 6356
21.5 4.539645962936042e-17 5348
22 3.887361263876131e-17 4308
22.5 3.760191597823738e-17 3563
23 3.39493664993378e-17 2448
23.5 3.275630427164315e-17 1868
24 3.112990865979969e-17 1358
24.5 2.854226369351748e-17 1062
25 2.852335875693656e-17 776
25.5 1.734088340370875e-17 432
26 8.657600466584277e-18 200
26.5 6.802495145998348e-18 168
27 9.974043007186367e-19 56
27.5 9.268273765863009e-20 7

0.5 5.901156611123667e-15 18
1 5.015842630290047e-14 62
1.5 7.411487889199157e-14 98
2 9.410013344204883e-14 210
2.5 1.295117436051947e-13 350
3 1.103828847204865e-13 450
3.5 1.0384508132602e-13 602
4 1.055724609789244e-13 762
4.5 1.246427703786197e-13 1142
5 1.03584453463581e-13 1250
5.5 8.920841767891975e-14 1458
6 7.062482124689736e-14 1814
6.5 4.306350390599983e-14 2178
7 2.310420455040277e-14 2498
7.5 1.064928474815728e-14 2622
8 6.549302764169179e-15 3338
8.5 4.296375155403423e-15 3722
9 4.038722340600202e-15 4170
9.5 9.563725073746102e-15 4358
10 2.493896779671405e-14 5034
10.5 3.539126781383545e-14 5714
11 3.561523031419798e-14 5982
11.5 4.883450052526096e-14 6602
12 8.15050198253983e-14 7130
12.5 1.275620737986783e-13 8034
13 1.428394518999779e-13 8606
13.5 1.454699934839737e-13 9066
14 1.331214723441954e-13 9962
14.5 1.194185147670314e-13 10550
15 1.112625910734981e-13 11226
15.5 1.031493444634913e-13 12146
16 9.04877471360794e-14 12303
16.5 7.830852813501827e-14 12584
17 6.090507267941397e-14 12120
17.5 4.705387697421657e-14 11180
18 3.911911692947219e-14 11096
18.5 2.783650214585964e-14 10056
19 1.765153441328828e-14 9716
19.5 1.023166764650767e-14 8604
20 7.355761684587935e-15 8060
20.5 5.987914347705241e-15 7320
21 5.198051658577639e-15 6356
21.5 4.76355486491412e-15 5348
22 3.832157867725037e-15 4308
22.5 3.058231465743545e-15 3563
23 1.756675094887948e-15 2448
23.5 9.911402050057261e-16 1868
24 5.533804804214117e-16 1358
24.5 2.337243929537759e-16 1062
25 1.256635952075776e-16 776
25.5 5.09030266177514e-17 432
26 2.472313551858316e-17 200
26.5 1.830731675565155e-17 168
27 3.249253384339914e-18 56
27.5 6.369140755314173e-19 7

0.5 1.398432566427637e-10 18
1 8.341647776753326e-10 62
1.5 1.571647764149576e-09 98
2 3.594039960297907e-09 210
2.5 5.455074316633254e-09 350
3 5.153809165780165e-09 450
3.5 5.059261550860871e-09 602
4 4.291784595282551e-09 762
4.5 4.538062744822576e-09 1142
5 2.905555372555584e-09 1250
5.5 2.636637169603193e-09 1458
6 2.912366523985915e-09 1814
6.5 3.793700026491642e-09 2178
7 5.054544283921726e-09 2498
7.5 5.872275312546522e-09 2622
8 8.66488459462091e-09 3338
8.5 1.086897807493803e-08 3722
9 1.32501677727816e-08 4170
9.5 1.53290238996039e-08 4358
10 1.969151048445825e-08 5034
10.5 2.424151494062628e-08 5714
11 2.659287373152938e-08 5982
11.5 3.109270655712766e-08 6602
12 3.709327212371028e-08 7130
12.5 4.266280434648482e-08 8034
13 4.631614094658064e-08 8606
13.5 4.830477784495173e-08 9066
14 5.488751669134854e-08 9962
14.5 6.022978072438956e-08 10550
15 6.361521699838917e-08 11226
15.5 6.891770297102995e-08 12146
16 6.869856172557364e-08 12303
16.5 6.32573726572176e-08 12584
17 5.098925009959916e-08 12120
17.5 4.045502907630326e-08 11180
18 3.319578681373504e-08 11096
18.5 2.609612669377161e-08 10056
19 2.197479207690259e-08 9716
19.5 1.892980035143602e-08 8604
20 1.764417208826124e-08 8060
20.5 1.641140818359844e-08 7320
21 1.572424810340763e-08 6356
21.5 1.363855592721539e-08 5348
22 1.182921077991184e-08 4308
22.5 1.065389803758049e-08 3563
23 8.099506235668358e-09 2448
23.5 6.828074944406737e-09 1868
24 5.173312056369538e-09 1358
24.5 4.324826818503962e-09 1062
25 3.054284135953942e-09 776
25.5 1.747104841758538e-09 432
26 8.995097490128126e-10 200
26.5 6.853680998243297e-10 168
27 2.306100579084585e-10 56
27.5 1.733684400209319e-11 7

0.5 6.554655598287888e-09 18
1 3.182414714176439e-08 62
1.5 5.871493729088992e-08 98
2 1.171338722812291e-07 210
2.5 1.6024952043033e-07 350
3 1.347938697725716e-07 450
3.5 8.981199728714003e-08 602
4 6.186995138462388e-08 762
4.5 5.71096102559101e-08 1142
5 5.955784513045305e-08 1250
5.5 8.224546099469867e-08 1458
6 1.190625824631641e-07 1814
6.5 1.496425981449558e-07 2178
7 1.789598305371862e-07 2498
7.5 1.776318766745202e-07 2622
8 1.928806924996506e-07 3338
8.5 1.917657016876046e-07 3722
9 2.020945173747068e-07 4170
9.5 1.945125721503027e-07 4358
10 2.094336311486036e-07 5034
10.5 2.261732966015057e-07 5714
11 2.302665713782118e-07 5982
11.5 2.589210621867462e-07 6602
12 2.822532831766789e-07 7130
12.5 3.248659886628288e-07 8034
13 3.626797290922354e-07 8606
13.5 4.050601701147014e-07 9066
14 4.882806731041756e-07 9962
14.5 5.615789212108041e-07 10550
15 6.551427701364176e-07 11226
15.5 7.564792902726979e-07 12146
16 8.327449959832369e-07 12303
16.5 9.002759550537951e-07 12584
17 9.264108927327863e-07 12120
17.5 9.055712087818058e-07 11180
18 9.654407651611487e-07 11096
18.5 9.424638127682611e-07 10056
19 9.571935485890634e-07 9716
19.5 8.910255618096043e-07 8604
20 8.853619046423293e-07 8060
20.5 8.61032589186882e-07 7320
21 8.315642819255645e-07 6356
21.5 7.338103298544161e-07 5348
22 6.303072731060467e-07 4308
22.5 5.618509906280403e-07 3563
23 4.084081955214673e-07 2448
23.5 3.195066033070697e-07 1868
24 2.163826266119479e-07 1358
24.5 1.702132080571529e-07 1062
25 1.218588830822423e-07 776
25.5 5.960845471501216e-08 432
26 2.85094407329317e-08 200
26.5 2.555587356132945e-08 168
27 8.144806986171046e-09 56
27.5 3.195861093776806e-10 7

0.5 4.124199551268845e-08 18
1 1.296078484006531e-07 62
1.5 2.426728433885458e-07 98
2 3.393083950431467e-07 210
2.5 5.900539076362544e-07 350
3 4.961732264440478e-07 450
3.5 3.27061747172968e-07 602
4 2.580044451354945e-07 762
4.5 3.671785871866346e-07 1142
5 3.466339422993364e-07 1250
5.5 3.089966646111895e-07 1458
6 3.701191056246524e-07 1814
6.5 4.728347496191626e-07 2178
7 5.161324319162623e-07 2498
7.5 4.832031500276609e-07 2622
8 5.234807850567048e-07 3338
8.5 5.278940571650957e-07 3722
9 5.770803076066156e-07 4170
9.5 5.793083170613367e-07 4358
10 7.053561508235339e-07 5034
10.5 8.12554917080728e-07 5714
11 9.352029137841503e-07 5982
11.5 1.089193108367359e-06 6602
12 1.238739564180621e-06 7130
12.5 1.481120319127532e-06 8034
13 1.593102335940848e-06 8606
13.5 1.797358629099033e-06 9066
14 2.081948898291664e-06 9962
14.5 2.33977197756259e-06 10550
15 2.705262703929165e-06 11226
15.5 3.060318421373342e-06 12146
16 3.217966870962859e-06 12303
16.5 3.36518444012146e-06 12584
17 3.281685760471522e-06 12120
17.5 3.101654187395057e-06 11180
18 3.196524456091214e-06 11096
18.5 3.091825643100588e-06 10056
19 3.039774537650205e-06 9716
19.5 2.876058075532657e-06 8604
20 2.862871900588086e-06 8060
20.5 2.714480409037137e-06 7320
21 2.468153122819483e-06 6356
21.5 2.10923579973195e-06 5348
22 1.712107872179589e-06 4308
22.5 1.511941127709889e-06 3563
23 1.077118440711717e-06 2448
23.5 9.306991319274596e-07 1868
24 6.458663915740369e-07 1358
24.5 5.795809506821632e-07 1062
25 4.322819753322344e-07 776
25.5 2.636420985307278e-07 432
26 1.083041214164652e-07 200
26.5 9.435820276692344e-08 168
27 3.184790371359212e-08 56
27.5 2.862554366146633e-09 7

0.5 8.957530981146518e-08 18
1 2.875994278493177e-07 62
1.5 4.223964611331035e-07 98
2 5.111512595862411e-07 210
2.5 6.602766567705699e-07 350
3 7.479685155673487e-07 450
3.5 5.872804128036656e-07 602
4 6.329752280209518e-07 762
4.5 7.323176298598527e-07 1142
5 6.110671811209268e-07 1250
5.5 6.687041630083824e-07 1458
6 6.745561345591414e-07 1814
6.5 8.550335143517951e-07 2178
7 9.738497162274332e-07 2498
7.5 9.458246030050387e-07 2622
8 1.090120269258128e-06 3338
8.5 1.261345657443407e-06 3722
9 1.504133678767201e-06 4170
9.5 1.5764510955465e-06 4358
10 1.796282782983921e-06 5034
10.5 1.977118678270646e-06 5714
11 2.128531242209171e-06 5982
11.5 2.539167860645008e-06 6602
12 2.861884506672834e-06 7130
12.5 3.393056592902858e-06 8034
13 3.699680194303474e-06 8606
13.5 4.189239209504408e-06 9066
14 4.84785568967528e-06 9962
14.5 5.517545483951654e-06 10550
15 6.168248266946473e-06 11226
15.5 7.080544256758879e-06 12146
16 7.379761257538105e-06 12303
16.5 7.876174073771675e-06 12584
17 7.850333746165191e-06 12120
17.5 7.301235016892351e-06 11180
18 7.311475070382065e-06 11096
18.5 6.967206640904682e-06 10056
19 6.769274733512368e-06 9716
19.5 6.117128752467141e-06 8604
20 5.91530896578711e-06 8060
20.5 5.552604238997238e-06 7320
21 5.067247763568991e-06 6356
21.5 4.416647492849185e-06 5348
22 3.349008921849824e-06 4308
22.5 2.966970914696717e-06 3563
23 2.112914568774674e-06 2448
23.5 1.679142171339969e-06 1868
24 1.222955910961925e-06 1358
24.5 1.030857096742514e-06 1062
25 7.317142744354075e-07 776
25.5 4.151321919267431e-07 432
26 1.925039410748747e-07 200
26.5 1.502948183740058e-07 168
27 5.12739147113224e-08 56
27.5 6.249969099767552e-09 7

0.5 1.851520485107972e-07 18
1 6.255847664610841e-07 62
1.5 7.42104388209485e-07 98
2 1.207985351122247e-06 210
2.5 1.115716668158101e-06 350
3 1.302259784517008e-06 450
3.5 1.166885131628021e-06 602
4 1.305301209998515e-06 762
4.5 1.60669786786157e-06 1142
5 1.566207532071051e-06 1250
5.5 1.589510546407869e-06 1458
6 1.989905569776179e-06 1814
6.5 2.27325362623469e-06 2178
7 2.606329931999078e-06 2498
7.5 2.597392515655697e-06 2622
8 3.197435864483937e-06 3338
8.5 3.446242023810387e-06 3722
9 4.047964511445591e-06 4170
9.5 4.190060114869673e-06 4358
10 5.088024170973472e-06 5034
10.5 5.612719828368086e-06 5714
11 6.270685973188355e-06 5982
11.5 6.76106266128468e-06 6602
12 7.505622758884282e-06 7130
12.5 8.855416475979564e-06 8034
13 1.001993276105476e-05 8606
13.5 1.095921951659941e-05 9066
14 1.245117534321795e-05 9962
14.5 1.397536538005886e-05 10550
15 1.529346702778447e-05 11226
15.5 1.699227619492914e-05 12146
16 1.761283060448666e-05 12303
16.5 1.83353828006229e-05 12584
17 1.747233869813584e-05 12120
17.5 1.622693901794017e-05 11180
18 1.609647332928953e-05 11096
18.5 1.474317768274955e-05 10056
19 1.404104654017622e-05 9716
19.5 1.245254880592083e-05 8604
20 1.163294752420808e-05 8060
20.5 1.079114033075409e-05 7320
21 9.435636762816615e-06 6356
21.5 8.139574837404202e-06 5348
22 6.446670841818333e-06 4308
22.5 5.576544525196354e-06 3563
23 3.615087820847984e-06 2448
23.5 2.889320827885722e-06 1868
24 2.183556109063442e-06 1358
24.5 1.598035490398045e-06 1062
25 1.471743359391135e-06 776
25.5 7.287560443499196e-07 432
26 3.479288121446838e-07 200
26.5 2.686271520995562e-07 168
27 8.31885578132699e-08 56
27.5 1.314644126772911e-08 7

0.5 2.289983273695136e-07 18
1 7.63801059662893e-07 62
1.5 1.1848233031057e-06 98
2 1.306825965278793e-06 210
2.5 1.873437862334517e-06 350
3 1.688885344870853e-06 450
3.5 1.902947598995662e-06 602
4 2.131751004648539e-06 762
4.5 2.835282215484689e-06 1142
5 2.853226010085528e-06 1250
5.5 3.381587545011916e-06 1458
6 3.898887067872076e-06 1814
6.5 4.543380347574342e-06 2178
7 4.912972138237129e-06 2498
7.5 5.494058472368646e-06 2622
8 6.660741545488304e-06 3338
8.5 7.163536427436828e-06 3722
9 8.201682235337856e-06 4170
9.5 8.815361985494281e-06 4358
10 1.007687228238199e-05 5034
10.5 1.165775995346559e-05 5714
11 1.241291431340837e-05 5982
11.5 1.404664088155954e-05 6602
12 1.500693103552114e-05 7130
12.5 1.754654673812172e-05 8034
13 1.897492566454622e-05 8606
13.5 2.127615201812647e-05 9066
14 2.312568883496563e-05 9962
14.5 2.58059280570426e-05 10550
15 2.838763580910061e-05 11226
15.5 3.07145060644082e-05 12146
16 3.207342512109732e-05 12303
16.5 3.285472804290119e-05 12584
17 3.187063737107329e-05 12120
17.5 2.920763333044865e-05 11180
18 2.869477973115851e-05 11096
18.5 2.638783159610667e-05 10056
19 2.552698400493701e-05 9716
19.5 2.278672564091614e-05 8604
20 2.173338589093464e-05 8060
20.5 1.97523816406635e-05 7320
21 1.748442010304955e-05 6356
21.5 1.42500594455949e-05 5348
22 1.172045703713885e-05 4308
22.5 9.776983569726319e-06 3563
23 6.932646438654163e-06 2448
23.5 5.155971385584752e-06 1868
24 3.924558314659519e-06 1358
24.5 2.846232846290267e-06 1062
25 2.243240238910326e-06 776
25.5 1.238285143206765e-06 432
26 6.07368562907404e-07 200
26.5 5.012473340989218e-07 168
27 2.026237403940423e-07 56
27.5 2.792728124458331e-08 7

0.5 2.037013188045411e-07 18
1 9.273183886644367e-07 62
1.5 1.51558039163992e-06 98
2 2.180384177954668e-06 210
2.5 2.164232339662065e-06 350
3 2.344921363854689e-06 450
3.5 2.668062661923827e-06 602
4 3.07165991508955e-06 762
4.5 4.309559106215571e-06 1142
5 4.376531640461264e-06 1250
5.5 4.923631475272894e-06 1458
6 5.813703142399602e-06 1814
6.5 7.27157588968973e-06 2178
7 8.124919851143831e-06 2498
7.5 8.653237751349044e-06 2622
8 1.093463004064544e-05 3338
8.5 1.185798948353883e-05 3722
9 1.351641111583978e-05 4170
9.5 1.443389284084357e-05 4358
10 1.661767965679734e-05 5034
10.5 1.855006030949887e-05 5714
11 2.03517359045661e-05 5982
11.5 2.285304704161154e-05 6602
12 2.46096168326247e-05 7130
12.5 2.8509621997234e-05 8034
13 3.095876641296809e-05 8606
13.5 3.332430880937432e-05 9066
14 3.662487785086251e-05 9962
14.5 4.032988551750367e-05 10550
15 4.376000998448507e-05 11226
15.5 4.891875464895079e-05 12146
16 4.956176935166194e-05 12303
16.5 5.089503203011901e-05 12584
17 5.02688977373801e-05 12120
17.5 4.54852112866979e-05 11180
18 4.425199090786155e-05 11096
18.5 4.056749667079419e-05 10056
19 3.936259268350509e-05 9716
19.5 3.424619606261545e-05 8604
20 3.171966317590345e-05 8060
20.5 2.920595322322026e-05 7320
21 2.56379252601672e-05 6356
21.5 2.106846241658723e-05 5348
22 1.669845398135075e-05 4308
22.5 1.459022039466364e-05 3563
23 1.047458883798604e-05 2448
23.5 7.522032549187245e-06 1868
24 5.937271355956244e-06 1358
24.5 4.147688954075608e-06 1062
25 3.24163032021038e-06 776
25.5 1.770670938719587e-06 432
26 9.86333037866864e-07 200
26.5 7.395696143995313e-07 168
27 2.570467330395665e-07 56
27.5 4.815140564534405e-08 7

0.5 1.815283710729142e-07 18
1 1.508561858530383e-06 62
1.5 1.654148252047226e-06 98
2 1.859871400101916e-06 210
2.5 2.575746601723991e-06 350
3 3.04951617933197e-06 450
3.5 3.137009170484707e-06 602
4 3.939889344311838e-06 762
4.5 5.573837032281869e-06 1142
5 5.599055568943225e-06 1250
5.5 6.47500576778259e-06 1458
6 8.133876784181638e-06 1814
6.5 9.719473062263666e-06 2178
7 1.092697308542918e-05 2498
7.5 1.196880723427262e-05 2622
8 1.49723224920115e-05 3338
8.5 1.645618578809205e-05 3722
9 1.899985307580162e-05 4170
9.5 1.989459321784431e-05 4358
10 2.303809465867341e-05 5034
10.5 2.501880324659138e-05 5714
11 2.807587161418831e-05 5982
11.5 3.093498849908545e-05 6602
12 3.30252384970422e-05 7130
12.5 3.783384728195095e-05 8034
13 4.133062934785708e-05 8606
13.5 4.438607912355681e-05 9066
14 4.813776370265971e-05 9962
14.5 5.334426140959374e-05 10550
15 5.848140451744874e-05 11226
15.5 6.44753837278737e-05 12146
16 6.666334528411931e-05 12303
16.5 6.687040674626644e-05 12584
17 6.604861347788357e-05 12120
17.5 5.942329586687861e-05 11180
18 5.821067336137413e-05 11096
18.5 5.362958784453071e-05 10056
19 5.179611229799974e-05 9716
19.5 4.502605817606727e-05 8604
20 4.361071515644487e-05 8060
20.5 3.957159876170088e-05 7320
21 3.447591469465595e-05 6356
21.5 2.947316081358312e-05 5348
22 2.291613384979078e-05 4308
22.5 1.947913030168698e-05 3563
23 1.313610498285758e-05 2448
23.5 1.053117537427687e-05 1868
24 7.389486238471798e-06 1358
24.5 5.553316905722985e-06 1062
25 4.506591506016225e-06 776
25.5 2.543667149625472e-06 432
26 1.352587618377599e-06 200
26.5 1.11680491566444e-06 168
27 3.819162148187498e-07 56
27.5 6.383907318807573e-08 7

0.5 2.541681848591847e-07 18
1 1.830858411504083e-06 62
1.5 1.322432151648683e-06 98
2 2.056371307259074e-06 210
2.5 2.441340593907169e-06 350
3 3.094644919599196e-06 450
3.5 3.643475023933651e-06 602
4 4.846123271349237e-06 762
4.5 6.783636460760445e-06 1142
5 6.504212612130409e-06 1250
5.5 8.014510011672238e-06 1458
6 1.029488697000896e-05 1814
6.5 1.193488365912734e-05 2178
7 1.337327730987463e-05 2498
7.5 1.450512969009992e-05 2622
8 1.772841468627154e-05 3338
8.5 1.977477757711758e-05 3722
9 2.313837194509512e-05 4170
9.5 2.387282681715644e-05 4358
10 2.772006401419635e-05 5034
10.5 3.109873151553121e-05 5714
11 3.398110605583711e-05 5982
11.5 3.789949767672109e-05 6602
12 4.136192480618649e-05 7130
12.5 4.551802542141677e-05 8034
13 5.036451670350126e-05 8606
13.5 5.496357310195524e-05 9066
14 5.964146714388061e-05 9962
14.5 6.53753659440261e-05 10550
15 7.213114740170128e-05 11226
15.5 7.80721667968192e-05 12146
16 8.125476363016398e-05 12303
16.5 8.239602974447258e-05 12584
17 7.821784672628052e-05 12120
17.5 7.30820857964148e-05 11180
18 7.188955917107586e-05 11096
18.5 6.588782957798239e-05 10056
19 6.304429411914584e-05 9716
19.5 5.447360168928824e-05 8604
20 5.298693463263877e-05 8060
20.5 4.837075166920853e-05 7320
21 4.192567215245897e-05 6356
21.5 3.54049580798505e-05 5348
22 2.801047377564207e-05 4308
22.5 2.347146332318107e-05 3563
23 1.620425798695025e-05 2448
23.5 1.26427355561138e-05 1868
24 9.258037575347048e-06 1358
24.5 6.686031161314155e-06 1062
25 5.741586092442488e-06 776
25.5 3.127851251029096e-06 432
26 1.310623164463995e-06 200
26.5 1.237164861830236e-06 168
27 4.94083213314318e-07 56
27.5 4.079853440629485e-08 7

0.5 4.078954403090929e-07 18
1 1.492141862424853e-06 62
1.5 1.386598237113825e-06 98
2 2.431604575291957e-06 210
2.5 3.072651992444059e-06 350
3 3.659048643108653e-06 450
3.5 4.606505790781912e-06 602
4 5.471704775118676e-06 762
4.5 7.7216233520191e-06 1142
5 7.639817866954467e-06 1250
5.5 9.3362698967016e-06 1458
6 1.189683300112334e-05 1814
6.5 1.436917972469089e-05 2178
7 1.53029558639881e-05 2498
7.5 1.719066874438615e-05 2622
8 2.095524393221018e-05 3338
8.5 2.337971053650535e-05 3722
9 2.584043008493766e-05 4170
9.5 2.679936491446225e-05 4358
10 3.151724622532179e-05 5034
10.5 3.610061111527436e-05 5714
11 3.952099721873168e-05 5982
11.5 4.414563229845562e-05 6602
12 4.710264466011267e-05 7130
12.5 5.361558355498737e-05 8034
13 5.783598373398675e-05 8606
13.5 6.25624948485751e-05 9066
14 6.817847981436073e-05 9962
14.5 7.570006940109701e-05 10550
15 8.388999743769937e-05 11226
15.5 9.080674114887415e-05 12146
16 9.323957722551486e-05 12303
16.5 9.37793001524013e-05 12584
17 9.229802518139752e-05 12120
17.5 8.366421260145299e-05 11180
18 8.296400621182201e-05 11096
18.5 7.504052398767133e-05 10056
19 7.249236751599666e-05 9716
19.5 6.245079537387427e-05 8604
20 6.03939551941274e-05 8060
20.5 5.544867876092752e-05 7320
21 4.874756800554847e-05 6356
21.5 4.077670930852452e-05 5348
22 3.272248252244599e-05 4308
22.5 2.659521065863015e-05 3563
23 1.829359720011666e-05 2448
23.5 1.480606800178977e-05 1868
24 9.890957597265852e-06 1358
24.5 7.821571577876328e-06 1062
25 6.016672303650937e-06 776
25.5 3.42056164491031e-06 432
26 1.502817948011266e-06 200
26.5 1.418362748591638e-06 168
27 4.021720450041305e-07 56
27.5 8.517429924273467e-08 7

0.5 5.062783803599334e-07 18
1 1.110900092858053e-06 62
1.5 1.605939685901193e-06 98
2 2.015584101931588e-06 210
2.5 2.873418250253929e-06 350
3 4.022338016645755e-06 450
3.5 4.583952846650406e-06 602
4 5.741265847875495e-06 762
4.5 8.840820611685659e-06 1142
5 8.617858614570209e-06 1250
5.5 1.069352993435643e-05 1458
6 1.3174934901503e-05 1814
6.5 1.591156178934641e-05 2178
7 1.716108212949653e-05 2498
7.5 1.800444463143105e-05 2622
8 2.317952723593676e-05 3338
8.5 2.516136877306933e-05 3722
9 3.01452329746164e-05 4170
9.5 3.074071099141983e-05 4358
10 3.549061673433138e-05 5034
10.5 3.969027401738159e-05 5714
11 4.384234373512547e-05 5982
11.5 4.864524259490097e-05 6602
12 5.357855791611614e-05 7130
12.5 6.060001180872768e-05 8034
13 6.471802539690963e-05 8606
13.5 6.894149628745768e-05 9066
14 7.47670979855393e-05 9962
14.5 8.475488713457984e-05 10550
15 9.213932900515551e-05 11226
15.5 0.0001005791204966868 12146
16 0.0001031837124506163 12303
16.5 0.0001057181057166499 12584
17 0.0001008414980293488 12120
17.5 9.304218030837391e-05 11180
18 9.079782074334796e-05 11096
18.5 8.247187919457324e-05 10056
19 8.016721961263387e-05 9716
19.5 6.923988875177913e-05 8604
20 6.705824068748036e-05 8060
20.5 6.014027810451349e-05 7320
21 5.401954909361985e-05 6356
21.5 4.52007631807163e-05 5348
22 3.496529696924304e-05 4308
22.5 3.0244958472022e-05 3563
23 2.091697930252186e-05 2448
23.5 1.595311219599838e-05 1868
24 1.124628365731024e-05 1358
24.5 8.992114796607907e-06 1062
25 7.302078823332515e-06 776
25.5 3.780609746507613e-06 432
26 1.498555923934815e-06 200
26.5 1.506051589755165e-06 168
27 6.904277250758862e-07 56
27.5 4.943543138860002e-08 7

0.5 5.66152162034948e-07 18
1 1.133932668575011e-06 62
1.5 1.520845102977846e-06 98
2 2.521572324107254e-06 210
2.5 3.535953587355015e-06 350
3 4.109269171959606e-06 450
3.5 5.029086861331541e-06 602
4 6.346485773360553e-06 762
4.5 9.845135550514372e-06 1142
5 9.70167452216037e-06 1250
5.5 1.172012202463487e-05 1458
6 1.430900581484002e-05 1814
6.5 1.761463505793003e-05 2178
7 1.884554381378732e-05 2498
7.5 2.044603807443771e-05 2622
8 2.505825854649001e-05 3338
8.5 2.845996734714127e-05 3722
9 3.222876161137254e-05 4170
9.5 3.287791597736395e-05 4358
10 3.960410931062557e-05 5034
10.5 4.373320482503968e-05 5714
11 4.665322492546891e-05 5982
11.5 5.280597361186559e-05 6602
12 5.746841440725839e-05 7130
12.5 6.491433457166819e-05 8034
13 6.963936445384333e-05 8606
13.5 7.453988903909856e-05 9066
14 8.180659956760343e-05 9962
14.5 9.086738031516224e-05 10550
15 9.998412395411268e-05 11226
15.5 0.000107993816791105 12146
16 0.0001125134228335794 12303
16.5 0.0001117941086333953 12584
17 0.000107569148526567 12120
17.5 9.961134563001393e-05 11180
18 9.774046139343276e-05 11096
18.5 8.931606171721475e-05 10056
19 8.545132220332442e-05 9716
19.5 7.607800034141511e-05 8604
20 7.33232256265302e-05 8060
20.5 6.626231453861614e-05 7320
21 5.754820533476242e-05 6356
21.5 4.823777428947657e-05 5348
22 3.847874718773036e-05 4308
22.5 3.261822954294614e-05 3563
23 2.238052263282854e-05 2448
23.5 1.720769473145832e-05 1868
24 1.200933000311881e-05 1358
24.5 9.427584660980021e-06 1062
25 8.308170948734366e-06 776
25.5 4.10179440495907e-06 432
26 1.844555793820979e-06 200
26.5 1.746153234436521e-06 168
27 6.994861166336716e-07 56
27.5 4.555227037004047e-08 7

0.5 5.626353755997051e-07 18
1 1.36898823250822e-06 62
1.5 1.50303327111709e-06 98
2 2.626068697795555e-06 210
2.5 3.356836191913393e-06 350
3 4.553624263783187e-06 450
3.5 5.741531292643786e-06 602
4 7.017594995618485e-06 762
4.5 1.02740741685959e-05 1142
5 1.057821911067784e-05 1250
5.5 1.230601147301969e-05 1458
6 1.533660553178609e-05 1814
6.5 1.874033968444819e-05 2178
7 2.013911282281012e-05 2498
7.5 2.202736134203927e-05 2622
8 2.702786568062953e-05 3338
8.5 2.978318270607579e-05 3722
9 3.46776583688643e-05 4170
9.5 3.583347577278943e-05 4358
10 4.041572813776389e-05 5034
10.5 4.604174119093245e-05 5714
11 4.893997608107291e-05 5982
11.5 5.597736198878843e-05 6602
12 5.992830661197785e-05 7130
12.5 6.886954550867825e-05 8034
13 7.339134935248065e-05 8606
13.5 7.967616637962296e-05 9066
14 8.712539504122043e-05 9962
14.5 9.572035485800251e-05 10550
15 0.0001052795055411341 11226
15.5 0.0001142182208787946 12146
16 0.0001183257036442503 12303
16.5 0.0001203086215955071 12584
17 0.0001146002431836313 12120
17.5 0.0001052107651838317 11180
18 0.0001044538155296505 11096
18.5 9.471346600143687e-05 10056
19 9.109682252025667e-05 9716
19.5 7.970750444986913e-05 8604
20 7.467020956138344e-05 8060
20.5 6.995902676481688e-05 7320
21 6.066518630992909e-05 6356
21.5 5.0996417049428e-05 5348
22 4.072309882619986e-05 4308
22.5 3.458119154283871e-05 3563
23 2.35614939517097e-05 2448
23.5 1.811976355168068e-05 1868
24 1.310615298524568e-05 1358
24.5 9.907195681827501e-06 1062
25 8.772841257323975e-06 776
25.5 4.348042225232726e-06 432
26 2.102229432621574e-06 200
26.5 1.93771896111703e-06 168
27 5.935613360475814e-07 56
27.5 6.396665836573789e-08 7

0.5 4.989873677143167e-07 18
1 1.503220745117888e-06 62
1.5 1.55279801348056e-06 98
2 2.536574064883872e-06 210
2.5 3.631302875160287e-06 350
3 4.651050184328751e-06 450
3.5 5.591105772744049e-06 602
4 7.206489525163867e-06 762
4.5 1.060302326469629e-05 1142
5 1.115221724224845e-05 1250
5.5 1.300013061766797e-05 1458
6 1.628491391710865e-05 1814
6.5 1.960846270181652e-05 2178
7 2.107877483988322e-05 2498
7.5 2.267714344237399e-05 2622
8 2.840041794138093e-05 3338
8.5 3.160614423428883e-05 3722
9 3.614336148759189e-05 4170
9.5 3.729507106098616e-05 4358
10 4.377116921431729e-05 5034
10.5 4.839795586074239e-05 5714
11 5.170221460799925e-05 5982
11.5 5.89778606127997e-05 6602
12 6.286776568830796e-05 7130
12.5 7.131930965590176e-05 8034
13 7.735336166628588e-05 8606
13.5 8.48422221025096e-05 9066
14 9.058598929861345e-05 9962
14.5 0.0001004057552304141 10550
15 0.0001098202991244543 11226
15.5 0.0001210052117649998 12146
16 0.0001232477891694882 12303
16.5 0.0001263756757215877 12584
17 0.0001188355324048554 12120
17.5 0.0001120086772309828 11180
18 0.0001085471293808268 11096
18.5 9.804182596296266e-05 10056
19 9.407639750837677e-05 9716
19.5 8.330096468821518e-05 8604
20 8.030271723741385e-05 8060
20.5 6.966601154120544e-05 7320
21 6.292861255998533e-05 6356
21.5 5.226225447397037e-05 5348
22 4.215423009443786e-05 4308
22.5 3.423209355364111e-05 3563
23 2.355388343356169e-05 2448
23.5 1.805730508786965e-05 1868
24 1.360001902851135e-05 1358
24.5 1.02799172216561e-05 1062
25 8.975144009666333e-06 776
25.5 4.587578053505119e-06 432
26 2.163032935605152e-06 200
26.5 1.995105390847196e-06 168
27 5.748658524013557e-07 56
27.5 5.055437931159278e-08 7

0.5 4.305232773242235e-07 18
1 1.519667418519343e-06 62
1.5 1.660929339502337e-06 98
2 2.787469392760281e-06 210
2.5 3.784406559482812e-06 350
3 4.924875688187765e-06 450
3.5 6.38483932022678e-06 602
4 7.59083097222681e-06 762
4.5 1.165528716105147e-05 1142
5 1.160976957297982e-05 1250
5.5 1.365727166211512e-05 1458
6 1.683912328895262e-05 1814
6.5 2.053974864800648e-05 2178
7 2.198718388999994e-05 2498
7.5 2.338558267987209e-05 2622
8 2.906015785582262e-05 3338
8.5 3.336233597183887e-05 3722
9 3.831681924468651e-05 4170
9.5 3.898494113166397e-05 4358
10 4.414364405802145e-05 5034
10.5 5.031499220309467e-05 5714
11 5.378749441148252e-05 5982
11.5 5.972202976377437e-05 6602
12 6.445039536318499e-05 7130
12.5 7.368428909364253e-05 8034
13 8.034025560990173e-05 8606
13.5 8.830118868745181e-05 9066
14 9.26812314448604e-05 9962
14.5 0.0001034304224037628 10550
15 0.000113652676610592 11226
15.5 0.0001238198014213481 12146
16 0.0001264811520434107 12303
16.5 0.0001286727749551708 12584
17 0.0001228423783727708 12120
17.5 0.0001161626797476116 11180
18 0.000111492810941772 11096
18.5 0.0001009182835636853 10056
19 0.0001000913607942172 9716
19.5 8.613986190765507e-05 8604
20 8.061736986249377e-05 8060
20.5 7.405268059788511e-05 7320
21 6.505910862173331e-05 6356
21.5 5.596222504749377e-05 5348
22 4.454276950915345e-05 4308
22.5 3.667800137111102e-05 3563
23 2.445244819419106e-05 2448
23.5 1.953122120784929e-05 1868
24 1.422473937028659e-05 1358
24.5 1.062539134339479e-05 1062
25 9.016075419579175e-06 776
25.5 4.570004035095563e-06 432
26 2.172128716151144e-06 200
26.5 2.052044508283251e-06 168
27 6.145542933110786e-07 56
27.5 6.85592815754669e-08 7

0.5 3.732879220376674e-07 18
1 1.482243386704616e-06 62
1.5 1.765330406589208e-06 98
2 2.688821074934639e-06 210
2.5 3.704772818850861e-06 350
3 5.14260133793464e-06 450
3.5 6.259379482053734e-06 602
4 8.203766150408582e-06 762
4.5 1.217539739039429e-05 1142
5 1.188763443836085e-05 1250
5.5 1.419609782332763e-05 1458
6 1.774622560582306e-05 1814
6.5 2.172454817297072e-05 2178
7 2.2847077244775e-05 2498
7.5 2.433805804364145e-05 2622
8 3.008241970961248e-05 3338
8.5 3.444842487742588e-05 3722
9 3.878609751189663e-05 4170
9.5 3.976487103834546e-05 4358
10 4.671643898250651e-05 5034
10.5 5.267042848134746e-05 5714
11 5.474979418451712e-05 5982
11.5 6.285730049801181e-05 6602
12 6.727430537674088e-05 7130
12.5 7.506296717347794e-05 8034
13 8.22740335429151e-05 8606
13.5 8.894473824873944e-05 9066
14 9.711195698426965e-05 9962
14.5 0.0001063687123709058 10550
15 0.0001162688742681264 11226
15.5 0.0001252073500978397 12146
16 0.0001302896514543289 12303
16.5 0.0001313930276837889 12584
17 0.0001287980310574766 12120
17.5 0.0001187976363379577 11180
18 0.0001143873310022048 11096
18.5 0.0001035898304346328 10056
19 0.0001006708215758509 9716
19.5 8.790794533468364e-05 8604
20 8.450619834349589e-05 8060
20.5 7.596348194367418e-05 7320
21 6.779659647155502e-05 6356
21.5 5.57464402933122e-05 5348
22 4.375126914047683e-05 4308
22.5 3.794734163754357e-05 3563
23 2.624946906414435e-05 2448
23.5 2.069745576232516e-05 1868
24 1.392024200895642e-05 1358
24.5 1.097096789215301e-05 1062
25 8.720882681555365e-06 776
25.5 4.853912920954475e-06 432
26 2.101716295863264e-06 200
26.5 2.01789884146387e-06 168
27 6.519918690105917e-07 56
27.5 1.011994571954939e-07 7

0.5 3.294229096803879e-07 18
1 1.444286124108909e-06 62
1.5 1.683340721863497e-06 98
2 2.786364710941864e-06 210
2.5 4.197789343496635e-06 350
3 5.246988506486474e-06 450
3.5 7.040802231965592e-06 602
4 8.098306718776917e-06 762
4.5 1.2264971780975e-05 1142
5 1.215898149652917e-05 1250
5.5 1.495693420318363e-05 1458
6 1.886929796311355e-05 1814
6.5 2.224820600826814e-05 2178
7 2.367089250646224e-05 2498
7.5 2.527883277009746e-05 2622
8 3.143754476167899e-05 3338
8.5 3.540601300943227e-05 3722
9 4.019604850663129e-05 4170
9.5 4.0432611510866e-05 4358
10 4.719743219881289e-05 5034
10.5 5.283998147540855e-05 5714
11 5.693946761186095e-05 5982
11.5 6.313406655663887e-05 6602
12 6.930032970577855e-05 7130
12.5 7.683241918733637e-05 8034
13 8.420219123909653e-05 8606
13.5 8.95198189992053e-05 9066
14 9.989971417845189e-05 9962
14.5 0.0001087400217842258 10550
15 0.0001186897837723775 11226
15.5 0.0001280196341145511 12146
16 0.000133002080534222 12303
16.5 0.0001357617541450293 12584
17 0.0001314541477502105 12120
17.5 0.0001221340984784771 11180
18 0.0001172596359675373 11096
18.5 0.0001051290046893707 10056
19 0.0001006387861160238 9716
19.5 9.011147109951999e-05 8604
20 8.57182006507307e-05 8060
20.5 7.729123553523554e-05 7320
21 6.801210556205144e-05 6356
21.5 5.736477413590999e-05 5348
22 4.670877479590941e-05 4308
22.5 3.828814431953424e-05 3563
23 2.653488704740603e-05 2448
23.5 1.988555300036573e-05 1868
24 1.502762256644719e-05 1358
24.5 1.106857156297825e-05 1062
25 8.777875025649678e-06 776
25.5 5.228316274412311e-06 432
26 2.366402700240311e-06 200
26.5 1.971566369179276e-06 168
27 6.311797615921757e-07 56
27.5 1.18248480838386e-07 7

0.5 3.160129340562689e-07 18
1 1.406040947044085e-06 62
1.5 1.591185108396927e-06 98
2 2.940530804067282e-06 210
2.5 3.853998062259825e-06 350
3 5.400201688623829e-06 450
3.5 6.80808058168645e-06 602
4 8.716461662609653e-06 762
4.5 1.271820785304898e-05 1142
5 1.256323133121265e-05 1250
5.5 1.523555883092662e-05 1458
6 1.96332471782359e-05 1814
6.5 2.261879445008124e-05 2178
7 2.449625919234706e-05 2498
7.5 2.619024657828036e-05 2622
8 3.242203588854826e-05 3338
8.5 3.618405595966712e-05 3722
9 4.118526419204673e-05 4170
9.5 4.18146465031323e-05 4358
10 4.861751589835978e-05 5034
10.5 5.50020077115615e-05 5714
11 5.688212862885782e-05 5982
11.5 6.497251682450987e-05 6602
12 6.879738100758483e-05 7130
12.5 7.925117397508693e-05 8034
13 8.48714521882588e-05 8606
13.5 9.343067069041101e-05 9066
14 9.974993159027423e-05 9962
14.5 0.0001097022940484902 10550
15 0.0001205723574419545 11226
15.5 0.0001307893130400174 12146
16 0.0001364382772974834 12303
16.5 0.0001377910715687423 12584
17 0.0001316066182666845 12120
17.5 0.0001237090694533745 11180
18 0.0001190858672836965 11096
18.5 0.0001074161815084094 10056
19 0.0001030413053716566 9716
19.5 9.163899782507668e-05 8604
20 8.668102963524981e-05 8060
20.5 7.750930022901807e-05 7320
21 6.901678816026872e-05 6356
21.5 5.82633439732867e-05 5348
22 4.615193694341837e-05 4308
22.5 3.925809611930226e-05 3563
23 2.650737799001238e-05 2448
23.5 2.140218232324339e-05 1868
24 1.465831539445717e-05 1358
24.5 1.161641810368961e-05 1062
25 9.728701473179116e-06 776
25.5 4.955616580642517e-06 432
26 2.589265915405076e-06 200
26.5 2.219954035130866e-06 168
27 6.508156116927688e-07 56
27.5 5.473631590724681e-08 7

0.5 3.361394329658e-07 18
1 1.423438332814577e-06 62
1.5 1.7350219614051e-06 98
2 2.757961274688076e-06 210
2.5 4.104143733842857e-06 350
3 5.551716099342753e-06 450
3.5 7.32976876861124e-06 602
4 8.773060439506158e-06 762
4.5 1.331854295890812e-05 1142
5 1.304746988116517e-05 1250
5.5 1.530688017417415e-05 1458
6 1.992404195044467e-05 1814
6.5 2.299409704448504e-05 2178
7 2.521539393477633e-05 2498
7.5 2.677965648767516e-05 2622
8 3.286943702022499e-05 3338
8.5 3.767892399521847e-05 3722
9 4.128220447998389e-05 4170
9.5 4.270070136863512e-05 4358
10 4.918903837957582e-05 5034
10.5 5.549838748118035e-05 5714
11 5.936761504907244e-05 5982
11.5 6.535749761146568e-05 6602
12 7.174684876402598e-05 7130
12.5 7.878146608421594e-05 8034
13 8.56127589710076e-05 8606
13.5 9.380534397861632e-05 9066
14 0.0001009698428849462 9962
14.5 0.0001109798033441425 10550
15 0.0001205618827166819 11226
15.5 0.0001337571411465666 12146
16 0.0001399975978235651 12303
16.5 0.0001396079346575813 12584
17 0.0001319449497837903 12120
17.5 0.0001241869232242074 11180
18 0.0001208654077418024 11096
18.5 0.0001095386186510748 10056
19 0.0001057903895832998 9716
19.5 9.361353877737443e-05 8604
20 8.931180970239405e-05 8060
20.5 7.973166918322469e-05 7320
21 7.149944155013305e-05 6356
21.5 5.913504333852628e-05 5348
22 4.64030572652248e-05 4308
22.5 3.828327389546658e-05 3563
23 2.68559172225414e-05 2448
23.5 2.046111789496946e-05 1868
24 1.524423092261356e-05 1358
24.5 1.162037145983453e-05 1062
25 8.723259682262887e-06 776
25.5 5.577138549084012e-06 432
26 2.272361507941632e-06 200
26.5 2.158401999452295e-06 168
27 6.805585580982314e-07 56
27.5 1.152003792701162e-07 7

0.5 3.663849101445645e-07 18
1 1.446957911651069e-06 62
1.5 1.729064047561765e-06 98
2 2.89573799592085e-06 210
2.5 4.397268983723029e-06 350
3 5.549126665113771e-06 450
3.5 6.951213991524785e-06 602
4 9.038989503955809e-06 762
4.5 1.338016398135857e-05 1142
5 1.34542100933454e-05 1250
5.5 1.589351377150215e-05 1458
6 2.007912477132673e-05 1814
6.5 2.367881883979932e-05 2178
7 2.594034077976848e-05 2498
7.5 2.706710324951243e-05 2622
8 3.300382006357074e-05 3338
8.5 3.894248094439346e-05 3722
9 4.193262851959719e-05 4170
9.5 4.331993646734271e-05 4358
10 4.996894547640362e-05 5034
10.5 5.577867968244752e-05 5714
11 5.956518982147245e-05 5982
11.5 6.691381771954925e-05 6602
12 7.087906975913771e-05 7130
12.5 8.122966413496418e-05 8034
13 8.735382145908939e-05 8606
13.5 9.410385911336232e-05 9066
14 0.0001034386336742759 9962
14.5 0.0001143351124728405 10550
15 0.0001240412647444062 11226
15.5 0.0001337764361685261 12146
16 0.0001383727066345361 12303
16.5 0.0001420308824048775 12584
17 0.0001332143655447785 12120
17.5 0.0001247126536632793 11180
18 0.0001220643028865339 11096
18.5 0.0001101815503750124 10056
19 0.0001068776519077297 9716
19.5 9.403445796700952e-05 8604
20 8.994713748881922e-05 8060
20.5 8.067486372001517e-05 7320
21 7.150294785222125e-05 6356
21.5 5.999885767477206e-05 5348
22 4.751588090241827e-05 4308
22.5 4.064446362041472e-05 3563
23 2.688984696032846e-05 2448
23.5 2.176131146113812e-05 1868
24 1.517743618753932e-05 1358
24.5 1.183712605329143e-05 1062
25 1.020975559086844e-05 776
25.5 5.063284637279103e-06 432
26 2.815683138146351e-06 200
26.5 2.192131578537983e-06 168
27 7.033592299331891e-07 56
27.5 6.792117167934351e-08 7

0.5 3.863529659555826e-07 18
1 1.46639158114928e-06 62
1.5 1.631023999216288e-06 98
2 3.213987021693235e-06 210
2.5 3.978130898472728e-06 350
3 5.838114195017889e-06 450
3.5 7.808217904748809e-06 602
4 9.02445284666687e-06 762
4.5 1.381867303328192e-05 1142
5 1.355212193772099e-05 1250
5.5 1.650608721011443e-05 1458
6 2.036808618679304e-05 1814
6.5 2.422960417602475e-05 2178
7 2.650516151891843e-05 2498
7.5 2.73440152248417e-05 2622
8 3.346979542724493e-05 3338
8.5 3.921969011007895e-05 3722
9 4.341546763197425e-05 4170
9.5 4.385873874400611e-05 4358
10 5.075489260909186e-05 5034
10.5 5.664612332601571e-05 5714
11 6.001698496108793e-05 5982
11.5 6.783907359296938e-05 6602
12 7.280267149309809e-05 7130
12.5 8.076015287876637e-05 8034
13 8.677841797415228e-05 8606
13.5 9.636101499583322e-05 9066
14 0.0001044749289221996 9962
14.5 0.0001121205159724239 10550
15 0.0001220040316476936 11226
15.5 0.0001349014585356241 12146
16 0.0001400080219429458 12303
16.5 0.0001425792907997004 12584
17 0.0001333022655293834 12120
17.5 0.0001259577130980485 11180
18 0.0001218318336302911 11096
18.5 0.0001106993654985672 10056
19 0.0001078947643275617 9716
19.5 9.422961346427734e-05 8604
20 8.998717081506739e-05 8060
20.5 8.041454068494295e-05 7320
21 7.087502494344187e-05 6356
21.5 6.039744279275178e-05 5348
22 4.729989004327194e-05 4308
22.5 4.058130346465963e-05 3563
23 2.697609293409968e-05 2448
23.5 2.166194694207339e-05 1868
24 1.561425391855844e-05 1358
24.5 1.205342724110744e-05 1062
25 9.063943188601587e-06 776
25.5 5.56491254630684e-06 432
26 2.409198148994567e-06 200
26.5 2.191709236853204e-06 168
27 7.338926784504503e-07 56
27.5 1.431080071458849e-07 7

0.5 3.803181287402446e-07 18
1 1.53900330859718e-06 62
1.5 1.624357631254896e-06 98
2 3.071596154809723e-06 210
2.5 4.607927057633037e-06 350
3 5.694569967119258e-06 450
3.5 7.190598076711805e-06 602
4 9.388081788765024e-06 762
4.5 1.388027607034408e-05 1142
5 1.401956840221464e-05 1250
5.5 1.682038583364549e-05 1458
6 2.082346988849956e-05 1814
6.5 2.50714745433695e-05 2178
7 2.663050118973781e-05 2498
7.5 2.799316733986836e-05 2622
8 3.391484667004437e-05 3338
8.5 3.921468637630683e-05 3722
9 4.429211331619602e-05 4170
9.5 4.412540854546067e-05 4358
10 5.145194578801038e-05 5034
10.5 5.807814516013016e-05 5714
11 6.125056149104273e-05 5982
11.5 6.850661383554862e-05 6602
12 7.29997921368111e-05 7130
12.5 8.310981275316548e-05 8034
13 8.928308954856148e-05 8606
13.5 9.642143299770257e-05 9066
14 0.000102596227572132 9962
14.5 0.0001158313846907169 10550
15 0.0001268338182132422 11226
15.5 0.0001358301969408275 12146
16 0.0001419710892723397 12303
16.5 0.0001425873994864694 12584
17 0.0001365037872129096 12120
17.5 0.0001258153211506957 11180
18 0.0001223625543921339 11096
18.5 0.0001106525411680444 10056
19 0.0001080052938311906 9716
19.5 9.37274968623529e-05 8604
20 8.964456330868901e-05 8060
20.5 8.03840732052773e-05 7320
21 7.107568734068348e-05 6356
21.5 6.049567322902424e-05 5348
22 4.818324679730949e-05 4308
22.5 3.955762655900955e-05 3563
23 2.774360386163007e-05 2448
23.5 2.122968054414765e-05 1868
24 1.553739304950289e-05 1358
24.5 1.174760207722434e-05 1062
25 9.180179243497879e-06 776
25.5 5.17535216503672e-06 432
26 2.575628076909939e-06 200
26.5 2.288176375633421e-06 168
27 7.573355495232617e-07 56
27.5 4.622538926488415e-08 7

0.5 3.86373223728007e-07 18
1 1.55451038481324e-06 62
1.5 1.734990347476801e-06 98
2 3.027877966787327e-06 210
2.5 4.569365964014299e-06 350
3 5.869086431686901e-06 450
3.5 7.979532108306516e-06 602
4 9.254927240919378e-06 762
4.5 1.416840267263199e-05 1142
5 1.450168903388963e-05 1250
5.5 1.671848507842542e-05 1458
6 2.144962887377679e-05 1814
6.5 2.620282497481346e-05 2178
7 2.682159237868886e-05 2498
7.5 2.857998053982982e-05 2622
8 3.443466549496628e-05 3338
8.5 3.914459619575865e-05 3722
9 4.485113902802228e-05 4170
9.5 4.461307882550536e-05 4358
10 5.168539322767319e-05 5034
10.5 5.83301842139695e-05 5714
11 6.154977496457719e-05 5982
11.5 6.806943693417505e-05 6602
12 7.340169635884359e-05 7130
12.5 8.295076953620322e-05 8034
13 8.825362071076024e-05 8606
13.5 9.680891890350759e-05 9066
14 0.0001064971410705663 9962
14.5 0.0001134438652061669 10550
15 0.0001235932474751339 11226
15.5 0.0001376615312900439 12146
16 0.0001425865409520233 12303
16.5 0.0001435296597214163 12584
17 0.0001378254878951047 12120
17.5 0.0001273432205047461 11180
18 0.0001226995751726026 11096
18.5 0.0001096261769152956 10056
19 0.0001077995592101603 9716
19.5 9.432942922927814e-05 8604
20 8.98834722498654e-05 8060
20.5 8.041388524200893e-05 7320
21 7.133310893157558e-05 6356
21.5 6.104211251036638e-05 5348
22 4.838442074148621e-05 4308
22.5 3.934447056051937e-05 3563
23 2.733798010867792e-05 2448
23.5 2.170762003117098e-05 1868
24 1.554522514140468e-05 1358
24.5 1.178828238643561e-05 1062
25 1.039715530213133e-05 776
25.5 5.163338953803907e-06 432
26 2.742786911636063e-06 200
26.5 2.269334317898975e-06 168
27 6.827536100284798e-07 56
27.5 1.159048560323706e-07 7

0.5 3.973969727306863e-07 18
1 1.519708005884251e-06 62
1.5 1.765561317129136e-06 98
2 3.236977063006988e-06 210
2.5 4.225133765881543e-06 350
3 5.947090671388783e-06 450
3.5 7.60173880546354e-06 602
4 9.664083632803534e-06 762
4.5 1.431739723156753e-05 1142
5 1.442649920454666e-05 1250
5.5 1.701261486328473e-05 1458
6 2.198444284929413e-05 1814
6.5 2.677739086907724e-05 2178
7 2.691367686738041e-05 2498
7.5 2.891083997007927e-05 2622
8 3.484989372649115e-05 3338
8.5 3.92646883845638e-05 3722
9 4.518176550713076e-05 4170
9.5 4.523073962419269e-05 4358
10 5.215557865489225e-05 5034
10.5 5.833497526729916e-05 5714
11 6.231308041156575e-05 5982
11.5 6.87764092739032e-05 6602
12 7.407784015191261e-05 7130
12.5 8.413550513016142e-05 8034
13 8.930710020057838e-05 8606
13.5 9.800494660811881e-05 9066
14 0.0001045628260378744 9962
14.5 0.0001169031919107005 10550
15 0.0001256832402234291 11226
15.5 0.000135197679552236 12146
16 0.0001426825606379506 12303
16.5 0.0001432025778203342 12584
17 0.0001366332319089537 12120
17.5 0.0001290934073941282 11180
18 0.0001240459017859849 11096
18.5 0.0001097048291869273 10056
19 0.0001087014883400848 9716
19.5 9.458964445269513e-05 8604
20 8.994569684489599e-05 8060
20.5 8.061870102077292e-05 7320
21 7.233784718093814e-05 6356
21.5 6.16098389138395e-05 5348
22 4.806368838101837e-05 4308
22.5 3.986956658970557e-05 3563
23 2.689805538237616e-05 2448
23.5 2.212094784131894e-05 1868
24 1.602545089376319e-05 1358
24.5 1.24477100640233e-05 1062
25 9.809467279369226e-06 776
25.5 5.639350300901356e-06 432
26 2.554356871393493e-06 200
26.5 2.184864055512328e-06 168
27 7.142506814736709e-07 56
27.5 1.128950469190259e-07 7

0.5 4.041631562010245e-07 18
1 1.485550797940878e-06 62
1.5 1.730733079788229e-06 98
2 3.307753654000243e-06 210
2.5 4.70781545307865e-06 350
3 6.106589524705395e-06 450
3.5 8.016942221071953e-06 602
4 9.419354032755227e-06 762
4.5 1.44237449217431e-05 1142
5 1.475664029199941e-05 1250
5.5 1.779531067914224e-05 1458
6 2.242207935016324e-05 1814
6.5 2.616668299589159e-05 2178
7 2.730550775958328e-05 2498
7.5 2.956478329108245e-05 2622
8 3.53434251240801e-05 3338
8.5 3.9451067858003e-05 3722
9 4.543036255852914e-05 4170
9.5 4.568990171974722e-05 4358
10 5.271006055915036e-05 5034
10.5 5.906691748585783e-05 5714
11 6.27862643950667e-05 5982
11.5 7.02183985659575e-05 6602
12 7.524266573574246e-05 7130
12.5 8.382187033556463e-05 8034
13 9.148579351657868e-05 8606
13.5 9.674404905065671e-05 9066
14 0.0001066838215394757 9962
14.5 0.0001149250910007561 10550
15 0.0001275634823460347 11226
15.5 0.0001388754585571712 12146
16 0.0001432098031388508 12303
16.5 0.0001446818938451589 12584
17 0.0001353317593805816 12120
17.5 0.0001260531607445263 11180
18 0.00012457982597823 11096
18.5 0.0001113189719803204 10056
19 0.0001098068997355347 9716
19.5 9.543718409818371e-05 8604
20 9.051418933571557e-05 8060
20.5 8.099085820601454e-05 7320
21 7.275569632092738e-05 6356
21.5 6.258102441565983e-05 5348
22 4.724314554620141e-05 4308
22.5 4.009705115476019e-05 3563
23 2.684282072966656e-05 2448
23.5 2.171814738576787e-05 1868
24 1.605709604328404e-05 1358
24.5 1.227261436922058e-05 1062
25 9.102778250419352e-06 776
25.5 5.562908037613294e-06 432
26 2.434563948282227e-06 200
26.5 2.31639427165789e-06 168
27 7.177467685008582e-07 56
27.5 6.303863303431248e-08 7

0.5 4.087776134186714e-07 18
1 1.526018314365005e-06 62
1.5 1.707039136120188e-06 98
2 3.21605475062483e-06 210
2.5 4.790503219163665e-06 350
3 5.936289336734016e-06 450
3.5 8.048715094163332e-06 602
4 1.005717720433718e-05 762
4.5 1.475328758843564e-05 1142
5 1.499603667544653e-05 1250
5.5 1.749413920039594e-05 1458
6 2.225846427817888e-05 1814
6.5 2.538875977612321e-05 2178
7 2.817244510005095e-05 2498
7.5 2.990561960441789e-05 2622
8 3.570944274415689e-05 3338
8.5 3.985646520242032e-05 3722
9 4.58229327309854e-05 4170
9.5 4.59015350290219e-05 4358
10 5.333116171623508e-05 5034
10.5 5.979290926045528e-05 5714
11 6.268172474735774e-05 5982
11.5 7.029205357782413e-05 6602
12 7.49953499457951e-05 7130
12.5 8.4561402916968e-05 8034
13 8.985134100876516e-05 8606
13.5 9.804125495925861e-05 9066
14 0.0001052353602976443 9962
14.5 0.0001174972934175429 10550
15 0.0001251589528252534 11226
15.5 0.000137929147331295 12146
16 0.0001439801826018549 12303
16.5 0.0001449924586866842 12584
17 0.0001381550660106028 12120
17.5 0.0001288407284536755 11180
18 0.0001224479107637102 11096
18.5 0.0001129944132769876 10056
19 0.0001098266561176689 9716
19.5 9.577420399563452e-05 8604
20 9.008909342070857e-05 8060
20.5 8.192355019838625e-05 7320
21 7.302923417091994e-05 6356
21.5 6.208099274448834e-05 5348
22 4.647955697313784e-05 4308
22.5 4.059288293289533e-05 3563
23 2.699136858968461e-05 2448
23.5 2.170522654379418e-05 1868
24 1.569005798553701e-05 1358
24.5 1.201597147315516e-05 1062
25 8.976625021929286e-06 776
25.5 5.425415036649878e-06 432
26 2.490478787336325e-06 200
26.5 2.326175745970015e-06 168
27 6.952397494024016e-07 56
27.5 5.085541921546729e-08 7

