#t    rhoGW_over_rho    rhoGW
0    0    0
9.99999999999983    5.92970074919218e-15    4.75978072537815e-17
20.0000000000003    2.15821467593984e-14    5.50813384261903e-17
30.0000000000019    2.66653244731678e-12    3.17802622376826e-15
40.0000000000006    8.81801392414901e-12    6.1348070948125e-15
49.9999999999986    2.26732282228637e-11    1.05127218215123e-14
59.9999999999966    4.68220356891131e-10    1.56754833821147e-13
69.9999999999989    7.38111247223806e-07    1.80807792263835e-10
80.000000000004    4.67075516225361e-06    8.62339397240314e-10
90.0000000000091    1.19944671532884e-05    1.70554639158094e-09
100.000000000014    2.19900207327247e-05    2.46695396769919e-09
110.000000000019    3.10420556487895e-05    2.80141376571956e-09
120.000000000024    3.87231536777322e-05    2.86558277724551e-09
130.000000000027    4.52164819533163e-05    2.79199264789363e-09
140.000000000018    5.05672103394599e-05    2.64491973047966e-09
150.000000000009    5.50193003366314e-05    2.46955040003754e-09
159.999999999999    5.85826633978231e-05    2.28166025140098e-09
169.99999999999    6.16042791149114e-05    2.10218917921081e-09
179.999999999981    6.41398206479338e-05    1.93383723424078e-09
189.999999999972    6.6439592115488e-05    1.78313107598431e-09
199.999999999963    6.86146410914034e-05    1.6500316477157e-09
209.999999999954    7.02438564917304e-05    1.52250661030394e-09
219.999999999945    7.12726256185144e-05    1.39972133453414e-09
229.999999999936    7.27028373336904e-05    1.29988991611237e-09
239.999999999927    7.39275581124774e-05    1.20861263059857e-09
249.999999999918    7.48174729548162e-05    1.12283552744383e-09
259.999999999909    7.57855203462834e-05    1.04788089952513e-09
269.999999999899    7.63495874771454e-05    9.75856488731543e-10
279.99999999989    7.73218237912859e-05    9.163508887006e-10
289.999999999881    7.75868311720455e-05    8.54999634781836e-10
