#t    a    aDot    H
0    1    0.241639558558237    0.241639558558237
0.5    1.11987466895557    0.235908494071109    0.210656156988644
1    1.23396270844845    0.218646526112777    0.177190546047941
1.5    1.33717343638098    0.193526795884377    0.144728268315105
2    1.4278129248454    0.170459880698539    0.119385304427746
2.49999999999999    1.51000204288947    0.161220640903888    0.106768491912358
2.99999999999998    1.5915946330012    0.166718737257778    0.104749497014452
3.49999999999997    1.67679976010934    0.172814355002227    0.103062010809781
3.99999999999996    1.76248007020902    0.167941550523279    0.0952870635883915
4.49999999999995    1.84342468585961    0.155369384816489    0.084283011944173
4.99999999999994    1.91819485422583    0.144691756876279    0.0754312089606118
5.49999999999993    1.98938151166509    0.141375948606775    0.0710652772119335
5.99999999999992    2.06066299363471    0.144485627656324    0.0701160879302599
6.49999999999991    2.1341448431969    0.149257378282424    0.0699377920660904
6.9999999999999    2.20934894468303    0.150695864012128    0.0682082675870595
7.49999999999988    2.28388207724125    0.146529474033869    0.06415807343734
7.99999999999987    2.35524119181382    0.138655119918479    0.058870879296951
8.49999999999986    2.422754415535    0.132056669685509    0.0545068327349833
8.99999999999985    2.48821612840367    0.130773962661441    0.0525573165323626
9.49999999999984    2.55425877903473    0.133709674766007    0.0523477401207316
9.99999999999983    2.62173976941621    0.135601377057254    0.0517219056746613
10.4999999999998    2.68906623475796    0.13292613390253    0.0494320787581843
10.9999999999998    2.75414621451349    0.127220556059619    0.046192375477092
11.4999999999998    2.81646990398637    0.122550931108008    0.0435122459269145
11.9999999999998    2.87731391220053    0.121467411401688    0.0422155576722568
12.4999999999998    2.93844963506058    0.123383387383913    0.0419892809840077
12.9999999999998    3.00074388211757    0.125582073990532    0.0418503140967536
13.4999999999998    3.06362362844426    0.125403304076742    0.0409329993777412
13.9999999999997    3.1256233388588    0.12217354927025    0.0390877389963621
14.4999999999997    3.18559198032598    0.117755087930304    0.0369648996662324
14.9999999999997    3.2436825571284    0.115103617352992    0.0354854753280457
15.4999999999997    3.30123480146142    0.11557119063334    0.0350084733694732
15.9999999999997    3.35949921445257    0.11746184149122    0.0349640925605517
16.4999999999998    3.41842311741801    0.117783594667059    0.0344555342101778
16.9999999999999    3.4768110515065    0.115377933109217    0.0331849880249385
17.4999999999999    3.53360318254615    0.111813934523974    0.0316430365119285
18    3.58884549255835    0.109521087020998    0.0305170805620067
18.5000000000001    3.64352925442137    0.109585448612449    0.0300767308179202
19.0000000000002    3.69867806863506    0.111095429745202    0.0300365232344213
19.5000000000002    3.7545348293309    0.112085860838135    0.0298534614627905
20.0000000000003    3.8104287307534    0.11112515145392    0.0291634247235869
20.5000000000004    3.86536349494286    0.108441354194365    0.0280546329824456
21.0000000000005    3.91887197187026    0.105770807523792    0.0269901155952573
21.5000000000006    3.97143896779892    0.10486621917001    0.0264050939773423
22.0000000000006    4.02405847303386    0.105814809084531    0.0262955446084146
22.5000000000007    4.07727867485099    0.106911541768097    0.0262212986390988
23.0000000000008    4.13069276417524    0.106409283882467    0.0257606387009306
23.5000000000009    4.18340028820254    0.104238783135202    0.0249172385987452
24.000000000001    4.23490192477716    0.101889763105415    0.024059533116762
24.500000000001    4.28552057741241    0.100877179161201    0.0235390724041538
25.0000000000011    4.33605240611571    0.101456932006206    0.0233984561309978
25.5000000000012    4.38706721769563    0.102562397544932    0.0233783510613279
26.0000000000013    4.43845927620443    0.102764131541032    0.0231531090286158
26.5000000000013    4.48956896002473    0.10143992252668    0.0225945794417915
27.0000000000014    4.53975750715302    0.0992939858863521    0.0218720902448865
27.5000000000015    4.58897162473882    0.0977790473172443    0.0213073985443981
28.0000000000016    4.63779731434825    0.0977745153754028    0.0210821018574726
28.5000000000017    4.68690964529021    0.098717665718638    0.0210624213372318
29.0000000000017    4.73642707575463    0.0991550859883631    0.0209345746070766
29.5000000000018    4.78582379818991    0.0981994147263996    0.0205188111529598
30.0000000000019    4.8344718036571    0.0963437965078607    0.0199285052060869
30.500000000002    4.88223390125975    0.0948689758948161    0.0194314688344484
31.000000000002    4.92955344302373    0.0946292238009889    0.0191963075144073
31.5000000000021    4.97703196960391    0.0953733243422408    0.0191626907210385
32.0000000000022    5.02491409102408    0.0960455119998315    0.0191138615029053
32.5000000000021    5.07290185137268    0.0956965701351658    0.0188642660431664
33.000000000002    5.12042600119064    0.0942748266430814    0.0184115201784304
33.5000000000019    5.16714712147366    0.0926826202546253    0.0179369036870373
34.0000000000018    5.21326326062999    0.0919875533987334    0.0176449085342407
34.5000000000017    5.25932940938229    0.0924201413820857    0.01757260939336
35.0000000000016    5.3057320048863    0.0931350651470205    0.0175536693261642
35.5000000000015    5.35232583431205    0.0930487613971794    0.0173847340908645
36.0000000000014    5.39859680069461    0.0918961656329321    0.0170222317067851
36.5000000000013    5.4441670891154    0.0904229405406607    0.0166091413177683
37.0000000000012    5.4891354524216    0.0896197426438115    0.0163267500721402
37.5000000000011    5.5339609211866    0.0898294565148878    0.016232398058862
38.000000000001    5.57904638015804    0.0905145884283735    0.0162240250861312
38.5000000000009    5.62439940568047    0.0907583585531707    0.0161365422344486
39.0000000000008    5.6696410847987    0.0900510212047008    0.0158830197287344
39.5000000000007    5.71434343709836    0.0887233183350318    0.0155264238685808
40.0000000000006    5.75841258054615    0.087674495587811    0.0152254626360058
40.5000000000005    5.8021770209196    0.0875478808695396    0.0150887986619312
41.0000000000004    5.8460804468817    0.0881159189714346    0.0150726490632601
41.5000000000003    5.8902606206037    0.0884959351099797    0.0150241119723001
42.0000000000002    5.93442831045228    0.0880175061005462    0.0148316740039679
42.5000000000001    5.97816022126852    0.0868530013414853    0.0145283830019289
43    6.02130072252302    0.0857989043840661    0.0142492309117082
43.4999999999999    6.06409121231804    0.0855116692631002    0.0141013164659198
43.9999999999998    6.10693627801766    0.0859455311011797    0.0140734285062948
44.4999999999997    6.15004671407144    0.0864387794740447    0.0140549793347538
44.9999999999996    6.19326656520336    0.0863018475257253    0.0139347865326206
45.4999999999995    6.23621812515878    0.0854077009038575    0.0136954319412429
45.9999999999994    6.27863882539946    0.0843087970576443    0.0134278781439989
46.4999999999993    6.32061994400119    0.0837497438970844    0.0132502420077591
46.9999999999992    6.36252361422954    0.0839730936129192    0.0131980796778682
47.4999999999991    6.40464214692151    0.084481429494786    0.0131906557082808
47.999999999999    6.44692351159378    0.0845192214817927    0.0131100084140595
48.4999999999989    6.48903184349637    0.083806219488839    0.0129150575170676
48.9999999999988    6.53067476824174    0.0827736613561503    0.0126745955500147
49.4999999999987    6.57187248820516    0.0821268730075735    0.0124967234460149
49.9999999999986    6.61292472125154    0.0821929488586949    0.012429137230998
50.4999999999985    6.65413484136286    0.0826625797468455    0.0124227389010823
50.9999999999984    6.69554604125671    0.0828918296063254    0.0123801448150101
51.4999999999983    6.73691255541793    0.0824592715443016    0.0122399201215676
51.9999999999982    6.77792092047143    0.0815373521023291    0.0120298470665335
52.4999999999981    6.81847251544815    0.0807467320180039    0.011842349123658
52.999999999998    6.85877640603723    0.0805883333385506    0.0117496662039624
53.4999999999979    6.89915356682506    0.0809684815257172    0.0117360022126567
53.9999999999978    6.93973452205422    0.0812886338239625    0.0117135077092114
54.4999999999977    6.98034053374996    0.0810214415274637    0.0116070901033732
54.9999999999976    7.02066236677708    0.0802123497625791    0.0114251826354956
55.4999999999975    7.06055420712172    0.0794104753353155    0.0112470597924476
55.9999999999974    7.10016222942692    0.0791306094508993    0.0111449016084364
56.4999999999973    7.13977951182338    0.0794036308358212    0.0111213001331946
56.9999999999972    7.17958231209765    0.079774011986766    0.0111112330103586
57.4999999999971    7.21948043677887    0.0797175686440909    0.0110420090950006
57.999999999997    7.25920229309897    0.0790917179164119    0.0108953731722839
58.4999999999969    7.2985394430857    0.0782762291475153    0.0107249169176815
58.9999999999968    7.33754394145492    0.0778314880058429    0.0106072942972264
59.4999999999967    7.37647234989317    0.0779585907377447    0.0105685464595924
59.9999999999966    7.4155442983655    0.0783174874827836    0.0105612594749176
60.4999999999965    7.45473200245907    0.0783471003998717    0.0105097138802612
60.9999999999964    7.49379372695035    0.0778196851710684    0.0103845512709005
61.4999999999963    7.5325105033932    0.0770548503049747    0.0102296372863023
61.9999999999962    7.57090352590664    0.0765887732462374    0.01011619986758
62.4999999999961    7.60919074945934    0.0766355789908487    0.0100714493188772
62.999999999996    7.6475827854342    0.0769323407997213    0.0100596937566009
63.4999999999959    7.68608513418616    0.0770015790140768    0.0100183094084646
63.9999999999958    7.72450015372866    0.0765765915197536    0.00991346883238648
64.4999999999961    7.76261230228587    0.0758669274742023    0.00977337583275435
64.9999999999963    7.80041234687193    0.0754026227057755    0.0096664918920617
65.4999999999966    7.83808900832338    0.0753947883834502    0.00961902681934173
65.9999999999969    7.87584427725812    0.0756341548651764    0.0096033075569528
66.4999999999971    7.91367961604719    0.0756389103622097    0.00955799502027233
66.9999999999974    7.95140457362789    0.075191685701369    0.00945640295436032
67.4999999999976    7.98883534042911    0.0745424316482651    0.00933082589285927
67.9999999999979    8.02599899673666    0.0741730096148115    0.00924159218621507
68.4999999999981    8.06307563524362    0.074204870164135    0.00920304776006148
68.9999999999984    8.1002258174822    0.0743854854663103    0.00918313725350333
69.4999999999986    8.13741839072453    0.0743162652795546    0.00913265875136325
69.9999999999989    8.17447281277897    0.0738475295831    0.00903391952905584
70.4999999999992    8.21124781771724    0.0732786263202005    0.00892417668385172
70.9999999999994    8.24780312618764    0.0729979410131184    0.00885059207843386
71.4999999999997    8.2843058559687    0.0730587816202219    0.00881893822975938
71.9999999999999    8.32086878135932    0.0731663714131175    0.00879311684099948
72.5000000000002    8.35741854289967    0.0729656949954384    0.00873064985568167
73.0000000000004    8.39378109834988    0.0724583819789437    0.00863238880427656
73.5000000000007    8.42988882704326    0.0720164661625275    0.00854299121140212
74.000000000001    8.46584706314091    0.0718664710359465    0.00848898763466244
74.5000000000012    8.50179636265367    0.0719445082512147    0.00846227140504677
75.0000000000015    8.53777632582955    0.0719356727631656    0.00842557476535627
75.5000000000017    8.57368095836553    0.0716315865917089    0.00835482296805275
76.000000000002    8.6093776664862    0.0711556654123597    0.00826490231568629
76.5000000000022    8.64486586689845    0.0708426086689156    0.00819476088578481
77.0000000000025    8.68026410861541    0.0707877833600016    0.00815502644553668
77.5000000000027    8.71566954096659    0.0708227028576578    0.00812590501794121
78.000000000003    8.75105444636931    0.070671467818935    0.0080757659836359
78.5000000000033    8.78629951327044    0.0702831646811849    0.0079991769658014
79.0000000000035    8.82133908234257    0.0699018959884618    0.00792418195649938
79.5000000000038    8.85623875359726    0.0697346607139789    0.00787407190051802
80.000000000004    8.89110203969419    0.0697297638877531    0.00784264577961715
80.5000000000043    8.92595757340831    0.0696628511993141    0.00780452412263863
81.0000000000045    8.96072848598259    0.0693870639443633    0.00774346238175909
81.5000000000048    8.99532724849456    0.0690122414411208    0.00767201009309255
82.000000000005    9.02976337561115    0.0687650073270951    0.00761537201659407
82.5000000000053    9.06412240739763    0.0686919972132043    0.00757844986263002
83.0000000000056    9.098459017986    0.0686397759295216    0.00754411002938335
83.5000000000058    9.13273530831772    0.0684344396426751    0.0074933124997445
84.0000000000061    9.16687142878158    0.0681033635107255    0.00742929188434984
84.5000000000063    9.20084943042674    0.0678323964300565    0.00737240587871574
85.0000000000066    9.2347295890677    0.067709877353077    0.00733209096162746
85.5000000000068    9.26856917375371    0.0676437923058022    0.00729819145088247
86.0000000000071    9.30235649141965    0.0674813947588908    0.00725422583203886
86.5000000000073    9.3360295743435    0.0671991862695371    0.00719783348311238
87.0000000000076    9.36955771116487    0.0669278643603871    0.00714311885614782
87.5000000000079    9.40297745555922    0.0667706254386261    0.00710100877665616
88.0000000000081    9.43633980113063    0.0666792273481341    0.0070662172784563
88.5000000000084    9.46964632815104    0.0665291117484454    0.00702551177129709
89.0000000000086    9.50285163113937    0.0662806149110635    0.00697481319121854
89.5000000000089    9.53592606839126    0.0660266930738017    0.00692399381038203
90.0000000000091    9.56889333851645    0.0658579573877675    0.00688250511923649
90.5000000000094    9.60179414744565    0.0657473531289959    0.00684740290401733
91.0000000000096    9.63463422921182    0.0656001743557782    0.00680878721445191
91.5000000000099    9.66738107768588    0.0653774928405821    0.00676268912078841
92.0000000000102    9.70000976010911    0.0651432007377455    0.0067157871330856
92.5000000000104    9.73253485157185    0.064969227490272    0.006675468259924
93.0000000000107    9.76498726367163    0.0648425093041867    0.00664030659265867
93.5000000000109    9.79737291131077    0.0646906973990377    0.00660286160225199
94.0000000000112    9.82966812698833    0.0644831375309586    0.00656005235353916
94.5000000000114    9.86185473214323    0.0642678664156488    0.00651681333392362
95.0000000000117    9.89394400179514    0.0640980231877322    0.00647851081187668
95.500000000012    9.92595878043439    0.0639623972345394    0.00644395152643786
96.0000000000122    9.9579031066219    0.063808078801727    0.00640778265449232
96.5000000000125    9.98975970423611    0.0636131553561387    0.00636783638841321
97.0000000000127    10.021515430907    0.0634133056715401    0.00632771621305593
97.500000000013    10.0531790143086    0.0632474924960605    0.00629129277475724
98.0000000000132    10.0847670275731    0.0631051639654949    0.00625747365238649
98.5000000000135    10.1162813711792    0.0629471214525808    0.00622235771653351
99.0000000000137    10.1477092537118    0.0627612881704345    0.00618477398211602
99.500000000014    10.1790427244833    0.0625756884149133    0.00614750228569159
100.000000000014    10.210289565677    0.0624163393153142    0.00611308219162886
100.500000000015    10.2414615801746    0.0622715031355703    0.00608033361723639
101.000000000015    10.2725585676044    0.0621126588694505    0.0060464643214914
101.500000000015    10.3035710691066    0.0619358119951193    0.00601110154719297
102.000000000015    10.3344949878229    0.0617623662432007    0.00597633133655537
102.500000000016    10.3653367204165    0.0616074748179414    0.00594360573898132
103.000000000016    10.3961037686729    0.0614601924943906    0.00591184869466114
103.500000000016    10.4267949891746    0.0613022132277876    0.00587929591896966
104.000000000016    10.4574041792681    0.0611339388878182    0.00584599560654038
104.500000000017    10.4879298302699    0.0609707348075386    0.00581341940633193
105.000000000017    10.5183771324882    0.0608202001725364    0.00578227985234346
105.500000000017    10.5487505985338    0.0606731038867565    0.00575168626085345
106.000000000017    10.5790489972244    0.0605189306973068    0.00572063998504827
106.500000000018    10.6092684152089    0.0603585867652767    0.00568923175501428
107.000000000018    10.6394084183905    0.0602029214285925    0.00565848391763308
107.500000000018    10.6694728207842    0.0600558790595567    0.00562875786539025
108.000000000018    10.6994645627713    0.0599104956283258    0.00559939193936712
108.500000000019    10.7293824185942    0.0597600304106119    0.00556975491031494
109.000000000019    10.7592241144397    0.0596069683529564    0.00554008055961575
109.500000000019    10.7889901351306    0.0594581796854604    0.00551100510249383
110.000000000019    10.8186833230381    0.0593152838365563    0.00548267123322171
110.50000000002    10.848305470999    0.0591729806466488    0.00545458281985487
111.00000000002    10.8778556738918    0.0590272577718647    0.00542636890407889
111.50000000002    10.9073325415518    0.0588804483884998    0.00539824454459354
112.00000000002    10.9367367544453    0.0587372870920471    0.00537064102490835
112.500000000021    10.9660706334139    0.0585986151879568    0.00534362919470948
113.000000000021    10.9953352472721    0.0584594891389885    0.00531675368002009
113.500000000021    11.0245298275202    0.0583186043547212    0.0052898949222435
114.000000000021    11.053653854024    0.0581778401185214    0.005263222540422
114.500000000022    11.0827081590512    0.0580399460427308    0.00523698226189686
115.000000000022    11.1116943032016    0.0579048297897738    0.00521116116136219
115.500000000022    11.1406131000282    0.0577702258326355    0.005185551756796
116.000000000022    11.1694642531151    0.0576342000881405    0.00515997891949624
116.500000000023    11.1982473604655    0.0574984612432154    0.0051345946729315
117.000000000023    11.2269631909951    0.0573655113877291    0.00510961961946583
117.500000000023    11.2556132163399    0.0572346834184597    0.00508499024605532
118.000000000023    11.2841978084625    0.0571035456358037    0.00506048782599144
118.500000000024    11.3127166261595    0.0569718060407091    0.00503608531207859
119.000000000024    11.3411699266593    0.0568416793978264    0.00501197669776648
119.500000000024    11.3695585778732    0.0567132758362928    0.00498816866528704
120.000000000024    11.3978834150532    0.0565861061751403    0.00496461528115008
120.500000000025    11.4261447306175    0.056459169657103    0.004941226545627
121.000000000025    11.4543425988501    0.0563323660424435    0.0049179920677507
121.500000000025    11.4824772656004    0.0562064940594331    0.00489497978174258
122.000000000026    11.5105493324296    0.0560821061603591    0.00487223541993383
122.500000000026    11.5385596237111    0.0559591124845396    0.00484974852229794
123.000000000026    11.5665083868808    0.0558359806467244    0.00482738427009278
123.500000000026    11.5943957471342    0.0557137028702167    0.00480522694630182
124.000000000027    11.6222222132881    0.0555922586955808    0.00478327274039039
124.500000000027    11.6499881716413    0.0554717759848322    0.00476153067003647
125.000000000027    11.6776942511316    0.0553526450189758    0.00474003204987253
125.500000000027    11.7053408019301    0.0552335744752236    0.00471866436098263
126.000000000028    11.7329279017656    0.0551149668372499    0.00469746062523371
126.500000000028    11.7604560442135    0.0549978461632139    0.00467650624741501
127.000000000028    11.7879258159286    0.0548813922554645    0.00465572935497315
127.500000000028    11.8153376421467    0.0547659573790105    0.00463515804945376
128.000000000029    11.8426917681591    0.0546506211147013    0.00461471278528401
128.500000000028    11.8699883314912    0.0545358144592865    0.00459442864948759
129.000000000028    11.8972278365766    0.0544224476582422    0.00457438055367209
129.500000000027    11.9244109648809    0.054310117449457    0.00455453251396722
130.000000000027    11.9515379563462    0.0541978984842751    0.00453480536833306
130.500000000026    11.9786089741706    0.0540862804704974    0.00451523883842633
131.000000000026    12.0056243727272    0.053975480047443    0.00449584947618862
131.500000000025    12.0325846183531    0.0538656612450414    0.00447664927806791
132.000000000025    12.0594901653099    0.0537565689536076    0.00445761538976522
132.500000000024    12.0863412436416    0.0536478360420924    0.00443871598200286
133.000000000024    12.1131380759164    0.0535396349546244    0.00441996406043396
133.500000000024    12.1398810640125    0.0534324139753473    0.00440139517789368
134.000000000023    12.1665706076684    0.0533258774364619    0.00438298343518849
134.500000000023    12.1932071435482    0.0532204402127929    0.00436476142709946
135.000000000022    12.2197910001179    0.0531150912034425    0.00434664481601444
135.500000000022    12.2463223940771    0.0530105188622177    0.00432868882235667
136.000000000021    12.272801649075    0.0529066697238456    0.00431088770409918
136.500000000021    12.2992291213988    0.0528032938786009    0.00429321979104619
137.00000000002    12.3256050946028    0.0527007572228498    0.00427571359120752
137.50000000002    12.3519299023081    0.0525985252644102    0.00425832446268833
138.000000000019    12.3782037394902    0.0524969837184732    0.00424108253695907
138.500000000019    12.4044270695836    0.0523965196986968    0.00422401771599561
139.000000000019    12.4306003930713    0.0522967973871205    0.00420710148612535
139.500000000018    12.4567238594599    0.0521970776421462    0.00419027331993929
140.000000000018    12.4827975224256    0.0520977488491572    0.00417356355861436
140.500000000017    12.5088218186173    0.0519995890669929    0.00415703331784615
141.000000000017    12.5347972035629    0.0519019805065264    0.00414063184777921
141.500000000016    12.5607238792631    0.0518048174975117    0.00412434967884597
142.000000000016    12.5866020609841    0.0517080196618216    0.00410817942851359
142.500000000015    12.6124320449483    0.0516120325201402    0.00409215544917942
143.000000000015    12.6382142259162    0.0515168030479731    0.00407627233777471
143.500000000014    12.6639488980197    0.0514219115207963    0.00406049581650137
144.000000000014    12.6896362170421    0.0513274609679346    0.00404483312918004
144.500000000014    12.7152764949368    0.0512337782457008    0.00402930901786539
145.000000000013    12.740870084098    0.0511406280893072    0.00401390389759459
145.500000000013    12.7664171933411    0.0510479189018493    0.00399860964346956
146.000000000012    12.7919180792567    0.0509556905327881    0.00398342845983494
146.500000000012    12.8173729765007    0.0508640122779529    0.00396836484131396
147.000000000011    12.8427822200678    0.0507730613242046    0.00395343162051506
147.500000000011    12.8681460806479    0.0506824166475701    0.00393859506489364
148.00000000001    12.8934647078134    0.0505922038763486    0.00392386414535188
148.50000000001    12.9187383811489    0.0505026155480007    0.00390925290519812
149.000000000009    12.9439674798776    0.0504138443615848    0.0038947752642269
149.500000000009    12.9691522503966    0.050325267434176    0.00388038219172243
150.000000000009    12.9942928235147    0.0502371255088756    0.00386609153658332
150.500000000008    13.0193894474094    0.0501495342308922    0.00385191136907507
151.000000000008    13.0444424685428    0.0500625711234075    0.00383784674922943
151.500000000007    13.0694520924021    0.0499759997984955    0.00382387872461378
152.000000000007    13.0944184877903    0.0498896318408147    0.00380999216477874
152.500000000006    13.1193418040705    0.0498037794633839    0.00379621022206551
153.000000000006    13.1442224452849    0.0497189124368971    0.00378256778929758
153.500000000005    13.1690607991424    0.0496345216521053    0.00376902517264842
154.000000000005    13.1938569490129    0.0495500698122528    0.00375554093118767
154.500000000004    13.2186109589662    0.0494660813621592    0.00374215426384164
155.000000000004    13.2433231154871    0.0493826725981805    0.003728873196519
155.500000000004    13.2679937276036    0.0492999038457743    0.00371570147363031
156.000000000003    13.2926231342189    0.0492177357599162    0.00370263530854314
156.500000000003    13.3172114503835    0.0491355775125863    0.00368962959668041
157.000000000002    13.3417587896019    0.0490539072837519    0.00367671969320739
157.500000000002    13.3662654870004    0.0489729635675727    0.00366392270265784
158.000000000001    13.3907317891848    0.0488922715284172    0.00365120236131572
158.500000000001    13.4151577880435    0.0488118096153357    0.00363855650351277
159    13.4395437313082    0.0487320518022752    0.00362601980964212
159.5    13.4638899388585    0.0486528308757751    0.00361357906940081
159.999999999999    13.4881965584657    0.0485736826504743    0.00360119919960594
160.499999999999    13.5124637085347    0.0484950018374397    0.00358890894240177
160.999999999999    13.5366916735584    0.0484169623740942    0.00357672048249931
161.499999999998    13.5608807132647    0.0483392336308601    0.003564608719224
161.999999999998    13.5850309900776    0.0482619869529128    0.00355258570909136
162.499999999997    13.6091427448679    0.0481850202924892    0.00354063596773279
162.999999999997    13.6332160646518    0.0481083428491181    0.00352875965736753
163.499999999996    13.6572511811666    0.0480322165336466    0.00351697540716563
163.999999999996    13.6812483618622    0.0479565395644727    0.00350527512519662
164.499999999995    13.7052077426187    0.0478810121621555    0.00349363636519433
164.999999999995    13.7291294534025    0.0478059531741041    0.00348208190012051
165.499999999994    13.7530137491506    0.0477312747582421    0.00347060474371953
165.999999999994    13.776860805852    0.047657020321006    0.00345920750689176
166.499999999994    13.8006708638111    0.0475833463098765    0.00344790095926801
166.999999999993    13.8244441863431    0.0475098897737906    0.00343665822172616
167.499999999993    13.8481807895106    0.0474366297197317    0.00342547735625049
167.999999999992    13.8718809101638    0.0473639116282875    0.00341438280324222
168.499999999992    13.8955447607361    0.0472915029114802    0.00340335724333091
168.999999999991    13.9191724014207    0.0472191337694533    0.00339238084044663
169.499999999991    13.9427640279952    0.0471474992139529    0.00338150305917012
169.99999999999    13.9663200160736    0.04707650605377    0.00337071655236243
170.49999999999    13.9898405157064    0.0470054810473031    0.00335997261688081
170.999999999989    14.0133255157912    0.0469345653560639    0.00334928103276946
171.499999999989    14.0367751812149    0.0468642280861836    0.00333867483671754
171.999999999989    14.0601898160955    0.0467943395918406    0.00332814422876941
172.499999999988    14.0835695638205    0.0467247033677423    0.00331767476675616
172.999999999988    14.1069145977767    0.0466554710990571    0.00330727678087809
173.499999999987    14.130225061632    0.046586444667375    0.00329693578581927
173.999999999987    14.1535010743064    0.0465176596533539    0.00328665391051546
174.499999999986    14.1767428598082    0.0464496101966181    0.00327646559269303
174.999999999986    14.1999507288365    0.0463818529944969    0.00326633900921269
175.499999999985    14.2231246779034    0.0463139656509061    0.00325624408839347
175.999999999985    14.2462647710563    0.0462465037340163    0.00324621958648233
176.499999999984    14.2693712658671    0.0461795139123698    0.00323626830166183
176.999999999984    14.2924443149118    0.0461127223389915    0.00322637061393903
177.499999999984    14.3154840435207    0.0460462721803752    0.00321653616743865
177.999999999983    14.3384906764732    0.0459803384784612    0.00320677674630751
178.499999999983    14.3614644385537    0.0459147568883551    0.00319708042900526
178.999999999982    14.384405460566    0.0458493217768125    0.00318743252215087
179.499999999982    14.4073137384842    0.0457838146080617    0.00317781756121308
179.999999999981    14.4301893797844    0.0457188744506203    0.00316827958714588
180.499999999981    14.453032701882    0.0456544455656673    0.00315881424385918
180.99999999998    14.4758438541074    0.0455902077639884    0.00314939897276197
181.49999999998    14.4986229561978    0.0455262256534935    0.0031400379050503
181.999999999979    14.5213701216741    0.0454625110067482    0.00313073150989331
182.499999999979    14.5440855102127    0.0453990525417272    0.00312147865947629
182.999999999979    14.5667692185357    0.0453358548150067    0.00311227933489317
183.499999999978    14.5894214223493    0.045273013616569    0.00310313975489227
183.999999999978    14.6120423009486    0.0452105674909344    0.00309406218239592
184.499999999977    14.634632040872    0.0451484077175364    0.00308503880326097
184.999999999977    14.6571907397995    0.0450864532736844    0.00307606376106293
185.499999999976    14.6797185215389    0.0450246580021541    0.00306713360587203
185.999999999976    14.7022154343762    0.0449630846766849    0.0030582523346484
186.499999999975    14.7246816841821    0.0449019617529648    0.00304943513999359
186.999999999975    14.7471174517542    0.0448411516235765    0.00304067230564049
187.499999999974    14.7695228420138    0.0447804443922882    0.00303194929662214
187.999999999974    14.791897971053    0.0447201364817963    0.00302328589402871
188.499999999974    14.8142430209783    0.0446600902895536    0.00301467244909583
188.999999999973    14.8365580853912    0.0446002172317251    0.00300610269410402
189.499999999973    14.8588432857988    0.0445406106420737    0.00299758263717897
189.999999999972    14.8810987231158    0.0444811812287073    0.00298910598312286
190.499999999972    14.9033245286397    0.0444221054154411    0.00298068429833057
190.999999999971    14.9255208811076    0.0443633572349068    0.00297231551168582
191.499999999971    14.9476879295762    0.0443048507788388    0.00296399356125004
191.99999999997    14.9698257614936    0.0442465302965651    0.00295571444861964
192.49999999997    14.9919345063867    0.0441884727125671    0.00294748304121409
192.999999999969    15.0140142640092    0.0441305969513293    0.00293929366093097
193.499999999969    15.0360651419968    0.0440729606032531    0.00293114988443048
193.999999999969    15.058087286426    0.0440156658547484    0.0029230582223033
194.499999999968    15.0800808543328    0.0439586442861326    0.00291501383253542
194.999999999968    15.1020459481331    0.043901759692975    0.00290700742427565
195.499999999967    15.1239826545177    0.043845122216458    0.00289904605275126
195.999999999967    15.1458911414907    0.0437888759688061    0.00289113896037789
196.499999999966    15.1677715393212    0.0437327182051288    0.00288326588330761
196.999999999966    15.1896238831964    0.0436766962728894    0.00287542974129906
197.499999999965    15.2114482735581    0.0436209149162052    0.00286763719875581
197.999999999965    15.2332448629492    0.043565502436229    0.00285989641919237
198.499999999964    15.2550138469569    0.0435104948737375    0.00285220946439304
198.999999999964    15.2767553697144    0.0434555877724429    0.00284455610637007
199.499999999964    15.2984694353341    0.0434006871110561    0.00283693001411081
199.999999999963    15.3201561103907    0.0433460858380802    0.00282935014015172
200.499999999963    15.3418155720028    0.0432917962683032    0.00282181701801357
200.999999999962    15.3634479541104    0.0432377766075444    0.00281432766503279
201.499999999962    15.3850533798    0.0431839493754814    0.0028068767985024
201.999999999961    15.4066319357269    0.0431303212113731    0.00279946463258832
202.499999999961    15.4281837096404    0.0430767787548956    0.0027920836026848
202.99999999996    15.4497087580157    0.0430234691562243    0.00278474305438947
203.49999999996    15.4712072313746    0.0429704785547547    0.00277744832139624
203.999999999959    15.4926792982713    0.0429178351242607    0.00277020096382229
204.499999999959    15.5141251051369    0.0428654257572172    0.00276299343125858
204.999999999959    15.5355447388487    0.0428131143575185    0.00275581674651282
205.499999999958    15.556938207941    0.0427607366949049    0.00274866018771469
205.999999999958    15.5783055013228    0.0427085248880349    0.00274153853796284
206.499999999957    15.5996468219446    0.0426568366253771    0.00273447451165178
206.999999999957    15.6209624118159    0.0426055530988894    0.00272746018943506
207.499999999956    15.6422523566802    0.0425542252899763    0.00272046661309636
207.999999999956    15.6635166673886    0.0425030286250681    0.00271350486149508
208.499999999955    15.684755408201    0.0424519990229274    0.00270657705001448
208.999999999955    15.7059687222951    0.0424012847888768    0.00269969242512796
209.499999999954    15.7271567153352    0.0423507259123535    0.00269284058643977
209.999999999954    15.7483194910009    0.0423004029462183    0.00268602646589625
210.499999999954    15.7694571524704    0.0422503004418388    0.00267924888176764
210.999999999953    15.790569833514    0.0422004282948245    0.002672508259028
211.499999999953    15.8116575823002    0.0421505852296602    0.00266579167998453
211.999999999952    15.832720442245    0.0421008860560009    0.00265910626095987
212.499999999952    15.853758532556    0.0420515470098421    0.00265246546574357
212.999999999951    15.874772019544    0.0420024126527663    0.00264585926658068
213.499999999951    15.8957609677742    0.0419533894631823    0.00263928160144301
213.99999999995    15.9167254127944    0.0419044098030562    0.00263272807165298
214.49999999995    15.9376654325918    0.04185574216362    0.00262621538522366
214.999999999949    15.9585812004447    0.0418073636004191    0.00261974188527825
215.499999999949    15.9794728203545    0.0417591287573036    0.0026132982750289
215.999999999949    16.0003403561124    0.041711050167738    0.00260688518115201
216.499999999948    16.0211839039313    0.0416631654556617    0.00260050478825341
216.999999999948    16.0420035471557    0.0416154416051068    0.00259415486867196
217.499999999947    16.0627993647509    0.0415678353727437    0.00258783257070138
217.999999999947    16.0835714030043    0.0415203526700768    0.00258153811922153
218.499999999946    16.1043197629466    0.0414731391036354    0.00257528040389872
218.999999999946    16.1250445908504    0.0414262060577815    0.0025690599380598
219.499999999945    16.1457459862185    0.0413793961468422    0.00256286678745983
219.999999999945    16.1664240157213    0.041332741263516    0.00255670278246577
220.499999999944    16.1870787504907    0.04128624446402    0.0025505679622871
220.999999999944    16.2077102980128    0.0412399521034006    0.00254446503208148
221.499999999944    16.2283186893355    0.0411936144677777    0.00253837845166598
221.999999999943    16.2489039452584    0.0411474699627576    0.00253232280167211
222.499999999943    16.2694662245548    0.0411016830437525    0.00252630802243035
222.999999999942    16.2900056475075    0.0410560429729485    0.00252032097847863
223.499999999942    16.3105223002256    0.0410106039743349    0.00251436485107332
223.999999999941    16.3310163030952    0.0409654403242382    0.00250844402846343
224.499999999941    16.3514877475507    0.0409203496593607    0.00250254596346991
224.99999999994    16.3719366585417    0.040875286551802    0.00249666776779742
225.49999999994    16.3923630350165    0.0408302381761221    0.00249080856060244
225.999999999939    16.4127669255668    0.0407853828398537    0.00248497910345152
226.499999999939    16.4331484922687    0.0407409432854738    0.00247919279160905
226.999999999939    16.4535079054182    0.0406967075171841    0.00247343653105017
227.499999999938    16.4738451886987    0.0406524446447603    0.00246769616802326
227.999999999938    16.4941603937879    0.0406084198795628    0.00246198769201111
228.499999999937    16.5144536448037    0.0405646059577142    0.00245630929307056
228.999999999937    16.5347250236366    0.0405209321004734    0.00245065654509212
229.499999999936    16.5549745799001    0.0404772903790199    0.00244502280469609
229.999999999936    16.5752023185751    0.040433684831352    0.00243940822285106
230.499999999935    16.5954083210008    0.0403903990742812    0.00243382978550572
230.999999999935    16.6155927672819    0.0403474028328071    0.00242828549049758
231.499999999934    16.6357557206587    0.0403044168747066    0.00242275839772374
231.999999999934    16.6558972080422    0.0402615526072349    0.00241725510816642
232.499999999934    16.6760172987028    0.0402188381895163    0.00241177719290593
232.999999999933    16.6961160702023    0.0401762795523503    0.00240632488318965
233.499999999933    16.7161936181891    0.0401339405935975    0.00240090187457074
233.999999999932    16.7362500135728    0.0400916428477044    0.00239549736740255
234.499999999932    16.7562852854763    0.0400494891411876    0.00239011740722158
234.999999999931    16.7762995567662    0.040007645845107    0.00238477178532324
235.499999999931    16.7962929429518    0.0399658876703529    0.00237944692951571
235.99999999993    16.8162654580772    0.0399241918418762    0.0023741413895616
236.49999999993    16.8362171511122    0.0398826121032627    0.00236885826223903
236.999999999929    16.8561481119512    0.0398412738926104    0.00236360487746085
237.499999999929    16.8760584508815    0.0398000726311335    0.0023583748982011
237.999999999929    16.8959481790476    0.0397588661820527    0.00235315980853664
238.499999999928    16.915817352105    0.0397178576887942    0.00234797153823914
238.999999999928    16.9356660710152    0.0396770566378069    0.00234281052020227
239.499999999927    16.9554944424617    0.0396364539288661    0.00233767608861965
239.999999999927    16.9753025421449    0.0395959600281633    0.00233256284710435
240.499999999926    16.9950904122332    0.0395555305175536    0.00232746808390506
240.999999999926    17.0148580960019    0.0395152371028703    0.00232239592478032
241.499999999925    17.0346056683231    0.0394750579008077    0.0023173449781825
241.999999999925    17.0543331642737    0.0394349529896668    0.00231231280694559
242.499999999924    17.0740406559388    0.0393950376765949    0.00230730607185783
242.999999999924    17.0937282186672    0.0393552336685168    0.00230232007699403
243.499999999924    17.1133959170756    0.0393155871232791    0.00229735742185749
243.999999999923    17.1330438457521    0.0392761802682004    0.00229242279549401
244.499999999923    17.1526721352379    0.039236989335592    0.00228751468145799
244.999999999922    17.1722808235102    0.0391977531490235    0.00228261775776219
245.499999999922    17.1918698992765    0.0391585685582743    0.00227773760432669
245.999999999921    17.2114394190707    0.0391195536849384    0.00227288100271224
246.499999999921    17.2309894920547    0.0390807490950099    0.00226805019601632
246.99999999992    17.2505201671324    0.0390419703372548    0.00226323438128213
247.49999999992    17.2700315001872    0.0390033863411965    0.00225844326576785
247.999999999919    17.2895235619322    0.0389648815450352    0.00225367005663635
248.499999999919    17.3089964264682    0.0389266234633903    0.0022489243457157
248.999999999919    17.3284502032016    0.0388884625429155    0.00224419737985169
249.499999999918    17.3478848669606    0.0388502089893763    0.00223947814314627
249.999999999918    17.3673004531834    0.0388121797933786    0.00223478484166285
250.499999999917    17.3866971007786    0.0387744517044897    0.00223012176951961
250.999999999917    17.4060749010562    0.0387367306683265    0.00222547190498279
251.499999999916    17.425433838973    0.0386990493437175    0.00222083706502416
251.999999999916    17.4447739810538    0.038661551425831    0.00221622541328539
252.499999999915    17.4640954247245    0.0386242540576442    0.00221163782711371
252.999999999915    17.4833982468449    0.0385870361788202    0.00220706727799808
253.499999999914    17.5026824795288    0.0385499222830609    0.0022025150903668
253.999999999914    17.5219481817427    0.038512892601202    0.00219798005345839
254.499999999914    17.5411953881145    0.0384759506102339    0.00219346229027837
254.999999999913    17.5604241517816    0.038439131973974    0.00218896375404885
255.499999999913    17.579634547537    0.0384024686678522    0.00218448617711639
255.999999999912    17.5988266336601    0.0383658877957172    0.00218002532750322
256.499999999912    17.6180004469071    0.0383293828343972    0.002175580761841
256.999999999911    17.6371560411284    0.038293021949793    0.00217115627148146
257.499999999911    17.6562935005946    0.0382568623133473    0.00216675500506711
257.99999999991    17.6754129468202    0.0382209217394249    0.00216237786661164
258.49999999991    17.6945143991551    0.0381848819495041    0.00215800677476221
258.999999999909    17.7135978376432    0.0381488869956076    0.00215364983134806
259.499999999909    17.7326633098416    0.0381130454532038    0.00214931309455648
259.999999999909    17.7517109393223    0.0380775029286444    0.0021450046735663
260.499999999908    17.7707408085004    0.0380419616371114    0.0021407076973918
260.999999999908    17.7897529124367    0.0380064879333752    0.002136425846972
261.499999999907    17.8087473190483    0.0379711477095467    0.00213216275290361
261.999999999907    17.8277240750673    0.0379359023632414    0.00212791617166075
262.499999999906    17.8466832507749    0.0379008183973223    0.00212368975594816
262.999999999906    17.865624900443    0.0378657887296558    0.00211947742889849
263.499999999905    17.8845490484646    0.0378308106411525    0.00211527897844315
263.999999999905    17.9034557262646    0.0377959286208156    0.00211109682950027
264.499999999904    17.9223450105698    0.0377612432172202    0.00210693651946497
264.999999999904    17.9412170023137    0.0377267585229071    0.00210279818353693
265.499999999904    17.9600717901728    0.0376923786199206    0.0020986763895089
265.999999999903    17.9789093573281    0.0376578851975478    0.00209455893286423
266.499999999903    17.997729683565    0.0376234410002194    0.00209045483301019
266.999999999902    18.0165328456407    0.0375892663581598    0.00208637625675325
267.499999999902    18.0353189874994    0.0375553151484539    0.00208232053863224
267.999999999901    18.0540881508788    0.0375213131331097    0.00207827240121696
268.499999999901    18.072840301138    0.0374873222002806    0.00207423523782923
268.9999999999    18.0915755073678    0.0374535327394475    0.0020702195187033
269.4999999999    18.1102938831104    0.0374200203983669    0.00206622933011952
269.999999999899    18.1289955290747    0.0373865267906663    0.00206225031776896
270.499999999899    18.1476803860952    0.0373529081128916    0.00205827451873747
270.999999999899    18.1663484627029    0.03731942014897    0.00205431599121805
271.499999999898    18.1849998276876    0.0372860806616016    0.00205037564008285
271.999999999898    18.2036345877591    0.0372529832777512    0.00204645852992466
272.499999999897    18.2222528152885    0.0372199271127273    0.00204255354648025
272.999999999897    18.2408545276768    0.0371869457818017    0.00203866248291044
273.499999999896    18.2594397778093    0.0371540706511201    0.00203478699802572
273.999999999896    18.2780086196674    0.0371213073465848    0.00203092733563117
274.499999999895    18.2965610869256    0.0370885758693879    0.00202707906109694
274.999999999895    18.3150972190852    0.0370559656784686    0.0020232470095684
275.499999999894    18.3336170648274    0.0370234423296071    0.00201942923748722
275.999999999894    18.3521206865881    0.0369910578811205    0.00201562852123973
276.499999999894    18.3706081212274    0.0369586785356597    0.00201183751195224
276.999999999893    18.3890793808981    0.0369263887162282    0.00200806075994136
277.499999999893    18.4075345392459    0.0368942710111039    0.00200430269096838
277.999999999892    18.4259736721854    0.0368622705223231    0.00200056025142204
278.499999999892    18.4443968055172    0.0368302539573275    0.00199682615515573
278.999999999891    18.4628039401666    0.0367983231823912    0.00199310588476407
279.499999999891    18.4811951606043    0.0367665742219371    0.00198940457597197
279.99999999989    18.4995705361835    0.0367349625413204    0.00198571974789739
280.49999999989    18.5179301430246    0.0367034584421239    0.00198204973010709
280.999999999889    18.5362739907361    0.0366719440216619    0.00197838810755546
281.499999999889    18.554602091898    0.0366404586655408    0.00197473696736079
281.999999999889    18.5729144672136    0.0366090834294107    0.00197110063119259
282.499999999888    18.5912112145391    0.0365779289808015    0.00196748498840119
282.999999999888    18.6094924098545    0.0365468593374201    0.00196388265367554
283.499999999887    18.6277580673662    0.0365157578760107    0.00196028731659246
283.999999999887    18.6460081698906    0.0364846734861684    0.00195670157138961
284.499999999886    18.6642427741605    0.0364537843711197    0.00195313492286908
284.999999999886    18.682461993306    0.0364231179975371    0.00194958876461719
285.499999999885    18.7006658911104    0.0363924487743867    0.00194605095809376
285.999999999885    18.7188544222708    0.0363616792813211    0.00194251627055017
286.499999999884    18.7370275999867    0.0363310718755837    0.00193899868491465
286.999999999884    18.7551855235089    0.0363006414709369    0.00193549892777309
287.499999999884    18.7733282596758    0.0362703137894866    0.00193201297541862
287.999999999883    18.7914558372473    0.0362399994283248    0.00192853601882682
288.499999999883    18.8095682730319    0.0362097642101464    0.00192507152128855
288.999999999882    18.8276656256786    0.0361796670045182    0.00192162255926054
289.499999999882    18.8457479454711    0.0361496084142656    0.00191818380033852
289.999999999881    18.8638152430991    0.0361196096995598    0.00191475633290956
290.499999999881    18.8818675794817    0.0360897415955117    0.00191134385640587
290.99999999988    18.8999049837856    0.0360598830629631    0.0019079399126027
291.49999999988    18.9179274878642    0.0360301643406735    0.00190455135023574
291.999999999879    18.9359351638014    0.0360005496267184    0.00190117621946332
292.499999999879    18.9539280632173    0.0359710813673089    0.00189781670835375
292.999999999879    18.9719062517121    0.0359416535236398    0.00189446716881158
293.499999999878    18.9898697064928    0.0359121708902768    0.0018911225535159
293.999999999878    19.0078184397014    0.0358827857583088    0.00188779085154564
294.499999999877    19.0257525141985    0.0358535308181824    0.00188447373061464
294.999999999877    19.0436719858614    0.0358243714305951    0.00188116931740855
295.499999999876    19.0615769012014    0.0357953049356418    0.00187787742436911
295.999999999876    19.0794673045248    0.0357663181223458    0.00187459731194191
296.499999999875    19.0973432288763    0.0357373952718597    0.00187132811321224
296.999999999875    19.1152047153053    0.035708556487158    0.00186807083779577
297.499999999874    19.1330517837621    0.0356797161754317    0.00186482096942384
297.999999999874    19.1508844466568    0.0356509674548414    0.00186158334118428
298.499999999874    19.1687027748935    0.0356223547477811    0.00185836022218665
298.999999999873    19.1865068172655    0.0355938374349778    0.0018551494429902
299.499999999873    19.2042966233159    0.0355653864142486    0.00185194944193211
