#t    <phi>    <pi>    <phi^2>    <pi^2>    rms(phi)    rms(pi)
0    0.614643942505133    -0.341727787820285    0.377787176898702    0.116778028411771    2.89904831663827e-05    0.000383983365700512
0.5    0.438641320503536    -0.361018238430356    0.192406208828279    0.130334251466289    2.78422892796315e-05    0.000288074525467517
1    0.255705888975576    -0.367603136081375    0.0653855023001528    0.135132120387131    2.53646036439406e-05    0.000233945013407128
1.5    0.0755537481050436    -0.346872381745396    0.00570836940761288    0.120320487994191    2.35561564205948e-05    0.000196917413831296
2    -0.0833480387615317    -0.279439619607593    0.00694689604871569    0.0780865308803416    2.19845831377998e-05    0.000172840693222539
2.49999999999999    -0.194224954209639    -0.155257308847267    0.037723333267012    0.0241048560120313    2.07189695639441e-05    0.0001551178122463
2.99999999999998    -0.232961521517984    0.00148482332268531    0.0542710708920718    2.22422256873245e-06    1.95984096764478e-05    0.000139722114005663
3.49999999999997    -0.196739318504822    0.134863069082479    0.0387063597911962    0.0181880632881249    1.85864030401006e-05    0.000126038800919071
3.99999999999996    -0.109128842290887    0.203607435668714    0.0119091045317765    0.0414560009370938    1.76642926838739e-05    0.000114356916029817
4.49999999999995    -0.00422971759781821    0.206420743765705    1.78907987462937e-05    0.0426095342694606    1.69643449827971e-05    0.000103984007218187
4.99999999999994    0.0896467744420869    0.163312422157724    0.00803654443617293    0.0266709563935628    1.63799424368653e-05    9.57211587946145e-05
5.49999999999993    0.154988186449385    0.0954519318764431    0.024021338188135    0.00911107924689187    1.57881536593636e-05    8.91512576446001e-05
5.99999999999992    0.183771579789522    0.0194932617809519    0.0337719937697777    0.000379994194202755    1.52131816417256e-05    8.33027132551212e-05
6.49999999999991    0.17528002141385    -0.0517624951179865    0.0307230861223845    0.00267936194181863    1.46814471665361e-05    7.77237354396851e-05
6.9999999999999    0.134499165745857    -0.108132821001706    0.0180900257879737    0.0116927122303496    1.4200078467874e-05    7.24745652700583e-05
7.49999999999988    0.0710376310177386    -0.141200856853296    0.00504634520749858    0.0199376865981614    1.3670632936909e-05    6.79857067596429e-05
7.99999999999987    -0.00167504475845402    -0.14420573771244    2.80594849268651e-06    0.0207952989052184    1.31738324810978e-05    6.41562875032472e-05
8.49999999999986    -0.0675920933944964    -0.114015916928005    0.00456869125198848    0.0129996330109473    1.27490451288901e-05    6.08112948839888e-05
8.99999999999985    -0.11092724029475    -0.0556386833556711    0.0123048527933212    0.00309566641308849    1.24061307985826e-05    5.76847974937869e-05
9.49999999999984    -0.121175507366679    0.0148484336438125    0.0146835037318381    0.000220478975426774    1.20940448618549e-05    5.47151905071103e-05
9.99999999999983    -0.0977551502533524    0.0754840227836433    0.00955606953981196    0.00569784039338917    1.17794927506434e-05    5.19402309188727e-05
10.4999999999998    -0.0501606352798636    0.109735813602179    0.00251608946355087    0.0120419512229264    1.1483526210133e-05    4.93557928148611e-05
10.9999999999998    0.00675640920452855    0.112957690462887    4.56491909658842e-05    0.0127594420500955    1.12083382373928e-05    4.70678876878782e-05
11.4999999999998    0.0584201695305928    0.0900401233189588    0.00341291632915204    0.00810722583281891    1.10076719533828e-05    4.50058397297325e-05
11.9999999999998    0.0939634369796772    0.0501340138228116    0.00882912760684012    0.00251342119183049    1.08538634357571e-05    4.30098200661953e-05
12.4999999999998    0.107383468974555    0.00317614083575409    0.0115312095224209    1.00895696327271e-05    1.06494931799146e-05    4.12192210315436e-05
12.9999999999998    0.0975261670992143    -0.0414997553836369    0.0095113533776628    0.00172223126698889    1.04210809754477e-05    3.96243258323978e-05
13.4999999999998    0.0676448113934445    -0.0756547464405158    0.00457582061169513    0.00572364211100267    1.01607309201462e-05    3.81054318151955e-05
13.9999999999997    0.0247576424685563    -0.0925644018477595    0.000612940959209432    0.00856816982873354    9.93018475545359e-06    3.65964485868968e-05
14.4999999999997    -0.0213125989042367    -0.0879638639264825    0.000454226964902865    0.00773764262275843    9.63587015056833e-06    3.55792313683988e-05
14.9999999999997    -0.0595895454856162    -0.0618665360367952    0.00355091402440416    0.00382746947106199    9.65514528372971e-06    3.44944910206203e-05
15.4999999999997    -0.0805847446379967    -0.0203993533254696    0.00649390116444508    0.000416134725824634    9.80173174118807e-06    3.33125694664182e-05
15.9999999999997    -0.0793698718395766    0.0247365476848654    0.00629957665061918    0.000611897824625273    9.73593161502063e-06    3.21443564498241e-05
16.4999999999998    -0.057425799187082    0.060558417666762    0.00329772250285801    0.00366732291164143    9.51750686653305e-06    3.10054744636652e-05
16.9999999999999    -0.0218731932109498    0.078241059701782    0.000478436666016748    0.00612166432305647    9.20723673110427e-06    2.99966441973682e-05
17.4999999999999    0.0173930566804966    0.0755681261147071    0.000302518499151449    0.00571054254783343    8.85779221728734e-06    2.93827356837835e-05
18    0.0508249196847255    0.0557642180922658    0.00258317254367345    0.00310964884769608    9.09475943877675e-06    2.87794075726061e-05
18.5000000000001    0.0713300782588685    0.0250242126665909    0.00508798016000258    0.000626211992354885    9.77682373615859e-06    2.77987790470866e-05
19.0000000000002    0.0752312857052509    -0.00943003836335689    0.00565974644964112    8.8926346768864e-05    1.00387265670017e-05    2.68930191941618e-05
19.5000000000002    0.0624731707015308    -0.0404720083895685    0.00390289715614787    0.00163798414501747    9.93203231077318e-06    2.61138310519693e-05
20.0000000000003    0.0363874212009414    -0.0617925674142854    0.00132404451281217    0.00381832203522101    9.54764119618594e-06    2.54474360148119e-05
20.5000000000004    0.00310362398497774    -0.0686573416825398    9.63256158732066e-06    0.00471383119222663    8.93012830433292e-06    2.50062713849404e-05
21.0000000000005    -0.0294934100239257    -0.0589922147070994    0.000869861304724013    0.00348008207262889    8.35970150941886e-06    2.60111587140599e-05
21.5000000000006    -0.0534205564775483    -0.0346670660581298    0.00285375594182795    0.00120180608245275    9.3518464731698e-06    2.47663888715426e-05
22.0000000000006    -0.0627440133097983    -0.00194456540598128    0.00393681130838392    3.78192062817271e-06    1.01076093607539e-05    2.42076441142195e-05
22.5000000000007    -0.0554896838612757    0.0300474827261299    0.00307910512054904    0.000902851755313279    1.02725226092671e-05    2.3176199052959e-05
23.0000000000008    -0.0342801672455232    0.0526632738338835    0.00117512996403396    0.00277342092932157    9.8819489907021e-06    2.27688156502634e-05
23.5000000000009    -0.00526309255756239    0.0608124018931893    2.77002274561617e-05    0.00369814872562994    9.17533068222415e-06    2.23966776416735e-05
24.000000000001    0.0240062470277707    0.0539210699123321    0.000576299968813977    0.00290748266702275    8.51208716637252e-06    2.97746895905471e-05
24.500000000001    0.0466508367139935    0.0350388218729237    0.0021763007473443    0.00122771976569574    1.34621179354644e-05    2.6971341545313e-05
25.0000000000011    0.0578916487496141    0.00925164862881069    0.00335144327378391    8.55936463876535e-05    1.66983596225318e-05    2.53778777445135e-05
25.5000000000012    0.0557274800265501    -0.0175936022826993    0.00310555233155988    0.000309535423451387    1.7362325341338e-05    2.41281906794735e-05
26.0000000000013    0.0410772031521316    -0.0397923985691978    0.00168733690651702    0.00158343553251902    1.69621794032166e-05    2.34228334828559e-05
26.5000000000013    0.0175185108123698    -0.0525423772171374    0.000306898465055257    0.002760701972089    1.56196075075574e-05    2.38424210165279e-05
27.0000000000014    -0.00935916801917994    -0.0527440552874538    8.75941804632347e-05    0.00278193627001774    1.2427871666068e-05    3.00308467161765e-05
27.5000000000015    -0.0330442596529065    -0.0399848872177437    0.00109192344535676    0.00159879394051794    1.86908548167096e-05    5.22943807279039e-05
28.0000000000016    -0.0476696515623397    -0.0172850158448273    0.00227239682506485    0.000298773409040198    3.38377005511402e-05    4.04510107050034e-05
28.5000000000017    -0.0496708983210188    0.0093274581036013    0.00246719953307682    8.70033354157697e-05    3.7323716715785e-05    4.31363110621537e-05
29.0000000000017    -0.0389044662734331    0.0326101519242075    0.00151355875551809    0.00106342335508841    3.54893984716721e-05    3.66956198956099e-05
29.5000000000018    -0.018626952063571    0.0466059723903758    0.000346964324439307    0.00217211812011597    3.1325081551196e-05    3.81793595498815e-05
30.0000000000019    0.00566691257358742    0.0484887292206783    3.21145987905917e-05    0.00235115848939522    2.647024572115e-05    4.0347973445202e-05
30.500000000002    0.0279139005492692    0.0387670899765759    0.000779186162971232    0.00150289079548338    1.78632791379781e-05    5.9415750828247e-05
31.000000000002    0.04301259065375    0.0205621412374134    0.00185008372668359    0.000422804148774054    2.77837458621329e-05    4.99650549613842e-05
31.5000000000021    0.0478107808088104    -0.00162049033036912    0.00228587207181599    2.62822122486766e-06    3.61976225340652e-05    4.72473708035198e-05
32.0000000000022    0.0415575628154914    -0.0228222945431136    0.00172703253817668    0.000520859088685422    3.88717528525405e-05    4.42772265381089e-05
32.5000000000021    0.0259274483476796    -0.0384220063278473    0.000672233920514323    0.00147625253514176    3.66427718542186e-05    4.43270191476741e-05
33.000000000002    0.00467190775248781    -0.0448601417892029    2.18276958715724e-05    0.00201243440058166    3.12061503031089e-05    4.55986213486325e-05
33.5000000000019    -0.0171035838943353    -0.0404067199779967    0.000292533143390496    0.00163270654446562    2.36930354700549e-05    5.93724294953435e-05
34.0000000000018    -0.0340540053819145    -0.0259492425496644    0.00115967611266546    0.000673366829272065    2.88116989403418e-05    6.03354850286539e-05
34.5000000000017    -0.0419785450918677    -0.00511336661195042    0.00176219987810341    2.6149118011511e-05    4.0374167985346e-05    5.09892469223815e-05
35.0000000000016    -0.0390305642492594    0.0165347557874118    0.00152338690399814    0.000273400652256641    4.42536164605982e-05    5.00330620027537e-05
35.5000000000015    -0.0262719181990412    0.0332667891514015    0.000690215457458993    0.00110668138604683    4.20904013094385e-05    4.61042625180597e-05
36.0000000000014    -0.00726947915850839    0.0410514713719047    5.28465762773839e-05    0.0016852257937571    3.53417797527717e-05    4.99195231183911e-05
36.5000000000013    0.0130494192405227    0.0385371822783932    0.00017028806944852    0.00148511856123654    2.69617061010285e-05    6.43683030127204e-05
37.0000000000012    0.0297586494518455    0.0270252892719914    0.000885578729772371    0.000730374445095193    3.88918313604415e-05    9.04702181874543e-05
37.5000000000011    0.0391015335314754    0.00969815130555783    0.00152893421459475    9.40579847429221e-05    6.54987149025536e-05    6.20161062072943e-05
38.000000000001    0.0391678147495231    -0.0093607786954129    0.00153412306639918    8.76281177993581e-05    7.31720316967371e-05    6.27695376909904e-05
38.5000000000009    0.0301664239480287    -0.0258868317248232    0.00091001771025655    0.000670132320099469    6.76494223792015e-05    6.52943347769406e-05
39.0000000000008    0.0143256790120634    -0.0361849048764773    0.000205228214047067    0.00130935140253749    5.59900919142902e-05    6.37308228875277e-05
39.5000000000007    -0.00455075140174939    -0.0377477500986242    2.07111883864193e-05    0.00142489728190572    4.30123923450524e-05    6.81498168209061e-05
40.0000000000006    -0.0218518949610582    -0.0299914182427213    0.000477506698722182    0.000899500065241143    3.7220062604445e-05    0.000122053395303202
40.5000000000005    -0.0332940240466523    -0.014806355450534    0.00110849770252491    0.000219237610188304    7.52682260427097e-05    9.720319308654e-05
41.0000000000004    -0.0360655931959776    0.00389583125216799    0.00130073611428063    1.51835212664595e-05    9.54028452423508e-05    7.75894392987235e-05
41.5000000000003    -0.0296372628763331    0.0211595604048834    0.000878374857398087    0.000447736326398888    8.66406210549049e-05    9.65912572498356e-05
42.0000000000002    -0.0158899652191624    0.0325627361150824    0.00025249577626498    0.00106034003831105    6.91491054858113e-05    9.08570886681777e-05
42.5000000000001    0.00151647918976442    0.0355504016578144    2.30249766114269e-06    0.00126383901581559    5.2806516209043e-05    8.92064103970789e-05
43    0.0181990476028046    0.0298336428724327    0.000331207333561153    0.000890055051046313    4.47203757273511e-05    9.38296672456526e-05
43.4999999999999    0.030209591918747    0.0173065656621022    0.000912622330813765    0.000299527628906271    5.3730033891269e-05    0.000102048466986961
43.9999999999998    0.0348945759839148    0.00112787454442669    0.00121763692296489    1.27742197487515e-06    7.40936412937259e-05    7.29450951705772e-05
44.4999999999997    0.0313535541912413    -0.0149631247804612    0.000983051260064407    0.000223901619650068    7.68091225335994e-05    8.07245589465079e-05
44.9999999999996    0.020553689499098    -0.0273458426350292    0.000422458943064208    0.000747801855467082    6.92173307427226e-05    8.2134324748752e-05
45.4999999999995    0.0051117811090929    -0.0331533200750099    2.61337732042572e-05    0.00109914935343388    5.88820599008646e-05    8.19843755036014e-05
45.9999999999994    -0.0112403490360104    -0.0308720884349461    0.000126347926153797    0.000953094348733776    4.97966108987602e-05    9.22192964939435e-05
46.4999999999993    -0.0244788395558622    -0.0209576196364913    0.000599217015291    0.000439230667109429    5.85601345261065e-05    9.40546733663856e-05
46.9999999999992    -0.0313282739072415    -0.00587717862788654    0.000981466604561688    3.45478032167125e-05    7.65411950512955e-05    8.10838616871967e-05
47.4999999999991    -0.0301484009223025    0.0104378557857187    0.000908933242736866    0.000108953653736284    8.46437533252436e-05    6.94286167437786e-05
47.999999999999    -0.0214024294173657    0.0237210790008356    0.000458070093627199    0.000562695807304932    7.81579290676783e-05    7.88564585183587e-05
48.4999999999989    -0.00748360898766389    0.0307210608249715    5.60085390808267e-05    0.000943789857505728    6.43086353686638e-05    7.92419972610191e-05
48.9999999999988    0.00801718731269176    0.0299782372889189    6.42778128598205e-05    0.000898704159654209    5.02041137231416e-05    9.72044416787019e-05
49.4999999999987    0.0212846197627153    0.0220654813563021    0.0004530398586254    0.000486902827576697    6.94275307642024e-05    0.000131757699505975
49.9999999999986    0.0292469468928435    0.00920160719384835    0.000855396774220735    8.46813665941369e-05    0.00011345337335128    0.000108589337668323
50.4999999999985    0.0301773391571172    -0.00550107710173484    0.000910690260695666    3.02696084049946e-05    0.000135875280995167    8.80858999111327e-05
50.9999999999984    0.0239974102357119    -0.0186952320729817    0.000575892066296112    0.000349521469200549    0.000127938559710795    9.88278194869591e-05
51.4999999999983    0.0122470477102041    -0.0273485344504855    0.000150001160564564    0.000747952762051669    0.000104799563688921    0.000102105153045168
51.9999999999982    -0.00223722650506072    -0.0293688036823866    5.01119040440608e-06    0.000862539299636216    7.75110924956123e-05    0.000112560657653402
52.4999999999981    -0.0159030968488121    -0.0241252522521687    0.000252911556889259    0.000582048240991021    5.53850752738203e-05    0.000142985174926859
52.999999999998    -0.0253641858521842    -0.0129111532374483    0.000643348371867641    0.000166716109017192    8.02989632618786e-05    0.000135022577074819
53.4999999999979    -0.0282932234976264    0.00141518523094545    0.000800518688868271    2.01082182833014e-06    0.000110421834939942    8.98475956496155e-05
53.9999999999978    -0.0240497207249463    0.0151391883948616    0.00057840100625218    0.000229204725270329    0.000109267123464025    9.84886552734487e-05
54.4999999999977    -0.0138505018556566    0.0247430782150632    0.000191844292182426    0.000612232370475142    8.88286489786362e-05    0.000111583683432095
54.9999999999976    -0.00038356520024728    0.0279628051207854    1.51929958198548e-07    0.000781932285614758    6.93375465228738e-05    0.000117538894568223
55.4999999999975    0.0129439789578377    0.0242189971315133    0.000167551892333791    0.000586591669335086    7.28084668572686e-05    0.000178458059046551
55.9999999999974    0.0229011586685126    0.0148271038155316    0.000524480429011119    0.000219873775108615    0.000131759822145405    0.000175406818750099
56.4999999999973    0.0272280438191753    0.00217005528313871    0.000741399368476976    4.72210743270104e-06    0.000181654226605183    0.000113874935006848
56.9999999999972    0.0250279832318182    -0.0107595237615499    0.000626432900801596    0.000115786249682009    0.000181538286388411    0.000137470384635614
57.4999999999971    0.0169112804918371    -0.0210246786564769    0.000286013395892146    0.000442064204849396    0.000148283574805568    0.000164597209214468
57.999999999997    0.00485441814896222    -0.0261719199606758    2.35791851662738e-05    0.000684996063023344    0.000117514259985477    0.000163305221357932
58.4999999999969    -0.0081746260874247    -0.0247761749759285    6.68342852389128e-05    0.000613931530683597    9.88613661061117e-05    0.000269600159072717
58.9999999999968    -0.0188371658995558    -0.0170799182861915    0.000354900097033473    0.000291910810453642    0.00024754374579895    0.000432668222384986
59.4999999999967    -0.0245111348501818    -0.0052005075642531    0.000600978679951676    2.71306304849636e-05    0.00042772457011482    0.000292149891510972
59.9999999999966    -0.0238181009505557    0.00786383546752962    0.000567536534552227    6.19068903738339e-05    0.000484356956556126    0.000258809028932833
60.4999999999965    -0.0170386906917612    0.0186751828378722    0.000290493598250278    0.000348888566919147    0.000420259159052996    0.000355123768833939
60.9999999999964    -0.00600858717482539    0.024487940334746    3.62076946355659e-05    0.000599859350967778    0.000323380268553626    0.00044735794359449
61.4999999999963    0.00639290016984049    0.023867564518103    4.09269042758617e-05    0.000570184698752033    0.000240274206512393    0.000723921768026503
61.9999999999962    0.0167305555159208    0.0168854800065263    0.000280428893023509    0.000287366047182638    0.000719308801699471    0.00149887028519395
62.4999999999961    0.0226015792775506    0.00615357051773517    0.000512663269564513    3.94316411545628e-05    0.00135347099160155    0.00125108394515448
62.999999999996    0.0226783503656306    -0.00580656827829736    0.000517140853536484    3.42967441789422e-05    0.00168323445490773    0.000761911417694416
63.4999999999959    0.0170377736244062    -0.0162519770026536    0.000292882236642654    0.000265171443123128    0.00161136791768447    0.00102209912843478
63.9999999999958    0.00709350407642395    -0.0226361882666035    5.20454185556012e-05    0.000514058086048503    0.0013143890114262    0.0012888238077354
64.4999999999961    -0.00458352647525486    -0.0228546448830552    2.18264483919697e-05    0.000526647649241114    0.000904286150843589    0.00207674180161004
64.9999999999963    -0.0145053586424947    -0.0160639714243598    0.000212654638363185    0.00027111632312003    0.00149973631542012    0.00361457399943345
65.4999999999966    -0.0201611255076305    -0.00580749299122864    0.000413387437227386    3.92905632827894e-05    0.00262991549159976    0.0023587260204652
65.9999999999969    -0.0201217272350739    0.00600734462825642    0.000414977745300135    3.89570760633679e-05    0.00317708016540667    0.00169377878742374
66.4999999999971    -0.0145170288346428    0.0159202626808352    0.000219275190326832    0.000260399950839468    0.00292079854508694    0.00263537227212268
66.9999999999974    -0.00490556880414021    0.0216193555080531    2.89524277730613e-05    0.000475689218685033    0.00221084202984015    0.00287970243279552
67.4999999999976    0.00598641599801246    0.0206435967887245    3.83200163236583e-05    0.000440914691967628    0.00157570296134733    0.00384143249220793
67.9999999999979    0.0146142729967075    0.0133860695161436    0.000219747708931041    0.000201473554132987    0.00248409615529404    0.00472087884211798
68.4999999999981    0.0189736926919477    0.00346767123808701    0.000374937188641639    2.37895348729801e-05    0.00386473469634983    0.00342998411913586
68.9999999999984    0.0180096949547341    -0.00720494101905695    0.000344388368114454    5.97700984688173e-05    0.00447652272996336    0.0028033771385113
69.4999999999986    0.012071752619916    -0.0159858479212019    0.000163015971614846    0.00026722920822661    0.00415797550478552    0.0034178757243082
69.9999999999989    0.00276598083651728    -0.0203170166031448    1.7949561983681e-05    0.000432512664691994    0.00320919179789868    0.00444201542540472
70.4999999999992    -0.00709279180908738    -0.0178362597333523    5.60373858834916e-05    0.000357404427627896    0.00239367713704973    0.00626675883948729
70.9999999999994    -0.0141868103440643    -0.0102293926808273    0.000216564241783362    0.000141744853730665    0.00391134938926619    0.00609133639787711
71.4999999999997    -0.0169731750686032    -0.000561544479748335    0.00031655918181862    2.02761511609233e-05    0.00533577641109216    0.00446775323380639
71.9999999999999    -0.014693649286375    0.00949222745082697    0.000247001663336883    0.000108369258172822    0.00557658802368388    0.00427397662541439
72.5000000000002    -0.00797773424891282    0.0166189637780677    8.7812723268461e-05    0.00030132614369911    0.00491614478246769    0.00501360016778203
73.0000000000004    0.00104767333509337    0.0184528027737464    1.42875934563569e-05    0.000382621826820685    0.00363180038538618    0.00648967615631941
73.5000000000007    0.00932279961272914    0.0136464992013638    9.86174080157063e-05    0.000247857284204486    0.00342093779490414    0.0078504995861195
74.000000000001    0.0142302708849306    0.0058110772358736    0.000232071460521969    7.55069546910294e-05    0.00543790870311982    0.00646052134504183
74.5000000000012    0.0149215054981983    -0.0031227708555575    0.000266158983456463    3.84150684294342e-05    0.00659603343864337    0.00535381832089163
75.0000000000015    0.0112262984183495    -0.0113424692995898    0.000167267576961526    0.000161302068475263    0.00642166651140405    0.0057140579856285
75.5000000000017    0.00412916274010172    -0.0162477801401551    4.55962683504836e-05    0.000308234235192792    0.00534287220661689    0.00665160700206913
76.000000000002    -0.00407277099989143    -0.0155297708813194    3.25357035097163e-05    0.00030846033541974    0.00399352474540469    0.00820283803286795
76.5000000000022    -0.0104742288732359    -0.00945644435421602    0.000130171970864595    0.000158073101762352    0.00452354953279688    0.0082854548419485
77.0000000000025    -0.0132384617920912    -0.00143553118336525    0.000215069893997735    4.54606749424639e-05    0.00630975620583516    0.00658786195696676
77.5000000000027    -0.0118546528702147    0.00683702045200118    0.000189165638808343    8.35749355268379e-05    0.0069737252695423    0.00606877968505658
78.000000000003    -0.00673654396847323    0.0130903260204567    8.55314105841922e-05    0.000218663159120498    0.00633643321948706    0.00687797381491474
78.5000000000033    0.000486108405697939    0.0148850952089756    2.4644276312339e-05    0.000291035866608478    0.00494044278686119    0.0083348549614381
79.0000000000035    0.0072139630322166    0.0112112342828716    7.14860094125828e-05    0.000207231483949196    0.00440961980020897    0.00902993409742063
79.5000000000038    0.0111798957916982    0.0044109204028882    0.000159516106621145    7.98248417040701e-05    0.00587588603598765    0.00776972476368724
80.000000000004    0.011499569829023    -0.00315418382702813    0.000182568918415109    5.28369961878117e-05    0.00709428024274012    0.0065489022418361
80.5000000000043    0.0081820957160296    -0.00976261968045744    0.000116485593761843    0.00014284493617088    0.00703838784492392    0.00689464960281701
81.0000000000045    0.0022753979603875    -0.0131511596746631    4.01178924586831e-05    0.00024049338782451    0.00591104530354382    0.00821829587177439
81.5000000000048    -0.00414268857968096    -0.0116746688144737    3.96453989462614e-05    0.000225399644041055    0.00474168011131522    0.00943937244277449
82.000000000005    -0.00872048391673289    -0.00620352010469849    0.000104981121386579    0.000117028882656989    0.00537905955019849    0.00886257417275537
82.5000000000053    -0.0101257142720215    0.000659196329338468    0.000148338951975774    5.50170460103715e-05    0.00676822446858509    0.00738799744245748
83.0000000000056    -0.00811835082757278    0.00714775796234095    0.000116762806963793    0.000103212607492763    0.00713128226928662    0.00721956810374101
83.5000000000058    -0.00338975411867075    0.0111782906314502    5.15187670207529e-05    0.000193535636549808    0.00632679492600381    0.00828139209967983
84.0000000000061    0.00234750463037102    0.0109949523375325    3.20229954150532e-05    0.000210602481205903    0.00514900159501235    0.00947172129558781
84.5000000000063    0.00691421812205386    0.0067627762422612    7.54968538496394e-05    0.000132464698597846    0.00526217080778468    0.00931287045410563
85.0000000000066    0.00882727444026601    0.000780290904394886    0.000120393942271102    6.39029521096048e-05    0.00651714417727033    0.00795575880819193
85.5000000000068    0.00770526357799704    -0.00512856921196111    0.000110141261447569    8.20784334685996e-05    0.00712531926591092    0.00746834729419596
86.0000000000071    0.00399553776741436    -0.00924967532164719    5.97467519998065e-05    0.000153958453136073    0.00661682929725197    0.0082705477194793
86.5000000000073    -0.0009548426008573    -0.00988009179177022    3.1375844669179e-05    0.000186163719273539    0.00551943115517959    0.00940996840907203
87.0000000000076    -0.00524179750150034    -0.0067342784213983    5.44992316090416e-05    0.000137712791229595    0.00519834498300241    0.00961052992153317
87.5000000000079    -0.00734271545683276    -0.0015088137361304    9.1637902910251e-05    7.47264592140834e-05    0.00614185905327046    0.00851175306994673
88.0000000000081    -0.00673396163552169    0.00383470006170531    9.19618514080735e-05    7.56805336641254e-05    0.00682756267634326    0.00780868805247608
88.5000000000084    -0.00375106330166845    0.00770989221414656    5.63588477018174e-05    0.000129836350214512    0.00650295100771131    0.00839010800054172
89.0000000000086    0.000468007335286473    0.00857948221590565    3.1301168708206e-05    0.000161340764318174    0.00557513567927491    0.00936660286470674
89.5000000000089    0.00425873438394892    0.00609644412847886    4.55138801349704e-05    0.000128296009664137    0.00523230939279603    0.00954617088954899
90.0000000000091    0.00623194283585182    0.00162986496232539    7.45583778351209e-05    7.72231375546443e-05    0.00597672705799722    0.00863519992584007
90.5000000000094    0.00586016345609912    -0.0030258143863044    7.80616387194779e-05    7.25730738880205e-05    0.00661211940207361    0.00796351186271822
91.0000000000096    0.00341658889725999    -0.00641740369694437    5.24224649208314e-05    0.000111860316576936    0.00638352451455707    0.00840697605369379
91.5000000000099    -0.00013345500558715    -0.00729326797998775    3.11120677819389e-05    0.000138849319726904    0.00557622251559446    0.0092551370545762
92.0000000000102    -0.00338769956676912    -0.00529039588606315    3.83735458618777e-05    0.000117614988618106    0.00518623538871791    0.00946713789837416
92.5000000000104    -0.0051204374868626    -0.00147755069936227    5.90102302586546e-05    7.85070073850893e-05    0.00572637321537697    0.00873635228890773
93.0000000000107    -0.00483201568171268    0.00254257523673458    6.24559392955549e-05    7.25572807613218e-05    0.00625360406063877    0.0081297350465354
93.5000000000109    -0.00277119711083659    0.00541116860697245    4.43278058268099e-05    0.0001010765629449    0.00605378166105294    0.00847324124829548
94.0000000000112    0.000210026168857764    0.00609052172508487    2.91094860981661e-05    0.000120531557410874    0.00539123131636559    0.00913439119630548
94.5000000000114    0.00290897907803245    0.00435014850832164    3.47184245372906e-05    0.000104023143878225    0.00512408677335387    0.00922493099344227
95.0000000000117    0.00430687586334199    0.00110738334428088    4.97713423053499e-05    7.50105801836548e-05    0.00558767953654396    0.00858977778015614
95.500000000012    0.00400047434014549    -0.00224333657262096    5.19828944471358e-05    7.05049681628392e-05    0.00599825803887873    0.00809150228231943
96.0000000000122    0.00223993073345096    -0.00454234996951301    3.84263385082281e-05    9.14403223422988e-05    0.00578005612581487    0.00841471206261771
96.5000000000125    -0.000229494450347629    -0.00499096997761201    2.70638837042798e-05    0.000105398370067845    0.00519723157089805    0.00897154327584839
97.0000000000127    -0.00241766256650506    -0.00347123882591376    3.08156118507926e-05    9.26420413818751e-05    0.00499705108692244    0.0089773349272122
97.500000000013    -0.00349535773120538    -0.000735448996649952    4.09578001849331e-05    7.15294823336685e-05    0.00536099566459775    0.00842547310879307
98.0000000000132    -0.00315139995143432    0.00202467955335384    4.15641497943887e-05    6.95455889956352e-05    0.00562430690312046    0.00808988638374274
98.5000000000135    -0.00162912113218569    0.00383750814194852    3.17294681193068e-05    8.4563252403466e-05    0.00539216398637623    0.00835684053120226
99.0000000000137    0.000415128804491165    0.0040478360772429    2.46936971467141e-05    9.24839063447852e-05    0.00495190521137025    0.008723470034141
99.500000000014    0.00214582930492614    0.00264736165091383    2.83997203753425e-05    8.16450459758644e-05    0.0048780259295603    0.00863924315349066
100.000000000014    0.00291186350122476    0.000350163204350702    3.54333764115772e-05    6.66394590687647e-05    0.00519176534155891    0.00815578597065197
100.500000000015    0.00250895395461852    -0.00187579165574123    3.47665537606466e-05    6.69592917186716e-05    0.00533588828727239    0.00796496687895958
101.000000000015    0.00118557271014856    -0.00321518158740384    2.73260347321797e-05    7.79669375197976e-05    0.00509121322290971    0.00822371843388481
101.500000000015    -0.000477850531829268    -0.00320579758399279    2.28876021879441e-05    8.15677740957791e-05    0.00476017447759792    0.0084433782306755
102.000000000015    -0.00181161885383668    -0.00195712212498371    2.56619599212514e-05    7.30244215417079e-05    0.00473075015718172    0.00831829877616855
102.500000000016    -0.00232278516243277    -4.9097457020207e-05    2.97820215295096e-05    6.35803451530416e-05    0.0049382882275837    0.00797357727702916
103.000000000016    -0.00188743631313958    0.00170581890831132    2.8508507150351e-05    6.46838965627402e-05    0.00499460622213534    0.00785964874627281
103.500000000016    -0.000751710042045408    0.00266137717799082    2.34671568576319e-05    7.14943116349689e-05    0.0047856126953944    0.00802567026181854
104.000000000016    0.0005819291264769    0.00248845611594975    2.11414087151014e-05    7.26454861902561e-05    0.00456100506542793    0.00815187538847647
104.500000000017    0.00157706300608491    0.00136543978690092    2.34889252987996e-05    6.57468535249604e-05    0.00458277182212229    0.00799264835416324
105.000000000017    0.00187831080887276    -0.000170847366079235    2.59344825352713e-05    5.98079710489203e-05    0.00473354318038223    0.00773167396017344
105.500000000017    0.00144006795253092    -0.00150535559155072    2.45012234101566e-05    6.12041280007631e-05    0.00473576051994291    0.00767711095033477
106.000000000017    0.000489784176357479    -0.00215146676757707    2.09565114781708e-05    6.54786154426394e-05    0.00455155170669967    0.00780062857663732
106.500000000018    -0.000562693954983669    -0.00191638263653413    1.95600016608507e-05    6.52921925620551e-05    0.00438672738768613    0.00784981975286348
107.000000000018    -0.00130240388751556    -0.000946649785169121    2.10690415864813e-05    6.03654512025639e-05    0.00440145268068006    0.0077116344173465
107.500000000018    -0.00146017092279609    0.000314640158460284    2.23050063893491e-05    5.67502612031737e-05    0.00449142597240229    0.00752670331379269
108.000000000018    -0.00102913775732272    0.00133831105172613    2.10357946396974e-05    5.78608151438549e-05    0.00446952683358654    0.00748797293482572
108.500000000019    -0.000223722087923563    0.0017566317871629    1.88195156229859e-05    6.01350515636209e-05    0.00433237395089125    0.00755309845877504
109.000000000019    0.000602403774146097    0.00143573210471045    1.82215640808998e-05    5.92164032795527e-05    0.00422595241026143    0.00756009765830154
109.500000000019    0.00112118567641518    0.000580139715982923    1.9296554492355e-05    5.58109991687207e-05    0.00424729292271636    0.00744811634432894
110.000000000019    0.0011609003172702    -0.000408963758316466    1.99420562352424e-05    5.34571774575898e-05    0.00431211858471035    0.00729999493848958
110.50000000002    0.000753939503954025    -0.00115134888838195    1.88855283458922e-05    5.40964483073972e-05    0.00427984854524897    0.00726435434464887
111.00000000002    9.53134130921208e-05    -0.00138398758853665    1.72832510716655e-05    5.55395831685614e-05    0.0041562202089098    0.00732285200747208
111.50000000002    -0.000536511214197106    -0.00106157792791133    1.68883609262289e-05    5.47480068285958e-05    0.004074373159551    0.00732264017493467
112.00000000002    -0.000899088645015986    -0.000342786140004478    1.76243878314892e-05    5.19065625442605e-05    0.00410073498776653    0.00719646164489754
112.500000000021    -0.000865908759243856    0.00045476042962957    1.78341313909755e-05    5.05118106637603e-05    0.00413331990192391    0.00709260203419051
113.000000000021    -0.000491861717047781    0.000975534754207816    1.69233251445394e-05    5.11992732604863e-05    0.00408428662018745    0.00708855452146762
113.500000000021    3.82119361743769e-05    0.00107245149045878    1.59747944370344e-05    5.1623721275157e-05    0.00399666539567277    0.0071044752850418
114.000000000021    0.00050930720771266    0.000748442829610697    1.59025951270454e-05    5.0361104416977e-05    0.00395514870709273    0.00705697794723643
114.500000000022    0.00074267607404897    0.000162984893387476    1.6327587844332e-05    4.85099772191914e-05    0.00397190383737663    0.00696300316987712
115.000000000022    0.000669882358377949    -0.000435701215306584    1.62871651031278e-05    4.77529115717862e-05    0.00397975159137625    0.00689659887355837
115.500000000022    0.000346557524633171    -0.000805917221238459    1.55835982148294e-05    4.79644861148995e-05    0.00393236520391349    0.00687858877586172
116.000000000022    -7.93534522557276e-05    -0.000834400646858901    1.48996952044213e-05    4.80907991936854e-05    0.00385919657882783    0.00688437177629207
116.500000000023    -0.000431088676048996    -0.000529496991636527    1.48596055896295e-05    4.70740278373834e-05    0.00383063547508919    0.00684058921243129
117.000000000023    -0.000578908747639526    -4.46067379695254e-05    1.5119978975038e-05    4.55806231732971e-05    0.00384510645326555    0.00675119496179934
117.500000000023    -0.0004780875829009    0.000424223286282081    1.49336318950433e-05    4.51416057557732e-05    0.00383471826319995    0.0067053441641089
118.000000000023    -0.000192935113194676    0.000669289283813721    1.43685385925416e-05    4.53030781033033e-05    0.00378567228304804    0.00669739725250604
118.500000000024    0.000142445882284621    0.000624570710715468    1.40140226935096e-05    4.49815849735473e-05    0.0037408196781093    0.0066776864557168
119.000000000024    0.000392523190695482    0.000349348267462689    1.40574977324701e-05    4.40809038775996e-05    0.00372872944543263    0.00663014778610707
119.500000000024    0.000475266253437214    -2.65756363300394e-05    1.41612889319558e-05    4.29977467426426e-05    0.00373301633003386    0.00655721285899705
120.000000000024    0.000369574885070114    -0.00037686859285213    1.39338150038586e-05    4.27223740612133e-05    0.00371446219635953    0.00652536160874897
120.500000000025    0.000129676372423239    -0.000545020528604062    1.35052305631582e-05    4.26904688020419e-05    0.00367265770275333    0.00651102307056595
121.000000000025    -0.000136605634634966    -0.000483628116286302    1.32363003368393e-05    4.23258864553291e-05    0.00363560713463725    0.00648783402226555
121.500000000025    -0.000320947614068167    -0.000229096206693714    1.32394370578465e-05    4.15248431530078e-05    0.00362442128992623    0.00643990357700225
122.000000000026    -0.000356100531653952    8.60165859208499e-05    1.32833167438818e-05    4.07187625408763e-05    0.00362719025627793    0.0063805457202204
122.500000000026    -0.000245437182926555    0.000336461925110714    1.3067089174717e-05    4.05505779384574e-05    0.00360650104172369    0.00635903855243921
123.000000000026    -4.62580236148371e-05    0.000432054569287746    1.27697884453028e-05    4.04184493269358e-05    0.00357318466365147    0.00634285252674957
123.500000000026    0.000158834665264539    0.000359850682117245    1.26350982910699e-05    3.97911579523471e-05    0.00355103785394921    0.00629775082382011
124.000000000027    0.000288652113937875    0.000142902965825145    1.25817267835158e-05    3.93226783313628e-05    0.00353530857785215    0.00626915122434618
124.500000000027    0.000293773451645619    -0.000119328292621752    1.25711843908114e-05    3.87009198640429e-05    0.00353339518734031    0.00621986178484883
125.000000000027    0.000185287245721621    -0.000291081774012152    1.24141370728199e-05    3.82922119607288e-05    0.00351849480735624    0.00618122021623293
125.500000000027    2.47435882979958e-05    -0.000331729654909462    1.21376150558396e-05    3.82008922406749e-05    0.00348382014614385    0.00617177832368666
126.000000000028    -0.000125276552848121    -0.000246916318023087    1.200506452484e-05    3.78179861486111e-05    0.00346256701164707    0.0061446739930207
126.500000000028    -0.000210027383730859    -8.71703820777451e-05    1.1992705040915e-05    3.72808186647021e-05    0.00345667376808951    0.00610517976714777
127.000000000028    -0.000207517123914145    9.94229191316653e-05    1.1954995501265e-05    3.68288909924886e-05    0.00345136670676233    0.00606786668242142
127.500000000028    -0.000118091778709031    0.000241554222042654    1.18123381777361e-05    3.64937970530113e-05    0.00343487882021149    0.00603617831171551
128.000000000029    1.42068707919022e-05    0.000267401623710583    1.16103691520716e-05    3.63524502682963e-05    0.00340736955977685    0.00602336671969533
128.500000000028    0.000130736962034097    0.000184816977660419    1.15358361622906e-05    3.59435353467078e-05    0.00339392751971056    0.00599244341078631
129.000000000028    0.000188807635647495    4.05134634534154e-05    1.154111211669e-05    3.5363770701079e-05    0.00339197048828718    0.00594660654157966
129.500000000027    0.000170917768511338    -0.000105843283580737    1.14279153589071e-05    3.51345353020285e-05    0.0033761964509362    0.00592649411552474
130.000000000027    9.09039910715824e-05    -0.000202396950231022    1.12642926880568e-05    3.48811456512425e-05    0.00335500061884704    0.00590255716836184
130.500000000026    -1.4546860453536e-05    -0.000204494759734175    1.11510043987436e-05    3.45560724487689e-05    0.00333928027987987    0.00587488334709806
131.000000000026    -0.000101425288993497    -0.000129983465093674    1.1087468649772e-05    3.4146871360427e-05    0.00332824000945313    0.00584208658436601
131.500000000025    -0.000136095350880697    -6.73878992965478e-06    1.10221221415879e-05    3.38182402541563e-05    0.00331716749608104    0.0058153413350264
132.000000000025    -0.000112258291461756    9.45846383628504e-05    1.09211721930262e-05    3.35371389543677e-05    0.00330281247863457    0.00579035341758631
132.500000000024    -4.70135408705438e-05    0.000158732386040114    1.08158648855139e-05    3.32668089437667e-05    0.00328841217192869    0.0057655540040302
133.000000000024    3.43133655250749e-05    0.000155380656059483    1.07427302274047e-05    3.28950171799923e-05    0.00327743082617331    0.00573331265776731
133.500000000024    0.000100716189795605    0.000102135446811335    1.06767805302463e-05    3.26817235927034e-05    0.00326598174816691    0.00571588067958106
134.000000000023    0.000128874362873862    6.30521833494903e-06    1.06400304686743e-05    3.237710148717e-05    0.0032593591191012    0.00569008451003953
134.500000000023    0.000107117217303931    -8.89608012856104e-05    1.05773037352556e-05    3.20044935851058e-05    0.00325051221148493    0.0056565519144564
135.000000000022    4.72972130951057e-05    -0.000140917195969223    1.0454849811552e-05    3.17554640018011e-05    0.00323305007464861    0.0056334364597181
135.500000000022    -2.45919781605788e-05    -0.000136782994924125    1.0356752492504e-05    3.16776251200935e-05    0.00321809691077104    0.00562662559020885
136.000000000021    -7.90108851615144e-05    -7.05873873925473e-05    1.03386032900053e-05    3.11573861556063e-05    0.00321439894382003    0.00558143382800041
136.500000000021    -8.90764298666378e-05    2.84725072073966e-05    1.02991823307572e-05    3.08696507239703e-05    0.00320799746265477    0.00555597336569423
137.00000000002    -5.76801220305033e-05    8.95733853396025e-05    1.01936084260377e-05    3.06021292599968e-05    0.00319222202071853    0.00553119389179548
137.50000000002    -5.05684907542253e-06    0.000114876000036413    1.00433947271064e-05    3.05913391395028e-05    0.0031691275069621    0.00552975068552991
138.000000000019    4.95641083069007e-05    9.62193677981484e-05    1.00186182519655e-05    3.02341950071468e-05    0.0031648320099388    0.00549772105880312
138.500000000019    8.51598541713708e-05    4.16027397396808e-05    1.00429087486217e-05    2.97652751456685e-05    0.00316791043873705    0.00545559752526839
139.000000000019    8.75381603358146e-05    -3.41734544185424e-05    9.94875389067308e-06    2.96271013474395e-05    0.00315294956527346    0.00544297101980643
139.500000000018    5.39191982954323e-05    -9.26948077354002e-05    9.80593385143541e-06    2.95351505923818e-05    0.0031309785325822    0.00543383458204248
140.000000000018    4.288649393923e-06    -9.54182338284055e-05    9.76553000895632e-06    2.91921600610494e-05    0.00312498185857817    0.00540213433947199
140.500000000017    -3.41573529526264e-05    -5.62024090210094e-05    9.75471566018326e-06    2.88557328556964e-05    0.00312306723197284    0.0053714592193292
141.000000000017    -5.2035549580119e-05    -1.43677132384615e-05    9.68328977770853e-06    2.87235230779728e-05    0.00311136337949916    0.00535941383425362
141.500000000016    -4.76362203257917e-05    3.05298640438398e-05    9.60710357517241e-06    2.84892636948228e-05    0.00309916672118256    0.00533744617042872
142.000000000016    -2.47562530391447e-05    5.711122081948e-05    9.55396569775665e-06    2.82752958367273e-05    0.00309084985492536    0.00531714530036408
142.500000000015    5.58880904084953e-06    6.04269510771064e-05    9.51995665582184e-06    2.79851674119845e-05    0.00308543763849399    0.00528975575953825
143.000000000015    3.25259408413387e-05    4.35661652789467e-05    9.44595104941895e-06    2.77689477677836e-05    0.00307325448223725    0.0052694449192516
143.500000000014    4.72238099738072e-05    1.60913147825219e-05    9.35618540511716e-06    2.76488935736018e-05    0.00305842366536893    0.00525819690038233
144.000000000014    4.93885852212737e-05    -7.99406546376987e-06    9.33216712534632e-06    2.73066382852157e-05    0.00305446032761864    0.00522556928765977
144.500000000014    3.91420929927473e-05    -3.07072955811741e-05    9.29795874605902e-06    2.70168116310482e-05    0.00304900420508322    0.00519767916411221
145.000000000013    2.02310684224664e-05    -4.50311542899495e-05    9.19677610864155e-06    2.6973247020962e-05    0.00303255120525805    0.005193382252069
145.500000000013    -4.39994999272974e-06    -4.92771990045973e-05    9.11712596541106e-06    2.67525423251239e-05    0.00301945468683521    0.00517205124518137
146.000000000012    -2.51311006704709e-05    -3.0473780983203e-05    9.07854083103697e-06    2.65272404232882e-05    0.00301295689627583    0.00515037006165195
146.500000000012    -3.20344717933216e-05    3.27175844120066e-06    9.07603101734716e-06    2.61876580412477e-05    0.00301247486461947    0.00511738676834617
147.000000000011    -2.30970181105017e-05    3.03706034113095e-05    9.02165532051788e-06    2.59679073900521e-05    0.00300351824503736    0.00509578109974325
147.500000000011    -4.22693580468114e-06    4.29264075819664e-05    8.90251558901511e-06    2.59358256689199e-05    0.00298370536783189    0.00509254189893927
148.00000000001    1.73356550750414e-05    4.14286923526954e-05    8.83913259806591e-06    2.57860851530432e-05    0.00297301733481812    0.00507783111342758
148.50000000001    3.5236718374583e-05    2.67196473785761e-05    8.85821114421938e-06    2.54146950871973e-05    0.00297606611450377    0.00504122813882106
149.000000000009    4.02407648212213e-05    -8.96180275808529e-06    8.8324574151469e-06    2.51636446616302e-05    0.00297167260915356    0.00501632976863778
149.500000000009    2.71964220305333e-05    -4.02796633465391e-05    8.72058805835228e-06    2.51205204125117e-05    0.00295293894501411    0.00501187569291502
150.000000000009    3.99028920214294e-06    -4.79549377141383e-05    8.6342370168459e-06    2.49795849993154e-05    0.00293840451511326    0.00499772801613535
150.500000000008    -1.70162679989737e-05    -3.35365806612965e-05    8.62436631650438e-06    2.46676821706196e-05    0.0029366778446278    0.00496654381520763
151.000000000008    -2.75362190981741e-05    -5.90055295215023e-06    8.61245302237208e-06    2.43992727342899e-05    0.00293456892558513    0.00493955847396958
151.500000000007    -2.23346959820007e-05    2.43341845517662e-05    8.53223072139303e-06    2.42536612418989e-05    0.00292091285093349    0.00492474050985035
152.000000000007    -6.37222346955217e-06    3.6133998330951e-05    8.42291651079008e-06    2.42481859901877e-05    0.00290221913465509    0.00492411213563951
152.500000000006    1.0998820035705e-05    3.08151526542352e-05    8.41204024653958e-06    2.39745511555546e-05    0.00290033089017398    0.00489628446701389
153.000000000006    2.17978321652775e-05    1.08976644459734e-05    8.42492022423441e-06    2.36626019732054e-05    0.00290248946229738    0.00486440985260443
153.500000000005    2.30497746811889e-05    -3.19001409211014e-06    8.34820889747747e-06    2.3590131677507e-05    0.00288923477851223    0.00485696628579169
154.000000000005    1.9890818095006e-05    -9.22860531752616e-06    8.26124472203476e-06    2.35303308000646e-05    0.00287416928474825    0.00485079845313207
154.500000000004    1.42512703483337e-05    -1.31496038296387e-05    8.2432387294541e-06    2.32642186847653e-05    0.00287106872623202    0.00482328163937007
155.000000000004    7.40698618769554e-06    -1.30353907575679e-05    8.23344278406811e-06    2.3053691777773e-05    0.00286938807424575    0.00480140832010368
155.500000000004    1.64084755102756e-06    -1.03952828596158e-05    8.19531853944223e-06    2.28620489972615e-05    0.00286274620723905    0.00478141620603727
156.000000000003    -3.10375954832518e-06    -7.82405605132196e-06    8.10667387992254e-06    2.28303235179106e-05    0.00284722044222066    0.00477810237458946
156.500000000003    -5.24971066911002e-06    -1.43614024516333e-07    8.05305013481201e-06    2.26861852031015e-05    0.00283778480074686    0.00476300169876902
157.000000000002    -3.10457361506622e-06    9.10859650001408e-06    8.06071447194564e-06    2.23740988260469e-05    0.00283913804411978    0.00473011795408072
157.500000000002    4.21631002573768e-06    1.97338329254436e-05    8.01722394669308e-06    2.22542109049102e-05    0.00283146714079871    0.0047173956247858
158.000000000001    1.48219927594303e-05    1.97473547677925e-05    7.92706821188527e-06    2.22140576665047e-05    0.00281546595085359    0.00471313777737129
158.500000000001    2.09160214416375e-05    2.61134386098856e-06    7.8948145595122e-06    2.20253165170817e-05    0.00280969341380145    0.004693113007159
159    1.80081794305301e-05    -1.15509185407088e-05    7.90345117224583e-06    2.17677262380805e-05    0.00281125005606393    0.00466557529296885
159.5    1.13630839470468e-05    -1.47611213290682e-05    7.86255367410398e-06    2.16587467790236e-05    0.00280400152539673    0.00465387246154433
159.999999999999    3.31676180208999e-06    -1.59768271266411e-05    7.79820090468607e-06    2.15726214933222e-05    0.00279252393074388    0.00464460614415444
160.499999999999    -3.03223952287936e-06    -8.57632839516633e-06    7.76134291068689e-06    2.1406687963232e-05    0.00278591703326039    0.0046267282619388
160.999999999999    -5.69940373835612e-06    -3.7019257320224e-06    7.7267263641313e-06    2.1258471174424e-05    0.00277969312711463    0.00461068947882742
161.499999999998    -6.52587263763501e-06    2.81661442288929e-06    7.69585031404755e-06    2.1136668620806e-05    0.0027741318871016    0.00459746241827915
161.999999999998    -2.06635799362115e-06    1.37099989469227e-05    7.6830036164496e-06    2.08773257132375e-05    0.00277182238727777    0.0045691506594953
162.499999999997    5.55958784634746e-06    1.49080765369143e-05    7.62163264909217e-06    2.0791495307658e-05    0.00276072485772761    0.00455974484559301
162.999999999997    1.0927028239464e-05    5.84974552886227e-06    7.55757152557877e-06    2.07254495470963e-05    0.00274908205145511    0.00455251747141881
163.499999999996    1.27138904753614e-05    2.97157041653415e-06    7.52691382801195e-06    2.05573556232515e-05    0.00274349269818619    0.00453402104020491
163.999999999996    1.31616007247282e-05    -3.31666356719775e-06    7.5035827280864e-06    2.03729002528593e-05    0.00273923520354729    0.00451363370828893
164.499999999995    9.2202430880351e-06    -1.02907563777895e-05    7.47157746385918e-06    2.02637346780284e-05    0.00273340308973568    0.00450151405400023
164.999999999995    4.62615590257441e-06    -7.66702549757191e-06    7.43980330419724e-06    2.00974106485322e-05    0.00272759635996216    0.0044830070115105
165.499999999994    1.29392154290884e-06    -6.32993260851265e-06    7.38747147139247e-06    2.00261465840884e-05    0.00271799002889258    0.00447505380035163
165.999999999994    -1.38917908422482e-06    -3.02523449766765e-06    7.35371460385804e-06    1.9913178746806e-05    0.00271177297612457    0.00446241746083468
166.499999999994    -9.39441967060981e-07    4.52034182234705e-06    7.33692763286245e-06    1.96788978746224e-05    0.00270867619886749    0.00443608807860397
166.999999999993    1.71922753976048e-06    4.41221548427596e-06    7.28656910509809e-06    1.96719448144865e-05    0.00269936402683202    0.00443530442549788
167.499999999993    4.00617050050658e-06    6.96689079879931e-06    7.27164052387074e-06    1.94801333093896e-05    0.00269659497783198    0.00441362490157718
167.999999999992    9.06544476861936e-06    1.10925496193865e-05    7.24486223619498e-06    1.9319988786189e-05    0.00269161290937351    0.00439543692271109
168.499999999992    1.28706262400655e-05    3.62479305399785e-06    7.1749855091719e-06    1.92725202555321e-05    0.00267858542073089    0.00439004636836645
168.999999999991    1.29608696045734e-05    -3.71015407542407e-06    7.13787290624502e-06    1.91637367831199e-05    0.00267164835300309    0.00437763897756274
169.499999999991    8.39927038770164e-06    -1.46731625758025e-05    7.14639622005802e-06    1.89434221110584e-05    0.00267326124281092    0.00435237944225437
169.99999999999    -3.83701687744532e-07    -1.7883319455192e-05    7.1063480631965e-06    1.88380013667167e-05    0.00266577341797264    0.00434023980369772
170.49999999999    -7.62598292096069e-06    -1.04868978982321e-05    7.03203326950811e-06    1.87937316234518e-05    0.00265178715471144    0.00433516108679069
170.999999999989    -9.89392218065861e-06    3.09550495041217e-06    7.00390295918433e-06    1.86493751053538e-05    0.00264647030391203    0.00431849111648998
171.499999999989    -3.93612823557086e-06    1.98785705333241e-05    7.00563163912582e-06    1.84539036664798e-05    0.00264681245010302    0.00429575470772172
171.999999999989    8.09038703772458e-06    2.5072997705556e-05    6.97210042061271e-06    1.83815607845515e-05    0.00264046112757796    0.0042872989316512
172.499999999988    1.789690198233e-05    1.23990637743679e-05    6.9305623554372e-06    1.82739590447056e-05    0.00263253529061561    0.00427478716521924
172.999999999988    1.96325249462754e-05    -6.34270270796497e-06    6.88746757738047e-06    1.81756199715779e-05    0.00262432508301558    0.0042632827424064
173.499999999987    1.25397036758612e-05    -1.82433533323141e-05    6.85275342887274e-06    1.80743343313831e-05    0.00261774639426826    0.00425135290365812
173.999999999987    4.8418539272933e-06    -1.15059375324553e-05    6.84737548816781e-06    1.79537441636863e-05    0.00261674455089112    0.00423717025585329
174.499999999986    7.88714003463499e-07    -4.72915000267959e-06    6.83922754804205e-06    1.77497411164457e-05    0.00261519156582692    0.00421304150841004
174.999999999986    7.97436153880575e-08    6.8473471462298e-07    6.76033087042913e-06    1.77570275293346e-05    0.00260006362692725    0.00421390876271343
175.499999999985    -6.80590697278122e-07    -5.1626086049569e-06    6.71237402300546e-06    1.76900307721982e-05    0.00259082488018812    0.00420594865870597
175.999999999985    -4.42249532283241e-06    -7.49383064668563e-06    6.73242751206904e-06    1.74367546830778e-05    0.00259468841166028    0.00417572730498294
176.499999999984    -5.43600003121387e-06    5.21327338788365e-06    6.7136929420094e-06    1.73239631653531e-05    0.0025910737912906    0.00416220326115072
176.999999999984    1.37610887579278e-07    1.51736352582723e-05    6.64427503898841e-06    1.73195652191302e-05    0.00257764912663684    0.00416165051150661
177.499999999984    8.67472153676635e-06    1.80743180789894e-05    6.59685700719102e-06    1.72380933375156e-05    0.00256842008954869    0.00415183894877217
177.999999999983    1.60663003066948e-05    8.87318900206228e-06    6.59016383740788e-06    1.70951020273031e-05    0.00256708116572156    0.00413461283481537
178.499999999983    1.70253491721496e-05    -3.35770750786134e-06    6.58598830462557e-06    1.68984846473574e-05    0.00256626156930877    0.0041107752764117
178.999999999982    1.41065330437757e-05    -8.01014663634025e-06    6.53504255276667e-06    1.68248720708349e-05    0.00255633400761562    0.00410180544497003
179.499999999982    9.3383948452828e-06    -9.95704250368004e-06    6.48067410203646e-06    1.67891041975128e-05    0.00254569968700516    0.00409743884088798
179.999999999981    5.25502463869755e-06    -6.50465917717494e-06    6.46581282439268e-06    1.66337694767553e-05    0.00254279083078194    0.00407844666094388
180.499999999981    1.72665920576044e-06    -8.196743865633e-06    6.43814024122151e-06    1.6556450947424e-05    0.00253734847032675    0.0040689536444661
180.99999999998    -2.38038966432918e-06    -7.83178495319805e-06    6.40709274382191e-06    1.64659671574794e-05    0.00253122244727068    0.00405782032877551
181.49999999998    -6.43611979893011e-06    -7.90632539518983e-06    6.38181110947504e-06    1.63915772350669e-05    0.00252621647644001    0.00404864356607069
181.999999999979    -8.10011137690423e-06    3.94468852393479e-06    6.36700675021287e-06    1.62523439003138e-05    0.00252327983751477    0.00403141765880766
182.499999999979    -1.23529747958192e-06    2.258952350336e-05    6.33792166809888e-06    1.61775418353284e-05    0.00251752261998557    0.00402206806863787
182.999999999979    1.13284985684141e-05    2.35165431474009e-05    6.30941900202e-06    1.60833282209826e-05    0.00251183014297149    0.00401033355136215
183.499999999978    1.96684209426425e-05    8.97889173221344e-06    6.28626738864369e-06    1.59936016383352e-05    0.00250716583852391    0.00399919004522646
183.999999999978    1.99288133042115e-05    -8.1252875212217e-06    6.26648587161999e-06    1.58760641450596e-05    0.00250321567469131    0.0039844696164938
184.499999999977    1.2308467121945e-05    -2.00860565465348e-05    6.23172767137908e-06    1.58445275983152e-05    0.00249631251509425    0.00398046783037466
184.999999999977    2.4217844081118e-06    -1.78103213822677e-05    6.20651536152429e-06    1.57148812347691e-05    0.00249128671502992    0.00396415993966204
185.499999999976    -4.93890856518454e-06    -1.12067827775942e-05    6.17946783877548e-06    1.56495936820787e-05    0.00248584863697645    0.00395594086028829
185.999999999976    -7.82482588416472e-06    3.42521957130561e-07    6.168834213153e-06    1.54995034544602e-05    0.00248370146862558    0.00393694086025418
186.499999999975    -4.8588100590038e-06    1.07268733772698e-05    6.14030061964896e-06    1.54215537821323e-05    0.00247795823443693    0.0039270139694582
186.999999999975    2.00717207316418e-06    1.55994907524982e-05    6.09156302908599e-06    1.53646771814182e-05    0.00246810838504841    0.00391974920591949
187.499999999974    9.23685100010389e-06    1.17939282290574e-05    6.05576351207519e-06    1.52889366879121e-05    0.00246082876134419    0.00391008920501426
187.999999999974    1.31347361160539e-05    3.84667529840176e-06    6.04259667462487e-06    1.51563930041128e-05    0.00245813428301467    0.00389311934150521
188.499999999974    1.29137878201675e-05    -4.85345420669369e-06    6.01538365632176e-06    1.50815648474139e-05    0.0024525939106191    0.00388349601408269
188.999999999973    9.10673536331821e-06    -8.90346953254818e-06    5.98289701283857e-06    1.49888657529174e-05    0.0024459791659394    0.00387153541649146
189.499999999973    5.12586439980068e-06    -6.64026067002409e-06    5.94743994852149e-06    1.49324886369272e-05    0.00243873198077108    0.0038642521325433
189.999999999972    2.47394261684537e-06    -3.82624973993807e-06    5.92684020107475e-06    1.48341574073279e-05    0.00243450900197199    0.00385151175087664
190.499999999972    1.23124305433441e-06    -1.93240702486975e-06    5.92015795685956e-06    1.47202645379181e-05    0.00243313716031384    0.00383669920683407
190.999999999971    -1.3039124829974e-07    -3.34251260807773e-06    5.90440253367979e-06    1.46320424202653e-05    0.00242989763502044    0.00382518381883469
191.499999999971    -1.87297770954452e-06    -3.82979381625762e-06    5.87261143333958e-06    1.45736364168337e-05    0.00242334643113486    0.00381754132256784
191.99999999997    -3.71872507717577e-06    -2.21840626771944e-06    5.83982160841132e-06    1.44891639866699e-05    0.00241656942368621    0.00380646280230656
192.49999999997    -2.39998498745809e-06    7.89502326509174e-06    5.80407216620872e-06    1.44437631957221e-05    0.00240916300948707    0.00380048692463607
192.999999999969    2.5952634544751e-06    9.95975817777634e-06    5.78243673358766e-06    1.43641403906857e-05    0.00240466837592947    0.00378999224193174
193.499999999969    6.89678017553264e-06    7.89424855311272e-06    5.77702247576568e-06    1.42269456241065e-05    0.00240353383795379    0.00377185409380404
193.999999999969    1.10404344044016e-05    8.47350790266779e-06    5.75625197071255e-06    1.41310494103122e-05    0.00239919363110207    0.00375911925987671
194.499999999968    1.42197132255429e-05    2.6441379900211e-06    5.70478796223459e-06    1.4098830745393e-05    0.00238842746634483    0.00375484004372055
194.999999999968    1.3021710646839e-05    -6.81800485458324e-06    5.659873825889e-06    1.40793405546226e-05    0.00237901329566289    0.00375223854111547
195.499999999967    8.59307106105042e-06    -9.79479063884278e-06    5.66203568533028e-06    1.3952719395004e-05    0.00237948772731864    0.0037353210647922
195.999999999967    3.31908030333187e-06    -1.21415551710489e-05    5.66856839156846e-06    1.37848006543788e-05    0.00238087323796846    0.00371276894473879
196.499999999966    -3.36628819100994e-06    -1.27826129982143e-05    5.62872038091783e-06    1.37698627121651e-05    0.00237249005246    0.00371075454819772
196.999999999966    -7.64016584811562e-06    -3.47141080209535e-06    5.58212082236433e-06    1.37396801032884e-05    0.00236263887427388    0.00370670582223562
197.499999999965    -7.0397113022089e-06    5.21108660581067e-06    5.56268836289279e-06    1.36685134618544e-05    0.00235852470950753    0.00369709160103328
197.999999999965    -3.1019304355504e-06    9.65130915472551e-06    5.56827038331793e-06    1.35619998154921e-05    0.00235971624593838    0.00368264940874415
198.499999999964    2.11423391067743e-06    1.15628938633001e-05    5.56040677803564e-06    1.34460258646837e-05    0.00235805053127591    0.00366686407767854
198.999999999964    8.45122952931445e-06    1.27018998489418e-05    5.5150089081579e-06    1.34317126836981e-05    0.00234839040299464    0.00366490809508756
199.499999999964    1.38710186303449e-05    8.83973746748072e-06    5.47749319920948e-06    1.33826998629513e-05    0.00234036338931621    0.00365822658155462
199.999999999963    1.68589925414624e-05    1.61949816884167e-06    5.4649696232511e-06    1.32741738518134e-05    0.0023376666566518    0.00364337360547049
200.499999999963    1.40501683221826e-05    -1.25762148039374e-05    5.45009834562777e-06    1.32079005447881e-05    0.00233450228922524    0.00363424577919674
200.999999999962    6.64265509266102e-06    -1.46075031198522e-05    5.43126595225055e-06    1.31335169508481e-05    0.00233049819295872    0.00362399000711932
201.499999999962    -1.65233280856147e-07    -1.3356018345889e-05    5.40965122011164e-06    1.30747405963862e-05    0.00232586568675184    0.00361587641010587
201.999999999961    -6.39802184827899e-06    -1.01192689825974e-05    5.38834411008827e-06    1.29713438638693e-05    0.00232127188743686    0.0036015609760581
202.499999999961    -8.95694290082597e-06    3.90644045844915e-07    5.3563857644996e-06    1.2937734825293e-05    0.00231436936068413    0.0035969062640956
202.99999999996    -6.51101837388477e-06    8.27838199612311e-06    5.33452763721927e-06    1.28734839512951e-05    0.00230965045923815    0.00358795421092391
203.49999999996    -1.79662091056849e-06    9.80896332639612e-06    5.3219798164753e-06    1.28036609823553e-05    0.00230694095906866    0.00357820692059497
203.999999999959    2.92323313127778e-06    8.8572774513798e-06    5.31204527343635e-06    1.2734095055403e-05    0.00230478561435644    0.00356847538929991
204.499999999959    7.01701359647262e-06    7.43809538698268e-06    5.29373042032503e-06    1.26427890979047e-05    0.00230080011775148    0.0035556622129558
204.999999999959    9.74277210698821e-06    2.60639249922835e-06    5.25459312573094e-06    1.25820190094484e-05    0.00229226922592496    0.00354711322291332
205.499999999958    9.52967208658275e-06    -2.73200743111176e-06    5.21223449398846e-06    1.25763733845234e-05    0.00228301197529456    0.0035463172335056
205.999999999958    7.45086880931284e-06    -5.97311922517534e-06    5.21252705654139e-06    1.24574401589095e-05    0.00228308377881658    0.00352950484923257
206.499999999957    3.24162873507857e-06    -1.0114048590761e-05    5.21860340841778e-06    1.2354277970096e-05    0.0022844239755923    0.00351485073312041
206.999999999957    -1.21168802878939e-06    -6.33376052806586e-06    5.18587039653417e-06    1.23248322449171e-05    0.00227725029988939    0.00351066833073059
207.499999999956    -2.12969310929168e-06    3.12769592368999e-06    5.1411074246079e-06    1.23052881782473e-05    0.00226740002845002    0.00350788802497536
207.999999999956    1.52851954709254e-06    1.0277598197143e-05    5.12337406957991e-06    1.22356334291113e-05    0.00226348663199231    0.00349793193188298
208.499999999955    6.40365220189128e-06    7.6364117949955e-06    5.12600735212473e-06    1.21247569898179e-05    0.00226405970446082    0.00348205380128348
208.999999999955    9.07304577948093e-06    4.07803916181504e-06    5.11293747173411e-06    1.20735054492105e-05    0.00226116234524954    0.00347469262220518
209.499999999954    1.0800366491914e-05    2.14777399362318e-06    5.08375701186233e-06    1.20328764191908e-05    0.00225469296445125    0.00346884300686233
209.999999999954    1.06519670613091e-05    -2.64351267321331e-06    5.05489132413516e-06    1.20016705024695e-05    0.00224828331393819    0.00346434171442574
210.499999999954    8.70121014275058e-06    -4.81436495559753e-06    5.04014690000027e-06    1.18990890247345e-05    0.00224501028704599    0.00344950226070727
210.999999999953    5.80798410035193e-06    -6.56975337302755e-06    5.01565816096828e-06    1.18424814274172e-05    0.00223955898075692    0.00344128439187432
211.499999999953    2.78292478671108e-06    -4.82574982651921e-06    4.98750700678529e-06    1.17991739946383e-05    0.00223327097820997    0.00343498918583114
211.999999999952    1.22375301059472e-06    -1.59821484120349e-06    4.97382822490436e-06    1.1739318853573e-05    0.00223020777671788    0.00342626856788581
212.499999999952    1.00893569077142e-06    6.97937338500982e-07    4.9670528928772e-06    1.16410249240218e-05    0.00222868837546346    0.00341189455243055
212.999999999951    1.81804838890264e-06    2.37675445738912e-06    4.9395916915642e-06    1.1601329346386e-05    0.00222251847827285    0.00340607159311489
213.499999999951    3.13950782405434e-06    2.40388733369244e-06    4.90510565775957e-06    1.15689800215996e-05    0.00221474508719405    0.00340131948557105
213.99999999995    3.83730340192755e-06    6.5939696560067e-07    4.88808800277707e-06    1.15127432520576e-05    0.00221089874889821    0.00339304329728539
214.49999999995    4.69587413306753e-06    3.58290436034064e-06    4.88967995394788e-06    1.14086466999761e-05    0.00221125708652658    0.00337766692596716
214.999999999949    7.24670183599665e-06    5.46871196680724e-06    4.87384317711221e-06    1.13685213440854e-05    0.00220766633856312    0.0033717193592105
215.499999999949    8.85288243103455e-06    3.05998811149918e-07    4.84627249590165e-06    1.13451465065962e-05    0.00220140730496978    0.00336825569293083
215.999999999949    7.99768827293971e-06    -2.76093444105187e-06    4.82741148898371e-06    1.12763687557826e-05    0.00219712255597315    0.00335802935261496
216.499999999948    6.51359774411178e-06    -3.57582057846794e-06    4.81117756287432e-06    1.121882082739e-05    0.00219342999339362    0.00334944891600054
216.999999999948    3.81909734226097e-06    -7.00610733882951e-06    4.79384149690152e-06    1.11507653817565e-05    0.00218948096849391    0.00333926882658711
217.499999999947    8.94757018782582e-07    -3.162943661894e-06    4.77232417226508e-06    1.11139328916579e-05    0.00218456480143642    0.00333375507310379
217.999999999947    1.01973976017202e-06    3.23828176269686e-06    4.7591676673627e-06    1.10580104951375e-05    0.00218155142673592    0.00332535712498203
218.499999999946    3.65906288235704e-06    6.66777154785637e-06    4.74975701217842e-06    1.09947669566609e-05    0.00217939065415938    0.00331582908146416
218.999999999946    6.80495774789444e-06    4.91598207074984e-06    4.72865688662954e-06    1.09588758784799e-05    0.00217453686544505    0.00331041564030866
219.499999999945    7.64135694869171e-06    -1.97824401606403e-06    4.70448095892971e-06    1.09186783064272e-05    0.00216896808842216    0.00330434174881743
219.999999999945    5.62933629095929e-06    -4.30986145931994e-06    4.68983760585914e-06    1.08600056091221e-05    0.00216559597257477    0.003295449443432
220.499999999944    4.57629803360892e-06    2.27955360277291e-07    4.68273915633548e-06    1.07776496503088e-05    0.00216395892147513    0.00328293307856636
220.999999999944    5.60802138878469e-06    3.7359570804809e-06    4.66050899288077e-06    1.07286403750001e-05    0.00215881392041483    0.00327545819964547
221.499999999944    7.76870241099893e-06    3.6162728062457e-06    4.63181496279838e-06    1.07068126281916e-05    0.00215215115873891    0.00327212462335446
221.999999999943    7.80076906712094e-06    -4.21092073994296e-06    4.62036124423102e-06    1.06206405718364e-05    0.00214948840244207    0.00325892970773886
222.499999999943    4.00952116687707e-06    -9.66923942940533e-06    4.5991689113728e-06    1.05927309271835e-05    0.00214456355352617    0.00325463322557125
222.999999999942    -4.97675603533509e-07    -7.17937298028654e-06    4.5758402659261e-06    1.05683680209455e-05    0.00213912131919746    0.00325089471954246
223.499999999942    -2.33531189971046e-06    2.01067019641218e-07    4.57019016616023e-06    1.04964636413816e-05    0.00213779903463318    0.00323982462503045
223.999999999941    -4.41045079253383e-07    6.95791472893359e-06    4.56392489348289e-06    1.04332909304595e-05    0.00213633440710066    0.00323005302090882
224.499999999941    4.27532962730748e-06    1.13038554122719e-05    4.54299504965754e-06    1.03873344026383e-05    0.0021314259947777    0.00322291896042875
224.99999999994    9.47265762529152e-06    7.78060504138566e-06    4.51599679633788e-06    1.0356560557601e-05    0.00212506636722136    0.00321815164648687
225.49999999994    1.11885263815825e-05    -8.52811641560029e-07    4.50210182988314e-06    1.03082807883683e-05    0.00212178619251812    0.00321065103383731
225.999999999939    8.93174349628494e-06    -7.93952398609106e-06    4.50740595866973e-06    1.02286495686047e-05    0.0021230464391124    0.00319821614850585
226.499999999939    3.63847075139541e-06    -1.23214926329634e-05    4.50048412755431e-06    1.01605308005242e-05    0.00212143133027796    0.00318753493805848
226.999999999939    -1.70055192206858e-06    -6.94797314637052e-06    4.45774654431919e-06    1.01757176257314e-05    0.0021113369348454    0.00318993249950536
227.499999999938    -2.28336999773573e-06    3.93229163724429e-06    4.42606885369604e-06    1.01505663635846e-05    0.00210382119960739    0.00318599292225627
227.999999999938    5.4753912593576e-07    5.77135095377616e-06    4.42639519874866e-06    1.00587387525233e-05    0.00210389992607766    0.00317154622290634
228.499999999937    3.02564058239853e-06    4.78511131850194e-06    4.42591768105661e-06    9.99744280890156e-06    0.00210378433461124    0.0031618696860578
228.999999999937    5.69076719424035e-06    5.0577143845012e-06    4.40699540733986e-06    9.93837423559581e-06    0.00209927678558798    0.00315251465581383
229.499999999936    6.63920101266262e-06    -2.08788030959458e-06    4.37032816895776e-06    9.93444747306158e-06    0.00209052244426308    0.00315189516225039
229.999999999936    4.17868994002105e-06    -6.44498365328392e-06    4.35168131317833e-06    9.90819977231735e-06    0.00208606420124806    0.00314772270610088
230.499999999935    1.45271085457117e-06    -3.22927710917295e-06    4.35783778296971e-06    9.80064992318153e-06    0.0020875429750309    0.00313059730641788
230.999999999935    1.61425863575859e-06    3.38044826374999e-06    4.34310910327072e-06    9.76992686893281e-06    0.00208401211547337    0.00312568639525822
231.499999999934    3.61516656463029e-06    3.53149705132275e-06    4.31626023591914e-06    9.75611024848146e-06    0.00207755798149892    0.0031234752723545
231.999999999934    4.55104488597407e-06    -3.18101916632706e-08    4.30072031914898e-06    9.7056802822455e-06    0.00207381281873255    0.00311539408120925
232.499999999934    3.68718568056526e-06    -3.00694462097915e-06    4.2924107444483e-06    9.65887265675024e-06    0.00207181011415382    0.00310787123527251
232.999999999933    2.13279261912031e-06    -2.44778824753598e-06    4.28534371604394e-06    9.59475469553998e-06    0.00207010607632546    0.00309753913677821
233.499999999933    1.88547094833408e-06    1.48832013472133e-06    4.26521626595752e-06    9.55493214772475e-06    0.00206523914134824    0.00309110496952594
233.999999999932    2.90322550173071e-06    1.59371490071482e-06    4.23915970896312e-06    9.54949536854797e-06    0.00205891993050842    0.00309022536858087
234.499999999932    3.05523377011109e-06    -5.30832465066814e-07    4.23537846611648e-06    9.47394742694683e-06    0.00205800124675936    0.00307797776878972
234.999999999931    3.2483122585871e-06    1.8005433829869e-06    4.22904562686699e-06    9.39806480127479e-06    0.00205646178552738    0.00306562580223326
235.499999999931    4.38452424369305e-06    1.61369998101145e-06    4.19879281316945e-06    9.4102232622914e-06    0.0020490909177283    0.00306760829609384
235.99999999993    4.18096441253827e-06    -2.01342628373063e-06    4.17708809180192e-06    9.38158366142592e-06    0.00204378829905118    0.00306293643543912
236.49999999993    3.3780634829696e-06    -5.66158057295822e-07    4.17528409198091e-06    9.31201756959612e-06    0.00204334839923788    0.00305155980591257
236.999999999929    3.52179361887012e-06    9.07571829395268e-07    4.1737766164322e-06    9.23699687771388e-06    0.00204297924938114    0.00303924267771221
237.499999999929    4.34907804612459e-06    2.42941681063181e-06    4.14789296217002e-06    9.23664043377048e-06    0.00203663301743102    0.00303918320140535
237.999999999929    5.43817528450806e-06    9.27114223503683e-07    4.12601418572546e-06    9.20095221247248e-06    0.00203125198140827    0.00303330699945319
238.499999999928    4.48683115799911e-06    -4.81488912203359e-06    4.11743366741229e-06    9.15475932445396e-06    0.00202914108325627    0.00302567945118063
238.999999999928    1.46030138157606e-06    -5.84855587494695e-06    4.11053804491667e-06    9.09703883703473e-06    0.00202744566201823    0.00301612410743141
239.499999999927    -1.24430461132392e-07    9.79799176940186e-08    4.09253131894982e-06    9.06178599054574e-06    0.00202300056931947    0.00301028005025208
239.999999999927    1.2676759177107e-06    4.57800555609865e-06    4.0685277286961e-06    9.03632403602087e-06    0.00201705877993029    0.00300604442380448
240.499999999926    3.64891299374364e-06    4.48413863792099e-06    4.05349223974205e-06    8.9965373295146e-06    0.00201332534012166    0.00299941948083546
240.999999999926    5.4505306155011e-06    2.31341971547101e-06    4.04776105277436e-06    8.93056533405615e-06    0.0020118974488006    0.00298840425346796
241.499999999925    5.53139007110707e-06    -2.12840185180407e-06    4.03351003410232e-06    8.90699848688609e-06    0.00200835241873188    0.00298445873765942
241.999999999925    3.67739664934453e-06    -4.55094511867576e-06    4.01921802034968e-06    8.86823122567049e-06    0.00200479537536966    0.00297795408201151
242.499999999924    1.75915553703953e-06    -2.55921480838627e-06    4.00450994029477e-06    8.82562958624923e-06    0.00200112639422565    0.00297079501761209
242.999999999924    1.22326333274894e-06    2.0389679868327e-07    3.98797179059569e-06    8.79515096532307e-06    0.00199699030899564    0.00296566197058079
243.499999999924    1.90900919477351e-06    2.68353636830454e-06    3.97786072732673e-06    8.76785688110857e-06    0.00199445658839961    0.00296105550095589
243.999999999923    3.88267657037855e-06    4.82725931037782e-06    3.97457627223525e-06    8.71030312239148e-06    0.00199363015553485    0.00295131831898205
244.499999999923    6.01980125558909e-06    2.93039461627714e-06    3.95771049510366e-06    8.68150359108181e-06    0.00198939042349572    0.00294643768029619
244.999999999922    6.38894176733709e-06    -1.60977352053019e-06    3.93551534784373e-06    8.66768004071372e-06    0.00198380304699505    0.00294409195667237
245.499999999922    4.2253495513524e-06    -7.07429796226113e-06    3.92951111767017e-06    8.61395446249668e-06    0.00198229494881346    0.00293494538565968
245.999999999921    -1.66666542426763e-07    -9.50660100845267e-06    3.9288057909461e-06    8.5458518667464e-06    0.00198212153087755    0.00292331344389952
246.499999999921    -4.30911375111469e-06    -6.23259260606676e-06    3.90911672008909e-06    8.53607073025661e-06    0.00197714393801457    0.00292164882986406
246.99999999992    -5.46007424446886e-06    2.57632590632264e-06    3.88567835771124e-06    8.51521274746297e-06    0.00197120484610313    0.00291808260849617
247.49999999992    -1.78844825046177e-06    1.08147395874002e-05    3.87170204498254e-06    8.4852666898814e-06    0.00196766329600249    0.00291292803400445
247.999999999919    3.88136276828842e-06    1.09317292597937e-05    3.86867850153913e-06    8.439351093248e-06    0.00196689182126577    0.00290503555753512
248.499999999919    8.77113141284524e-06    8.53056396538498e-06    3.86596241751922e-06    8.36577935085499e-06    0.00196618551636741    0.00289235312165258
248.999999999919    1.24037728974865e-05    5.86113762992812e-06    3.83726456794268e-06    8.38296952014564e-06    0.00195885443929879    0.00289532988918557
249.499999999918    1.39189100410915e-05    -1.06840310098631e-06    3.82140881977014e-06    8.35303653328852e-06    0.00195479284930997    0.00289016182796108
249.999999999918    1.03598027174101e-05    -1.30584806483537e-05    3.82821095945448e-06    8.27580356984643e-06    0.00195655402019523    0.00287674000318583
250.499999999917    2.33020070888437e-06    -1.69230525003014e-05    3.81928296917951e-06    8.22401037336144e-06    0.00195429719831559    0.00286770360805567
250.999999999917    -5.05734247632921e-06    -1.20255538331295e-05    3.78518519211502e-06    8.25547971163955e-06    0.00194554866693231    0.00287320989447248
251.499999999916    -9.28182828360634e-06    -3.97247985130364e-06    3.77016841080086e-06    8.21639940981301e-06    0.00194166996641153    0.00286642349090584
251.999999999916    -7.8723553055683e-06    9.95057061469046e-06    3.77296275447387e-06    8.15146161581762e-06    0.00194239562924133    0.00285505912407468
252.499999999915    -8.78283404157187e-07    1.51440759202866e-05    3.76878179326182e-06    8.10473162044408e-06    0.00194133485568051    0.00284684075378455
252.999999999915    5.00692162251619e-06    7.62022347408882e-06    3.7485638174796e-06    8.09610281346125e-06    0.00193611434275341    0.00284535494194581
253.499999999914    7.31653844938715e-06    2.81672920042958e-06    3.72847570452899e-06    8.05445619339746e-06    0.0019309122643958    0.00283803598628243
253.999999999914    8.5420412678728e-06    2.01953606539691e-06    3.71127280597148e-06    8.03240394619765e-06    0.00192644746606349    0.00283414887888264
254.499999999914    9.04923186187064e-06    5.71784483168664e-08    3.70580401432315e-06    7.98651591883385e-06    0.00192502522729596    0.00282604244758717
254.999999999913    9.01689506168359e-06    1.78930912069639e-07    3.70557493193976e-06    7.93442924819546e-06    0.00192496587698151    0.00281681188867471
255.499999999913    8.99356864393603e-06    -1.14717526714476e-06    3.69526138306731e-06    7.91026412406746e-06    0.00192228522826098    0.00281251894359067
255.999999999912    6.77430141819192e-06    -8.5084413715748e-06    3.67430542327805e-06    7.89378853027147e-06    0.00191683581250934    0.00280957579301518
256.499999999912    8.76166346280307e-07    -1.34000219801128e-05    3.65484020652615e-06    7.87619330819317e-06    0.00191176343694995    0.00280642365789702
256.999999999911    -4.67873534933331e-06    -7.57899613117865e-06    3.64636389661853e-06    7.8455235123627e-06    0.00190953973670465    0.00280097591406644
257.499999999911    -6.59945559211681e-06    -6.98586632440469e-07    3.64644181259321e-06    7.77792820428011e-06    0.00190955446630336    0.002788893636598
257.99999999991    -5.91670894625841e-06    3.10836345099504e-06    3.62899119600674e-06    7.75580149927965e-06    0.0019049819391695    0.00278492223183275
258.49999999991    -3.61307599985116e-06    6.19497944300803e-06    3.60427986409531e-06    7.74288353133519e-06    0.00189849066623387    0.00278259683633201
258.999999999909    3.97641117221483e-07    9.72657601075963e-06    3.59615866310489e-06    7.70641271877254e-06    0.00189635400307707    0.00277602559651233
259.499999999909    5.5540771690896e-06    1.00705319208949e-05    3.6005178420559e-06    7.64573057573838e-06    0.00189749492602291    0.00276507308404773
259.999999999909    9.89233840061728e-06    7.12489290136262e-06    3.58883855071758e-06    7.61680620470892e-06    0.00189439718442531    0.00275984699586953
260.499999999908    1.25834841764714e-05    3.29388414077709e-06    3.55973406646897e-06    7.63105022222009e-06    0.00188668378972072    0.00276243359604305
260.999999999908    1.25541953571291e-05    -4.07104826015144e-06    3.54730042633141e-06    7.58415592508515e-06    0.00188338599827819    0.00275393161709786
261.499999999907    8.37032097525615e-06    -1.20055397064561e-05    3.54562405484125e-06    7.54204709178231e-06    0.00188296415063273    0.00274625253004866
261.999999999907    1.84817920601872e-06    -1.25936350444201e-05    3.54682335977891e-06    7.48976849053263e-06    0.00188330027983127    0.00273671516436932
262.499999999906    -3.06768087351166e-06    -6.41679392952696e-06    3.53487898531249e-06    7.46309587827865e-06    0.00188012488272629    0.00273185920263734
262.999999999906    -4.49036588402328e-06    4.13008560429247e-07    3.50925561236074e-06    7.45591038329383e-06    0.00187329534483353    0.00273055126535243
263.499999999905    -2.83203184274612e-06    6.27616130675464e-06    3.48768896306994e-06    7.44814370179927e-06    0.00186753338461876    0.00272912152745137
263.999999999905    1.50656339456878e-06    1.01788145118352e-05    3.48495612883291e-06    7.40695652960421e-06    0.00186680311203395    0.00272155340225749
264.499999999904    6.36549966267302e-06    8.75903016994832e-06    3.49203975652525e-06    7.3522334268059e-06    0.00186868917611766    0.00271148606970355
264.999999999904    1.0188622403997e-05    6.27289735391023e-06    3.48689679504103e-06    7.3007883781816e-06    0.00186729563460491    0.00270198982769003
265.499999999904    1.18895940062703e-05    -1.6018495340872e-07    3.45343732019853e-06    7.31117907454291e-06    0.00185830459229721    0.00270391920161895
265.999999999903    1.01661637522092e-05    -5.94256880526301e-06    3.42222057407456e-06    7.31460902587902e-06    0.00184989654391513    0.00270454685885732
266.499999999903    6.4975149830739e-06    -8.77017741778104e-06    3.42415184056067e-06    7.27591913351215e-06    0.00185043498206765    0.00269737691424469
266.999999999902    1.32101881074947e-06    -1.13508057351434e-05    3.44392642395374e-06    7.18539539405904e-06    0.00185578142001235    0.00268053475136365
267.499999999902    -3.58032324677978e-06    -6.9791477232305e-06    3.43356593803183e-06    7.15801841487112e-06    0.00185298492150294    0.00267543822697669
267.999999999901    -5.21546446436759e-06    -1.07460538687192e-08    3.39600812942688e-06    7.19389297682056e-06    0.00184281874538906    0.00268214335498778
268.499999999901    -4.48493664272972e-06    2.11331371730774e-06    3.37896062544145e-06    7.17162724056078e-06    0.001838189465421    0.00267798856877058
268.9999999999    -3.21083456085198e-06    3.55467913018802e-06    3.38730882823543e-06    7.12169794235973e-06    0.00184046149614081    0.00266864859181871
269.4999999999    -3.4013322866319e-07    8.08752912963071e-06    3.3929666948601e-06    7.05705991237919e-06    0.00184200070010016    0.00265650042428978
269.999999999899    4.37165760191936e-06    9.8744973469685e-06    3.36807760132013e-06    7.07561774173472e-06    0.00183522709492039    0.00265998500673159
270.499999999899    8.87608968740266e-06    7.77063529609151e-06    3.34848531394582e-06    7.04769272591078e-06    0.00182986516688462    0.00265473771644919
270.999999999899    1.17876196321889e-05    3.45884604017425e-06    3.3439469645555e-06    7.01300506017515e-06    0.00182860821844891    0.00264820563713606
271.499999999898    1.18570152798795e-05    -3.73698600507505e-06    3.34654532051608e-06    6.96775649929138e-06    0.00182931810566253    0.00263964818379779
271.999999999898    7.7741037862014e-06    -1.20432901751691e-05    3.33839924228008e-06    6.94553347008999e-06    0.00182711214915516    0.0026354104859114
272.499999999897    1.29720008166851e-06    -1.22224028087136e-05    3.31802006199557e-06    6.94337649809314e-06    0.00182154285682976    0.00263500040056216
272.999999999897    -3.72369607015597e-06    -7.99206752114858e-06    3.30346710929649e-06    6.91387953258572e-06    0.00181754043789514    0.00262941355808523
273.499999999896    -6.82535229030451e-06    -4.07951238317314e-06    3.29497457954728e-06    6.88558511272342e-06    0.00181519365195931    0.00262403667472506
273.999999999896    -7.06866710293395e-06    3.80267909244166e-06    3.28836680124269e-06    6.8550702561539e-06    0.00181337167596389    0.00261821614764435
274.499999999895    -3.06428300787977e-06    1.12621915997584e-05    3.28298159366913e-06    6.82187117805638e-06    0.00181189740433579    0.00261184692145171
274.999999999895    2.90198739904432e-06    1.15757117641088e-05    3.2758479412667e-06    6.79887282279184e-06    0.00180992804269557    0.00260743913173232
275.499999999894    7.97542314239616e-06    8.32111001862846e-06    3.26551039928105e-06    6.77222983612405e-06    0.00180705472853114    0.00260233752523613
275.999999999894    1.06944449742484e-05    2.14782311284357e-06    3.24918871660612e-06    6.75007965154186e-06    0.00180251888906963    0.00259809065245956
276.499999999894    1.02043619781087e-05    -3.63986167828643e-06    3.23183056344351e-06    6.74237126156867e-06    0.00179770031830673    0.00259660509376679
276.999999999893    7.43625016785829e-06    -7.27178038276564e-06    3.22739663424965e-06    6.70701447485622e-06    0.00179648026330185    0.00258978022157601
277.499999999893    3.13406107850607e-06    -9.53342106833079e-06    3.22633839348739e-06    6.67072535459961e-06    0.00179619836631385    0.0025827571446968
277.999999999892    -1.59538308279379e-06    -8.92555596220583e-06    3.21620530710771e-06    6.64353843218166e-06    0.00179337747333363    0.00257749078885501
278.499999999892    -5.41952661127207e-06    -6.01943229581231e-06    3.20036925367516e-06    6.63873761302602e-06    0.00178894937949805    0.00257656775176995
278.999999999891    -7.22770825220213e-06    -8.13284981199631e-07    3.19503900369922e-06    6.60312072833314e-06    0.00178745259068112    0.00256965368618043
279.499999999891    -5.88761641339349e-06    6.3343828672444e-06    3.19162947956258e-06    6.58878027819903e-06    0.0017865035167991    0.00256685413566738
279.99999999989    -1.23105677234437e-06    1.13532622875159e-05    3.18881972778703e-06    6.54889402516624e-06    0.00178572624225727    0.00255905551495111
280.49999999989    4.28791349421938e-06    9.74537699795871e-06    3.17604559243953e-06    6.53936253125135e-06    0.00178214118583164    0.00255719916292778
280.999999999889    8.02611132364137e-06    5.1076281100958e-06    3.16212579632806e-06    6.51124246842949e-06    0.00177821859676056    0.0025517085218662
281.499999999889    9.41952244497846e-06    4.81660778211724e-07    3.15261399061922e-06    6.50377061080263e-06    0.00177553520472452    0.0025502490817184
281.999999999889    8.54570085863952e-06    -3.75614166167252e-06    3.15541888060693e-06    6.45894733627823e-06    0.00177632931958119    0.00254144313878514
282.499999999888    6.25239914059349e-06    -4.60722106030227e-06    3.1516575752134e-06    6.42701671838551e-06    0.00177527983222882    0.0025351519662339
282.999999999888    4.36040439808266e-06    -3.15181035907819e-06    3.13045463678998e-06    6.40955103996316e-06    0.00176930371153837    0.00253170715250691
283.499999999887    2.66134337001762e-06    -3.94178719595574e-06    3.1044689488459e-06    6.41772147551838e-06    0.00176194831538765    0.002533319154357
283.999999999887    3.86800090140436e-07    -5.09016889300206e-06    3.10015968908369e-06    6.38016397092169e-06    0.00176072699174784    0.00252589351737209
284.499999999886    -2.34877224050429e-06    -5.59866097210597e-06    3.10976927507909e-06    6.3224250399319e-06    0.00176345222740738    0.00251443705328394
284.999999999886    -4.62283390918851e-06    -2.74022112405205e-06    3.10222805071973e-06    6.28970464427305e-06    0.00176130822973334    0.00250792686007013
285.499999999885    -4.52244952054329e-06    3.41741794230796e-06    3.07013610347452e-06    6.31354579210058e-06    0.0017521745492173    0.00251267469310199
285.999999999885    -1.32703329964742e-06    8.77388539077362e-06    3.05139137555274e-06    6.30423058103881e-06    0.00174682271983604    0.00251080736018794
286.499999999884    3.33325853875551e-06    8.92929859011566e-06    3.05788321027848e-06    6.24712679402903e-06    0.00174867724285129    0.0024994093425559
286.999999999884    7.11895657965797e-06    6.19956038033322e-06    3.0624461674033e-06    6.20481881912439e-06    0.00174997013913396    0.00249093965895914
287.499999999884    9.54784569951864e-06    3.30448711487125e-06    3.05004572672422e-06    6.19243223058133e-06    0.00174641191171119    0.00248845761686757
287.999999999883    1.01139221468675e-05    -1.22430993627607e-06    3.02999230271333e-06    6.19388010133148e-06    0.00174065792483536    0.0024887504098235
288.499999999883    8.3862389945849e-06    -5.34685982258539e-06    3.02015978488144e-06    6.1730253398975e-06    0.00173784045754407    0.00248455161970677
288.999999999882    5.33680356596498e-06    -6.2486842807359e-06    3.01726848339527e-06    6.13758898263689e-06    0.00173702043796927    0.00247740790678113
289.499999999882    2.46598110931783e-06    -5.19308165414964e-06    3.01225175685783e-06    6.12342417448132e-06    0.00173558222962641    0.00247454989975637
289.999999999881    1.26044058621986e-07    -4.14288472454707e-06    3.00908747676285e-06    6.08274169088183e-06    0.00173467214795066    0.00246631801019009
290.499999999881    -1.60939700895149e-06    -2.63478246470152e-06    2.99617255935054e-06    6.06987898195361e-06    0.00173094481979981    0.00246371103010783
290.99999999988    -2.17542912845293e-06    7.3353319327153e-07    2.98122372556627e-06    6.06679622884102e-06    0.00172662068592797    0.00246308661860887
291.49999999988    -8.26898500323082e-07    4.33355701574746e-06    2.97642816210603e-06    6.03398568850611e-06    0.00172523258673864    0.00245641342383356
291.999999999879    1.68922865704259e-06    5.32858208654046e-06    2.97449872010709e-06    6.01219947908852e-06    0.00172467268390661    0.00245197289652669
292.499999999879    4.30159402333071e-06    5.06448778594038e-06    2.97052177390188e-06    5.97172600043982e-06    0.00172351480126825    0.0024437062735532
292.999999999879    6.75894502741499e-06    4.87205613093714e-06    2.95188909692995e-06    5.97587697516839e-06    0.00171809295836752    0.00244455583659638
293.499999999878    9.27825174970225e-06    5.04206657069152e-06    2.93750460311388e-06    5.95843671729042e-06    0.00171388987894741    0.00244098572196871
293.999999999878    1.11108831721641e-05    1.22999280202821e-06    2.93356929441218e-06    5.92201427409089e-06    0.00171273052249539    0.00243351859684873
294.499999999877    9.7715521702259e-06    -6.65384170815889e-06    2.92939294374416e-06    5.90069465726891e-06    0.00171151905058411    0.0024291254359665
294.999999999877    4.96059341747184e-06    -1.17436479476989e-05    2.92271040674111e-06    5.88250203547004e-06    0.00170958644100088    0.00242535855538989
295.499999999876    -9.64388594458486e-07    -1.09073061283385e-05    2.91518156017372e-06    5.85698672163187e-06    0.00170739000527951    0.00242009664110855
295.999999999876    -5.14819039173866e-06    -5.37172369277201e-06    2.90506495875331e-06    5.84163663413889e-06    0.00170441733589195    0.0024169418236117
296.499999999875    -6.16956310493338e-06    1.18889092754435e-06    2.89463661765057e-06    5.81921487001239e-06    0.00170135197832243    0.0024123045944803
296.999999999875    -4.25218707842406e-06    6.07104013808548e-06    2.88178470046742e-06    5.80669305501101e-06    0.00169757669027719    0.00240970043729146
297.499999999874    -5.66889436251153e-07    8.16404018059128e-06    2.87177971999522e-06    5.79626189334099e-06    0.00169463252613408    0.00240752886624209
297.999999999874    3.52472888321318e-06    8.00549371138094e-06    2.87209330839261e-06    5.75728191273906e-06    0.00169472147702179    0.00239942031016025
298.499999999874    7.27929675490254e-06    6.76550523092326e-06    2.86955360234466e-06    5.73684693617029e-06    0.00169396003913416    0.00239516203295503
298.999999999873    9.94284760960384e-06    3.50719678680545e-06    2.86051738866483e-06    5.71094297554336e-06    0.00169127718853127    0.002389755358842
299.499999999873    1.04421359461422e-05    -1.75404276943551e-06    2.84399298508042e-06    5.70862047718064e-06    0.00168638191014886    0.0023892713116167
