#t    rel_diff_friedmann    LHS_friedmann    RHS_friedmann
0    0    0.0583896762602199    0.0583896762602199
0.5    -4.18084237388955e-05    0.0556528175748986    0.0556574712826217
1    -4.71667121116433e-05    0.0478063033811852    0.0478108133262019
1.5    -5.1664493676515e-05    0.0374526207252734    0.0374564908665955
2    -5.94604340980862e-05    0.0290565709277602    0.0290600265658755
2.49999999999999    -7.22343773665769e-05    0.0259920950534603    0.0259958503703286
2.99999999999998    -7.6536139908737e-05    0.0277951373528279    0.0277993923435309
3.49999999999997    -6.95949699047637e-05    0.0298648012948356    0.0298689584640484
3.99999999999996    -6.41767234506061e-05    0.0282043643921632    0.0282079847518934
4.49999999999995    -6.95581031029217e-05    0.0241396457382542    0.0241430041877959
4.99999999999994    -8.22427649507135e-05    0.0209357045079441    0.0209391484116302
5.49999999999993    -9.0901006518247e-05    0.0199871588444655    0.0199907928805158
5.99999999999992    -9.08915850257776e-05    0.0208760965992418    0.0208798918672178
6.49999999999991    -8.51683344790819e-05    0.0222777649717426    0.0222815600152372
6.9999999999999    -8.20053800969242e-05    0.0227092434303616    0.0227129682960991
7.49999999999988    -8.10116469814216e-05    0.0214708867606422    0.0214743658262843
7.99999999999987    -8.47123400472928e-05    0.0192252422796077    0.0192284997860816
8.49999999999986    -9.39505352220829e-05    0.0174389640084276    0.0174422411163182
8.99999999999985    -0.000103197814884512    0.017101829310176    0.0171053594173061
9.49999999999984    -0.000103708241513467    0.0178782771260314    0.0178819857600114
9.99999999999983    -9.65690521650532e-05    0.0183877334598234    0.0183912851747925
10.4999999999998    -9.29093644859244e-05    0.0176693570742732    0.017672640676824
10.9999999999998    -9.8191826188316e-05    0.0161850698841186    0.0161882486793881
11.4999999999998    -0.000108667794536394    0.0150187307154398    0.0150219951748686
11.9999999999998    -0.000115701805492693    0.014754332032627    0.0147577466334125
12.4999999999998    -0.000115605522760712    0.0152234602823288    0.0152269805214562
12.9999999999998    -0.000110607014104918    0.0157708573077635    0.0157743464285581
13.4999999999998    -0.000107108200990715    0.0157259886733638    0.015729357798936
13.9999999999997    -0.000106926633403152    0.0149263761412903    0.0149295685369418
14.4999999999997    -0.000112652302398363    0.0138662607334737    0.0138693852178486
14.9999999999997    -0.000122337768240487    0.013248842727744    0.013252084792073
15.4999999999997    -0.000128695767741751    0.0133567001044078    0.013360138448457
15.9999999999997    -0.000124676255828575    0.0137972842065085    0.0138007250229676
16.4999999999998    -0.00011865284080942    0.013872975172694    0.0138762676991911
16.9999999999999    -0.00011726444289426    0.0133120674485549    0.0133151898790513
17.4999999999999    -0.000124057233020765    0.0125023559537316    0.0125054583539785
18    -0.000133624564335777    0.011994868502261    0.0119980745488233
18.5000000000001    -0.000138867621413187    0.0120089705475917    0.0120123063251744
19.0000000000002    -0.000137102439416228    0.0123421945102711    0.0123455792642793
19.5000000000002    -0.00013141871878342    0.0125632401998257    0.0125665427237008
20.0000000000003    -0.000128418592954608    0.0123487992856566    0.0123519713238632
20.5000000000004    -0.000130345783408919    0.0117595272995078    0.0117625933087459
21.0000000000005    -0.000137935718810778    0.0111874637242351    0.011190550451706
21.5000000000006    -0.000146594142493557    0.0109969239230125    0.0110001485649913
22.0000000000006    -0.0001492220060319    0.0111967738215957    0.0112001159304133
22.5000000000007    -0.000144005799993146    0.0114300777632315    0.0114333702323507
23.0000000000008    -0.000138148732760592    0.0113229356963794    0.0113260646270723
23.5000000000009    -0.000139783779111657    0.0108657239095077    0.0108687620380905
24.000000000001    -0.000147886685941219    0.0103815238256776    0.0103845948581497
24.500000000001    -0.000156096566383825    0.0101762052755211    0.0101793827129129
25.0000000000011    -0.000159838524486274    0.0102935090521119    0.0102968001767577
25.5000000000012    -0.000155995467142702    0.0105190453901646    0.0105223277489968
26.0000000000013    -0.000149638285801915    0.0105604667313826    0.0105636277046631
26.5000000000013    -0.000148317474238939    0.0102900578822189    0.0102931107257987
27.0000000000014    -0.000152567658051446    0.00985929563319908    0.00986230451154619
27.5000000000015    -0.000162274400825846    0.0095607420942679    0.0095638455252649
28.0000000000016    -0.00016810715847986    0.00955985585689488    0.00956307055771626
28.5000000000017    -0.000166613752773292    0.00974517752493676    0.0097484254272797
29.0000000000017    -0.000160025751434718    0.00983173107735968    0.00983487824129408
29.5000000000018    -0.000157044026617759    0.00964312505260743    0.00964615431871046
30.0000000000019    -0.000161066071792854    0.00928212712554808    0.00928511767873272
30.500000000002    -0.000169897555389144    0.0090001225873312    0.00900318130465138
31.000000000002    -0.000176170473537835    0.00895468999717764    0.00895784565706611
31.5000000000021    -0.00017508373382258    0.00909607099609027    0.00909925670200178
32.0000000000022    -0.000170811888658538    0.00922474037530977    0.0092278923043485
32.5000000000021    -0.000166874968352196    0.00915783353563471    0.00916089047212375
33.000000000002    -0.00016757256108787    0.00888774293858305    0.00889072212150538
33.5000000000019    -0.000174303208110228    0.00859006809726309    0.00859306317216873
34.0000000000018    -0.000181226025081437    0.00846170998028483    0.00846477750032953
34.5000000000017    -0.00018348164470686    0.00854148253308472    0.00854461751882387
35.0000000000016    -0.000181384218723434    0.00867414035993975    0.00867728763515037
35.5000000000015    -0.000175413655123732    0.00865807199754923    0.00866111001857043
36.0000000000014    -0.000175508550137766    0.00844490525803528    0.00844787008454346
36.5000000000013    -0.000182009428351521    0.00817630817601986    0.00817928504819295
37.0000000000012    -0.000191295473842175    0.008031698271543    0.00803477171453196
37.5000000000011    -0.000196777918382044    0.00806933125776011    0.00807250761521239
38.000000000001    -0.000193815586275502    0.00819289071835784    0.00819606715383628
38.5000000000009    -0.000187633403586794    0.00823707964726589    0.0082401713299485
39.0000000000008    -0.000183594643420391    0.00810918642000947    0.00811216457316086
39.5000000000007    -0.000186628046453668    0.00787182721637939    0.00787476597230449
40.0000000000006    -0.00019327956190048    0.0076868171765771    0.00768978916031341
40.5000000000005    -0.000204394831257998    0.0076646314447471    0.00766776530739404
41.0000000000004    -0.000202276968026707    0.00776441517618042    0.00776755693640683
41.5000000000003    -0.000192639150701983    0.00783153053098973    0.00783454843113583
42.0000000000002    -0.000191943430773059    0.00774708138015968    0.00775005595386674
42.5000000000001    -0.000193922362877676    0.00754344384202404    0.00754637009439797
43    -0.000201912593298699    0.00736145199350612    0.00736442533358583
43.4999999999999    -0.000207558650642733    0.00731224558016183    0.00731528164997596
43.9999999999998    -0.000209293401323151    0.00738663431626384    0.00738972691116431
44.4999999999997    -0.000205936839457512    0.00747166259696252    0.00747474061200064
44.9999999999996    -0.000200503924677989    0.00744800888635354    0.00745099619534621
45.4999999999995    -0.00020036116098086    0.00729447537368278    0.0072973990185769
45.9999999999994    -0.00020616513743722    0.00710797326130704    0.00711090469823578
46.4999999999993    -0.000215020847473818    0.00701401960282723    0.00701703657241699
46.9999999999992    -0.000215792778544406    0.00705148045092409    0.00705452442491041
47.4999999999991    -0.000215133505124903    0.0071371119294825    0.00714018345408207
47.999999999999    -0.000208746451655016    0.00714349879988833    0.00714648178262915
48.4999999999989    -0.000207571464550757    0.00702348242501146    0.00702639877942983
48.9999999999988    -0.000212565485813391    0.00685147901430265    0.00685439240952035
49.4999999999987    -0.000219011969077535    0.00674482327000211    0.0067477783112424
49.9999999999986    -0.000228637645664103    0.00675568084208804    0.00675877075448352
50.4999999999985    -0.000219131743939549    0.0068331020904036    0.00683609744593626
50.9999999999984    -0.000220166656000884    0.00687105541548408    0.00687408163634506
51.4999999999983    -0.000215635766657805    0.00679953146361687    0.00680246454045328
51.9999999999982    -0.000217666561383728    0.0066483397878592    0.00665123466049724
52.4999999999981    -0.000225614722457346    0.00652003473158733    0.00652297742715553
52.999999999998    -0.000231255399898638    0.00649447947028534    0.0064974839319774
53.4999999999979    -0.000231780070333649    0.00655589500058041    0.00655893475674398
53.9999999999978    -0.000227985557826197    0.00660784198896627    0.00661085566112376
54.4999999999977    -0.000222864707823262    0.00656447398718822    0.0065674006185854
54.9999999999976    -0.000224250633091942    0.00643402105443433    0.0064369073682816
55.4999999999975    -0.000232491129591412    0.00630602359298076    0.00630895646394396
55.9999999999974    -0.000241589308973416    0.00626165335207076    0.00626467958018783
56.4999999999973    -0.000231091223782837    0.00630493658991137    0.00630785129449889
56.9999999999972    -0.000238062105889897    0.00636389298846469    0.00636692371349846
57.4999999999971    -0.000233051929992923    0.00635489075052535    0.0063578534801038
57.999999999997    -0.00023063722881289    0.00625549984296928    0.0062583860109243
58.4999999999969    -0.000234906199414635    0.00612716804955432    0.00613004734543816
58.9999999999968    -0.0002340524465871    0.00605774052520367    0.00606057684703316
59.4999999999967    -0.000246990383162328    0.00607754186981518    0.00608054480030035
59.9999999999966    -0.000250947352724878    0.00613362884561597    0.00613670805417802
60.4999999999965    -0.000237557737780014    0.00613826814106758    0.00614118522022926
60.9999999999964    -0.000237687613599501    0.00605590340012421    0.00605878291100301
61.4999999999963    -0.000239963949999045    0.00593744995552206    0.00594030018736345
61.9999999999962    -0.000231136871130725    0.00586584018736357    0.00586855243815966
62.4999999999961    -0.000221215111081676    0.00587301196726261    0.00587561094018414
62.999999999996    -0.000242700932297331    0.00591858506092447    0.00592145865057169
63.4999999999959    -0.000245407731481441    0.00592924317066111    0.00593215404924504
63.9999999999958    -0.000243151100887043    0.0058639743687832    0.00586682672598368
64.4999999999961    -0.000243586345942556    0.00575579068437588    0.00575859543161564
64.9999999999963    -0.000246070665604167    0.00568555551090953    0.00568835429646636
65.4999999999966    -0.000249076255234274    0.00568437411538523    0.00568720650610253
65.9999999999969    -0.000243100615741223    0.00572052538216949    0.00572330738496162
66.4999999999971    -0.00024783434402375    0.0057212447607824    0.00572408130566021
66.9999999999974    -0.000248914552224632    0.00565378959861346    0.00565660492040065
67.4999999999976    -0.000252368427147444    0.00555657411603627    0.00555937943174937
67.9999999999979    -0.000248207905208381    0.00550163535531892    0.00550436713214105
68.4999999999981    -0.000254122348679726    0.00550636275607614    0.00550916204711106
68.9999999999984    -0.000254083923130483    0.00553320044805866    0.00553601295722664
69.4999999999986    -0.000255093752731157    0.00552290728510113    0.00552572572235755
69.9999999999989    -0.000255161072931359    0.00545345762552683    0.00545624135602432
70.4999999999992    -0.000262435292897817    0.00536975707537559    0.00537257624276634
70.9999999999994    -0.000257602052083325    0.00532869939215472    0.00533144546734603
71.4999999999997    -0.00026073058082416    0.00533758557183127    0.005340369641296
71.9999999999999    -0.000262474199383003    0.00535331790576226    0.00535612885922773
72.5000000000002    -0.000261684409626527    0.00532399264616734    0.00532677978726365
73.0000000000004    -0.000262407917194181    0.00525021711900651    0.00525297323931233
73.5000000000007    -0.000271386717811299    0.00518637139853847    0.00518918718732855
74.000000000001    -0.000270015366484709    0.00516478965916053    0.00516757955762126
74.5000000000012    -0.000269047460733702    0.00517601226750911    0.00517879820297257
75.0000000000015    -0.000269250105249583    0.00517474101588925    0.00517752836550977
75.5000000000017    -0.000268659178428466    0.00513108419764548    0.00513384196427477
76.000000000002    -0.000271786640782286    0.00506312872027568    0.00506588164997866
76.5000000000022    -0.0002757764421869    0.00501867520301712    0.00502144403137872
77.0000000000025    -0.000276569987669367    0.00501091027302251    0.00501368277459808
77.5000000000027    -0.000275465825281327    0.00501585524006409    0.00501861939490068
78.000000000003    -0.00027565767783594    0.00499445636368277    0.00499721064340765
78.5000000000033    -0.000276427179605603    0.00493972323760256    0.00494245494024462
79.0000000000035    -0.000281778328178835    0.00488627506278173    0.00488902953176782
79.5000000000038    -0.000281272793496345    0.00486292290489375    0.00486565929038457
80.000000000004    -0.000281687277814216    0.0048622399718418    0.00486498000595804
80.5000000000043    -0.000282196211518212    0.00485291283721778    0.00485565255759147
81.0000000000045    -0.000282926808633265    0.00481456464281917    0.0048172897526445
81.5000000000048    -0.000285990978519684    0.00476268946872755    0.00476541442048226
82.000000000005    -0.000288533066466956    0.00472862623269545    0.00473135575030572
82.5000000000053    -0.000288777662196555    0.00471859048113887    0.00472131651541269
83.0000000000056    -0.000288811252984136    0.00471141883965493    0.00471414104741599
83.5000000000058    -0.000289532350122823    0.00468327252920694    0.00468598523242557
84.0000000000061    -0.000291647379557944    0.00463806812147401    0.00464077427154327
84.5000000000063    -0.000294920334445071    0.00460123400544434    0.00460394880103626
85.0000000000066    -0.00029525152344299    0.00458462749116873    0.00458733552722287
85.5000000000068    -0.000295459584451109    0.0045756826375105    0.00457838729520886
86.0000000000071    -0.000296287261624009    0.00455373863860526    0.00455643786785527
86.5000000000073    -0.000298053856720401    0.00451573063528794    0.00451842329971048
87.0000000000076    -0.00030088437525741    0.00447933902784237    0.00448203536537812
87.5000000000079    -0.000302121842861746    0.0044583164214653    0.00446101114514681
88.0000000000081    -0.000302673072438084    0.00444611935974416    0.00444881161583166
88.5000000000084    -0.000303296325635642    0.00442612271003713    0.00442880837809992
89.0000000000086    -0.000304877920246314    0.00439311991298869    0.00439579946044848
89.5000000000089    -0.00030751507688197    0.00435952419826201    0.00436220626187501
90.0000000000091    -0.000308818690620115    0.00433727055128899    0.00433995023925175
90.5000000000094    -0.000309445342423977    0.00432271444346889    0.00432539055928278
91.0000000000096    -0.000310443619919003    0.0043033828755085    0.00430605562076075
91.5000000000099    -0.000311895833224604    0.00427421657012036    0.00427688362263997
92.0000000000102    -0.000314308510002928    0.00424363660235821    0.00424630506327314
92.5000000000104    -0.000315983977550558    0.00422100052068272    0.00422366890091565
93.0000000000107    -0.00031674139866521    0.00420455101286353    0.0042072153675121
93.5000000000109    -0.000317819942706647    0.00418488632997386    0.00418754725633657
94.0000000000112    -0.000319407602606418    0.00415807502583653    0.00416073211608227
94.5000000000114    -0.000321425859558793    0.00413035865361968    0.00413301471550771
95.0000000000117    -0.00032309189320379    0.00410855657657506    0.00411121231726867
95.500000000012    -0.000323935038368537    0.00409118825998902    0.00409383967732794
96.0000000000122    -0.000325240661745591    0.00407147092036741    0.00407412019781299
96.5000000000125    -0.000326699862279191    0.00404663353436424    0.00404927846770033
97.0000000000127    -0.000328787976141486    0.00402124733619219    0.0040238924814306
97.500000000013    -0.000330454351369152    0.00400024530703923    0.00400288997791874
98.0000000000132    -0.000331747113163198    0.00398226171911199    0.00398490480360599
98.5000000000135    -0.000332846695719047    0.00396234009916596    0.00396497868102786
99.0000000000137    -0.000334524301596145    0.00393897929281232    0.00394161554329603
99.500000000014    -0.000336531078125656    0.00391571678060032    0.00391835318861317
100.000000000014    -0.000338114184367985    0.00389579941352443    0.00389843475465298
100.500000000015    -0.000339203467525613    0.00387774010276334    0.00388037168118191
101.000000000015    -0.000340660254485749    0.00385798239183273    0.00386061181009783
101.500000000015    -0.000342443261092872    0.00383604480749476    0.00383867296287601
102.000000000015    -0.000344213594824705    0.00381458988395925    0.00381721685559208
102.500000000016    -0.00034580031157185    0.00379548095344328    0.00379810681846075
103.000000000016    -0.00034726573176495    0.00377735526144755    0.00377997966489094
103.500000000016    -0.000348632064866776    0.00375796134662514    0.00376058255210934
104.000000000016    -0.000350237681917919    0.00373735848393948    0.00373997732870143
104.500000000017    -0.000351942055139615    0.0037174305029712    0.00372004806446328
105.000000000017    -0.000353569812746476    0.0036990967490274    0.00370171345210439
105.500000000017    -0.000355016761390861    0.00368122553525314    0.00368384025705816
106.000000000017    -0.000356590729697954    0.00366254097274542    0.00366515396082879
106.500000000018    -0.000358098206983976    0.00364315899630143    0.00364576914840089
107.000000000018    -0.000359955955070165    0.00362439174853729    0.00362700193087475
107.500000000018    -0.00036185544973303    0.0036067086096161    0.00360931976881026
108.000000000018    -0.000363112951231317    0.00358926748643165    0.00359187505229209
108.500000000019    -0.000364521873964952    0.00357126123467726    0.00357386578976993
109.000000000019    -0.000366243785155129    0.00355299067623035    0.00355559415124466
109.500000000019    -0.000367949732287591    0.0035352751315085    0.00353787769619788
110.000000000019    -0.000369705208914739    0.00351830289661124    0.00352090532855872
110.50000000002    -0.000371470857617337    0.00350144163860867    0.0035040439723566
111.00000000002    -0.000372820551436394    0.00348421716006617    0.00348681610453195
111.50000000002    -0.000374469188253781    0.00346690720243078    0.0034695046749559
112.00000000002    -0.000376194102524992    0.00345006889493356    0.00345266566296554
112.500000000021    -0.000377866295383512    0.00343379770194625    0.00343639371572582
113.000000000021    -0.000379381067041547    0.00341751187039151    0.00342010593312984
113.500000000021    -0.000381067082893834    0.00340105961388251    0.00340365266574083
114.000000000021    -0.000382852884199309    0.00338466108085624    0.00338725372797236
114.500000000022    -0.000384566284489223    0.0033686353366431    0.00337122726056008
115.000000000022    -0.000385927021623641    0.00335296931298268    0.00335555831506965
115.500000000022    -0.000387709087282166    0.0033373989927537    0.00333998787632214
116.000000000022    -0.000389402951191209    0.00332170101979981    0.00332428898792241
116.500000000023    -0.000390973081240491    0.00330607304533754    0.00330865922759587
117.000000000023    -0.00039290417145709    0.00329080189677568    0.00329338885278685
117.500000000023    -0.000394391299254803    0.0032758089860113    0.0032783939066057
118.000000000023    -0.000396000495601977    0.00326081492418031    0.00326339851593601
118.500000000024    -0.000397752418524067    0.00324578668354018    0.00324836974996788
119.000000000024    -0.000399369235138999    0.00323097651676529    0.00323355825307185
119.500000000024    -0.000401126185032933    0.00321639565608343    0.00321897705258732
120.000000000024    -0.000402704189568347    0.00320198741206425    0.00320456735851106
120.500000000025    -0.000404379555549521    0.00318763783836954    0.00319021691243903
121.000000000025    -0.000405962362350253    0.00317333546393985    0.00317591301985348
121.500000000025    -0.00040776192045054    0.00315916997445308    0.00316174740386227
122.000000000026    -0.000409466770074592    0.00314520263138179    0.00314777939840766
122.500000000026    -0.00041113947714244    0.00313142227005736    0.00313399823176655
123.000000000026    -0.000412779389839791    0.00311765673478138    0.00312023160652479
123.500000000026    -0.000414567459415185    0.00310401668751079    0.00310659140352852
124.000000000027    -0.000416152195706219    0.00309049922687638    0.00309307253384191
124.500000000027    -0.000417761948653221    0.00307711793091141    0.00307969001099471
125.000000000027    -0.000419527486054564    0.00306391531059674    0.00306648718294336
125.500000000027    -0.000421214013340796    0.00305074774931007    0.00305331886770752
126.000000000028    -0.000422776730440891    0.00303765956947116    0.00304022915939593
126.500000000028    -0.00042461737029022    0.00302476308259254    0.00302733290767668
127.000000000028    -0.000426189267929044    0.00301196721589816    0.00301453564674136
127.500000000028    -0.000427756326277875    0.00299931008763959    0.00300187713343858
128.000000000029    -0.000429559746925951    0.00298669038822263    0.00298925741484856
128.500000000028    -0.000431290291491538    0.00297415505873772    0.00297672161407256
129.000000000028    -0.000432950336356748    0.00296180280911411    0.00296436854699605
129.500000000027    -0.00043456250891538    0.00294958885737382    0.0029521535333541
130.000000000027    -0.000436273292862043    0.00293741220011179    0.00293997634776701
130.500000000026    -0.000437908346475011    0.00292532573513331    0.00292788890667867
131.000000000026    -0.000439674682831755    0.00291335244635191    0.00291591542785565
131.500000000025    -0.000441313743402374    0.00290150946136555    0.00290407154405168
132.000000000025    -0.000442946693979136    0.00288976870566397    0.00289232986711104
132.500000000024    -0.000444689921298903    0.00287809031199923    0.002880651166294
133.000000000024    -0.000446399394107585    0.00286649251107444    0.00286905285505075
133.500000000024    -0.000448030043890212    0.00285502286323289    0.00285758228196682
134.000000000023    -0.000449586266357151    0.00284364920436856    0.00284620728570404
134.500000000023    -0.000451445524158696    0.00283241525644346    0.00283497377385486
135.000000000022    -0.000453273743883307    0.00282121291355001    0.00282377163683133
135.500000000022    -0.000454689776910163    0.00281011511004154    0.00281267173373715
136.000000000021    -0.000456441750435    0.00279911570126808    0.00280167213467173
136.500000000021    -0.000458100821187401    0.00278818784442989    0.00279074355748645
137.00000000002    -0.000459895029579345    0.00277736981186175    0.00277992558439239
137.50000000002    -0.00046153526569356    0.00276660485999079    0.00276915981060886
138.000000000019    -0.000463205325158416    0.00275593329953764    0.00275848760866748
138.500000000019    -0.000464894688710439    0.00274539527653592    0.0027479491031613
139.000000000019    -0.000466506564900452    0.00273495501694953    0.00273750795685299
139.500000000018    -0.000468217127783091    0.00272453491438024    0.00272708745734889
140.000000000018    -0.000469937824039879    0.00271417543514986    0.00271672762191507
140.500000000017    -0.000471657469549468    0.00270395726313613    0.00270650915003365
141.000000000017    -0.000473246153160245    0.00269381558049985    0.00269636646341696
141.500000000016    -0.000474996704851109    0.00268373911595049    0.00268628986201998
142.000000000016    -0.000476687392854402    0.00267371929734733    0.00267626956959211
142.500000000015    -0.000478278821139081    0.00266380190086001    0.00266635120020167
143.000000000015    -0.00048004528693766    0.00265398099628365    0.00265653028219411
143.500000000014    -0.000481674207179409    0.0026442129844526    0.00264676151039762
144.000000000014    -0.000483357422220919    0.00263450824941485    0.00263705629926617
144.500000000014    -0.000485046138593617    0.00262490003332964    0.00262744766429893
145.000000000013    -0.000486600379914118    0.00261536384136884    0.00261791035458078
145.500000000013    -0.000488361950058404    0.00260589002420978    0.00260843650288079
146.000000000012    -0.000490027633985875    0.00259648239767327    0.00259902834150814
146.500000000012    -0.000491758014067318    0.00258714774501174    0.00258969349818064
147.000000000011    -0.000493426418872569    0.00257790375623144    0.00258044902377096
147.500000000011    -0.00049506075209829    0.00256870735723789    0.00257125194935797
148.00000000001    -0.000496806765162307    0.00255957109306603    0.00256211558165507
148.50000000001    -0.000498449736004931    0.00255051417718916    0.00255305805141919
149.000000000009    -0.000500110007353734    0.00254155570331409    0.00254409909017026
149.500000000009    -0.000501775188036358    0.00253263254232133    0.00253517544262591
150.000000000009    -0.000503472725805568    0.00252376877939452    0.00252631135700633
150.500000000008    -0.000505307497828358    0.00251497578357543    0.00251751874079138
151.000000000008    -0.000506788323396138    0.00250626102748624    0.00250880260317535
151.500000000007    -0.00050851632707726    0.00249760055585922    0.00250014198954209
152.000000000007    -0.000510190908156814    0.00248897536521204    0.00249151636681186
152.500000000006    -0.00051188440331772    0.00248041644883738    0.00248295712235631
153.000000000006    -0.000513508537496476    0.00247197025390784    0.00247451031390998
153.500000000005    -0.0005151796678611    0.00246358573963331    0.00246612542659458
154.000000000005    -0.000516751358048505    0.00245520941839913    0.00245774819591836
154.500000000004    -0.000518470993424769    0.00244689320532775    0.00244943180782145
155.000000000004    -0.000520241217324957    0.00243864835293909    0.00244118704444657
155.500000000004    -0.00052196472905866    0.00243048051920259    0.00243301909446071
156.000000000003    -0.000523515389648359    0.00242238551333293    0.00242492315401866
156.500000000003    -0.000525226250386009    0.00241430497749537    0.00241684242292956
157.000000000002    -0.000526904853042599    0.00240628581980293    0.00240882292396795
157.500000000002    -0.000528532515884448    0.0023983511605908    0.00240088771438773
158.000000000001    -0.000530210534758324    0.00239045421520847    0.00239299044796132
158.500000000001    -0.000531910621604779    0.00238259275792378    0.00238512875963983
159    -0.000533496325443516    0.00237481287285964    0.00237734813329434
159.5    -0.000535185769393084    0.00236709795222677    0.00236963298321687
159.999999999999    -0.000536870137067377    0.00235940264622899    0.00236193739270284
160.499999999999    -0.000538510132911057    0.00235176520321328    0.00235429946672417
160.999999999999    -0.000540253367771255    0.00234420224553446    0.0023467365410119
161.499999999998    -0.000541866429761689    0.00233668150801887    0.00233921521948454
161.999999999998    -0.000543638513672274    0.00232921938464312    0.00233175326888876
162.499999999997    -0.000545176016180738    0.00232179618058759    0.00232432913667874
162.999999999997    -0.000546855483645743    0.00231441265168829    0.00231694533520015
163.499999999996    -0.00054854706672139    0.00230709382513512    0.002309626313425
163.999999999996    -0.000550190729902896    0.00229982968699884    0.00230236177007576
164.499999999995    -0.000551794235875404    0.00229259132567249    0.00229512279988281
164.999999999995    -0.000553586867815658    0.00228540915888463    0.00228794090542216
165.499999999994    -0.000555180433086989    0.0022782745900468    0.00228080570221794
165.999999999994    -0.000556786320424945    0.00227119158587678    0.00227372213166222
166.499999999994    -0.000558624131723457    0.00226417484604563    0.00226670590537134
166.999999999993    -0.000560077954855967    0.00225718962631773    0.00225971944751407
167.499999999993    -0.000561860200009189    0.00225023383916694    0.00225276389437415
167.999999999992    -0.000563459968416175    0.00224334012473222    0.00224586961471022
168.499999999992    -0.00056511362076693    0.00223648624762654    0.00223901541457561
168.999999999991    -0.000566822993374047    0.00222964659393752    0.00223217565738192
169.499999999991    -0.000568454721499491    0.00222288668212969    0.00222541534041706
169.99999999999    -0.000570113394883072    0.00221619742223065    0.00221872583138281
170.49999999999    -0.000571769244735115    0.00220951524848837    0.00221204335971434
170.999999999989    -0.000573390833156537    0.00220285342516264    0.00220538106641051
171.499999999989    -0.000575156113524265    0.00219625587411384    0.00219878370799867
171.999999999989    -0.000576740583070831    0.0021897102178365    0.00219223746489802
172.499999999988    -0.000578364844456103    0.00218319790480351    0.00218572473606714
172.999999999988    -0.000579968513086993    0.00217673298347495    0.00217925932185529
173.499999999987    -0.00058171972165042    0.00217029682674639    0.00217282330538075
173.999999999987    -0.000583276942052684    0.00216389265962527    0.0021664184302359
174.499999999986    -0.000584998694612011    0.00215756628741777    0.00216009211194517
174.999999999986    -0.000586636290787241    0.00215127628720312    0.00215380180224507
175.499999999985    -0.000588311474631975    0.00214498341431331    0.00214750873670052
175.999999999985    -0.000589994646694566    0.00213873910762039    0.00214126428671088
176.499999999984    -0.000591595890234197    0.00213254750518276    0.00213507221146821
176.999999999984    -0.000593246176990968    0.00212638316151292    0.00212890759648709
177.499999999984    -0.000594896012308265    0.00212025918170919    0.00212278335079183
177.999999999983    -0.00059656042895868    0.00211419152659386    0.00211671551831546
178.499999999983    -0.000598234405196941    0.00210816490011675    0.00211068876352883
178.999999999982    -0.000599880789232843    0.0021021603073937    0.00210468391242446
179.499999999982    -0.000601477335253431    0.00209615768006536    0.00209868078032433
179.999999999981    -0.000603189168770922    0.00209021548103158    0.00209273859362288
180.499999999981    -0.000604766870292018    0.00208432839990848    0.00208685099101416
180.99999999998    -0.000606446141911348    0.00207846704396363    0.00208098953035558
181.49999999998    -0.000608026786769512    0.00207263722225281    0.0020751591935797
181.999999999979    -0.000609789920836576    0.0020668399070387    0.00206936212134615
182.499999999979    -0.000611349107238126    0.00206107397168651    0.00206359558473748
182.999999999979    -0.000613071110962029    0.00205533973180736    0.00205786141660503
183.499999999978    -0.000614684414754611    0.00204964576192605    0.00205216708235366
183.999999999978    -0.000616345646500361    0.00204399541285233    0.00204651658211239
184.499999999977    -0.000617909079301069    0.0020383787194289    0.00204089934238029
184.999999999977    -0.000619665747182601    0.00203278826880012    0.002035309129414
185.499999999976    -0.000621182722508374    0.00202721982821094    0.00202973994152581
185.999999999976    -0.000622938218964787    0.00202167898364274    0.00202419931586478
186.499999999975    -0.00062450406065586    0.00201618616926472    0.00201870597579361
186.999999999975    -0.000626188095109193    0.00201072887892858    0.00201324864574952
187.499999999974    -0.000627813594931491    0.00200528819997082    0.00200780767611959
187.999999999974    -0.000629444134809863    0.00199989060695049    0.00200240983148721
188.499999999974    -0.000631071257764894    0.00199452366467108    0.00199704262743149
188.999999999973    -0.000632750367210482    0.00198917937711707    0.00199169827891574
189.499999999973    -0.000634371459873791    0.00198386599636881    0.00198638461004206
189.999999999972    -0.000636007122014226    0.0019785754835011    0.00198109386140529
190.499999999972    -0.000637675440091601    0.00197332344954056    0.00197584173518773
190.999999999971    -0.000639337353761257    0.00196810746515195    0.00197062564435536
191.499999999971    -0.000640904607667151    0.00196291980253518    0.00196543750483403
191.99999999997    -0.00064257788225388    0.00195775544328485    0.00196027308175708
192.49999999997    -0.000644170819442785    0.00195262112066929    0.00195513838531244
192.999999999969    -0.000645829993299508    0.00194750958728068    0.00195002673313638
193.499999999969    -0.000647459723119365    0.0019424258563359    0.00194494277095099
193.999999999969    -0.000649082909213173    0.00193737884063686    0.00193989551315424
194.499999999968    -0.000650740932703336    0.00193236240747474    0.00193487897974205
194.999999999968    -0.000652366082043172    0.00192736450413973    0.00192988084017247
195.499999999967    -0.000653983691810583    0.00192239474217614    0.00192491081726943
195.999999999967    -0.000655659332470515    0.00191746565861149    0.00191998171679604
196.499999999966    -0.000657275298362495    0.0019125506416092    0.00191506643976838
196.999999999966    -0.000658922053622179    0.00190765379731423    0.00191016944524558
197.499999999965    -0.000660541134623079    0.00190278421812682    0.00190529961414212
197.999999999965    -0.000662139372574569    0.00189795300252108    0.00190046808667785
198.499999999964    -0.000663836340454177    0.00189316316415753    0.00189567833483278
198.999999999964    -0.000665430695561997    0.00188838810864849    0.00189090296493632
199.499999999964    -0.000667006844494905    0.00188361964171179    0.00188613409325508
199.999999999963    -0.000668706834173182    0.00187888315748222    0.00188139768297865
200.499999999963    -0.000670290907375775    0.00187417962413627    0.00187669380048751
200.999999999962    -0.000671942148651313    0.00186950532596392    0.00187201941413701
201.499999999962    -0.000673542172994556    0.00186485348366414    0.00186736729175531
201.999999999961    -0.000675256774917964    0.00186022460779622    0.00186273856390068
202.499999999961    -0.000676813159798588    0.00185560886789823    0.00185812237007204
202.99999999996    -0.000678468518709424    0.00185101889823658    0.00185353231961384
203.49999999996    -0.000680082010817381    0.00184646202722463    0.00184897522762376
203.999999999959    -0.000681686539490958    0.00184194057175323    0.00184445353699642
204.499999999959    -0.000683340756609942    0.0018374447253475    0.00183995764426511
204.999999999959    -0.000684985699095364    0.00183296276098996    0.00183547558879758
205.499999999958    -0.000686507240625767    0.00182848060269099    0.00183099285771843
205.999999999958    -0.000688249446105346    0.0018240180981119    0.00182653058622187
206.499999999957    -0.000689851917399397    0.00181960571088411    0.00182211796094176
206.999999999957    -0.000691474593783988    0.00181523315486228    0.00181774526714086
207.499999999956    -0.000693073857740424    0.00181086209003006    0.00181337395328596
207.999999999956    -0.000694635185000349    0.00180650744230336    0.00180901891412283
208.499999999955    -0.000696355442262613    0.00180217222104263    0.0018046838749145
208.999999999955    -0.000697927817130244    0.00179786895174743    0.00180038026997224
209.499999999954    -0.000699570287592318    0.00179358398530329    0.00179609521821606
209.999999999954    -0.000701148725234403    0.00178932408941244    0.00179183501455304
210.499999999954    -0.000702834730439298    0.00178508788742565    0.00178759889577786
210.999999999953    -0.000704395464720107    0.00178087614826662    0.00178338679892169
211.499999999953    -0.000706051457527352    0.00177667183520285    0.00177918245130459
211.999999999952    -0.000707613984386537    0.00177248460670037    0.00177499485277522
212.499999999952    -0.000709319191743214    0.00176833260592096    0.00177084301110907
212.999999999951    -0.000710883504612948    0.00176420266865326    0.00176671273817216
213.499999999951    -0.000712494955511991    0.00176008688744946    0.00176259678179366
213.99999999995    -0.000714073430207649    0.00175597956094247    0.00175848914967002
214.49999999995    -0.00071577261875983    0.00175190315206743    0.00175441287707381
214.999999999949    -0.000717391216976499    0.00174785565121765    0.00175036524416304
215.499999999949    -0.000718949597135068    0.00174382483456906    0.00174633408291672
215.999999999949    -0.000720584619047305    0.00173981170609556    0.00174232087727662
216.499999999948    -0.000722177530973123    0.00173581935578584    0.00173832830716731
216.999999999948    -0.000723841167086929    0.00173184497998806    0.0017343539574723
217.499999999947    -0.000725413356835869    0.00172788493757553    0.00173039361903215
217.999999999947    -0.000727039414775749    0.00172393968584756    0.001726448253876
218.499999999946    -0.000728660994070761    0.00172002126710949    0.0017225297197337
218.999999999946    -0.000730267997309671    0.00171613054834178    0.0017186388505119
219.499999999945    -0.000731876774329063    0.0017122544254773    0.00171476257962857
219.999999999945    -0.000733466670420313    0.00170839550035675    0.0017109034421673
220.499999999944    -0.000735134479125071    0.00170455398194282    0.00170706197846485
220.999999999944    -0.000736720984096729    0.00170073364949078    0.00170324142936071
221.499999999944    -0.000738315067445747    0.0016969138729199    0.00169942143845439
221.999999999943    -0.000739952048663448    0.00169311428433604    0.00169562178653406
222.499999999943    -0.000741525667580363    0.00168934834902909    0.00169185559854354
222.999999999942    -0.00074316941227461    0.00168559866459659    0.00168810589863403
223.499999999942    -0.000744733533526387    0.00168186963833973    0.00168437659479165
223.999999999941    -0.000746349739786839    0.00167816730095872    0.00168067417141762
224.499999999941    -0.000747987027451283    0.00167447501624434    0.00167698186251271
224.99999999994    -0.000749562634126725    0.00167078905069193    0.00167329565163014
225.49999999994    -0.000751206142513089    0.00166710834951885    0.00166961491653218
225.999999999939    -0.000752839250412402    0.00166344745339343    0.0016659539574559
226.499999999939    -0.000754440006244164    0.00165982445979019    0.00166233082664524
226.999999999939    -0.000755985309450868    0.00165622200273923    0.00165872805628542
227.499999999938    -0.000757606307127108    0.0016526212555953    0.00165512722670788
227.999999999938    -0.000759216553810614    0.00164904376511487    0.00165154963025804
228.499999999937    -0.000760802290060692    0.00164548725650462    0.00164799294378327
228.999999999937    -0.00076245190418898    0.00164194593829117    0.00164445165839669
229.499999999936    -0.000764039573743905    0.00163841103642749    0.00164091657249598
229.999999999936    -0.000765601344659132    0.0016348828690411    0.00163738812411355
230.499999999935    -0.000767270300975962    0.00163138433737969    0.00163388968516174
230.999999999935    -0.000768851640666023    0.00162791291535281    0.00163041808849095
231.499999999934    -0.000770448319278146    0.00162444601961014    0.00162695105302005
231.999999999934    -0.000772026728240254    0.00162099261834514    0.00162349745139849
232.499999999934    -0.000773654135620847    0.0016175549453145    0.0016200597393048
232.999999999933    -0.000775245393785162    0.0016141334386686    0.00161663807940636
233.499999999933    -0.000776870696210682    0.00161073318757041    0.0016132377961531
233.999999999932    -0.000778431277144273    0.00160733982622788    0.00160984418288491
234.499999999932    -0.000780051335147521    0.0016039615804701    0.00160646587869602
234.999999999931    -0.000781716627972357    0.0016006117260675    0.00160311613340675
235.499999999931    -0.000783205144240676    0.00159727217727927    0.00159977612195361
235.99999999993    -0.000784830567531864    0.00159394109422693    0.00159644500676122
236.49999999993    -0.000786449154184814    0.00159062274817931    0.00159312660516539
236.999999999929    -0.000788078448810419    0.001587327105386    0.001589830955182
237.499999999929    -0.000789589365760269    0.0015840457814435    0.00158654924956311
237.999999999929    -0.000791241162360851    0.00158076744008238    0.00158327095750184
238.499999999928    -0.000792819570848823    0.00157750821938731    0.00158001156286602
238.999999999928    -0.000794432605760103    0.00157426882343974    0.00157677211310181
239.499999999927    -0.000796019808022789    0.00157104848005512    0.00157355164404222
239.999999999927    -0.000797620612498334    0.0015678400505519    0.00157034313014262
240.499999999926    -0.000799183967914248    0.00156463999452512    0.00156714286517758
240.999999999926    -0.000800828219931778    0.00156145396329605    0.00156395688049865
241.499999999925    -0.000802384127462248    0.00155828019627212    0.00156078288297947
241.999999999925    -0.000804001360500827    0.00155511551729723    0.00155761815940818
242.499999999924    -0.00080559071079097    0.00155196899354034    0.00155447151315615
242.999999999924    -0.000807181590160688    0.00154883441710356    0.00155133681825108
243.499999999924    -0.000808740081715989    0.00154571539084815    0.00154821757845057
243.999999999923    -0.000810385298668621    0.00154261833646018    0.00154512059469611
244.499999999923    -0.00081196278552826    0.00153954133212136    0.0015420434642965
244.999999999922    -0.000813521018874153    0.00153646385193178    0.00153896577857827
245.499999999922    -0.00081512284645646    0.00153339349153307    0.00153589533898119
245.999999999921    -0.000816756695516023    0.00153033948050878    0.00153284135396491
246.499999999921    -0.000818309481397822    0.00152730494982712    0.00152980661320484
246.99999999992    -0.000819897464868148    0.00152427544781509    0.00152677699798057
247.49999999992    -0.000821494373169152    0.00152126414608063    0.00152376562090034
247.999999999919    -0.000823059172732921    0.00151826199381862    0.00152076329145583
248.499999999919    -0.000824705456872229    0.00151528201426057    0.00151778339985864
248.999999999919    -0.000826211800798176    0.00151231251895174    0.00151481356624584
249.499999999918    -0.000827856485438615    0.00150933873851822    0.00151183984079877
249.999999999918    -0.000829415986980998    0.00150638530031355    0.0015088862147132
250.499999999917    -0.000831075518409997    0.00150345810498381    0.00150595915799575
250.999999999917    -0.000832567038400497    0.00150053430287047    0.00150303497564932
251.499999999916    -0.000834192507148569    0.00149761642010748    0.00150011710695418
251.999999999916    -0.000835766284699116    0.00149471555865218    0.00149721611427053
252.499999999915    -0.000837382361288471    0.00149183300150945    0.00149433356471988
252.999999999915    -0.000838901124506459    0.00148895936106558    0.00149145963791533
253.499999999914    -0.000840549009868052    0.00148609650803003    0.00148859688361504
253.999999999914    -0.000842101268269082    0.00148324289651172    0.00148574308337085
254.499999999914    -0.000843697456401257    0.00148039877536116    0.00148289890207417
254.999999999913    -0.000845304245281792    0.00147756686691259    0.00148006696734868
255.499999999913    -0.00084686815276267    0.00147474959978537    0.00147724955385557
255.999999999912    -0.000848438343944081    0.00147194134635356    0.00147444117025658
256.499999999912    -0.000850014782328838    0.00146914158846579    0.00147164129739038
256.999999999911    -0.000851595101384125    0.00146635553004733    0.00146885514107639
257.499999999911    -0.000853209790271313    0.00146358751406241    0.00146608714116056
257.99999999991    -0.000854736333067121    0.00146083885861124    0.00146333825903802
258.49999999991    -0.000856346295890705    0.00145808520949756    0.00146058460157921
258.999999999909    -0.00085792578850402    0.00145533757900364    0.00145783686648684
259.499999999909    -0.000859511002392204    0.00145260423371798    0.00145510344045567
259.999999999909    -0.000861105749759324    0.00144989622928092    0.00145239540929838
260.499999999908    -0.00086261069131345    0.00144719084519945    0.00144968972535107
260.999999999908    -0.000864276357714481    0.0014444931250298    0.00144699216740673
261.499999999907    -0.000865807055734252    0.00144180805838022    0.00144430687705498
261.999999999907    -0.000867414942427699    0.00143913268811338    0.00144163150602099
262.499999999906    -0.000868989880904622    0.0014364720351868    0.00143897076588405
262.999999999906    -0.000870557801128632    0.00143381795611893    0.00143631657412452
263.499999999905    -0.000872109356985951    0.00143117023376674    0.00143366868659544
263.999999999905    -0.000873707282340732    0.00142853222030979    0.00143103064120621
264.499999999904    -0.000875290076416146    0.00142591148931006    0.0014284098484519
264.999999999904    -0.000876893196803496    0.00142330830864574    0.00142580667819461
265.499999999904    -0.000878395403996507    0.00142071540602744    0.00142321350010789
265.999999999903    -0.000880001567065832    0.00141811631755169    0.00142061440503605
266.499999999903    -0.00088153969887727    0.00141552331269699    0.00141802119466877
266.999999999902    -0.000883190771927529    0.00141295294534468    0.0014154509655781
267.499999999902    -0.000884767569855977    0.00141040169589969    0.00141289966138054
267.999999999901    -0.000886244470003574    0.00140784893923287    0.00141034654940006
268.499999999901    -0.000887910647082487    0.00140529932574765    0.00140779710401891
268.9999999999    -0.000889390265681066    0.00140276711466487    0.00140526455069376
269.4999999999    -0.000891088163096726    0.0014002579266142    0.00140275565884119
269.999999999899    -0.000892534965438434    0.00139775238546921    0.00140024970016401
270.499999999899    -0.000894148484649884    0.00139523974449012    0.00139773708048584
270.999999999899    -0.000895715178085329    0.00139273912025535    0.00139523635220216
271.499999999898    -0.000897326703834627    0.00139025181110346    0.00139274907211277
271.999999999898    -0.000898885091156798    0.00138778476309241    0.00139028192582131
272.499999999897    -0.000900409615512564    0.00138532297427673    0.00138781993882088
272.999999999897    -0.000902020713646274    0.00138286893657866    0.00138536594177918
273.499999999896    -0.000903563458735897    0.00138042496594842    0.00138292182513266
273.999999999896    -0.000905130402829988    0.00137799145911961    0.00138048824296356
274.499999999895    -0.000906715597033525    0.00137556246001935    0.00137805921173746
274.999999999895    -0.000908252459289867    0.00137314459236384    0.00137564118380511
275.499999999894    -0.000909849166704605    0.00137073528193374    0.00137323187816782
275.999999999894    -0.000911420582073124    0.00136833836316441    0.00137083490205619
276.499999999894    -0.000912943299185926    0.00136594391910223    0.00136844025681303
276.999999999893    -0.000914541382952375    0.00136355818362199    0.00136605452740566
277.499999999893    -0.000916108021872744    0.00136118723344078    0.00136368350938685
277.999999999892    -0.000917690479478211    0.00135882698806093    0.00136132324403168
278.499999999892    -0.000919189204656412    0.00135646760656124    0.00135896360161378
278.999999999891    -0.000920842389718556    0.00135411658903571    0.00135661274351217
279.499999999891    -0.000922334527851326    0.00135178098001721    0.0013542768706072
279.99999999989    -0.000923971562378618    0.00134945747291221    0.00135195349982932
280.49999999989    -0.000925448220969843    0.00134714386161271    0.00134963959506504
280.999999999889    -0.000927081389845272    0.0013448314783279    0.00134732732865637
281.499999999889    -0.000928571302253897    0.00134252321122121    0.00134501878559305
281.999999999889    -0.000930202205836662    0.00134022498954155    0.00134272067151361
282.499999999888    -0.000931735406443906    0.00133794488852456    0.00134044043496255
282.999999999888    -0.000933316736669348    0.00133567292742917    0.00133816846835505
283.499999999887    -0.00093483158859519    0.00133340057325944    0.00133589591593687
283.999999999887    -0.000936414761876306    0.00133113139939232    0.00133362671823049
284.499999999886    -0.000937989021498189    0.00132887839497609    0.00133137368221892
284.999999999886    -0.000939576315589924    0.00132664352466251    0.00132913883486689
285.499999999885    -0.000941061522183172    0.00132441032779636    0.00132690537899118
285.999999999885    -0.00094261904562884    0.00132217172015765    0.00132466668044476
286.499999999884    -0.000944237793067877    0.00131994678362883    0.00132244182681878
286.999999999884    -0.000945770813162228    0.0013177365712015    0.00132023148439454
287.499999999884    -0.000947347841054322    0.00131553566238782    0.00131803056566824
287.999999999883    -0.000948879093423673    0.00131333755856498    0.00131583232289856
288.499999999883    -0.000950433806831405    0.0013111470241544    0.00131364171210513
288.999999999882    -0.000952019680720652    0.00130896830455782    0.00131146300673815
289.499999999882    -0.000953523848842707    0.00130679418850474    0.00130928868591605
289.999999999881    -0.000955147331138772    0.00130462620484854    0.0013071208080375
290.499999999881    -0.000956662883490318    0.0013024694484308    0.00130496388312027
290.99999999988    -0.000958198193495507    0.00130031516651457    0.00130280947584433
291.49999999988    -0.000959817635123285    0.00129817274241594    0.00130066715478013
291.999999999879    -0.000961301488096897    0.00129603957342582    0.00129853374061358
292.499999999879    -0.000962956014544412    0.00129391869473356    0.00129641307028635
292.999999999879    -0.000964405809377747    0.00129180245801337    0.00129429650687873
293.499999999878    -0.00096597941510987    0.00128968401805245    0.00129217804365671
293.999999999878    -0.000967555572373487    0.00128757431377669    0.00129006832627666
294.499999999877    -0.000969111209302889    0.00128547567213036    0.00128796962681609
294.999999999877    -0.000970669287941394    0.00128338558839724    0.00128587949510637
295.499999999876    -0.000972219547650317    0.00128130385543558    0.00128379769730687
295.999999999876    -0.000973761292598254    0.00127922951202884    0.00128172326871891
296.499999999875    -0.000975328558458099    0.00127716142081714    0.00127965515704427
296.999999999875    -0.000976870041757971    0.00127510100639655    0.00127759465831714
297.499999999874    -0.000978371509511707    0.00127304214635936    0.00127553560221835
297.999999999874    -0.00098000245728572    0.00127099148046616    0.00127348507374179
298.499999999874    -0.000981489925377315    0.00126895215777676    0.00127144553251623
298.999999999873    -0.000983104352516724    0.00126692126334763    0.00126941474631817
299.499999999873    -0.000984598946242687    0.00126489671079482    0.00126738999761951
