1:binCentralValue 2:valuesAverage 3:valuesAverage 4:multiplicity
0.5 4.23537893488625e-15 9.929293332667926e-11 18
1 3.044902693368247e-14 1.145867983437743e-09 62
1.5 6.891107788946837e-14 2.218868953684953e-09 98
2 2.127054763962696e-13 6.63169198122929e-09 210
2.5 3.615032622240195e-13 1.482198840826306e-08 350
3 6.436078757240632e-13 2.30653143561133e-08 450
3.5 1.056496790269276e-12 3.693662097423584e-08 602
4 1.344874232073648e-12 4.873748838878774e-08 762
4.5 2.540880108150052e-12 9.480912909410358e-08 1142
5 2.981268840433204e-12 1.145798863930562e-07 1250
5.5 3.664016833204492e-12 1.421920905096963e-07 1458
6 4.976549897013976e-12 2.165327410370361e-07 1814
6.5 6.924870240475067e-12 2.69057478003509e-07 2178
7 8.166229459355119e-12 3.201458540424456e-07 2498
7.5 9.327565240009309e-12 3.815993015612469e-07 2622
8 1.300613488409059e-11 4.828336845070214e-07 3338
8.5 1.534272789060353e-11 6.135415805567075e-07 3722
9 1.744778387009555e-11 7.096232092564466e-07 4170
9.5 1.979403591141396e-11 7.882999697475421e-07 4358
10 2.34949931454661e-11 9.406785967904144e-07 5034
10.5 2.82309903400594e-11 1.100635142425073e-06 5714
11 3.044431636581982e-11 1.249673581927207e-06 5982
11.5 3.740328405655652e-11 1.435868050466897e-06 6602
12 4.058230403846822e-11 1.613910711711143e-06 7130
12.5 4.705279389675198e-11 1.877685561020632e-06 8034
13 5.253503219758282e-11 2.095709484580806e-06 8606
13.5 5.729914904266075e-11 2.300352050848931e-06 9066
14 6.594436791821236e-11 2.618733953073831e-06 9962
14.5 7.351530422902497e-11 2.915639102395197e-06 10550
15 8.0497442916137e-11 3.134750394720435e-06 11226
15.5 8.876279786299389e-11 3.517749312315472e-06 12146
16 9.384561058211162e-11 3.713560188021033e-06 12303
16.5 9.603188811719219e-11 3.796668255311663e-06 12584
17 9.602441332354074e-11 3.841252602267173e-06 12120
17.5 9.217619639485059e-11 3.675306242613091e-06 11180
18 9.237277446128347e-11 3.78648448738866e-06 11096
18.5 8.726774317967491e-11 3.429490723434188e-06 10056
19 8.617888228995377e-11 3.426590511774789e-06 9716
19.5 7.97152884587002e-11 3.182440042725075e-06 8604
20 3.977284570187882e-11 1.486810555475424e-06 8060
20.5 6.044794918976088e-42 2.522994861243623e-37 7320
21 5.294925703416046e-42 2.108911564476893e-37 6356
21.5 4.442418919221636e-42 1.745710619778405e-37 5348
22 3.563885380054304e-42 1.419784904630858e-37 4308
22.5 2.721396236927137e-42 1.132667382338007e-37 3563
23 1.931922365378816e-42 7.504688036245585e-38 2448
23.5 1.421423589647399e-42 5.066664584581258e-38 1868
24 9.234878067361567e-43 3.672284203292591e-38 1358
24.5 7.754318495108817e-43 2.940729129498636e-38 1062
25 4.568968339954539e-43 1.967786768494809e-38 776
25.5 2.240045459835655e-43 8.894716030104802e-39 432
26 1.234465056093658e-43 4.464643594961461e-39 200
26.5 8.561972539673546e-44 3.667455381505533e-39 168
27 3.831733368682658e-44 1.046599444040614e-39 56
27.5 3.351472774422369e-45 1.785889387816641e-40 7

0.5 3.581230375726792e-15 6.225787264248374e-12 18
1 3.951693502973479e-14 4.409063250100822e-11 62
1.5 6.317361743323459e-14 2.513968642951636e-11 98
2 1.373460048485617e-13 5.65807046762287e-11 210
2.5 1.632619154028193e-13 7.609397017573498e-10 350
3 5.010570106404401e-14 3.904302302507413e-09 450
3.5 8.402378072259673e-14 1.257399758702991e-08 602
4 9.014118120492633e-13 2.653747901958195e-08 762
4.5 5.833837303973048e-12 6.986827086203332e-08 1142
5 1.578511175602194e-11 9.878302124992496e-08 1250
5.5 3.351703877298895e-11 1.222321834744023e-07 1458
6 7.402218592734206e-11 1.569941417867093e-07 1814
6.5 1.144558999646056e-10 1.29063581289089e-07 2178
7 1.442432074841949e-10 7.396862664141402e-08 2498
7.5 1.513516586106396e-10 1.986435878597215e-08 2622
8 1.367569930740108e-10 1.149589227741017e-08 3338
8.5 9.040594603062365e-11 9.104246741465001e-08 3722
9 3.204031911557544e-11 2.564156951434437e-07 4170
9.5 1.518380017643609e-11 4.487324511293119e-07 4358
10 6.566060074410126e-11 6.274626637430508e-07 5034
10.5 1.836527164303317e-10 7.156841366327592e-07 5714
11 3.118395490808398e-10 6.611928631824684e-07 5982
11.5 4.018865195849642e-10 5.375352962260088e-07 6602
12 4.022086153720442e-10 3.674477829345111e-07 7130
12.5 3.556560634744538e-10 2.708767303365748e-07 8034
13 2.730813814745653e-10 1.958882157957542e-07 8606
13.5 2.493407435623505e-10 1.649311823937488e-07 9066
14 3.01298946520417e-10 1.576977590684346e-07 9962
14.5 4.134971086914013e-10 1.337454133856234e-07 10550
15 5.060324415962481e-10 1.128579470253939e-07 11226
15.5 5.856270472382471e-10 1.129213985180897e-07 12146
16 5.807236768429222e-10 9.329443989724893e-08 12303
16.5 5.190601301118179e-10 8.960641495052036e-08 12584
17 4.755040424190571e-10 1.008279494379526e-07 12120
17.5 4.212860865311074e-10 9.695004458775787e-08 11180
18 3.524660680583935e-10 1.053156193019585e-07 11096
18.5 2.489271861356694e-10 1.081796739325734e-07 10056
19 2.12061937312491e-10 1.252356963769263e-07 9716
19.5 2.067866208905461e-10 1.360144057857318e-07 8604
20 9.666512126985917e-11 6.793694757372447e-08 8060
20.5 9.376507735909945e-15 7.264629377203636e-12 7320
21 7.563553010852166e-15 5.386340392662284e-12 6356
21.5 5.98607148521792e-15 4.107304297423911e-12 5348
22 4.762351103765608e-15 2.953927958849069e-12 4308
22.5 3.627570524114547e-15 2.360062721478999e-12 3563
23 2.119290828109768e-15 1.691022819854365e-12 2448
23.5 1.380120091435005e-15 1.318847834528399e-12 1868
24 8.274227755633631e-16 1.070910395034104e-12 1358
24.5 3.74247918035941e-16 8.814258362748179e-13 1062
25 2.511604728168515e-16 6.318681904161341e-13 776
25.5 1.662736568269786e-16 3.122056952379316e-13 432
26 9.193376389167048e-17 1.235251188547993e-13 200
26.5 8.108827419931311e-17 8.325238438583399e-14 168
27 2.93389445887991e-17 2.211139952973402e-14 56
27.5 4.421967012056943e-18 1.18256476174914e-15 7

0.5 1.670328637463742e-14 3.460115019729393e-12 18
1 1.666045527713816e-13 2.462346667199999e-11 62
1.5 1.858604663138885e-13 1.538606508198849e-11 98
2 1.699499142507049e-13 9.98309687931651e-12 210
2.5 1.082715409990606e-12 8.486390495496996e-11 350
3 1.289059273531563e-11 2.823470347519426e-10 450
3.5 6.862108077667584e-11 2.972693840309641e-10 602
4 2.100657772058054e-10 6.144026497378617e-11 762
4.5 7.521131983839945e-10 3.197553303083956e-09 1142
5 1.362832795852355e-09 1.921138973667816e-08 1250
5.5 2.023917578342766e-09 5.822455364541915e-08 1458
6 2.971184783055716e-09 1.468627422681843e-07 1814
6.5 2.679283599729391e-09 2.105693536990133e-07 2178
7 1.643032365163772e-09 1.927873219767618e-07 2498
7.5 5.119549144773884e-10 9.034564641901057e-08 2622
8 1.070603318413723e-10 2.383975918460805e-08 3338
8.5 6.201722689830525e-10 1.977635703557871e-07 3722
9 1.384402175632097e-09 6.752766857908002e-07 4170
9.5 1.543520979282045e-09 1.195327421846667e-06 4358
10 1.223311095763269e-09 1.496106483621915e-06 5034
10.5 6.430855191424456e-10 1.362135336377574e-06 5714
11 2.756787795034407e-10 9.239223308917658e-07 5982
11.5 1.407070637501407e-10 5.560682421741497e-07 6602
12 6.481032681712101e-11 3.11076047119344e-07 7130
12.5 3.249776757572908e-11 2.118063645481136e-07 8034
13 2.197260864961188e-11 1.326986231639445e-07 8606
13.5 2.29444104396869e-11 8.761709209625337e-08 9066
14 5.018961855898338e-11 8.703871096152955e-08 9962
14.5 1.132337099324688e-10 9.724407990689355e-08 10550
15 1.723197285673134e-10 9.48828862748983e-08 11226
15.5 2.001703633895778e-10 9.155841797242553e-08 12146
16 2.139189542320108e-10 8.08706079736674e-08 12303
16.5 2.174167244034512e-10 7.310523841442202e-08 12584
17 2.077725106669211e-10 6.872336504640728e-08 12120
17.5 1.886502695189631e-10 5.676538485339718e-08 11180
18 1.909372344856579e-10 4.795437919739656e-08 11096
18.5 2.20092139010364e-10 4.107822975276118e-08 10056
19 3.45726922915972e-10 3.765756707021503e-08 9716
19.5 4.177996179016546e-10 2.847338374753527e-08 8604
20 1.963943852575916e-10 1.179871682174625e-08 8060
20.5 3.407109501736638e-14 2.986702327092564e-12 7320
21 2.721970256552656e-14 2.241361704487413e-12 6356
21.5 2.070498236988683e-14 1.745946325577268e-12 5348
22 1.556493978266288e-14 1.286862770688994e-12 4308
22.5 1.058261103052874e-14 1.000549077529696e-12 3563
23 5.497758436610908e-15 6.619166064869884e-13 2448
23.5 2.853661499799483e-15 5.302473888098035e-13 1868
24 1.866285601449129e-15 3.862737109647585e-13 1358
24.5 1.20533683418344e-15 2.226751694432083e-13 1062
25 8.273035111938231e-16 1.47084447976601e-13 776
25.5 4.543301199796585e-16 7.194118619615229e-14 432
26 1.834102546636171e-16 2.917973427957617e-14 200
26.5 1.5023617901416e-16 2.935578846909119e-14 168
27 4.496895973386643e-17 9.390492901467076e-15 56
27.5 3.317603114490633e-18 1.975800717817073e-15 7

0.5 3.2481542065646e-13 1.763241502208671e-12 18
1 3.337685504836664e-12 1.399346908408134e-11 62
1.5 3.978953482510184e-12 1.536790317354271e-11 98
2 3.892329911370707e-12 1.425142711782486e-11 210
2.5 3.432586310670479e-11 9.83611044260916e-11 350
3 3.763826854689213e-10 8.310660270137657e-10 450
3.5 1.892157598722443e-09 3.356103352388943e-09 602
4 5.246911408271522e-09 7.272091401629321e-09 762
4.5 1.576292945207893e-08 1.638261760990349e-08 1142
5 2.134954074328878e-08 1.495362998979996e-08 1250
5.5 2.020388961813846e-08 8.165426657391254e-09 1458
6 1.360235252696552e-08 1.940497381385114e-09 1814
6.5 2.373853073213264e-09 1.033796580303005e-09 2178
7 1.327226872495515e-09 2.551590432921664e-09 2498
7.5 3.3707975970857e-09 1.358001962652146e-09 2622
8 1.791051879581181e-09 7.023387788101428e-10 3338
8.5 2.087610181706285e-08 5.508350211613968e-09 3722
9 8.356492519890834e-08 6.522615343631726e-08 4170
9.5 1.510962452695693e-07 2.816874578535663e-07 4358
10 1.73843955188988e-07 6.311703434430225e-07 5034
10.5 1.354590149051887e-07 8.837412701017075e-07 5714
11 7.833054382134146e-08 7.758511673441902e-07 5982
11.5 4.285455499029349e-08 5.25611659285576e-07 6602
12 2.105021066592678e-08 3.294981195019283e-07 7130
12.5 1.128864596377689e-08 2.628301665972371e-07 8034
13 5.713558268006081e-09 1.83208186163015e-07 8606
13.5 3.029128513553523e-09 1.305644503031789e-07 9066
14 3.147941527020208e-09 1.197785760207379e-07 9962
14.5 3.787584723169914e-09 1.159471012065356e-07 10550
15 3.918909921436687e-09 1.015257398991271e-07 11226
15.5 3.847059103265621e-09 9.057065368686126e-08 12146
16 3.29255211008782e-09 6.832083335637058e-08 12303
16.5 2.99838970877552e-09 5.204216592039598e-08 12584
17 2.94703097907912e-09 4.233022060329855e-08 12120
17.5 2.301497159968663e-09 2.218254843708595e-08 11180
18 1.455449668566339e-09 7.632123276905943e-09 11096
18.5 1.110027741178598e-09 3.807437282323738e-09 10056
19 1.096920132083901e-09 3.040893186331213e-09 9716
19.5 9.752001689652265e-10 2.933136786232191e-09 8604
20 4.039751312953371e-10 1.517828205894106e-09 8060
20.5 2.699063643106433e-11 1.212159492113104e-11 7320
21 2.069480969206196e-11 1.163020512884192e-11 6356
21.5 1.606931122142225e-11 1.043238914411814e-11 5348
22 1.157746270125245e-11 9.689508285136445e-12 4308
22.5 8.409196398484994e-12 9.006543556572165e-12 3563
23 4.720075937856415e-12 7.336394928566995e-12 2448
23.5 3.1173015418907e-12 6.196845498530415e-12 1868
24 2.110422078037798e-12 4.387183116705352e-12 1358
24.5 1.410045107568113e-12 3.749851001505395e-12 1062
25 8.701732887172171e-13 2.578804216468023e-12 776
25.5 4.280290482890262e-13 1.362611332162393e-12 432
26 1.879417522404676e-13 6.295388363020325e-13 200
26.5 1.247093344115302e-13 5.3261860280487e-13 168
27 5.726208743235188e-14 2.469066348445843e-13 56
27.5 2.88601219814705e-15 1.957452080227825e-14 7

0.5 1.888122952625578e-13 2.035566693446801e-11 18
1 1.638044459325571e-12 1.610696512864627e-10 62
1.5 2.158859906851938e-12 3.68071842887303e-10 98
2 2.24996978419558e-12 1.234357774944444e-09 210
2.5 1.760231436763817e-11 2.620831624083938e-09 350
3 1.73527573941847e-10 5.85362459160856e-09 450
3.5 8.240415918779254e-10 2.443829522645312e-08 602
4 2.087123551973546e-09 1.010989555871449e-07 762
4.5 5.465302761376825e-09 4.288007225627221e-07 1142
5 5.993059220374812e-09 7.698053099273629e-07 1250
5.5 4.213832368486708e-09 8.409066988546143e-07 1458
6 1.758205999450008e-09 5.746013440619056e-07 1814
6.5 1.614358574274388e-10 1.023884178436298e-07 2178
7 2.473963363658655e-10 1.557912249789659e-07 2498
7.5 1.932131157900078e-10 2.341511335558007e-07 2622
8 7.033314584552772e-11 1.409638761443104e-07 3338
8.5 2.52214837777297e-10 1.795108242493224e-07 3722
9 2.361355662661427e-09 6.784219380053582e-07 4170
9.5 6.774655779814031e-09 5.410899741116366e-06 4358
10 8.79069945063397e-09 1.642185802879153e-05 5034
10.5 6.408770373642503e-09 2.577145061390325e-05 5714
11 3.257993838448362e-09 2.299894414417044e-05 5982
11.5 1.774912579060408e-09 1.55613491035712e-05 6602
12 8.674919198957073e-10 9.604544223708262e-06 7130
12.5 6.709289125313192e-10 7.019354851965667e-06 8034
13 5.220064391520879e-10 4.438997261009626e-06 8606
13.5 4.056358529419974e-10 2.606376328550128e-06 9066
14 3.889925797559425e-10 1.762735666239628e-06 9962
14.5 4.789966247973919e-10 1.226212874884234e-06 10550
15 5.069973054996072e-10 1.004511175409236e-06 11226
15.5 6.763785370484245e-10 9.396480079567982e-07 12146
16 8.214335357975685e-10 6.261745522252179e-07 12303
16.5 8.028159219560439e-10 3.845512593716148e-07 12584
17 8.417582509468407e-10 3.04544237206498e-07 12120
17.5 8.935002647215406e-10 2.808943322461097e-07 11180
18 1.005715367164559e-09 2.061597881068779e-07 11096
18.5 1.097104092967932e-09 1.381743768863687e-07 10056
19 1.178389126058881e-09 8.651245956020569e-08 9716
19.5 1.072000925131491e-09 4.77570857426208e-08 8604
20 4.463867040768649e-10 1.593440900706056e-08 8060
20.5 2.554160709793107e-11 1.469191057847109e-09 7320
21 1.717718792521271e-11 9.339507843425971e-10 6356
21.5 1.189392982899034e-11 6.270989118907059e-10 5348
22 7.239592529658915e-12 3.627346041121121e-10 4308
22.5 4.23621338893797e-12 2.11455261990865e-10 3563
23 1.51033472427185e-12 8.128058422848372e-11 2448
23.5 8.259849712518031e-13 4.846253708786672e-11 1868
24 4.234918181060922e-13 3.131091276114644e-11 1358
24.5 2.487554415391065e-13 2.153509115084468e-11 1062
25 1.520236306965852e-13 1.452338136232149e-11 776
25.5 8.617086636074582e-14 7.023550979474151e-12 432
26 3.715945803755196e-14 2.636584785201646e-12 200
26.5 3.461500866929215e-14 2.300503047166788e-12 168
27 1.100447667641333e-14 4.251798727032818e-13 56
27.5 6.580759827854753e-16 1.089143780435555e-13 7

0.5 8.296499259121022e-13 1.123599315027179e-11 18
1 5.586263256471425e-12 1.021874349771593e-10 62
1.5 9.936527050106886e-12 2.291018056132456e-10 98
2 1.780763835293836e-11 5.911472827071838e-10 210
2.5 8.193152671095562e-11 1.634316698621596e-09 350
3 5.532682340205407e-10 3.848395721289225e-09 450
3.5 2.882329258827006e-09 6.386106239536609e-09 602
4 7.18732256413214e-09 5.214448274004021e-09 762
4.5 1.772002327171203e-08 1.632006181702093e-08 1142
5 1.619078724020365e-08 7.122602445317822e-08 1250
5.5 8.424333458624977e-09 1.263081390630454e-07 1458
6 2.507069874804792e-09 1.142771353035984e-07 1814
6.5 1.222188433464297e-09 2.395961486899903e-08 2178
7 1.571844891777269e-09 3.744835331331608e-08 2498
7.5 2.361416685624141e-09 4.520897155096478e-08 2622
8 2.998677678192505e-09 2.308510785867918e-08 3338
8.5 4.043134211531363e-09 2.84397781433548e-08 3722
9 1.094293897851605e-08 1.04862471482848e-07 4170
9.5 8.327991792875657e-08 2.244707322056069e-07 4358
10 2.461425743600032e-07 2.021261528330736e-07 5034
10.5 3.498008050816021e-07 3.453156393223026e-07 5714
11 2.770679074657948e-07 5.44648672058057e-07 5982
11.5 1.780602740742656e-07 4.684434034088128e-07 6602
12 1.05831803169657e-07 3.423877090853481e-07 7130
12.5 6.892508290861404e-08 3.425726416431609e-07 8034
13 4.098143369326385e-08 2.628681938705362e-07 8606
13.5 2.24364444555677e-08 1.979133556579865e-07 9066
14 1.601506674627757e-08 1.565856692537717e-07 9962
14.5 1.405339205911924e-08 1.290176647057981e-07 10550
15 1.435869688781606e-08 1.156427933264274e-07 11226
15.5 1.747028896362323e-08 1.540578054203824e-07 12146
16 1.818336231470345e-08 1.892630203657097e-07 12303
16.5 1.791045401947393e-08 1.991449645872211e-07 12584
17 1.925863381275934e-08 2.33504472948396e-07 12120
17.5 1.958052500853865e-08 2.699246381538472e-07 11180
18 1.87315002911343e-08 3.495091464112963e-07 11096
18.5 1.546336647087869e-08 4.181609021795903e-07 10056
19 1.113981584482324e-08 4.44892319453186e-07 9716
19.5 7.305736196057551e-09 4.052882491273624e-07 8604
20 2.839794637425705e-09 1.808574715538928e-07 8060
20.5 5.084436687654296e-10 2.471119999377549e-08 7320
21 3.335075963167904e-10 1.79714745729259e-08 6356
21.5 2.282445542140441e-10 1.264311952585793e-08 5348
22 1.365315592606991e-10 8.677818710550447e-09 4308
22.5 8.235189475960153e-11 5.432845929408959e-09 3563
23 2.589379645832339e-11 2.283382769948146e-09 2448
23.5 1.358505972090228e-11 1.321463550650563e-09 1868
24 6.35262663359922e-12 7.174257171167155e-10 1358
24.5 3.50406907370651e-12 5.697590371741468e-10 1062
25 2.433022864427149e-12 3.979495557076456e-10 776
25.5 1.062431165584055e-12 2.597565687260639e-10 432
26 4.352733797390135e-13 1.323881466460205e-10 200
26.5 4.182467013902389e-13 1.237999059827211e-10 168
27 1.635016950905405e-13 4.769199002553268e-11 56
27.5 7.373621031256879e-15 1.114651823617061e-12 7

0.5 1.364655266024077e-11 1.456759656994232e-10 18
1 8.043195075890895e-11 1.331080938144668e-09 62
1.5 3.152927250797013e-10 2.474460370063287e-09 98
2 8.049301198074003e-10 8.026031329808352e-09 210
2.5 2.140928341259874e-09 1.743837257618923e-08 350
3 5.544334831197667e-09 3.503194740286052e-08 450
3.5 1.144682450448945e-08 7.434257237684665e-08 602
4 1.311227926834296e-08 8.994810745276028e-08 762
4.5 1.524730119524614e-08 1.069085633880812e-07 1142
5 2.700135114148118e-08 9.92446064532323e-08 1250
5.5 5.823794719222726e-08 1.511335500262666e-07 1458
6 7.100544567321562e-08 1.865413146627876e-07 1814
6.5 3.190086672719538e-08 2.031234552171618e-07 2178
7 4.588838313939141e-08 2.558007226377194e-07 2498
7.5 5.222579389502894e-08 3.070534203874377e-07 2622
8 5.653268879457184e-08 4.286096135384547e-07 3338
8.5 7.408278471745717e-08 5.344143296868104e-07 3722
9 1.013933473416956e-07 7.044273375223537e-07 4170
9.5 1.825602450452923e-07 9.382568117186646e-07 4358
10 7.707441635117541e-07 2.490237536113024e-06 5034
10.5 1.709084422520629e-06 5.980786842940802e-06 5714
11 1.765787041219728e-06 7.237821488588652e-06 5982
11.5 1.234221839555507e-06 5.974960623647477e-06 6602
12 8.041597084375375e-07 4.551399935817508e-06 7130
12.5 6.045785908818107e-07 4.166127023306554e-06 8034
13 3.920996347596914e-07 3.456534784864716e-06 8606
13.5 2.390218410245427e-07 2.968807979891066e-06 9066
14 1.672970231105427e-07 3.031666266325928e-06 9962
14.5 1.236668277074239e-07 3.537976097275627e-06 10550
15 1.080177128714813e-07 4.082645834074561e-06 11226
15.5 1.106156018294839e-07 5.271222640761847e-06 12146
16 8.575015010897048e-08 5.93978441067523e-06 12303
16.5 7.014014339218721e-08 5.963952660252148e-06 12584
17 6.610729349112683e-08 6.324004496412996e-06 12120
17.5 6.059469281427383e-08 6.479023343350648e-06 11180
18 4.821139627451795e-08 6.157415284504426e-06 11096
18.5 3.271383359662625e-08 4.88534010839744e-06 10056
19 2.068865484279462e-08 3.523567170418644e-06 9716
19.5 1.24458264788459e-08 2.15074708115347e-06 8604
20 8.202644088240229e-09 1.298828935393619e-06 8060
20.5 6.574429603875795e-09 9.302479749080915e-07 7320
21 5.579150311130139e-09 7.511415090153043e-07 6356
21.5 4.576641286273834e-09 6.077204295009539e-07 5348
22 3.701476693614998e-09 4.695664248081021e-07 4308
22.5 2.946840740931216e-09 3.617440245947291e-07 3563
23 1.918887981131706e-09 2.306791060071593e-07 2448
23.5 1.495685425600563e-09 1.752408486648415e-07 1868
24 9.749248139159122e-10 1.113657984857223e-07 1358
24.5 7.914281476659299e-10 8.184024387166971e-08 1062
25 5.230352036784321e-10 5.859898322389444e-08 776
25.5 3.111516725714492e-10 3.003783524694955e-08 432
26 1.555732556963439e-10 1.496155692727215e-08 200
26.5 1.040635956200855e-10 1.030283818287798e-08 168
27 3.377068552856939e-11 3.104822343712543e-09 56
27.5 3.478257824981952e-12 2.419716743269498e-10 7

0.5 6.939616277467524e-10 2.201232131118206e-09 18
1 5.863571257933887e-09 1.180354923787282e-08 62
1.5 1.093704699862852e-08 2.638526652151646e-08 98
2 2.890413301688926e-08 6.631125932954949e-08 210
2.5 6.806128362145758e-08 1.59833321612362e-07 350
3 1.028386963835275e-07 2.677343298584122e-07 450
3.5 1.735246911830264e-07 4.418582098596844e-07 602
4 2.3860188435052e-07 5.682447976240634e-07 762
4.5 3.865117107870977e-07 9.813364978436651e-07 1142
5 4.518991042200919e-07 1.148308840143452e-06 1250
5.5 5.550635206376534e-07 1.471416844788402e-06 1458
6 7.418774191797107e-07 2.051485360446263e-06 1814
6.5 9.226093222096385e-07 2.415157404667066e-06 2178
7 1.103374768082162e-06 2.892647206453217e-06 2498
7.5 1.338912374721274e-06 3.522253893428841e-06 2622
8 1.623220654209416e-06 4.399308039960097e-06 3338
8.5 1.916543431886186e-06 5.267675070239577e-06 3722
9 2.124569106352014e-06 6.188556886492396e-06 4170
9.5 2.462625447139095e-06 6.614104430452518e-06 4358
10 3.082094621945132e-06 8.1470769502796e-06 5034
10.5 3.870139075122135e-06 9.818643357645192e-06 5714
11 4.07332391168234e-06 1.048821854014715e-05 5982
11.5 4.371134098038721e-06 1.222725653004168e-05 6602
12 4.408847425381942e-06 1.326438187351484e-05 7130
12.5 5.084586753979211e-06 1.556303554932367e-05 8034
13 5.476814068194548e-06 1.66345194447872e-05 8606
13.5 5.712567115456328e-06 1.828457508945607e-05 9066
14 6.325252788286182e-06 2.070199371598034e-05 9962
14.5 6.831720040194973e-06 2.240509049505169e-05 10550
15 7.492150321722007e-06 2.451028674647284e-05 11226
15.5 8.123963890118651e-06 2.716114527330418e-05 12146
16 8.281529577372664e-06 2.820717445734349e-05 12303
16.5 8.390789079585824e-06 2.977067981340395e-05 12584
17 8.153276926494475e-06 2.943681307267266e-05 12120
17.5 7.713582810082042e-06 2.762464330438317e-05 11180
18 7.653673739317973e-06 2.838837111161526e-05 11096
18.5 6.94617332741727e-06 2.567453226225462e-05 10056
19 6.757262016060918e-06 2.56466838182638e-05 9716
19.5 5.926138621706437e-06 2.335854290847048e-05 8604
20 5.681102924548327e-06 2.206369501599335e-05 8060
20.5 5.181344159443612e-06 2.047540941543861e-05 7320
21 4.457572521305441e-06 1.859523854680374e-05 6356
21.5 3.760851199402116e-06 1.551106239700006e-05 5348
22 3.075212221067712e-06 1.222792382031247e-05 4308
22.5 2.471195212311699e-06 1.06139239419059e-05 3563
23 1.813828902972968e-06 7.718588032342338e-06 2448
23.5 1.285387222789886e-06 5.641694049637857e-06 1868
24 1.00518059197321e-06 4.258875300542733e-06 1358
24.5 6.997493024750591e-07 3.486213926470436e-06 1062
25 5.843456514873415e-07 2.734903220820566e-06 776
25.5 3.206391488823396e-07 1.57531110793812e-06 432
26 1.531031539608776e-07 6.62211300797263e-07 200
26.5 1.127912158576035e-07 5.281271165586015e-07 168
27 3.273228399705801e-08 1.598566868946065e-07 56
27.5 5.623102933451965e-09 1.743548965021835e-08 7

0.5 1.488790347291996e-09 6.390017899222068e-09 18
1 7.313766018805468e-09 3.371224104542707e-08 62
1.5 1.578769061973041e-08 8.002944215705888e-08 98
2 3.805963915568473e-08 2.698453695743917e-07 210
2.5 9.062599603594169e-08 5.358210928824052e-07 350
3 1.32256636680648e-07 7.094530968507486e-07 450
3.5 2.044098906359141e-07 1.133536697303483e-06 602
4 3.141937231132053e-07 1.578889858997669e-06 762
4.5 4.650292894781715e-07 2.670856660077611e-06 1142
5 5.534395299442304e-07 3.452394584376463e-06 1250
5.5 7.483066402289616e-07 4.517456352630527e-06 1458
6 9.563107407325218e-07 5.659813926047723e-06 1814
6.5 1.172961934196923e-06 6.965628350932275e-06 2178
7 1.505698968128313e-06 8.536251055966471e-06 2498
7.5 1.63126602379142e-06 9.421766005730167e-06 2622
8 2.20900938800402e-06 1.272973299752029e-05 3338
8.5 2.3821406517187e-06 1.462895638569418e-05 3722
9 2.700030251225334e-06 1.709144134710966e-05 4170
9.5 3.126007322601377e-06 1.930105953609176e-05 4358
10 3.538382530214344e-06 2.290479902259297e-05 5034
10.5 4.0863730774802e-06 2.597827764939489e-05 5714
11 4.382168445052448e-06 2.869969728372498e-05 5982
11.5 4.828648778527414e-06 3.248158183994035e-05 6602
12 5.117001525893703e-06 3.726354410137889e-05 7130
12.5 5.993869120566259e-06 4.176063945728825e-05 8034
13 6.583552551935894e-06 4.532827070162282e-05 8606
13.5 6.953372174653223e-06 4.919413002414229e-05 9066
14 7.78909120455265e-06 5.465716195027912e-05 9962
14.5 8.128186231649558e-06 6.075981165377599e-05 10550
15 8.947229108978807e-06 6.586003725330704e-05 11226
15.5 9.628416259203982e-06 7.14634096436131e-05 12146
16 9.929618287019753e-06 7.540596554982279e-05 12303
16.5 9.9978402471482e-06 7.777036717380096e-05 12584
17 1.002881294332674e-05 7.556446220216451e-05 12120
17.5 8.705294163252175e-06 7.152349637840203e-05 11180
18 8.745492499843403e-06 6.884794412039353e-05 11096
18.5 7.892822582631555e-06 6.371813783780438e-05 10056
19 7.775044904374655e-06 6.229819088454498e-05 9716
19.5 6.744858877633106e-06 5.648295178997566e-05 8604
20 6.355216139868321e-06 5.408659845292581e-05 8060
20.5 5.587739727448897e-06 4.891182322411413e-05 7320
21 5.148785191392763e-06 4.172613988508319e-05 6356
21.5 4.216923379125143e-06 3.710087696705132e-05 5348
22 3.425031225148866e-06 2.865567433869278e-05 4308
22.5 2.911451341155645e-06 2.423133853599734e-05 3563
23 1.801149307004601e-06 1.653507288244667e-05 2448
23.5 1.456747583144209e-06 1.389172341220704e-05 1868
24 1.054379849164002e-06 9.236306145037097e-06 1358
24.5 8.29080828486899e-07 7.583337217664673e-06 1062
25 6.047903293898242e-07 5.369391315227753e-06 776
25.5 3.460076652113438e-07 3.432667155029517e-06 432
26 1.59209385081252e-07 1.50385636907744e-06 200
26.5 1.107147543041847e-07 1.161777031542295e-06 168
27 5.135303378118362e-08 4.183391084486619e-07 56
27.5 4.420124111337493e-09 8.115522243958609e-09 7

0.5 8.554958947896871e-09 9.812010577945397e-09 18
1 3.113262757498309e-08 4.439564808362209e-08 62
1.5 7.875195068219346e-08 8.810007913207694e-08 98
2 1.843693606966474e-07 2.856362267752344e-07 210
2.5 4.465158202613927e-07 5.910404770886667e-07 350
3 5.508920849093516e-07 9.307416760565402e-07 450
3.5 7.153004476456585e-07 1.269101986711301e-06 602
4 1.156967283942267e-06 2.105474240459613e-06 762
4.5 1.702888020045088e-06 3.270989169514961e-06 1142
5 1.815673696989173e-06 3.765276201241826e-06 1250
5.5 2.135658825840836e-06 4.833152661104586e-06 1458
6 2.632033193454817e-06 6.292764127445146e-06 1814
6.5 3.042763085462333e-06 7.668254178677993e-06 2178
7 3.319515516799889e-06 9.29355306768677e-06 2498
7.5 3.464477622066439e-06 1.078294174416894e-05 2622
8 4.579584869295051e-06 1.35367374594378e-05 3338
8.5 4.859097247464847e-06 1.565009450066691e-05 3722
9 5.299358313262021e-06 1.784577317200273e-05 4170
9.5 5.753141783457952e-06 2.007673011038853e-05 4358
10 6.591336582397152e-06 2.283991494571085e-05 5034
10.5 7.353802156005821e-06 2.673789925344291e-05 5714
11 8.05270956913142e-06 2.889174030303566e-05 5982
11.5 8.650295901757292e-06 3.386186637164057e-05 6602
12 9.734920698086722e-06 3.535786640838458e-05 7130
12.5 1.118548216362373e-05 4.234363476409325e-05 8034
13 1.187373026115783e-05 4.684189133338626e-05 8606
13.5 1.247939751607778e-05 4.942038780921344e-05 9066
14 1.406158623627646e-05 5.579993537930218e-05 9962
14.5 1.474452966270294e-05 5.929406234252373e-05 10550
15 1.59267576948142e-05 6.49786593472925e-05 11226
15.5 1.743398672891177e-05 7.316443266324633e-05 12146
16 1.80915156549144e-05 7.443303916811426e-05 12303
16.5 1.842379869305811e-05 7.701014561047162e-05 12584
17 1.740825232665889e-05 7.524471229236803e-05 12120
17.5 1.608654157989418e-05 6.939858959250319e-05 11180
18 1.597019561414985e-05 7.199872673840745e-05 11096
18.5 1.422396669155757e-05 6.550578230394518e-05 10056
19 1.394761359869363e-05 6.405750509328893e-05 9716
19.5 1.188967171588689e-05 5.860966288242015e-05 8604
20 1.140069058170882e-05 5.628035395211944e-05 8060
20.5 1.014473194356181e-05 4.964389729581459e-05 7320
21 8.776048589310971e-06 4.38187917620879e-05 6356
21.5 7.573006657007298e-06 3.842538498454092e-05 5348
22 5.855661026381627e-06 3.104901907266082e-05 4308
22.5 4.885933889467825e-06 2.714693902223203e-05 3563
23 3.296125796723187e-06 1.842556302266125e-05 2448
23.5 2.432423968281068e-06 1.436219596817452e-05 1868
24 1.723722857589354e-06 1.030440568553495e-05 1358
24.5 1.385653669560758e-06 8.772808444953089e-06 1062
25 1.05618465269866e-06 6.183164449958485e-06 776
25.5 6.277775240662598e-07 3.548660423576378e-06 432
26 2.495869340717445e-07 1.670372415174108e-06 200
26.5 2.43204690921975e-07 1.421357741968966e-06 168
27 5.808690121481423e-08 3.892372450913846e-07 56
27.5 1.761687546940539e-09 1.329743047621843e-07 7

0.5 5.903691478588177e-09 2.564188081046373e-09 18
1 3.456302240190063e-08 3.441662554059323e-08 62
1.5 9.165220226709045e-08 7.891092260769888e-08 98
2 2.787466959814196e-07 2.650150908377661e-07 210
2.5 5.077488939910362e-07 4.695236096030155e-07 350
3 8.630832291794641e-07 7.219902861429365e-07 450
3.5 1.170324949099133e-06 1.102150742633606e-06 602
4 1.597267616722563e-06 1.655666413727129e-06 762
4.5 2.689648116015514e-06 2.594503558449572e-06 1142
5 2.875021905989744e-06 3.247951929931228e-06 1250
5.5 3.42972634578698e-06 4.134169142117338e-06 1458
6 4.422594423660868e-06 5.171350280078298e-06 1814
6.5 5.590919264760602e-06 6.572089593518957e-06 2178
7 6.320324008388138e-06 8.455464835883583e-06 2498
7.5 6.640541399104472e-06 8.788933459889451e-06 2622
8 8.218931328778635e-06 1.149791980303723e-05 3338
8.5 8.765555903092095e-06 1.303320757821462e-05 3722
9 9.129986001853756e-06 1.525952140029423e-05 4170
9.5 9.573376199167288e-06 1.737022997349791e-05 4358
10 1.088883612766422e-05 2.070336143230155e-05 5034
10.5 1.192526698907927e-05 2.432006730679935e-05 5714
11 1.253540603902301e-05 2.660759695237618e-05 5982
11.5 1.425305329687465e-05 2.937054845267193e-05 6602
12 1.463741617808216e-05 3.281925693949211e-05 7130
12.5 1.69252772928237e-05 3.715114604940457e-05 8034
13 1.770176398227057e-05 4.13945985496927e-05 8606
13.5 1.937525105763134e-05 4.533859377130174e-05 9066
14 2.033228994767107e-05 5.128667098491449e-05 9962
14.5 2.25477466078211e-05 5.429293553082444e-05 10550
15 2.385152031224885e-05 6.014152120931763e-05 11226
15.5 2.534307720977342e-05 6.745406543460952e-05 12146
16 2.570212627284528e-05 6.935792118690706e-05 12303
16.5 2.645995986138354e-05 7.165822668551831e-05 12584
17 2.617922419577743e-05 7.187360650839576e-05 12120
17.5 2.313090856255234e-05 6.555097879724857e-05 11180
18 2.293301678090298e-05 6.85275493504328e-05 11096
18.5 2.016291741513472e-05 6.380621367351902e-05 10056
19 2.01476089943185e-05 6.272704180817694e-05 9716
19.5 1.734123461305731e-05 5.488779868123163e-05 8604
20 1.610492840813698e-05 5.375081454118808e-05 8060
20.5 1.459564243215061e-05 4.942411325629453e-05 7320
21 1.256825952850734e-05 4.261819527144446e-05 6356
21.5 1.094318345250756e-05 3.621578868316269e-05 5348
22 8.507445592619142e-06 3.053957284474201e-05 4308
22.5 7.126168612349746e-06 2.497980084836937e-05 3563
23 4.877786766382719e-06 1.738314652080755e-05 2448
23.5 3.602007589956784e-06 1.335613511761441e-05 1868
24 2.512472281858679e-06 1.008067966820964e-05 1358
24.5 1.926989594093989e-06 7.781848717570687e-06 1062
25 1.544748499516772e-06 6.529610147397562e-06 776
25.5 7.99174748562486e-07 3.143997468508105e-06 432
26 3.273701764015506e-07 1.504685527173209e-06 200
26.5 3.046541759782642e-07 1.35680447958444e-06 168
27 9.060132823689363e-08 3.883249518085758e-07 56
27.5 9.73541235573804e-09 4.102304624689059e-08 7

0.5 4.367772001448163e-09 2.642143388620475e-09 18
1 5.23847988674569e-08 2.260210624105273e-08 62
1.5 7.972326693386483e-08 4.958173220761168e-08 98
2 2.99351481335353e-07 1.790808139463794e-07 210
2.5 4.911995882049906e-07 3.367673062922032e-07 350
3 7.428759442949389e-07 5.596112216609656e-07 450
3.5 1.060837390691353e-06 9.008757263232032e-07 602
4 1.537939784505778e-06 1.296809815327977e-06 762
4.5 2.553662879885706e-06 2.374656736423658e-06 1142
5 3.029110762455257e-06 2.438986328599528e-06 1250
5.5 3.539915182951307e-06 3.214849563307608e-06 1458
6 4.225958781553302e-06 4.461464133040171e-06 1814
6.5 5.632847446886868e-06 5.767239418070285e-06 2178
7 6.256550335018695e-06 7.066365917940847e-06 2498
7.5 6.553411800231449e-06 7.384456387978546e-06 2622
8 8.747269837473779e-06 9.827869243063641e-06 3338
8.5 9.30033452839233e-06 1.16328209877968e-05 3722
9 1.046179461465582e-05 1.397772706253833e-05 4170
9.5 1.082122620037796e-05 1.566983498519402e-05 4358
10 1.277319627003345e-05 1.733737475755484e-05 5034
10.5 1.371104087995149e-05 2.200126415954344e-05 5714
11 1.463978505706669e-05 2.263879186606804e-05 5982
11.5 1.651098622726534e-05 2.540028105827779e-05 6602
12 1.76853349331799e-05 2.956328926382635e-05 7130
12.5 1.942287953587914e-05 3.410630322070536e-05 8034
13 2.097689807812888e-05 3.73511983587783e-05 8606
13.5 2.248465204606957e-05 4.103313239429724e-05 9066
14 2.420935807322933e-05 4.632495797383506e-05 9962
14.5 2.571808641554563e-05 5.164021861608313e-05 10550
15 2.713286336718258e-05 5.459615184967065e-05 11226
15.5 2.995285130990702e-05 6.343772143085312e-05 12146
16 3.046587765017625e-05 6.295499120877822e-05 12303
16.5 3.119165051516674e-05 6.700957201533867e-05 12584
17 2.902351308594277e-05 6.749404575575124e-05 12120
17.5 2.76182877833465e-05 6.304830159704055e-05 11180
18 2.611444543414576e-05 6.270818692139959e-05 11096
18.5 2.433090456762907e-05 5.863461461954567e-05 10056
19 2.243064446948479e-05 5.714571788099013e-05 9716
19.5 2.076981820774093e-05 5.252810597384131e-05 8604
20 1.89346148950134e-05 5.043249422452675e-05 8060
20.5 1.743901923788552e-05 4.537827171573694e-05 7320
21 1.519815726700817e-05 4.11184836880913e-05 6356
21.5 1.267116236900343e-05 3.703991824196766e-05 5348
22 9.849354203090046e-06 2.877106123924722e-05 4308
22.5 8.164359903838602e-06 2.43619874926134e-05 3563
23 5.447720086045692e-06 1.641824766301753e-05 2448
23.5 3.99127823598413e-06 1.354733503292401e-05 1868
24 3.099880385101972e-06 1.067172733244251e-05 1358
24.5 2.358022080632579e-06 7.868679689653059e-06 1062
25 1.720081119254223e-06 5.916261102556017e-06 776
25.5 8.994057062497106e-07 3.232356237733541e-06 432
26 4.503035290221483e-07 1.565057575183294e-06 200
26.5 4.550646254631031e-07 1.385428176805157e-06 168
27 1.224394126045939e-07 4.804767202156684e-07 56
27.5 2.282326748210621e-08 6.997845578525657e-08 7

0.5 2.542951970982617e-09 3.148470604601546e-09 18
1 3.582266151160683e-08 2.959817049068293e-08 62
1.5 6.923826532563032e-08 5.052762760549439e-08 98
2 2.243395409772594e-07 1.632265514926759e-07 210
2.5 4.495907355891536e-07 2.604664327566586e-07 350
3 6.924936908959744e-07 4.351013905961818e-07 450
3.5 1.068125181567672e-06 6.469389997502407e-07 602
4 1.30660028998975e-06 9.400654448037679e-07 762
4.5 2.436174217459369e-06 1.777692065769388e-06 1142
5 2.578779252640287e-06 1.875750959376539e-06 1250
5.5 3.300919180055731e-06 2.662357576150528e-06 1458
6 4.390414572290032e-06 3.39433811753941e-06 1814
6.5 5.026986501247609e-06 4.748260213582027e-06 2178
7 5.79695298488614e-06 5.536209162892816e-06 2498
7.5 6.193577686673878e-06 6.303753355358947e-06 2622
8 8.135539754455106e-06 8.606242291709196e-06 3338
8.5 9.119481491070749e-06 1.021659700141966e-05 3722
9 1.020779166571413e-05 1.147856787821404e-05 4170
9.5 1.093265023199929e-05 1.281725067476044e-05 4358
10 1.243083544323003e-05 1.563726159763893e-05 5034
10.5 1.33336126334052e-05 1.823958372382819e-05 5714
11 1.475785831398755e-05 1.984172088130331e-05 5982
11.5 1.596148472385334e-05 2.219413522551823e-05 6602
12 1.782158926720503e-05 2.57373430600799e-05 7130
12.5 1.968314005937023e-05 2.974102446046926e-05 8034
13 2.09518029914239e-05 3.338782413012373e-05 8606
13.5 2.256804730377608e-05 3.585367114960631e-05 9066
14 2.51799547454243e-05 4.159339575505352e-05 9962
14.5 2.647643025124833e-05 4.356685242419167e-05 10550
15 2.752641336546396e-05 4.854198823229968e-05 11226
15.5 3.112068789215956e-05 5.428600453242653e-05 12146
16 3.105712491799485e-05 5.786658728473007e-05 12303
16.5 3.203813825788578e-05 6.095741326165779e-05 12584
17 2.994893418562203e-05 5.906313728417847e-05 12120
17.5 2.792429233933907e-05 5.560139297865703e-05 11180
18 2.709256883538001e-05 5.770226110011668e-05 11096
18.5 2.464816110627261e-05 5.146461518028605e-05 10056
19 2.305083624277702e-05 5.313855535947617e-05 9716
19.5 1.999325880585349e-05 4.61340843872002e-05 8604
20 1.910411526602825e-05 4.523186804343001e-05 8060
20.5 1.761863995776402e-05 4.306683807276951e-05 7320
21 1.518065419826879e-05 3.747798999199521e-05 6356
21.5 1.279189001209973e-05 3.178544429924639e-05 5348
22 1.024041186086233e-05 2.674200483383161e-05 4308
22.5 8.274659240569077e-06 2.252697438193408e-05 3563
23 5.820957659208924e-06 1.632904897153708e-05 2448
23.5 4.186961805016311e-06 1.212378218800534e-05 1868
24 3.101305310951073e-06 9.177561421408585e-06 1358
24.5 2.511798931948692e-06 7.205723682027767e-06 1062
25 2.049728153875095e-06 5.575116436109532e-06 776
25.5 1.115736167906994e-06 3.135393651096059e-06 432
26 4.916133142001842e-07 1.190822520313821e-06 200
26.5 5.27289430493696e-07 1.242283147098066e-06 168
27 1.418024181345309e-07 4.688386932754108e-07 56
27.5 1.794411063659507e-08 7.672271720290359e-08 7

0.5 4.66052812982167e-09 3.552179356430037e-09 18
1 3.65494781844468e-08 1.724123505247325e-08 62
1.5 7.736052071528057e-08 3.810338874138458e-08 98
2 1.861348454655278e-07 1.003136685900903e-07 210
2.5 4.467083932933633e-07 2.183735195397168e-07 350
3 6.122465157891583e-07 3.846845852858867e-07 450
3.5 1.034494751756104e-06 6.051176644739454e-07 602
4 1.22840159837932e-06 7.375258345717838e-07 762
4.5 2.254320198604074e-06 1.377095233119704e-06 1142
5 2.298302502287282e-06 1.575744188294769e-06 1250
5.5 2.879540058797849e-06 2.15051829373191e-06 1458
6 3.878357284469557e-06 2.933560178338331e-06 1814
6.5 4.686001404383299e-06 3.62707488399065e-06 2178
7 5.78768084541098e-06 4.743618187781591e-06 2498
7.5 6.204136117917663e-06 5.319273928405241e-06 2622
8 7.506027787234151e-06 7.328349148733242e-06 3338
8.5 8.609071525625417e-06 8.119544560573566e-06 3722
9 9.698510708552294e-06 9.502563889548939e-06 4170
9.5 1.023807949901622e-05 1.078972592646952e-05 4358
10 1.174729921062989e-05 1.323054345428628e-05 5034
10.5 1.309854139438562e-05 1.55028086263696e-05 5714
11 1.350389156835937e-05 1.647388682491198e-05 5982
11.5 1.512564854150499e-05 1.948399811028542e-05 6602
12 1.681192116836718e-05 2.160721638045931e-05 7130
12.5 1.901882354285288e-05 2.512581668621628e-05 8034
13 2.006817025772231e-05 2.872137938976494e-05 8606
13.5 2.096151365141217e-05 3.055768378670128e-05 9066
14 2.367262555576473e-05 3.458156762224727e-05 9962
14.5 2.520385303437067e-05 3.863826253904449e-05 10550
15 2.705802965877043e-05 4.360673653641439e-05 11226
15.5 2.970566391130213e-05 4.73520142785685e-05 12146
16 2.926614993543235e-05 4.861141875863766e-05 12303
16.5 3.111216656271566e-05 5.158840366038953e-05 12584
17 2.8463016460609e-05 5.055315817720444e-05 12120
17.5 2.626358503190494e-05 4.905806946686113e-05 11180
18 2.633515352285971e-05 4.89359518986524e-05 11096
18.5 2.358756785088445e-05 4.558887610635931e-05 10056
19 2.302393678366192e-05 4.479692362976859e-05 9716
19.5 2.017091402732417e-05 4.297881504000631e-05 8604
20 1.9118662726064e-05 3.956343426288825e-05 8060
20.5 1.74051192160335e-05 3.798178714358563e-05 7320
21 1.480234457079575e-05 3.366120241019467e-05 6356
21.5 1.229414376953518e-05 2.872829274524601e-05 5348
22 1.021251743896506e-05 2.427402973009083e-05 4308
22.5 8.250621449467672e-06 2.035166748807637e-05 3563
23 5.711571945783951e-06 1.381014356440077e-05 2448
23.5 4.160618377003677e-06 1.087249383225002e-05 1868
24 3.023227214358332e-06 8.005736922973195e-06 1358
24.5 2.392580357571947e-06 6.527258717118312e-06 1062
25 1.66153328065093e-06 4.790662398095585e-06 776
25.5 1.078848460019449e-06 2.907767298529729e-06 432
26 4.765163975451664e-07 1.177592465595344e-06 200
26.5 3.811603977805464e-07 1.017325514692242e-06 168
27 1.440258845537258e-07 2.674972036684989e-07 56
27.5 3.676798917773275e-08 1.47583387074205e-08 7

0.5 4.378252603529603e-09 2.250093793741349e-09 18
1 3.694414552861278e-08 1.33485370687851e-08 62
1.5 6.766072214795631e-08 3.490506161997672e-08 98
2 1.616601602838778e-07 9.608607294528558e-08 210
2.5 3.827018721675753e-07 2.077486522206024e-07 350
3 6.303026365612472e-07 3.36789166590966e-07 450
3.5 8.189756145382708e-07 5.297875023452278e-07 602
4 1.210361839922869e-06 6.316364579497507e-07 762
4.5 2.006902719107919e-06 1.243676894231391e-06 1142
5 1.989526587201966e-06 1.375143808511664e-06 1250
5.5 2.61161689368841e-06 1.733791257998538e-06 1458
6 3.498513404711099e-06 2.443522404750298e-06 1814
6.5 4.364120792137674e-06 3.101359254863879e-06 2178
7 5.069694505218637e-06 3.833032113846825e-06 2498
7.5 5.453318690541118e-06 4.43409484578836e-06 2622
8 6.822058278185025e-06 5.860726653868456e-06 3338
8.5 8.036766354860577e-06 6.77185411988036e-06 3722
9 8.504923568111432e-06 8.292339129427366e-06 4170
9.5 9.282069954218801e-06 8.974468015033909e-06 4358
10 1.085548851624123e-05 1.100158557151698e-05 5034
10.5 1.259714562265499e-05 1.354312986550375e-05 5714
11 1.284595482949076e-05 1.460115056519173e-05 5982
11.5 1.449471996693693e-05 1.672787546167722e-05 6602
12 1.549572364818712e-05 1.872173269350458e-05 7130
12.5 1.77780083399312e-05 2.123760658997364e-05 8034
13 1.927813681437754e-05 2.480322616167518e-05 8606
13.5 2.049072417179704e-05 2.569805434319102e-05 9066
14 2.223611992179193e-05 2.999389251999863e-05 9962
14.5 2.431993876073952e-05 3.242291026360061e-05 10550
15 2.618358445188164e-05 3.635707196935613e-05 11226
15.5 2.806222491815776e-05 4.117842819591502e-05 12146
16 2.82578494062814e-05 4.194140248414079e-05 12303
16.5 2.893998961268879e-05 4.423189609923867e-05 12584
17 2.781067212162005e-05 4.457666540907523e-05 12120
17.5 2.457297378270418e-05 4.106142848112918e-05 11180
18 2.443529018417121e-05 4.271935154791218e-05 11096
18.5 2.234119566939698e-05 4.041712123525063e-05 10056
19 2.146229004389036e-05 3.908281148282014e-05 9716
19.5 1.92004501597825e-05 3.531471665855311e-05 8604
20 1.829021426139525e-05 3.50219598683234e-05 8060
20.5 1.656072464195713e-05 3.247550962900578e-05 7320
21 1.410708866546554e-05 2.764525151758585e-05 6356
21.5 1.169855502987047e-05 2.446848386250765e-05 5348
22 9.667554702532106e-06 2.011630068222099e-05 4308
22.5 7.527702827621715e-06 1.692982085437426e-05 3563
23 5.21911313935327e-06 1.224076842282406e-05 2448
23.5 3.929553782496949e-06 8.766243800271255e-06 1868
24 3.045340922588953e-06 6.889498827797883e-06 1358
24.5 2.260253696287982e-06 5.216472533169358e-06 1062
25 1.655172914020337e-06 4.21670507153625e-06 776
25.5 9.519046373823244e-07 2.395792905163944e-06 432
26 4.752278223486538e-07 1.176935415718291e-06 200
26.5 4.888593783355716e-07 8.933771098217473e-07 168
27 1.683758694576087e-07 3.328095607048256e-07 56
27.5 6.200518598349237e-09 3.750325471164657e-08 7

0.5 2.379314432722269e-09 1.493216144603522e-09 18
1 2.741805095593134e-08 1.040661574757223e-08 62
1.5 5.502767123774644e-08 2.808167106093826e-08 98
2 1.706523759503252e-07 7.043387725800508e-08 210
2.5 3.426304224937653e-07 1.581654912435315e-07 350
3 5.973378692593827e-07 2.583526593427925e-07 450
3.5 7.754594834901627e-07 3.864313811694977e-07 602
4 1.087049097915986e-06 5.505468419701859e-07 762
4.5 1.743694587044282e-06 1.048868445990504e-06 1142
5 2.071018533021628e-06 1.116606667907956e-06 1250
5.5 2.409668757085515e-06 1.546163869479368e-06 1458
6 3.357316734258054e-06 2.102810326098632e-06 1814
6.5 4.103332340818283e-06 2.669434596616858e-06 2178
7 4.777435758437621e-06 3.197670951682134e-06 2498
7.5 4.858236831907807e-06 3.623264622027682e-06 2622
8 6.369143331791953e-06 4.980550597532045e-06 3338
8.5 7.543994639679661e-06 5.790247148760496e-06 3722
9 8.315619788318576e-06 7.115901217216577e-06 4170
9.5 8.653800774940017e-06 7.995690916555641e-06 4358
10 1.006238086485598e-05 9.527942946002176e-06 5034
10.5 1.146800420864202e-05 1.119351003283494e-05 5714
11 1.201304252580349e-05 1.213733342093624e-05 5982
11.5 1.366084592026975e-05 1.39704912988099e-05 6602
12 1.451738567555556e-05 1.574013860580227e-05 7130
12.5 1.677456169089036e-05 1.842697663721659e-05 8034
13 1.823497318802548e-05 2.125275770175872e-05 8606
13.5 1.878183323235308e-05 2.331192013082866e-05 9066
14 2.161200527670871e-05 2.64978140161129e-05 9962
14.5 2.286128872268892e-05 2.867511508714172e-05 10550
15 2.443308081520567e-05 3.077807147602944e-05 11226
15.5 2.593230501597998e-05 3.52049639172256e-05 12146
16 2.701763861461557e-05 3.618527616002326e-05 12303
16.5 2.674623394775276e-05 3.824544360499001e-05 12584
17 2.640081458077135e-05 3.797082190562933e-05 12120
17.5 2.419096019398448e-05 3.581702918197935e-05 11180
18 2.321990410087393e-05 3.735395164116429e-05 11096
18.5 2.209741851699675e-05 3.428555837015497e-05 10056
19 2.038888255992486e-05 3.3629449304452e-05 9716
19.5 1.80338174382801e-05 3.130206834236667e-05 8604
20 1.724353368273311e-05 2.889840058975498e-05 8060
20.5 1.564505353465375e-05 2.704127647722623e-05 7320
21 1.311978957833946e-05 2.425782835197076e-05 6356
21.5 1.123669246812037e-05 2.05910619271907e-05 5348
22 9.246033737902543e-06 1.737965442386502e-05 4308
22.5 7.390450215190881e-06 1.474833622526723e-05 3563
23 5.021602173049963e-06 1.017108420699572e-05 2448
23.5 3.658216139748369e-06 8.112303948170596e-06 1868
24 2.944255558633698e-06 5.633339442300743e-06 1358
24.5 2.13093738167014e-06 5.092621975578757e-06 1062
25 1.898303007247123e-06 3.502936968152807e-06 776
25.5 8.698140610740576e-07 1.946399908579257e-06 432
26 4.713982473777593e-07 7.932487388822046e-07 200
26.5 3.382504388488245e-07 7.755072004003302e-07 168
27 1.26724029653245e-07 2.462831142895017e-07 56
27.5 9.638311544004104e-09 1.845925957615389e-08 7

0.5 3.745678128853632e-09 4.531998484444688e-10 18
1 2.258420345444416e-08 9.632266107909728e-09 62
1.5 5.02306471239437e-08 2.185066615749729e-08 98
2 1.716431715903849e-07 6.82104467411341e-08 210
2.5 3.157312337011987e-07 1.406538110738292e-07 350
3 5.338948502070685e-07 2.140470802388957e-07 450
3.5 7.48017676551268e-07 3.136354097697525e-07 602
4 9.780962826150847e-07 5.120062068520022e-07 762
4.5 1.634837988440827e-06 8.452379329075574e-07 1142
5 1.959016439059355e-06 1.033737182622726e-06 1250
5.5 2.342967163735888e-06 1.182134926406905e-06 1458
6 3.160568059669614e-06 1.735441722193974e-06 1814
6.5 3.995942850628934e-06 2.242147364748676e-06 2178
7 4.35843425129999e-06 2.742311676771068e-06 2498
7.5 4.7254401650406e-06 3.277312910051866e-06 2622
8 5.960328802325346e-06 4.34133185992267e-06 3338
8.5 7.030032562824627e-06 5.261805458848598e-06 3722
9 7.673443195380427e-06 6.159948826135962e-06 4170
9.5 8.30408566159408e-06 6.445051064927396e-06 4358
10 9.474494197446994e-06 8.358186714440906e-06 5034
10.5 1.072352078962813e-05 9.521717760355992e-06 5714
11 1.143694564328979e-05 1.06007718894872e-05 5982
11.5 1.321928089153144e-05 1.192987141183679e-05 6602
12 1.371186328991808e-05 1.371225148078281e-05 7130
12.5 1.56333700278567e-05 1.628423262435899e-05 8034
13 1.728534116292234e-05 1.770463124989865e-05 8606
13.5 1.800016756107098e-05 1.991129680148248e-05 9066
14 1.990058588323512e-05 2.26384630066424e-05 9962
14.5 2.153612061943544e-05 2.477009979395374e-05 10550
15 2.232952539684776e-05 2.68870640976948e-05 11226
15.5 2.514185992724818e-05 2.988086396070356e-05 12146
16 2.538459341093239e-05 3.211959469829197e-05 12303
16.5 2.528228732249074e-05 3.41454025741482e-05 12584
17 2.438933754751744e-05 3.315543018715532e-05 12120
17.5 2.23983072710996e-05 3.136131386116659e-05 11180
18 2.173414780471794e-05 3.310367826322706e-05 11096
18.5 2.024281101688575e-05 3.116540624471992e-05 10056
19 1.873381227527967e-05 2.914662069497753e-05 9716
19.5 1.700220720337357e-05 2.675828422890124e-05 8604
20 1.629504465622496e-05 2.573973424368491e-05 8060
20.5 1.424453402260992e-05 2.38297511570198e-05 7320
21 1.204543728105074e-05 2.196184646551739e-05 6356
21.5 1.038948669381071e-05 1.857555325161192e-05 5348
22 8.368649459383358e-06 1.553500648840052e-05 4308
22.5 6.914311110208321e-06 1.292849707055574e-05 3563
23 4.645068775225805e-06 8.879752955232138e-06 2448
23.5 3.574232783506936e-06 7.23113854172788e-06 1868
24 2.701965276319964e-06 5.352986519851289e-06 1358
24.5 2.006540018944582e-06 3.993723217223741e-06 1062
25 1.57606867819335e-06 3.126312676985346e-06 776
25.5 8.750785019055363e-07 1.595089223140017e-06 432
26 4.183978368706651e-07 8.826465732449959e-07 200
26.5 3.485820466213658e-07 7.289349522996563e-07 168
27 1.265251044658703e-07 3.002811215491242e-07 56
27.5 1.582176684380861e-08 5.706875546045512e-08 7

0.5 2.544767857501217e-09 4.393057534656529e-10 18
1 2.308841770752527e-08 1.13080671072723e-08 62
1.5 4.986184331775943e-08 2.132610332039816e-08 98
2 1.372470830994523e-07 5.124252981812928e-08 210
2.5 2.976529129066352e-07 1.42013339259332e-07 350
3 4.551724265088419e-07 1.752548335354282e-07 450
3.5 7.175074785920726e-07 2.920824713754779e-07 602
4 9.096279953590015e-07 4.451453129101025e-07 762
4.5 1.574418779370088e-06 7.527376446205158e-07 1142
5 1.881837120190916e-06 8.945212136808667e-07 1250
5.5 2.281752464498218e-06 1.035446340411781e-06 1458
6 2.779984552527804e-06 1.517124393700052e-06 1814
6.5 3.724833830069837e-06 2.065262406382977e-06 2178
7 4.239856697781199e-06 2.444781726251367e-06 2498
7.5 4.483217899611355e-06 2.752475697393294e-06 2622
8 5.747900713914441e-06 3.844544178440275e-06 3338
8.5 6.037930420179059e-06 4.557471929020647e-06 3722
9 7.451981022901836e-06 5.044705575876569e-06 4170
9.5 7.823692832530336e-06 5.800164553982966e-06 4358
10 9.365263985653554e-06 6.867104417075422e-06 5034
10.5 9.875721481007795e-06 8.688628012085097e-06 5714
11 1.062411169940399e-05 9.055364953581113e-06 5982
11.5 1.205420290340321e-05 1.055242757351881e-05 6602
12 1.294901910887642e-05 1.19648597488319e-05 7130
12.5 1.542169266681654e-05 1.394955757592834e-05 8034
13 1.598906135833435e-05 1.574398907822458e-05 8606
13.5 1.697001730068302e-05 1.697274345237893e-05 9066
14 1.889521895761694e-05 1.952312984912199e-05 9962
14.5 1.998673891199035e-05 2.206727413465357e-05 10550
15 2.116353769813149e-05 2.365043694171006e-05 11226
15.5 2.344756052372103e-05 2.659323675069706e-05 12146
16 2.406793148991315e-05 2.794692670240128e-05 12303
16.5 2.438793495541759e-05 2.944475398957505e-05 12584
17 2.331857888084729e-05 2.910191923118447e-05 12120
17.5 2.157007146115739e-05 2.731833326050968e-05 11180
18 2.083228381355843e-05 2.782787473028997e-05 11096
18.5 1.880151756357115e-05 2.642654875516385e-05 10056
19 1.776759036788199e-05 2.544202699544684e-05 9716
19.5 1.607623096896245e-05 2.314772085576002e-05 8604
20 1.517434539489227e-05 2.254697079314034e-05 8060
20.5 1.38980811591138e-05 2.13198984600169e-05 7320
21 1.169238337934661e-05 1.867917810568021e-05 6356
21.5 1.022512003420137e-05 1.660720896507793e-05 5348
22 7.97163449836189e-06 1.329878186345241e-05 4308
22.5 6.568222832462205e-06 1.146435902309362e-05 3563
23 4.496764427608201e-06 7.933963703789384e-06 2448
23.5 3.436714849333939e-06 6.110399444803227e-06 1868
24 2.41134884440425e-06 4.395105591141926e-06 1358
24.5 1.97621062908187e-06 3.681815454356332e-06 1062
25 1.477947071126537e-06 2.737924218173378e-06 776
25.5 7.913687730914213e-07 1.393579660273696e-06 432
26 3.586934016951689e-07 7.9202751931963e-07 200
26.5 2.934468968189926e-07 5.383589660023297e-07 168
27 1.328969957988716e-07 1.8424916817393e-07 56
27.5 1.092852830709131e-08 4.206377479512216e-08 7

0.5 3.038668141916865e-09 1.274768672907985e-09 18
1 2.346089774382691e-08 6.032042583170048e-09 62
1.5 4.291163550197737e-08 1.857520131420926e-08 98
2 1.289711260379567e-07 4.278235917635056e-08 210
2.5 3.067550727446032e-07 1.106195828490556e-07 350
3 4.0380997709738e-07 1.823197645259759e-07 450
3.5 6.639094315457364e-07 2.657000609331829e-07 602
4 8.365678297953512e-07 3.491077330842084e-07 762
4.5 1.532383775850437e-06 7.196073425715518e-07 1142
5 1.735398245943732e-06 7.668485835359721e-07 1250
5.5 2.136556514064114e-06 9.190905893483943e-07 1458
6 2.651701273310023e-06 1.365570198479852e-06 1814
6.5 3.336067025806377e-06 1.885060951845923e-06 2178
7 4.096674620147788e-06 2.129585524494698e-06 2498
7.5 4.253615330620555e-06 2.439033883548136e-06 2622
8 5.495217994819323e-06 3.330473648678754e-06 3338
8.5 6.016902334268142e-06 3.892114140459152e-06 3722
9 6.838291371810201e-06 4.777044078097608e-06 4170
9.5 7.480365582836666e-06 5.267272345746978e-06 4358
10 8.348848887669382e-06 5.941307031876527e-06 5034
10.5 9.897150833492144e-06 7.691799415665929e-06 5714
11 1.025903545792407e-05 8.165365739061387e-06 5982
11.5 1.117809545342841e-05 9.259585329784234e-06 6602
12 1.222646870053125e-05 1.038428630597704e-05 7130
12.5 1.403624971807984e-05 1.227956661731408e-05 8034
13 1.484214434636079e-05 1.433750047462419e-05 8606
13.5 1.641149697747468e-05 1.531370902177716e-05 9066
14 1.803299002569046e-05 1.701309466381966e-05 9962
14.5 1.937760755816738e-05 1.852012942219515e-05 10550
15 2.039188239270138e-05 2.108011244995124e-05 11226
15.5 2.24871382077791e-05 2.389132699823075e-05 12146
16 2.30713153425057e-05 2.415741639862909e-05 12303
16.5 2.263522205441752e-05 2.591133468285957e-05 12584
17 2.195010094981643e-05 2.513359310014916e-05 12120
17.5 1.981706288922361e-05 2.450716638973384e-05 11180
18 2.005694930672849e-05 2.45864559816464e-05 11096
18.5 1.768475010588127e-05 2.30552507495274e-05 10056
19 1.750435075336917e-05 2.304567542292392e-05 9716
19.5 1.517128783521262e-05 2.083200865628019e-05 8604
20 1.413844788842315e-05 2.010363112336145e-05 8060
20.5 1.291697126524412e-05 1.828090590454472e-05 7320
21 1.117429065347914e-05 1.71123716489927e-05 6356
21.5 9.262605212110728e-06 1.429205419045615e-05 5348
22 7.48533631121341e-06 1.170983395619503e-05 4308
22.5 6.55841944223051e-06 9.721024262486967e-06 3563
23 4.178573393145853e-06 7.058883798127684e-06 2448
23.5 3.263530713989991e-06 5.533326045445072e-06 1868
24 2.307641964496378e-06 4.051100070297088e-06 1358
24.5 1.913731870829196e-06 3.164056113919437e-06 1062
25 1.307993092469644e-06 2.368876711437898e-06 776
25.5 7.86064074188644e-07 1.366757380263336e-06 432
26 3.9463330081116e-07 6.535270389352817e-07 200
26.5 3.43064413402418e-07 5.453581527244706e-07 168
27 9.845606479315609e-08 1.882943647779661e-07 56
27.5 6.789560248225297e-09 1.87812554185761e-08 7

0.5 2.395492440788596e-09 9.017948418231516e-10 18
1 2.746396798550188e-08 6.367629990591403e-09 62
1.5 5.990867645076208e-08 1.974599502291393e-08 98
2 1.449572326520758e-07 3.954211294241947e-08 210
2.5 2.73534425619606e-07 8.374616014443868e-08 350
3 4.094626845944202e-07 1.463534209035488e-07 450
3.5 5.788189920730988e-07 2.31225460451303e-07 602
4 8.871976929176515e-07 2.956098232040888e-07 762
4.5 1.460249925505367e-06 6.122501212114894e-07 1142
5 1.600789411788335e-06 7.083244936875894e-07 1250
5.5 1.968817663299529e-06 7.967093598492454e-07 1458
6 2.447821149466518e-06 1.233560517825969e-06 1814
6.5 3.296118640484014e-06 1.489767667794518e-06 2178
7 3.836526925102209e-06 1.983961271215427e-06 2498
7.5 3.758805274777013e-06 2.15691394897306e-06 2622
8 5.26172231948076e-06 3.087820364480139e-06 3338
8.5 5.65477354108485e-06 3.428144452283714e-06 3722
9 6.572324383083278e-06 4.216032463472486e-06 4170
9.5 7.099811643018754e-06 4.67627261993933e-06 4358
10 8.008556055482753e-06 5.547386616391069e-06 5034
10.5 9.268454705184065e-06 6.627925771161133e-06 5714
11 9.591167607033489e-06 7.399361726711062e-06 5982
11.5 1.070775269732066e-05 8.172255380090714e-06 6602
12 1.170931069763484e-05 9.466890662958786e-06 7130
12.5 1.335557897989198e-05 1.093387784492651e-05 8034
13 1.435303089468331e-05 1.250810046258466e-05 8606
13.5 1.597561810060298e-05 1.359459399475731e-05 9066
14 1.718578550567675e-05 1.520932758784015e-05 9962
14.5 1.82077565625503e-05 1.691383889513429e-05 10550
15 1.933454611366346e-05 1.904726299992568e-05 11226
15.5 2.146826255056438e-05 2.093697845491331e-05 12146
16 2.146447859360355e-05 2.140921500354505e-05 12303
16.5 2.171850877617126e-05 2.288804804361543e-05 12584
17 2.018878516708345e-05 2.262235331792751e-05 12120
17.5 1.874042798813057e-05 2.159709430332038e-05 11180
18 1.863947770249346e-05 2.17960988527154e-05 11096
18.5 1.69953140622087e-05 2.079622579802619e-05 10056
19 1.590525801596518e-05 2.084603052442951e-05 9716
19.5 1.42810402885862e-05 1.847856974674518e-05 8604
20 1.390259764127122e-05 1.751311759701504e-05 8060
20.5 1.244403339333884e-05 1.650105596058511e-05 7320
21 1.05625950614302e-05 1.483840855224201e-05 6356
21.5 9.121473709899599e-06 1.314271688453414e-05 5348
22 7.378010026775608e-06 1.061824649142665e-05 4308
22.5 5.850489491747998e-06 8.619106710890624e-06 3563
23 4.07202304741433e-06 6.1112789190614e-06 2448
23.5 2.971040258570008e-06 4.968541031934543e-06 1868
24 2.198450241152012e-06 3.513435736306036e-06 1358
24.5 1.952778039731592e-06 2.844154019767233e-06 1062
25 1.278083779003114e-06 2.062240453114501e-06 776
25.5 8.101469609828908e-07 1.185643212870544e-06 432
26 3.646160272394309e-07 6.290543469584701e-07 200
26.5 2.667870966283421e-07 4.891288478629659e-07 168
27 9.774063457845169e-08 1.540638579503205e-07 56
27.5 8.08704835633305e-09 2.246009021692702e-08 7

0.5 4.821156937006952e-09 4.889587458636715e-10 18
1 1.673967200992219e-08 6.950475841985716e-09 62
1.5 4.71081424951793e-08 1.578713070630005e-08 98
2 1.40608278938536e-07 3.943336168395566e-08 210
2.5 2.432683070726396e-07 8.304238421436274e-08 350
3 4.344474844988877e-07 1.153422142989729e-07 450
3.5 5.866762139989217e-07 2.019450523527371e-07 602
4 8.736470386172422e-07 2.949069750313292e-07 762
4.5 1.374888763939269e-06 4.895789282705388e-07 1142
5 1.620871661066287e-06 5.965434786073391e-07 1250
5.5 1.827045664947865e-06 7.350417054689966e-07 1458
6 2.345829772181693e-06 1.093867638610624e-06 1814
6.5 3.105722985612215e-06 1.324303677945148e-06 2178
7 3.588961927244315e-06 1.757591225195476e-06 2498
7.5 3.840984611996626e-06 1.918915023117541e-06 2622
8 5.009329116462066e-06 2.613782711768777e-06 3338
8.5 5.559105769085729e-06 3.071116502923639e-06 3722
9 6.236856688422294e-06 3.695441849733002e-06 4170
9.5 6.773026587790704e-06 4.194643507742576e-06 4358
10 7.712456499588724e-06 5.040873147797377e-06 5034
10.5 8.905801051854488e-06 5.90496813943151e-06 5714
11 9.169266026655006e-06 6.306153236198326e-06 5982
11.5 9.988663611823773e-06 7.295160856096938e-06 6602
12 1.115594186346996e-05 8.466796514718033e-06 7130
12.5 1.238602431951112e-05 9.940816700431055e-06 8034
13 1.409685809120054e-05 1.116562393903243e-05 8606
13.5 1.461621149834232e-05 1.209867205534982e-05 9066
14 1.629087893934719e-05 1.390025656227676e-05 9962
14.5 1.762456977308472e-05 1.526392928141054e-05 10550
15 1.851432227642054e-05 1.645925609161134e-05 11226
15.5 2.023965972357239e-05 1.836643669627438e-05 12146
16 2.039536252301739e-05 1.94954190793729e-05 12303
16.5 2.042841275775044e-05 2.009544490875365e-05 12584
17 1.959312758698407e-05 1.987599272740721e-05 12120
17.5 1.755410860864777e-05 1.942557736398608e-05 11180
18 1.796188341719384e-05 1.998198559068572e-05 11096
18.5 1.619825592030169e-05 1.856993994918416e-05 10056
19 1.560750320889301e-05 1.805675734672173e-05 9716
19.5 1.385546127398293e-05 1.693150559152297e-05 8604
20 1.26685583113836e-05 1.593792805787585e-05 8060
20.5 1.156698573878952e-05 1.563610809823296e-05 7320
21 1.020731495329969e-05 1.337757258884514e-05 6356
21.5 8.504036112081306e-06 1.146695243616139e-05 5348
22 6.982225868286326e-06 9.225097606605465e-06 4308
22.5 5.859054424988932e-06 7.981638544094599e-06 3563
23 3.774840505355735e-06 5.58502086291394e-06 2448
23.5 2.828354620712748e-06 4.562214956204226e-06 1868
24 2.177690398063327e-06 3.398900398519955e-06 1358
24.5 1.651286593710033e-06 2.816898528517277e-06 1062
25 1.201932639770351e-06 1.902494390676348e-06 776
25.5 6.266514971893385e-07 1.013913938649342e-06 432
26 3.217973121773499e-07 5.092137605062718e-07 200
26.5 2.643268753013711e-07 5.233017686268252e-07 168
27 9.554865944262143e-08 1.722658115636021e-07 56
27.5 1.812917949858356e-08 1.621007154438581e-08 7

0.5 2.028634544240313e-09 1.366915089123566e-09 18
1 2.201218388683882e-08 4.208407949469851e-09 62
1.5 4.628630169820925e-08 1.44347198656304e-08 98
2 1.259887572270651e-07 4.309240700294992e-08 210
2.5 2.758618756265275e-07 6.672130180700337e-08 350
3 3.509382319998862e-07 1.148025784266783e-07 450
3.5 5.847514253402162e-07 1.784129953769126e-07 602
4 8.175823022233242e-07 2.67001679804482e-07 762
4.5 1.364374958506478e-06 4.507908323479896e-07 1142
5 1.585921273774627e-06 5.223305014736936e-07 1250
5.5 1.770635880942322e-06 6.757888993795939e-07 1458
6 2.149597433867249e-06 9.665316401327561e-07 1814
6.5 2.87694036788689e-06 1.258606106958033e-06 2178
7 3.365388341463378e-06 1.590860704750474e-06 2498
7.5 3.618692489777683e-06 1.731506219591231e-06 2622
8 4.682670407481708e-06 2.477831439101589e-06 3338
8.5 5.42150264927934e-06 2.824109328881098e-06 3722
9 6.074596584130422e-06 3.36988713139521e-06 4170
9.5 6.836965669745101e-06 3.718485472764776e-06 4358
10 7.404607275208822e-06 4.494866562769112e-06 5034
10.5 8.397852553776534e-06 5.258960201175651e-06 5714
11 9.047102886781914e-06 5.903273411991356e-06 5982
11.5 9.814576513912538e-06 6.587774346002753e-06 6602
12 1.064601344023072e-05 7.419298803942913e-06 7130
12.5 1.252727709131736e-05 8.851525212321514e-06 8034
13 1.293862420933955e-05 9.960924777569802e-06 8606
13.5 1.406908094430593e-05 1.068280701790066e-05 9066
14 1.536256177422074e-05 1.225484276382681e-05 9962
14.5 1.625478016870361e-05 1.344942568109719e-05 10550
15 1.731610920417727e-05 1.505355038711607e-05 11226
15.5 1.927868426518895e-05 1.68847731581535e-05 12146
16 1.952076165557994e-05 1.710242082497258e-05 12303
16.5 1.993555926427915e-05 1.839910693460207e-05 12584
17 1.901962670633821e-05 1.777443985389221e-05 12120
17.5 1.691502825649367e-05 1.734275404803656e-05 11180
18 1.725897439089192e-05 1.784747954760871e-05 11096
18.5 1.55815393915957e-05 1.665062962422203e-05 10056
19 1.464867636512429e-05 1.676491141926062e-05 9716
19.5 1.339504977445079e-05 1.493924195466016e-05 8604
20 1.239674525231922e-05 1.399716719755904e-05 8060
20.5 1.107099666067515e-05 1.330706062552717e-05 7320
21 1.003001288441125e-05 1.179701519970683e-05 6356
21.5 7.927494282372702e-06 1.004603471358939e-05 5348
22 6.746224790962562e-06 8.477447447001856e-06 4308
22.5 5.538596192520453e-06 7.40821816541942e-06 3563
23 3.723820360541317e-06 5.054541162900719e-06 2448
23.5 2.795794100357573e-06 3.955113307057109e-06 1868
24 2.049522391996743e-06 2.913280933444856e-06 1358
24.5 1.571398611790519e-06 2.3439404604416e-06 1062
25 1.123299719575874e-06 1.772003104512637e-06 776
25.5 6.174312997132204e-07 1.011917390548177e-06 432
26 2.994256229035635e-07 4.361629358467786e-07 200
26.5 3.508835928197583e-07 4.002741794452392e-07 168
27 8.810156659096117e-08 1.29159204302017e-07 56
27.5 1.450897346303899e-08 1.849692913209298e-08 7

0.5 4.058610158315277e-09 6.681658257328448e-10 18
1 1.512368414912865e-08 5.468717922399346e-09 62
1.5 3.607219901339337e-08 1.295088127264437e-08 98
2 1.420463712470091e-07 3.353026437982689e-08 210
2.5 2.354332571440418e-07 7.249967771281735e-08 350
3 3.253068369119147e-07 1.086680337097832e-07 450
3.5 5.569735803887149e-07 1.554506660875605e-07 602
4 8.063667303788199e-07 2.625272468144361e-07 762
4.5 1.288707512341447e-06 4.171329464265307e-07 1142
5 1.316953998652296e-06 4.881081721068976e-07 1250
5.5 1.734940787132497e-06 6.702569322898926e-07 1458
6 2.173587018992446e-06 8.489614783510565e-07 1814
6.5 2.819374654354274e-06 1.170156165442517e-06 2178
7 3.075996185166939e-06 1.369458503936847e-06 2498
7.5 3.443389231239599e-06 1.525529890479999e-06 2622
8 4.44446481451972e-06 2.212872932471798e-06 3338
8.5 5.208775633949628e-06 2.600668505153275e-06 3722
9 5.965022602633937e-06 2.874957757756452e-06 4170
9.5 6.327555410757983e-06 3.416986155931425e-06 4358
10 6.825283787100949e-06 4.133507880546377e-06 5034
10.5 8.322269603426838e-06 4.668414327546292e-06 5714
11 8.688369999046086e-06 5.337728049316476e-06 5982
11.5 9.21655147955917e-06 6.112010635845791e-06 6602
12 1.025069276716064e-05 6.832816723615959e-06 7130
12.5 1.146738137077727e-05 8.052554064457724e-06 8034
13 1.275588298282501e-05 9.093471157299784e-06 8606
13.5 1.330515282590715e-05 9.765258866687725e-06 9066
14 1.46669544957306e-05 1.134592452442791e-05 9962
14.5 1.594275240145829e-05 1.238323139435938e-05 10550
15 1.732742533048275e-05 1.38598237259105e-05 11226
15.5 1.826130341580308e-05 1.493057244264507e-05 12146
16 1.870542342727295e-05 1.544011576140314e-05 12303
16.5 1.897585133001116e-05 1.649427649271036e-05 12584
17 1.814766363914306e-05 1.656386872750557e-05 12120
17.5 1.655055051187537e-05 1.562398984319675e-05 11180
18 1.660799361268035e-05 1.598156978875886e-05 11096
18.5 1.447319754572792e-05 1.50869832875336e-05 10056
19 1.400670610047066e-05 1.483001743792937e-05 9716
19.5 1.254075737531233e-05 1.337387539933748e-05 8604
20 1.173176306426178e-05 1.311398856535044e-05 8060
20.5 1.092467542538631e-05 1.194454498437629e-05 7320
21 9.144644612688585e-06 1.095059613912076e-05 6356
21.5 8.094121799560547e-06 8.863921269107342e-06 5348
22 6.39462212881322e-06 7.596818835786388e-06 4308
22.5 5.20505293745225e-06 6.42190742782589e-06 3563
23 3.517582206040215e-06 4.610961624890377e-06 2448
23.5 2.608973528500506e-06 3.669687515335181e-06 1868
24 2.005930984116011e-06 2.54900325786611e-06 1358
24.5 1.576920129612549e-06 1.960580053093702e-06 1062
25 1.035540733897834e-06 1.535154571737225e-06 776
25.5 5.936697858328144e-07 9.237370005945982e-07 432
26 2.921999402070399e-07 3.560705883428158e-07 200
26.5 2.382022376225065e-07 3.610250004553017e-07 168
27 6.612144055984233e-08 1.22507642215663e-07 56
27.5 1.059166978776586e-08 1.161901426599776e-08 7

0.5 2.623517681127173e-09 5.864106036574e-10 18
1 2.02232595993081e-08 3.140081418654177e-09 62
1.5 4.556751238933495e-08 9.33170903810102e-09 98
2 1.291170407292572e-07 3.172732737901013e-08 210
2.5 2.679429990094839e-07 6.000305851759641e-08 350
3 3.632517505564856e-07 9.522476224041256e-08 450
3.5 5.01804148907512e-07 1.418161852171632e-07 602
4 7.168208796488455e-07 2.224235879119002e-07 762
4.5 1.239910090478815e-06 3.816573743841226e-07 1142
5 1.313321300112309e-06 4.345064076809154e-07 1250
5.5 1.686851261523776e-06 6.007710901964937e-07 1458
6 2.221994060260282e-06 7.644987725293476e-07 1814
6.5 2.774872397310724e-06 1.024691704809951e-06 2178
7 3.025466338739501e-06 1.292843881133543e-06 2498
7.5 3.362540754290888e-06 1.357307009098238e-06 2622
8 4.099035616118677e-06 2.040458818995402e-06 3338
8.5 4.995001634587242e-06 2.269112034375928e-06 3722
9 5.738988786610791e-06 2.722457950356754e-06 4170
9.5 5.969844233828594e-06 3.061418303968032e-06 4358
10 6.816179405197264e-06 3.692498873974902e-06 5034
10.5 7.750414295543281e-06 4.325662131921676e-06 5714
11 8.500424102036507e-06 4.872099111972411e-06 5982
11.5 9.254028882392021e-06 5.587745712960678e-06 6602
12 9.893174744590595e-06 6.18244767431547e-06 7130
12.5 1.100867802694182e-05 7.210954091369601e-06 8034
13 1.199453985090512e-05 8.17875292554638e-06 8606
13.5 1.212008631647861e-05 8.777033528043854e-06 9066
14 1.420330327906016e-05 1.019356034954179e-05 9962
14.5 1.526618674736255e-05 1.125182919718433e-05 10550
15 1.608394900414503e-05 1.238156911345916e-05 11226
15.5 1.758567690290534e-05 1.393062141290623e-05 12146
16 1.829730910328954e-05 1.421710706918262e-05 12303
16.5 1.781094221051566e-05 1.545602017509121e-05 12584
17 1.716779190601656e-05 1.513063807795293e-05 12120
17.5 1.559862509419962e-05 1.470162904555907e-05 11180
18 1.548779835191094e-05 1.435712779295196e-05 11096
18.5 1.412721287971084e-05 1.341201607159887e-05 10056
19 1.416553783039139e-05 1.337462434977519e-05 9716
19.5 1.212964168419461e-05 1.230014282432721e-05 8604
20 1.129174101330002e-05 1.157875982682159e-05 8060
20.5 1.022960298173469e-05 1.102953677436456e-05 7320
21 8.647329609597957e-06 1.016658002904695e-05 6356
21.5 7.524444491786904e-06 8.277360452373623e-06 5348
22 6.122834819430296e-06 6.999352390982964e-06 4308
22.5 4.916329632992056e-06 5.827509578762487e-06 3563
23 3.405880030387122e-06 4.086862586854694e-06 2448
23.5 2.580527806994256e-06 3.135679786562884e-06 1868
24 1.865236248101402e-06 2.429176876373098e-06 1358
24.5 1.513635221427762e-06 2.005987483154495e-06 1062
25 9.979317430513762e-07 1.514458393309082e-06 776
25.5 6.529544442642786e-07 7.589712128035023e-07 432
26 2.716981697654229e-07 3.754183398862564e-07 200
26.5 2.5487216347694e-07 3.43405601557326e-07 168
27 8.493303292490139e-08 1.256364051478105e-07 56
27.5 1.354061075346891e-08 1.439134244737516e-08 7

0.5 4.130683223100335e-09 5.169956954053893e-10 18
1 1.914336343637727e-08 4.071046510614691e-09 62
1.5 3.08584878584839e-08 1.142553961056659e-08 98
2 1.277964457108196e-07 3.106938867161963e-08 210
2.5 2.206166881295381e-07 6.225453496864729e-08 350
3 3.201285913140475e-07 8.594066032364781e-08 450
3.5 5.003802342538436e-07 1.344498780972851e-07 602
4 7.863293521712687e-07 1.836188589451927e-07 762
4.5 1.177580656334536e-06 3.317459212105322e-07 1142
5 1.337639727500807e-06 4.017055158282136e-07 1250
5.5 1.738828557230226e-06 5.218668893276708e-07 1458
6 2.06908444873164e-06 6.895398669040879e-07 1814
6.5 2.633082531210263e-06 9.54171340350305e-07 2178
7 3.017924581529458e-06 1.157194748773005e-06 2498
7.5 3.169625126755552e-06 1.283294017114752e-06 2622
8 4.140308754261625e-06 1.793377970756698e-06 3338
8.5 4.641852450670595e-06 2.101320668735209e-06 3722
9 5.486155114034702e-06 2.506984938183309e-06 4170
9.5 5.574499451834017e-06 2.753157650539029e-06 4358
10 6.476942281178556e-06 3.362285248400632e-06 5034
10.5 7.482011935794115e-06 3.95429407232446e-06 5714
11 7.877954266116118e-06 4.442348875344243e-06 5982
11.5 8.863548366390827e-06 4.895982186692204e-06 6602
12 9.750586290662621e-06 5.826932853309186e-06 7130
12.5 1.102603887192948e-05 6.710446440126476e-06 8034
13 1.140022620459586e-05 7.418345452315623e-06 8606
13.5 1.232473568690718e-05 7.905477032595664e-06 9066
14 1.382298815938924e-05 9.360158248889263e-06 9962
14.5 1.466882720054254e-05 1.024664293432121e-05 10550
15 1.534612205060953e-05 1.090970009569562e-05 11226
15.5 1.697581868017522e-05 1.247819668543631e-05 12146
16 1.728244945326147e-05 1.30877363181613e-05 12303
16.5 1.743540167200434e-05 1.402254865512272e-05 12584
17 1.641936293572667e-05 1.357544177430007e-05 12120
17.5 1.540364314962147e-05 1.327176216230029e-05 11180
18 1.522909367607601e-05 1.335400758847472e-05 11096
18.5 1.356046666218397e-05 1.229766076176535e-05 10056
19 1.321248533296312e-05 1.225010003795109e-05 9716
19.5 1.171661062383791e-05 1.139573315695813e-05 8604
20 1.101498738804355e-05 1.096351453010935e-05 8060
20.5 9.942628267009273e-06 9.95412717735389e-06 7320
21 8.555758391415345e-06 8.946093366113645e-06 6356
21.5 7.337938160730181e-06 7.726318908645416e-06 5348
22 5.867402079721807e-06 6.241241284975984e-06 4308
22.5 4.858989716662879e-06 5.296260137911534e-06 3563
23 3.181211465513444e-06 3.826728251538137e-06 2448
23.5 2.433260249817597e-06 2.845433156498074e-06 1868
24 1.757878467563126e-06 2.190480264495742e-06 1358
24.5 1.309225933425722e-06 1.706539725759384e-06 1062
25 1.076245564544995e-06 1.211370608815702e-06 776
25.5 5.696953987622528e-07 7.924257132367416e-07 432
26 3.566784858080905e-07 3.224923544744274e-07 200
26.5 2.398260620063874e-07 3.380759894475936e-07 168
27 6.526998022182568e-08 1.016116912689063e-07 56
27.5 1.159846049341629e-08 2.846249459723278e-08 7

0.5 3.168672191480961e-09 4.178342660525166e-10 18
1 1.48604551558548e-08 2.927079356640259e-09 62
1.5 4.399858070884808e-08 6.149415919011356e-09 98
2 1.278205163578467e-07 2.943577988515715e-08 210
2.5 2.614750285024599e-07 5.862397663756171e-08 350
3 3.399009689676314e-07 8.220606112477302e-08 450
3.5 5.187182883663215e-07 1.299533082619016e-07 602
4 6.440228071609567e-07 1.936374348616362e-07 762
4.5 1.090372106228344e-06 3.098885843481523e-07 1142
5 1.264685635356854e-06 3.858908312665742e-07 1250
5.5 1.56034953827543e-06 5.016893044787599e-07 1458
6 1.999106547659416e-06 6.680776160484498e-07 1814
6.5 2.523190595705632e-06 8.536328934158542e-07 2178
7 2.884189757698573e-06 1.107937032869725e-06 2498
7.5 3.240345353559066e-06 1.201613460173039e-06 2622
8 4.049380913644876e-06 1.64932007590181e-06 3338
8.5 4.637198289033252e-06 1.846556198997554e-06 3722
9 5.075042915827895e-06 2.279646371966115e-06 4170
9.5 5.442125105889778e-06 2.555010496896689e-06 4358
10 6.358007480881335e-06 3.10656135728839e-06 5034
10.5 7.333439139908583e-06 3.646861167344283e-06 5714
11 7.349555580320916e-06 4.050138865357523e-06 5982
11.5 8.1925227017004e-06 4.62893306374754e-06 6602
12 9.168004882990777e-06 5.251519531684228e-06 7130
12.5 1.02789197521984e-05 6.178017303331375e-06 8034
13 1.135529052481683e-05 6.727614055545302e-06 8606
13.5 1.153280233510252e-05 7.532495951951504e-06 9066
14 1.313503250677424e-05 8.580714226484461e-06 9962
14.5 1.391640739399777e-05 9.377670558608821e-06 10550
15 1.497421808460388e-05 1.028346295386092e-05 11226
15.5 1.624494806438263e-05 1.140784071233648e-05 12146
16 1.661109568057536e-05 1.190024653825227e-05 12303
16.5 1.710970001239324e-05 1.237135391541545e-05 12584
17 1.612755771632309e-05 1.224586469177619e-05 12120
17.5 1.500195095981284e-05 1.208627342277385e-05 11180
18 1.414954348587989e-05 1.231262917185044e-05 11096
18.5 1.295076678837565e-05 1.143714394271397e-05 10056
19 1.256911349558847e-05 1.143502448392948e-05 9716
19.5 1.089127994730329e-05 1.064809691089184e-05 8604
20 1.044406329414649e-05 9.801055968189666e-06 8060
20.5 9.532671559326885e-06 9.426028860069798e-06 7320
21 7.875101286772608e-06 8.359721881271819e-06 6356
21.5 7.133760629922104e-06 7.36466809246414e-06 5348
22 5.613502705683449e-06 5.594594387662474e-06 4308
22.5 4.400348940312665e-06 4.68804025822356e-06 3563
23 3.158689726810368e-06 3.323167084707899e-06 2448
23.5 2.394487733538783e-06 2.639824486859991e-06 1868
24 1.744224649852991e-06 2.024821417633915e-06 1358
24.5 1.319927561887647e-06 1.606410314332141e-06 1062
25 1.028185818203007e-06 1.188400291552657e-06 776
25.5 5.941583469771745e-07 6.232249926715568e-07 432
26 2.732594224903773e-07 3.316417919349344e-07 200
26.5 2.282157217524832e-07 3.012644204110808e-07 168
27 8.516099597862649e-08 1.113712850843585e-07 56
27.5 1.110867385436286e-08 1.226152942933652e-08 7

0.5 1.591849936697893e-09 7.123485067310287e-10 18
1 1.445528308069304e-08 2.637708799170965e-09 62
1.5 3.536612776233181e-08 8.441132163533132e-09 98
2 1.437834887311369e-07 2.322848956323599e-08 210
2.5 2.510976646401137e-07 5.030414982809223e-08 350
3 3.263416986333967e-07 7.42711165970549e-08 450
3.5 5.224292104227399e-07 1.198718111257918e-07 602
4 7.042381422647971e-07 1.533909048400886e-07 762
4.5 1.074360083402937e-06 2.844147807073146e-07 1142
5 1.275103767970698e-06 3.289018748851651e-07 1250
5.5 1.533645106106285e-06 4.77417762117836e-07 1458
6 1.873519364457988e-06 5.876765130128423e-07 1814
6.5 2.384551556793125e-06 7.713372330953048e-07 2178
7 2.850229158855754e-06 9.35421475296545e-07 2498
7.5 2.990136389262351e-06 1.108857981140262e-06 2622
8 3.861508297929364e-06 1.479930147121757e-06 3338
8.5 4.44763064809815e-06 1.786333387667777e-06 3722
9 4.993306879386113e-06 2.181706086661239e-06 4170
9.5 5.411990643341263e-06 2.301611958486206e-06 4358
10 6.234959300223367e-06 2.794248081646825e-06 5034
10.5 7.068536247001794e-06 3.319384511686649e-06 5714
11 7.305461952659808e-06 3.74229436920628e-06 5982
11.5 8.156894180219787e-06 4.230333992377415e-06 6602
12 8.692067139569814e-06 4.874760332798906e-06 7130
12.5 9.612690679947597e-06 5.823554516054667e-06 8034
13 1.077747514150235e-05 6.236312273801018e-06 8606
13.5 1.144128921141328e-05 6.801545207446668e-06 9066
14 1.302012710994366e-05 7.659409473653556e-06 9962
14.5 1.339403849270617e-05 8.39037533751575e-06 10550
15 1.442348566009172e-05 9.402455271153915e-06 11226
15.5 1.582115902744008e-05 1.060525633992068e-05 12146
16 1.610456827161779e-05 1.098718685031162e-05 12303
16.5 1.632526190417966e-05 1.158083518350687e-05 12584
17 1.582543920811025e-05 1.150763093283551e-05 12120
17.5 1.442925319956452e-05 1.130453999253222e-05 11180
18 1.381105535659101e-05 1.137514181431264e-05 11096
18.5 1.239869875574735e-05 1.035541247162105e-05 10056
19 1.211338029529451e-05 1.040664978367797e-05 9716
19.5 1.06866805655037e-05 9.404373201869878e-06 8604
20 1.008549545827264e-05 9.053519614308522e-06 8060
20.5 9.036777127610235e-06 8.575096110570872e-06 7320
21 7.857229965276537e-06 7.58236873264051e-06 6356
21.5 6.79850522190804e-06 6.745655164275104e-06 5348
22 5.412673997551728e-06 5.320103219591724e-06 4308
22.5 4.401483896847138e-06 4.55048269046624e-06 3563
23 2.963958582970071e-06 3.021630757439429e-06 2448
23.5 2.277413584722199e-06 2.537046179529919e-06 1868
24 1.597441512021237e-06 1.797006011018198e-06 1358
24.5 1.301646993068591e-06 1.47065590294335e-06 1062
25 9.445374532352278e-07 1.118195186101176e-06 776
25.5 4.678754033981966e-07 6.835798747870765e-07 432
26 2.286454287116207e-07 2.796995181656961e-07 200
26.5 2.168047141060508e-07 2.738961100971868e-07 168
27 9.25037531778868e-08 1.116193742991717e-07 56
27.5 8.698282665247617e-09 1.551871623657933e-08 7

0.5 2.299507374684342e-09 6.995066943034434e-10 18
1 1.292443703863997e-08 2.363297333953643e-09 62
1.5 3.683554781509832e-08 8.61873644416627e-09 98
2 1.08624935605767e-07 2.61618648497885e-08 210
2.5 2.243023393191341e-07 4.074700823227159e-08 350
3 3.302843337173666e-07 6.469904951484078e-08 450
3.5 4.701813629475997e-07 1.110220297127473e-07 602
4 6.256127329384872e-07 1.632067915979312e-07 762
4.5 1.111230069557348e-06 2.569870944408675e-07 1142
5 1.237839372193265e-06 3.578336640455167e-07 1250
5.5 1.484609177596776e-06 4.005229324073913e-07 1458
6 1.882017687637078e-06 5.314873692170372e-07 1814
6.5 2.344629654859548e-06 7.476357269037653e-07 2178
7 2.677674760570279e-06 9.25905422584521e-07 2498
7.5 2.980829998239229e-06 1.045243094254056e-06 2622
8 3.869256994832627e-06 1.381499062449055e-06 3338
8.5 4.170901848932498e-06 1.615343073675782e-06 3722
9 4.912336619993861e-06 1.901553488131599e-06 4170
9.5 5.158881539904413e-06 2.152254207727975e-06 4358
10 6.068195537003074e-06 2.558232039022441e-06 5034
10.5 6.620816005947e-06 3.036555387213806e-06 5714
11 7.402641600271331e-06 3.412619054717673e-06 5982
11.5 7.880550066453157e-06 3.993653183341931e-06 6602
12 8.397332549925352e-06 4.524645836193592e-06 7130
12.5 9.615414941650447e-06 5.1563836374052e-06 8034
13 1.010670925643806e-05 5.83893114656802e-06 8606
13.5 1.09691153453957e-05 6.225201281401807e-06 9066
14 1.19459614052446e-05 7.39369274113384e-06 9962
14.5 1.289369909402928e-05 7.787400603087034e-06 10550
15 1.412952603108764e-05 8.625223997183862e-06 11226
15.5 1.538309909525143e-05 9.764750861956219e-06 12146
16 1.550075823376183e-05 1.033359721815525e-05 12303
16.5 1.547426127357016e-05 1.079958835089462e-05 12584
17 1.498475916235572e-05 1.06846450866938e-05 12120
17.5 1.35519401725827e-05 1.015254972066415e-05 11180
18 1.357669584779912e-05 1.040262392286443e-05 11096
18.5 1.212282975431179e-05 9.435511213087812e-06 10056
19 1.180177465509301e-05 9.564072821563031e-06 9716
19.5 9.989548447423976e-06 8.99540694174919e-06 8604
20 9.778222752276023e-06 8.201055022716677e-06 8060
20.5 8.687286159556286e-06 7.968909515518904e-06 7320
21 7.49317368951812e-06 7.091433592063463e-06 6356
21.5 6.502398119893113e-06 5.834435018142441e-06 5348
22 5.117161787173397e-06 4.949164039788592e-06 4308
22.5 4.240115702504023e-06 4.26021741297313e-06 3563
23 2.885410588016498e-06 2.87858593609845e-06 2448
23.5 2.12805344959419e-06 2.374384723746454e-06 1868
24 1.579347618498798e-06 1.802545278798078e-06 1358
24.5 1.36636898027744e-06 1.31254102393463e-06 1062
25 8.807799910505681e-07 1.101127894929283e-06 776
25.5 5.466846775131134e-07 5.638717922458229e-07 432
26 2.343970405167908e-07 3.098398854399994e-07 200
26.5 1.905981792555221e-07 2.213428691733182e-07 168
27 9.702151201622354e-08 8.427375419174193e-08 56
27.5 1.813838824029655e-08 1.770027316354126e-08 7

0.5 4.362552098723995e-09 1.770025017520177e-10 18
1 1.394832561476093e-08 3.211636915537242e-09 62
1.5 4.012284391456315e-08 5.937576384816512e-09 98
2 1.215793682975615e-07 1.936526314908143e-08 210
2.5 1.949139510867694e-07 4.826139496214177e-08 350
3 2.802582562864566e-07 6.537374293233557e-08 450
3.5 4.91747781815745e-07 1.012527582906394e-07 602
4 6.943859609011514e-07 1.364240109471959e-07 762
4.5 9.941861831046432e-07 2.537625710609488e-07 1142
5 1.179994070826904e-06 2.979803964452774e-07 1250
5.5 1.379622953616248e-06 3.764774546760832e-07 1458
6 1.765018905189942e-06 4.964802858542447e-07 1814
6.5 2.303059441672537e-06 6.742296454475101e-07 2178
7 2.726535266415187e-06 8.057708885947744e-07 2498
7.5 2.94251386002552e-06 9.432641000651409e-07 2622
8 3.794269514214045e-06 1.241814334522308e-06 3338
8.5 4.12458490123227e-06 1.502576284403098e-06 3722
9 4.688747757327214e-06 1.829654050250904e-06 4170
9.5 4.910156913000793e-06 1.978224850220384e-06 4358
10 5.755415909867569e-06 2.376388343889712e-06 5034
10.5 6.382826448160437e-06 2.691658551769098e-06 5714
11 7.115429560717645e-06 3.126376056317513e-06 5982
11.5 7.527439663007288e-06 3.584687525705847e-06 6602
12 8.180374051812674e-06 4.179106792229275e-06 7130
12.5 9.326931316437284e-06 4.925044724022967e-06 8034
13 9.864869944402025e-06 5.432911021314939e-06 8606
13.5 1.04367267756439e-05 5.818171916958336e-06 9066
14 1.173260678802136e-05 6.583246472788623e-06 9962
14.5 1.295950610202986e-05 7.302138362433496e-06 10550
15 1.346521134497597e-05 8.004571612117319e-06 11226
15.5 1.474672315094742e-05 9.100256062723279e-06 12146
16 1.477326529952221e-05 9.475258640946322e-06 12303
16.5 1.491410687591386e-05 9.748884476587362e-06 12584
17 1.468558597475879e-05 9.737532505676083e-06 12120
17.5 1.324298367360849e-05 9.404373150082556e-06 11180
18 1.318205711850392e-05 9.620661246245316e-06 11096
18.5 1.166804745202879e-05 8.962075054090558e-06 10056
19 1.130298541021357e-05 8.832805623551161e-06 9716
19.5 1.012032619731275e-05 7.978779643520545e-06 8604
20 9.224883048411671e-06 7.647817887868798e-06 8060
20.5 8.665390001291225e-06 7.260888838910454e-06 7320
21 7.171905205862359e-06 6.38666106841377e-06 6356
21.5 6.433702243281466e-06 5.645671544653168e-06 5348
22 5.051229173383402e-06 4.619768830210622e-06 4308
22.5 4.182377426401254e-06 3.75225825906747e-06 3563
23 2.774952207670519e-06 2.656063093852045e-06 2448
23.5 2.111356468554926e-06 2.250009683344293e-06 1868
24 1.608491366926546e-06 1.544495505488993e-06 1358
24.5 1.243656897896288e-06 1.297781520969168e-06 1062
25 9.310349785831178e-07 8.666193054717286e-07 776
25.5 4.952144381679555e-07 4.93771441989699e-07 432
26 2.288983765326813e-07 2.794280211323981e-07 200
26.5 1.874799166544721e-07 1.966821289091541e-07 168
27 6.827625658543161e-08 9.122714403810697e-08 56
27.5 1.645435760010553e-08 1.88167736761788e-08 7

0.5 3.113896996049156e-09 4.777319212024698e-10 18
1 1.880027081260403e-08 2.395840930552864e-09 62
1.5 3.872723611803764e-08 5.53764489463446e-09 98
2 1.157638157007057e-07 1.747922164711331e-08 210
2.5 2.110175946391911e-07 3.922650817832172e-08 350
3 3.16898849338818e-07 5.208138437613262e-08 450
3.5 4.357443823022042e-07 8.894173147881045e-08 602
4 6.135176251584292e-07 1.3824982958973e-07 762
4.5 9.856114880863034e-07 2.189936999670586e-07 1142
5 1.140554122442919e-06 2.799629008192491e-07 1250
5.5 1.323279877944868e-06 3.475516292899177e-07 1458
6 1.802781061299809e-06 4.597424012794733e-07 1814
6.5 2.20273838516801e-06 6.537206467996917e-07 2178
7 2.565833267071927e-06 7.682056009626272e-07 2498
7.5 2.795560309596611e-06 8.629209875944815e-07 2622
8 3.674417943094887e-06 1.251919005263886e-06 3338
8.5 3.977470960874558e-06 1.374828733482894e-06 3722
9 4.337522549521965e-06 1.685601824979644e-06 4170
9.5 4.72597803146344e-06 1.792315167983432e-06 4358
10 5.579490398910132e-06 2.228319048566841e-06 5034
10.5 6.367367700595915e-06 2.57498117279418e-06 5714
11 6.672048964716557e-06 2.927784416284043e-06 5982
11.5 7.395257405092716e-06 3.336287020008097e-06 6602
12 8.15498556980723e-06 3.842074671025431e-06 7130
12.5 9.262839619284686e-06 4.401295562597383e-06 8034
13 9.605422061435055e-06 5.001043199067064e-06 8606
13.5 9.99616804628608e-06 5.459785026646215e-06 9066
14 1.155550915564823e-05 6.216894019539526e-06 9962
14.5 1.231539122233198e-05 6.801595622779679e-06 10550
15 1.29931355921528e-05 7.610529376978979e-06 11226
15.5 1.441545034193129e-05 8.388397975267343e-06 12146
16 1.421749919669317e-05 8.702250076988901e-06 12303
16.5 1.459282119679578e-05 9.225259800201703e-06 12584
17 1.362817896738866e-05 9.309207637507769e-06 12120
17.5 1.27491549815826e-05 8.766845914856702e-06 11180
18 1.247512072316777e-05 8.959217611521977e-06 11096
18.5 1.130240183056514e-05 8.351977332896433e-06 10056
19 1.076751535869886e-05 8.421646882697139e-06 9716
19.5 9.671272393571367e-06 7.455475571583706e-06 8604
20 8.88631997649047e-06 7.243824257481848e-06 8060
20.5 8.253415721386039e-06 6.752183650284864e-06 7320
21 6.877383583412519e-06 5.941397680007105e-06 6356
21.5 6.214749526762125e-06 5.136215072291973e-06 5348
22 4.949566571262711e-06 4.400327675500468e-06 4308
22.5 4.021955997809003e-06 3.615100659307924e-06 3563
23 2.704783107453586e-06 2.406923434120654e-06 2448
23.5 2.168427155050547e-06 2.078310000049067e-06 1868
24 1.471894973175979e-06 1.47412047781169e-06 1358
24.5 1.235458729481556e-06 1.281256030293204e-06 1062
25 8.519761609299137e-07 8.886184531666639e-07 776
25.5 4.50518975796381e-07 4.896787886703326e-07 432
26 2.298564339791266e-07 1.746996369168331e-07 200
26.5 1.930152161749574e-07 2.09666138279595e-07 168
27 6.914491242848932e-08 8.927860305883191e-08 56
27.5 1.390892612402858e-08 1.479639633957337e-08 7

