1:binCentralValue 2:valuesAverage 3:valuesAverage 4:multiplicity
0.5 1.892738226089733e-12 3.667588599606899e-13 18
1 6.395783768755349e-12 4.08331042313623e-12 62
1.5 1.039700406353077e-11 1.9239171428739e-11 98
2 2.121394536316316e-11 7.712606616131825e-11 210
2.5 3.207076287343999e-11 1.970693460018273e-10 350
3 4.473225479587873e-11 3.468703233695159e-10 450
3.5 6.114527395310346e-11 6.777498369689929e-10 602
4 7.197087178273285e-11 1.176060229708615e-09 762
4.5 1.048046742638232e-10 2.159780452205787e-09 1142
5 1.127330068412158e-10 2.896490465465132e-09 1250
5.5 1.337515750631892e-10 4.317115866908159e-09 1458
6 1.720609803504313e-10 5.971575581384345e-09 1814
6.5 2.065456085471858e-10 8.161279432434596e-09 2178
7 2.296263743029446e-10 1.120672858765569e-08 2498
7.5 2.484822445237137e-10 1.371866093268739e-08 2622
8 3.048866412925574e-10 1.889031133192168e-08 3338
8.5 3.484327736444742e-10 2.495107261362678e-08 3722
9 3.916795022242543e-10 3.104022455598716e-08 4170
9.5 4.10002372104961e-10 3.756172603551177e-08 4358
10 4.888324284247953e-10 4.610783398741075e-08 5034
10.5 5.465301189603244e-10 5.711419435152117e-08 5714
11 5.696412176933512e-10 6.884687954766882e-08 5982
11.5 6.174813206312214e-10 8.140271820463936e-08 6602
12 6.874601952670436e-10 9.672420385627706e-08 7130
12.5 7.679013155621147e-10 1.210091692995655e-07 8034
13 8.172035866467822e-10 1.364166979451273e-07 8606
13.5 8.835270178864342e-10 1.556859889670025e-07 9066
14 9.430305632567606e-10 1.80171460909732e-07 9962
14.5 9.884552117669054e-10 2.078787691099239e-07 10550
15 1.062687922794311e-09 2.400010278765767e-07 11226
15.5 1.164549059226722e-09 2.698542918809724e-07 12146
16 1.17810065741292e-09 2.952600152219017e-07 12303
16.5 1.198389480355398e-09 3.222267510667909e-07 12584
17 1.145758702845885e-09 3.263602726638125e-07 12120
17.5 1.064729293235288e-09 3.117193108624682e-07 11180
18 1.063368407665148e-09 3.314429700209175e-07 11096
18.5 9.443787879768746e-10 3.182274546305274e-07 10056
19 8.98135653455608e-10 3.283499666989336e-07 9716
19.5 8.093650059009939e-10 2.918052596505961e-07 8604
20 3.8603035238385e-10 1.459869813251607e-07 8060
20.5 1.447574765822918e-32 3.28705787452118e-33 7320
21 1.071329745621826e-32 2.256794373762689e-33 6356
21.5 1.237632327015637e-32 2.704146173562543e-33 5348
22 8.55389782577726e-33 1.841650299239464e-33 4308
22.5 9.853096827970573e-33 2.357838854126493e-33 3563
23 4.453961114871714e-33 1.173751380082014e-33 2448
23.5 3.37185101521797e-33 9.021042837218605e-34 1868
24 2.711345679888692e-33 6.390976722908285e-34 1358
24.5 2.221663074456332e-33 5.251636547488406e-34 1062
25 1.586661560554168e-33 5.124849002249177e-34 776
25.5 9.689438752007311e-34 2.998319775836104e-34 432
26 8.048113614315093e-34 2.091579019110719e-34 200
26.5 5.349219619617543e-34 1.249604274904955e-34 168
27 1.532902164193111e-34 9.175013754756133e-35 56
27.5 4.449800972413386e-35 3.212742359930408e-35 7

0.5 1.3195802270327e-13 1.017487771578756e-13 18
1 7.917441888279944e-13 4.005172350693982e-13 62
1.5 1.222739141781592e-12 1.051548666239194e-12 98
2 1.842703583019946e-12 2.996991363651492e-12 210
2.5 3.166584780953627e-12 6.85386387791267e-12 350
3 4.288389196757362e-12 1.248351834038724e-11 450
3.5 6.653469275820866e-12 1.933891250911907e-11 602
4 9.110537551331723e-12 2.97372102424869e-11 762
4.5 1.36006727913004e-11 5.322733298180544e-11 1142
5 1.492448149886294e-11 7.042740522866872e-11 1250
5.5 1.79281802949517e-11 1.045550284212312e-10 1458
6 2.274890290635056e-11 1.415783338220231e-10 1814
6.5 2.784882913956719e-11 1.900839830886875e-10 2178
7 3.170892172275121e-11 2.517708892752348e-10 2498
7.5 3.506558031017375e-11 3.016658800993717e-10 2622
8 4.282424179280971e-11 4.166576731381753e-10 3338
8.5 5.104629080088865e-11 5.28130972185456e-10 3722
9 5.726820275929051e-11 6.592588710122208e-10 4170
9.5 6.190901786047924e-11 7.759770379236223e-10 4358
10 7.280793096661564e-11 9.640930315200734e-10 5034
10.5 8.280787022552249e-11 1.179348002044056e-09 5714
11 9.093742269793108e-11 1.355388216653205e-09 5982
11.5 9.981756859960678e-11 1.584360572656051e-09 6602
12 1.10796048570036e-10 1.894986383069609e-09 7130
12.5 1.254780365723677e-10 2.354444062363234e-09 8034
13 1.366657715604415e-10 2.58347249118025e-09 8606
13.5 1.490280717188845e-10 2.94866350579802e-09 9066
14 1.635994980788566e-10 3.335175072190219e-09 9962
14.5 1.787949897979626e-10 3.710752747448516e-09 10550
15 1.905587421286076e-10 4.37296730273268e-09 11226
15.5 2.125178608341915e-10 4.833139614917287e-09 12146
16 2.211989853541764e-10 5.179411147887218e-09 12303
16.5 2.271522999202376e-10 5.599137117065592e-09 12584
17 2.168634623243127e-10 5.666244956941689e-09 12120
17.5 1.983961613419016e-10 5.460958749380436e-09 11180
18 1.995046996862594e-10 5.794112291275119e-09 11096
18.5 1.81301584909395e-10 5.463197674724677e-09 10056
19 1.754850485443627e-10 5.626230768933096e-09 9716
19.5 1.570333153273109e-10 4.962792007626396e-09 8604
20 7.643025329449315e-11 2.449823702358586e-09 8060
20.5 6.093669540070423e-14 1.894572014726101e-12 7320
21 5.116941759953678e-14 1.730916990642323e-12 6356
21.5 3.818178210632849e-14 1.547856691412151e-12 5348
22 2.911121848498813e-14 1.151597327380718e-12 4308
22.5 2.125153663093638e-14 1.102067056949006e-12 3563
23 1.537101222154841e-14 6.366517292796753e-13 2448
23.5 1.225864590724957e-14 5.177381511379273e-13 1868
24 1.04988601173226e-14 3.429720437154802e-13 1358
24.5 5.228718969698304e-15 4.322669731143936e-13 1062
25 3.632355144722557e-15 3.610050822368375e-13 776
25.5 3.082772927465892e-15 1.518761470197214e-13 432
26 2.041002236835395e-15 6.29778833453728e-14 200
26.5 2.454048389816824e-15 1.99096736964233e-14 168
27 7.456764095252922e-16 2.922906261322264e-15 56
27.5 8.700890738309999e-17 6.365498741488864e-16 7

0.5 1.453880895517348e-12 1.36397104561291e-13 18
1 6.80077551177954e-12 1.83738977182777e-13 62
1.5 1.051651538981241e-11 4.520006039024536e-13 98
2 1.999600187435234e-11 1.555545853688419e-12 210
2.5 2.201363110844943e-11 5.489906458111152e-12 350
3 1.760342442832746e-11 1.089327690432529e-11 450
3.5 1.434942960612139e-11 1.592166237660141e-11 602
4 1.196651782163561e-11 1.863323224076207e-11 762
4.5 1.122152064272151e-11 2.944425784101393e-11 1142
5 8.998325373989977e-12 2.865113690273469e-11 1250
5.5 1.006743536234808e-11 3.396348826864665e-11 1458
6 1.132526905558648e-11 4.17315076503681e-11 1814
6.5 1.31892769370782e-11 5.068670351444791e-11 2178
7 1.565402071438782e-11 6.210492769127321e-11 2498
7.5 1.635508050217387e-11 8.071544661900008e-11 2622
8 1.954345789020977e-11 1.155890667366004e-10 3338
8.5 2.56548101529295e-11 1.317809568721048e-10 3722
9 3.068304913779889e-11 1.574432371534555e-10 4170
9.5 3.312269939435765e-11 1.928782879945321e-10 4358
10 3.448649173741231e-11 2.799862293443214e-10 5034
10.5 3.851174497774702e-11 3.429317393591518e-10 5714
11 4.440493484241894e-11 3.684594396042974e-10 5982
11.5 4.928193539047765e-11 4.19398415118362e-10 6602
12 5.696518924246124e-11 4.771824836841421e-10 7130
12.5 6.696665493712209e-11 5.540536230714123e-10 8034
13 7.079500009378093e-11 6.193177798486871e-10 8606
13.5 7.734037254231319e-11 6.774737990572107e-10 9066
14 8.395989939539005e-11 7.760477171859977e-10 9962
14.5 9.089603602755688e-11 8.550653638508333e-10 10550
15 9.829641647856008e-11 9.860667521603415e-10 11226
15.5 1.045579472141963e-10 1.109831432678322e-09 12146
16 1.092626723860054e-10 1.173498092217088e-09 12303
16.5 1.101780671052307e-10 1.289918735136466e-09 12584
17 1.03354955745882e-10 1.300210992807646e-09 12120
17.5 9.378058521811487e-11 1.256360956331214e-09 11180
18 9.39735438732115e-11 1.324790279744847e-09 11096
18.5 8.534677177578635e-11 1.247932146156637e-09 10056
19 8.330473401865295e-11 1.267701593010151e-09 9716
19.5 7.327869767684893e-11 1.130176507706989e-09 8604
20 3.587953009746684e-11 5.571992107198029e-10 8060
20.5 1.1506136794931e-13 2.128909147181973e-12 7320
21 7.82977441018139e-14 1.400487727914892e-12 6356
21.5 6.763387649841957e-14 1.008448142436593e-12 5348
22 5.231640470806449e-14 6.924603193383599e-13 4308
22.5 4.367966483366299e-14 5.300405840994153e-13 3563
23 3.337285017360795e-14 2.765280983981229e-13 2448
23.5 2.284191781690736e-14 2.662631914888153e-13 1868
24 1.562145112920291e-14 1.898535045007721e-13 1358
24.5 8.989394921702291e-15 1.67377636718507e-13 1062
25 4.752941048724051e-15 1.077391913468327e-13 776
25.5 1.149511505425335e-15 7.949871972086747e-14 432
26 4.335039890044472e-16 3.666674712653115e-14 200
26.5 3.962633050585351e-16 2.360879368941105e-14 168
27 1.996985380698578e-16 2.980109653450687e-15 56
27.5 3.524132190323255e-17 5.47505818573004e-16 7

0.5 2.391830911949418e-11 1.916774156622902e-12 18
1 1.506164092524254e-10 2.223159999541916e-11 62
1.5 1.969506191189001e-10 5.366570674475802e-11 98
2 4.082171488607433e-10 2.026611915351068e-10 210
2.5 3.769170274362409e-10 3.507101335514204e-10 350
3 2.838410041973999e-10 4.967467129375303e-10 450
3.5 2.105921032471459e-10 6.347239963027999e-10 602
4 1.224452102754757e-10 6.529880435970656e-10 762
4.5 7.371509396460829e-11 7.561292396315297e-10 1142
5 3.003227752498069e-11 6.211814732327389e-10 1250
5.5 1.622396915512272e-11 5.182908117791671e-10 1458
6 1.029083597626559e-11 4.690809700085126e-10 1814
6.5 8.880565156786572e-12 3.94440478885516e-10 2178
7 9.062074391168077e-12 2.766919606676617e-10 2498
7.5 9.844365678000692e-12 1.95404389324362e-10 2622
8 1.366414548052001e-11 1.635038806335563e-10 3338
8.5 1.701474067749218e-11 1.137451918452522e-10 3722
9 2.034573167277484e-11 9.241459545207539e-11 4170
9.5 2.087136664794579e-11 1.04558489033695e-10 4358
10 2.986554965237635e-11 1.277468390581479e-10 5034
10.5 3.18453083578786e-11 2.221394731169102e-10 5714
11 3.290695170772268e-11 3.764502768266784e-10 5982
11.5 4.413087150112129e-11 6.784588405118297e-10 6602
12 7.738947651021052e-11 1.052502719380553e-09 7130
12.5 1.613329917273528e-10 1.369364145562043e-09 8034
13 2.846059645193544e-10 1.445697604235289e-09 8606
13.5 4.15516424976641e-10 1.35252330313182e-09 9066
14 5.53724340452232e-10 1.278595784594822e-09 9962
14.5 6.487151415959849e-10 1.206650014414325e-09 10550
15 7.224883679888821e-10 1.307302674096607e-09 11226
15.5 7.523176984168074e-10 1.447627065936563e-09 12146
16 7.681611268375727e-10 1.674201313887491e-09 12303
16.5 7.747769767908332e-10 1.790246526655431e-09 12584
17 6.854833388265851e-10 1.742832345632069e-09 12120
17.5 5.718438745696218e-10 1.870907175886129e-09 11180
18 4.262291108684875e-10 2.162223297444594e-09 11096
18.5 2.746962479755146e-10 2.128246267277426e-09 10056
19 1.872463225971226e-10 1.949160199544922e-09 9716
19.5 1.150251270604918e-10 1.423463642818032e-09 8604
20 5.746594581155763e-11 8.507061489299174e-10 8060
20.5 1.485748365511406e-11 3.268948133412354e-10 7320
21 5.393567727297628e-12 1.443535329253103e-10 6356
21.5 2.269048588772543e-12 7.34773169629227e-11 5348
22 7.353205420767027e-13 3.671099908942107e-11 4308
22.5 3.099853907443097e-13 2.011594831620021e-11 3563
23 8.102494743815115e-14 8.85749040512263e-12 2448
23.5 3.66257676114598e-14 4.008088403660031e-12 1868
24 2.188174222451218e-14 1.71578005193749e-12 1358
24.5 1.336775628076147e-14 8.073454081417776e-13 1062
25 8.996857817327359e-15 4.63583828070546e-13 776
25.5 6.267816238338187e-15 2.373721639512663e-13 432
26 3.443512162179359e-15 9.018623096756992e-14 200
26.5 3.609365101827845e-15 9.062381399290191e-14 168
27 1.30523384319675e-15 3.149042936618096e-14 56
27.5 2.459509669283181e-16 2.3315733412552e-15 7

0.5 7.572626517406424e-11 9.533508000411068e-11 18
1 2.6975194592451e-10 5.085031050297894e-10 62
1.5 2.469289570575234e-10 8.481315406425284e-10 98
2 2.646375931097381e-10 2.326664143281769e-09 210
2.5 1.170403689170912e-10 2.859112793776273e-09 350
3 1.86808875555619e-10 2.914497225119437e-09 450
3.5 3.267414708906539e-10 2.669686419306953e-09 602
4 2.997949975232837e-10 2.75407976236683e-09 762
4.5 1.976445466043068e-10 3.470968325057138e-09 1142
5 1.19095021633715e-10 4.066704137349482e-09 1250
5.5 2.023873340173857e-10 4.649640963024745e-09 1458
6 4.12180054787414e-10 5.494671721591185e-09 1814
6.5 7.200598256271794e-10 6.008565938642232e-09 2178
7 9.251494173882086e-10 5.398885055195108e-09 2498
7.5 8.615229096367217e-10 3.949025402158614e-09 2622
8 9.490087464624747e-10 4.036140444801793e-09 3338
8.5 8.011765988800293e-10 3.518173949354107e-09 3722
9 7.119173221946352e-10 3.69345789635142e-09 4170
9.5 6.751976581181327e-10 3.678287245645058e-09 4358
10 6.700458629692189e-10 3.609214553126066e-09 5034
10.5 6.66514072610224e-10 3.674401030589643e-09 5714
11 5.575568706168091e-10 3.205349050868625e-09 5982
11.5 5.09067488085539e-10 3.458283643408243e-09 6602
12 3.87865467930203e-10 3.723776795261516e-09 7130
12.5 3.441665191479733e-10 5.328493574638377e-09 8034
13 3.514920623059416e-10 7.408003105623709e-09 8606
13.5 4.898819661215622e-10 8.335686349649942e-09 9066
14 6.616979376627621e-10 9.253429922976683e-09 9962
14.5 7.173907313411277e-10 9.477166663846491e-09 10550
15 6.828914142136215e-10 1.015447865859833e-08 11226
15.5 6.687106680770791e-10 1.04575891415351e-08 12146
16 6.208992295450207e-10 1.151728796565539e-08 12303
16.5 6.158593503380164e-10 1.348117708532895e-08 12584
17 5.77074849339445e-10 1.634763969691818e-08 12120
17.5 5.492304129380551e-10 1.805415370399591e-08 11180
18 5.343013230251521e-10 2.301275920260376e-08 11096
18.5 5.76714204374712e-10 2.532247880549692e-08 10056
19 6.456567166043243e-10 2.798167244675402e-08 9716
19.5 6.282169859550541e-10 2.377687266296933e-08 8604
20 5.646473890069353e-10 1.763645198323453e-08 8060
20.5 4.465160780007973e-10 1.024407622116518e-08 7320
21 2.524031058592496e-10 4.547290396537767e-09 6356
21.5 1.305242144114104e-10 2.003998091216923e-09 5348
22 7.81426378543231e-11 7.185343826235414e-10 4308
22.5 5.50217097577668e-11 3.814818690942181e-10 3563
23 3.668236628044752e-11 1.499086534059707e-10 2448
23.5 2.568311671251452e-11 7.098549526727228e-11 1868
24 1.858145295591658e-11 3.616105752457658e-11 1358
24.5 1.102853251352057e-11 1.635436658782894e-11 1062
25 6.931335676401415e-12 7.962889024016047e-12 776
25.5 2.78190409533126e-12 2.907573087474383e-12 432
26 1.390897713252006e-12 9.878200289879112e-13 200
26.5 6.946970039443325e-13 7.360720002005184e-13 168
27 2.09919473190212e-13 1.529066621656778e-13 56
27.5 4.64697630497508e-14 5.687992028683323e-15 7

0.5 2.48915080487641e-12 4.347522031410398e-10 18
1 9.62938457273194e-12 1.615061111575172e-09 62
1.5 1.469090477255719e-10 1.986658541867372e-09 98
2 1.022587872551294e-09 4.083255530318135e-09 210
2.5 2.46456065815861e-09 4.398551160674526e-09 350
3 3.613268214515234e-09 3.826699665607851e-09 450
3.5 4.370414854852976e-09 3.246942277676747e-09 602
4 5.737826791869298e-09 2.779796768823393e-09 762
4.5 7.075640569698834e-09 2.51934121075309e-09 1142
5 5.858403635094826e-09 1.830796473739705e-09 1250
5.5 4.855369619328924e-09 1.780820006848939e-09 1458
6 4.232451023758078e-09 1.861060192096199e-09 1814
6.5 4.362127536569891e-09 2.919877915527892e-09 2178
7 4.142147015319295e-09 3.948800739836582e-09 2498
7.5 4.300275284658551e-09 4.192279061326601e-09 2622
8 5.316601933881623e-09 4.990996212309601e-09 3338
8.5 5.585453742882629e-09 5.04541682622292e-09 3722
9 6.098551397018692e-09 5.164106030804614e-09 4170
9.5 6.29744667979785e-09 4.396875054051361e-09 4358
10 6.710976633070384e-09 3.881481415354426e-09 5034
10.5 6.938318007485163e-09 3.608738437144574e-09 5714
11 6.610339942594579e-09 3.489526081582689e-09 5982
11.5 6.922534105640902e-09 3.308224113418773e-09 6602
12 7.205992168965801e-09 2.936582922169308e-09 7130
12.5 6.939368418628918e-09 3.164872362859923e-09 8034
13 6.713964974316335e-09 4.165310378215979e-09 8606
13.5 7.592786200907967e-09 5.428431083216613e-09 9066
14 8.824235873516426e-09 6.036650357320549e-09 9962
14.5 9.45804338952971e-09 5.624864947479832e-09 10550
15 9.495323743471257e-09 5.662673112748416e-09 11226
15.5 1.021772316641769e-08 5.52780488924292e-09 12146
16 9.975890952153826e-09 5.320975688900492e-09 12303
16.5 1.032983754432912e-08 5.758420071435081e-09 12584
17 9.723260819390567e-09 6.061045062711227e-09 12120
17.5 9.006065369196197e-09 5.532826578080147e-09 11180
18 8.47091470786277e-09 5.465401087542185e-09 11096
18.5 7.12569260272495e-09 5.791095891152113e-09 10056
19 5.771109271408934e-09 7.237220486464732e-09 9716
19.5 3.696680206336092e-09 7.341590633008006e-09 8604
20 2.503755699954418e-09 6.587530695224158e-09 8060
20.5 1.708298339852769e-09 4.999594867602288e-09 7320
21 1.159455869272325e-09 2.903139651078965e-09 6356
21.5 8.086534567780174e-10 1.437126699948431e-09 5348
22 6.123982302116593e-10 7.606246683882699e-10 4308
22.5 4.546128288447056e-10 4.332742243383208e-10 3563
23 2.760115621715582e-10 2.08361035938859e-10 2448
23.5 2.033455694104334e-10 9.387859268698673e-11 1868
24 1.401590556091881e-10 4.012654079804294e-11 1358
24.5 1.031621528572723e-10 2.197082151742899e-11 1062
25 7.426333848837139e-11 1.957635205688199e-11 776
25.5 3.847732140663375e-11 1.515763600355936e-11 432
26 1.953565785205105e-11 7.96824480530517e-12 200
26.5 1.533709243511891e-11 9.660799386433903e-12 168
27 4.44597990867708e-12 2.559099720275382e-12 56
27.5 8.350795413886884e-13 2.256984075925214e-13 7

0.5 1.368385928492542e-10 2.59064494404774e-10 18
1 1.502429375175222e-09 2.09787491890615e-09 62
1.5 3.470506357444943e-09 5.543688479004518e-09 98
2 1.042232300736063e-08 1.770088459081659e-08 210
2.5 1.449626883078922e-08 2.47792850171245e-08 350
3 2.134709863906337e-08 3.040920287645911e-08 450
3.5 2.423146132873338e-08 2.828228292938424e-08 602
4 3.044778593880982e-08 2.649993934234248e-08 762
4.5 4.973807563703064e-08 2.683077471976761e-08 1142
5 5.624855739158435e-08 2.004000403528214e-08 1250
5.5 7.768960816921128e-08 1.912095622090562e-08 1458
6 1.089742575225281e-07 1.665687169684764e-08 1814
6.5 1.344698192628545e-07 1.233092740161602e-08 2178
7 1.297882967608471e-07 6.598284948132492e-09 2498
7.5 1.296766623354866e-07 3.231681455328031e-09 2622
8 1.507117417270294e-07 2.446640854328594e-09 3338
8.5 1.594297656686731e-07 2.734153455769301e-09 3722
9 1.642360968386506e-07 3.358608551668449e-09 4170
9.5 1.596102699517792e-07 3.305047063560972e-09 4358
10 1.726416595702686e-07 3.883595919122778e-09 5034
10.5 1.840660670866384e-07 5.533670618951553e-09 5714
11 1.703840831053416e-07 7.410588165609052e-09 5982
11.5 1.782742733925644e-07 1.049738457236031e-08 6602
12 1.716270824390407e-07 1.272319095362742e-08 7130
12.5 1.783751669411992e-07 1.595331782144369e-08 8034
13 1.840719026350223e-07 2.035572098539032e-08 8606
13.5 1.851071634313654e-07 2.440665832511633e-08 9066
14 1.850556907598451e-07 2.779113750177988e-08 9962
14.5 1.918074969064526e-07 3.054328577571061e-08 10550
15 2.00100160633555e-07 3.517160559866977e-08 11226
15.5 2.08312855037028e-07 4.228669653582258e-08 12146
16 2.028494416098441e-07 4.905886626896808e-08 12303
16.5 1.917500080584563e-07 6.0311976657071e-08 12584
17 1.70225232854168e-07 6.979506117485258e-08 12120
17.5 1.489767689846431e-07 7.571736456676331e-08 11180
18 1.345151190632748e-07 8.608103363186902e-08 11096
18.5 1.085475659650798e-07 8.652470051854248e-08 10056
19 9.500811803468473e-08 9.408294727520679e-08 9716
19.5 7.341858613577708e-08 8.374375831914597e-08 8604
20 5.913830082147403e-08 7.410672388060015e-08 8060
20.5 4.516630512275905e-08 5.951279458578259e-08 7320
21 2.831675473409873e-08 3.915263269617159e-08 6356
21.5 1.509095159173391e-08 2.155508754593396e-08 5348
22 8.538461965844756e-09 1.375666009561465e-08 4308
22.5 5.732862697466204e-09 1.083326714870283e-08 3563
23 3.440075505066999e-09 7.946049105734482e-09 2448
23.5 2.659094838967323e-09 7.071694559936958e-09 1868
24 2.001381755437429e-09 6.233862028793121e-09 1358
24.5 1.307444683681697e-09 5.104977010652636e-09 1062
25 8.717676223522556e-10 3.836623793774437e-09 776
25.5 3.475872351587772e-10 1.677840344092268e-09 432
26 1.648576686396541e-10 8.126736670502348e-10 200
26.5 9.408422020695632e-11 4.930078757281859e-10 168
27 1.910055329718119e-11 1.117895176163931e-10 56
27.5 1.894471270605627e-12 4.351129608559913e-12 7

0.5 6.97267123797394e-08 7.721067117629215e-10 18
1 5.520807975357997e-07 6.230907465219926e-09 62
1.5 1.257657962261611e-06 1.661136111836443e-08 98
2 3.520779298456873e-06 9.190805067778117e-08 210
2.5 4.878307872794199e-06 2.441113916079955e-07 350
3 6.153510853904431e-06 5.917853917432662e-07 450
3.5 5.478888920988026e-06 9.010776390401915e-07 602
4 5.940187748266939e-06 1.621257074695872e-06 762
4.5 7.559056942093593e-06 3.351155098833702e-06 1142
5 6.860372040485466e-06 4.90789889427881e-06 1250
5.5 6.843343365275557e-06 7.035778974319251e-06 1458
6 6.885869777377476e-06 1.01321707788865e-05 1814
6.5 6.508084587445688e-06 1.382554323879627e-05 2178
7 5.179383137278756e-06 1.502451591629575e-05 2498
7.5 4.016471788114857e-06 1.596612823912114e-05 2622
8 3.645816252603751e-06 1.848289580566054e-05 3338
8.5 2.928887863671818e-06 1.972374886900026e-05 3722
9 2.340282500538502e-06 1.830537643362559e-05 4170
9.5 1.900758677553422e-06 1.687736271112975e-05 4358
10 1.661331283451708e-06 1.767298924349675e-05 5034
10.5 1.471090361412813e-06 1.78094228846589e-05 5714
11 1.228607223898253e-06 1.553328875728153e-05 5982
11.5 1.115314427854162e-06 1.527428893429236e-05 6602
12 9.948032373569206e-07 1.461992178030653e-05 7130
12.5 9.479483585850368e-07 1.512774783606448e-05 8034
13 8.711401289551372e-07 1.443412218917193e-05 8606
13.5 7.817921791320569e-07 1.392753690205019e-05 9066
14 7.649889511981738e-07 1.359533347715598e-05 9962
14.5 7.224418288762579e-07 1.34200022531497e-05 10550
15 7.081765588611592e-07 1.368363187214512e-05 11226
15.5 7.076073115916783e-07 1.364052491848429e-05 12146
16 6.698288518814504e-07 1.278035476661204e-05 12303
16.5 5.954348941203301e-07 1.120414493059011e-05 12584
17 4.981435010872798e-07 9.278860644367447e-06 12120
17.5 4.361037798450934e-07 7.557963287650945e-06 11180
18 4.063075029613863e-07 6.818208831242041e-06 11096
18.5 3.554685323909773e-07 5.417280074649673e-06 10056
19 3.418251459654304e-07 4.931906157357403e-06 9716
19.5 2.97510653244355e-07 4.152841708234067e-06 8604
20 2.867117806827088e-07 3.797455561790107e-06 8060
20.5 2.552422184614429e-07 3.215941864051003e-06 7320
21 2.172189371497769e-07 2.62091315036798e-06 6356
21.5 1.747984472068897e-07 2.107381684275356e-06 5348
22 1.452470798733323e-07 1.610952422130458e-06 4308
22.5 1.204078007843623e-07 1.342811738135837e-06 3563
23 8.476998771297878e-08 9.638632295089367e-07 2448
23.5 6.808992734698221e-08 7.350702443531383e-07 1868
24 5.112781407591696e-08 5.282868336272926e-07 1358
24.5 4.155872328695572e-08 3.935066652656327e-07 1062
25 3.536904947166186e-08 2.925308942640577e-07 776
25.5 1.940512718347839e-08 1.820268578070307e-07 432
26 7.653585247803848e-09 8.086023095504348e-08 200
26.5 8.959909747527157e-09 8.654295015032513e-08 168
27 3.250317985476183e-09 2.347375202040906e-08 56
27.5 3.057927931687461e-10 4.882034746192982e-09 7

0.5 4.809750603798712e-08 2.369752779057865e-07 18
1 3.882305241875568e-07 2.114844517338563e-06 62
1.5 1.08607424768837e-06 4.195677081025483e-06 98
2 3.805545590381974e-06 1.129105723016556e-05 210
2.5 6.814562126691352e-06 1.412270053687906e-05 350
3 1.158528904984647e-05 1.62927022224824e-05 450
3.5 1.437604334715919e-05 1.407618269144842e-05 602
4 2.011284707847683e-05 1.286467210175635e-05 762
4.5 3.259958609014734e-05 1.279283588044316e-05 1142
5 3.251882923788923e-05 9.394261153771082e-06 1250
5.5 3.845815261630718e-05 8.948058663282133e-06 1458
6 4.01178106042573e-05 1.0605460866577e-05 1814
6.5 4.007220912008605e-05 1.33650567203059e-05 2178
7 3.507087085651575e-05 1.55315075113374e-05 2498
7.5 2.773220090055862e-05 1.554255702168681e-05 2622
8 2.681958591216281e-05 1.832152264475646e-05 3338
8.5 2.444622967838962e-05 1.740176570736171e-05 3722
9 2.299103947680611e-05 1.568022415087579e-05 4170
9.5 2.126718851488373e-05 1.457795962573696e-05 4358
10 2.148923382311638e-05 1.445480692173404e-05 5034
10.5 2.183837343490103e-05 1.545472427752833e-05 5714
11 2.036080153740032e-05 1.475504866108859e-05 5982
11.5 1.986059336109649e-05 1.545510915000061e-05 6602
12 1.933296583810798e-05 1.607352584673801e-05 7130
12.5 2.048158064067381e-05 1.698019302407071e-05 8034
13 2.066365966887156e-05 1.784089730219984e-05 8606
13.5 2.028664141310184e-05 1.944322756269232e-05 9066
14 2.014009568827069e-05 2.081369338333475e-05 9962
14.5 2.062011071393308e-05 2.227635373704955e-05 10550
15 2.112325417013187e-05 2.429769781018743e-05 11226
15.5 2.22859993132872e-05 2.647311251243373e-05 12146
16 2.147287614737378e-05 2.634383209324309e-05 12303
16.5 1.984719185006516e-05 2.760017517225765e-05 12584
17 1.748754164588851e-05 2.687654514996168e-05 12120
17.5 1.465355143965939e-05 2.543552995762404e-05 11180
18 1.304955069761661e-05 2.494154973595547e-05 11096
18.5 1.137429934071449e-05 2.377886958394507e-05 10056
19 1.049626956485426e-05 2.31238794824914e-05 9716
19.5 8.548074016922826e-06 2.124470722983024e-05 8604
20 7.829502027974795e-06 2.023572607434509e-05 8060
20.5 7.135293856801221e-06 1.882795203234864e-05 7320
21 6.06439971617851e-06 1.696106260413176e-05 6356
21.5 5.198236871825599e-06 1.480711839539146e-05 5348
22 3.982923668126753e-06 1.204901515889655e-05 4308
22.5 3.223039470466627e-06 1.007635699449042e-05 3563
23 2.153630579643195e-06 7.246829269335439e-06 2448
23.5 1.637342790966289e-06 5.827554689176291e-06 1868
24 1.231774283392361e-06 4.441001172507054e-06 1358
24.5 9.305399839344685e-07 3.849177807346289e-06 1062
25 6.734322503220949e-07 2.654020049056833e-06 776
25.5 3.879088509896066e-07 1.565045006165329e-06 432
26 2.215455728813122e-07 6.3527187208511e-07 200
26.5 1.313745384512361e-07 5.927701157771936e-07 168
27 6.296149469414125e-08 3.10409728091219e-07 56
27.5 4.414616426094423e-09 2.5218261443686e-08 7

0.5 2.714972168054449e-08 3.358302043453044e-07 18
1 1.486647770873905e-07 2.459756434001129e-06 62
1.5 2.712211541904416e-07 5.073157669151842e-06 98
2 8.25539281937579e-07 1.335971737299784e-05 210
2.5 2.228635163769094e-06 1.603938250527357e-05 350
3 4.39579995384522e-06 2.095203764358877e-05 450
3.5 5.827242290818816e-06 1.857084965382738e-05 602
4 9.239262675471851e-06 1.836514334863216e-05 762
4.5 1.537901654776305e-05 2.250601179038565e-05 1142
5 1.483186117801014e-05 2.065956699623406e-05 1250
5.5 1.668856020986273e-05 2.065195211134632e-05 1458
6 1.651328309765369e-05 2.555770029970299e-05 1814
6.5 1.829809942529423e-05 2.732203085408726e-05 2178
7 1.829262763750458e-05 2.705473756854961e-05 2498
7.5 1.610773439540991e-05 2.336308928501258e-05 2622
8 1.92499255354918e-05 2.650209665901657e-05 3338
8.5 1.965959704114414e-05 2.557357412968791e-05 3722
9 1.991945123542195e-05 2.820075354415708e-05 4170
9.5 1.94458165619044e-05 2.639131439689104e-05 4358
10 2.020063053848221e-05 2.913277192904414e-05 5034
10.5 2.117166346010633e-05 3.084203723826821e-05 5714
11 2.100050202930392e-05 3.106125367309916e-05 5982
11.5 2.118793481442714e-05 3.255510596531429e-05 6602
12 2.123701601497475e-05 3.422062677525119e-05 7130
12.5 2.299915594811617e-05 3.778731742897316e-05 8034
13 2.3260023296944e-05 3.928677988199864e-05 8606
13.5 2.319585402884232e-05 4.191031336758917e-05 9066
14 2.546595435157034e-05 4.471034356600269e-05 9962
14.5 2.603335365703104e-05 4.925303452545276e-05 10550
15 2.673086544982113e-05 5.240787275496001e-05 11226
15.5 2.870086576308803e-05 5.876419638390618e-05 12146
16 2.877242829646015e-05 5.911562375026966e-05 12303
16.5 2.731439280796177e-05 5.945174441345843e-05 12584
17 2.503485859353893e-05 5.619657990546801e-05 12120
17.5 2.20540336543258e-05 5.241118612530648e-05 11180
18 2.104264814181529e-05 5.237588609723865e-05 11096
18.5 1.82444680017512e-05 4.902495505073544e-05 10056
19 1.747052524032094e-05 4.757398224949113e-05 9716
19.5 1.579964846355355e-05 4.245238305963622e-05 8604
20 1.376992389145667e-05 4.144300667606902e-05 8060
20.5 1.246091193100144e-05 3.709050906175693e-05 7320
21 1.047385739157217e-05 3.354463298348753e-05 6356
21.5 9.184636475380698e-06 2.83463898317232e-05 5348
22 7.268040815422315e-06 2.419923471470086e-05 4308
22.5 5.671954448595553e-06 1.978242800757935e-05 3563
23 3.799496964540391e-06 1.447851061727175e-05 2448
23.5 3.048427309038484e-06 1.054090472525496e-05 1868
24 2.134389394938478e-06 8.03801504362201e-06 1358
24.5 1.758982752884276e-06 6.466937473201911e-06 1062
25 1.256611857470229e-06 4.670776506174615e-06 776
25.5 7.082731868446802e-07 2.8215428884013e-06 432
26 3.164513509837567e-07 1.283638587737006e-06 200
26.5 2.576452807790791e-07 1.166528143953171e-06 168
27 9.319206533490206e-08 3.345760277298302e-07 56
27.5 5.546770290584985e-09 3.251828539569658e-08 7

0.5 8.780020720430274e-09 1.685062471831403e-07 18
1 6.788303790823901e-08 1.017889960572076e-06 62
1.5 1.866693618786408e-07 1.793039293801994e-06 98
2 5.714519320525273e-07 4.023610233024257e-06 210
2.5 1.26189834966286e-06 4.827494305232501e-06 350
3 2.316312253443765e-06 5.210845778941752e-06 450
3.5 2.735132884928169e-06 5.579035404960055e-06 602
4 4.078840985818737e-06 7.492516951372356e-06 762
4.5 6.290856974082848e-06 1.069148971628934e-05 1142
5 6.402966258247196e-06 1.109884936119876e-05 1250
5.5 6.9717822751806e-06 1.343914051734902e-05 1458
6 8.574617768309157e-06 1.505563737620241e-05 1814
6.5 9.971515466999268e-06 1.636071603788411e-05 2178
7 1.111317088822956e-05 1.804604844465018e-05 2498
7.5 1.065252685835524e-05 1.802366108250469e-05 2622
8 1.223750159321953e-05 2.13337627116852e-05 3338
8.5 1.287996123655699e-05 2.365018959432678e-05 3722
9 1.404976509883076e-05 2.553824209329573e-05 4170
9.5 1.372705268695821e-05 2.51838851841421e-05 4358
10 1.537722591099063e-05 2.92620707977159e-05 5034
10.5 1.65417687261914e-05 3.254944578740375e-05 5714
11 1.661072215229989e-05 3.412260401147642e-05 5982
11.5 1.694747471490295e-05 3.811422372142007e-05 6602
12 1.854562621891657e-05 4.014812677412631e-05 7130
12.5 1.994625858485591e-05 4.515765886407169e-05 8034
13 2.121856865581932e-05 5.028911621668855e-05 8606
13.5 2.205385093803564e-05 5.39154569624374e-05 9066
14 2.385233943467535e-05 5.822108163993864e-05 9962
14.5 2.458125122171083e-05 6.227213912034616e-05 10550
15 2.735086909324147e-05 6.923475310350327e-05 11226
15.5 2.81023582386721e-05 7.639718314481989e-05 12146
16 2.818458760589817e-05 7.74726192017779e-05 12303
16.5 2.85342475046203e-05 8.107802343663135e-05 12584
17 2.648208570644123e-05 7.935808315996503e-05 12120
17.5 2.349350142412317e-05 7.461928545813221e-05 11180
18 2.32353359317071e-05 7.208337597766841e-05 11096
18.5 2.071190052822394e-05 6.712062010928749e-05 10056
19 1.956761477567259e-05 6.574864672647648e-05 9716
19.5 1.775203920757539e-05 5.999491904466852e-05 8604
20 1.624935161584331e-05 5.601149012017407e-05 8060
20.5 1.486066895177672e-05 5.423503894103389e-05 7320
21 1.331120117079931e-05 4.61356020620597e-05 6356
21.5 1.112846195358326e-05 4.044262670511839e-05 5348
22 8.452412162435446e-06 3.362474077638023e-05 4308
22.5 7.112172705561801e-06 2.781500005288669e-05 3563
23 4.870932553149997e-06 2.001261657603897e-05 2448
23.5 3.731327755727767e-06 1.549560873678815e-05 1868
24 2.739847649305151e-06 1.124421566012989e-05 1358
24.5 2.037191406486865e-06 8.87335419489206e-06 1062
25 1.475137071647283e-06 6.956353358454851e-06 776
25.5 9.044766484806207e-07 4.009524768442201e-06 432
26 4.055105819651985e-07 1.689529231841881e-06 200
26.5 3.602314591416577e-07 1.735371259724732e-06 168
27 1.282428256175437e-07 4.137248990973487e-07 56
27.5 1.023186950658576e-08 9.726173816877222e-08 7

0.5 9.968835681372464e-09 3.570056749611433e-08 18
1 5.048744518870681e-08 2.12261420825026e-07 62
1.5 1.186348329801302e-07 3.832935701540802e-07 98
2 3.434445432834236e-07 7.256972205452343e-07 210
2.5 6.028753939950081e-07 1.135253742696767e-06 350
3 7.900302168066965e-07 1.307647712097336e-06 450
3.5 1.125743499080773e-06 1.768405544678086e-06 602
4 1.653945203504196e-06 2.669736490714361e-06 762
4.5 2.479633908794443e-06 4.559560254278125e-06 1142
5 2.852669178706382e-06 4.773345991447596e-06 1250
5.5 3.208506095442751e-06 5.466879806714327e-06 1458
6 3.958625781004011e-06 7.247948679131371e-06 1814
6.5 4.67625312922574e-06 8.666809353095672e-06 2178
7 5.295767867368555e-06 1.065160916133512e-05 2498
7.5 5.5067822998018e-06 1.062565608389051e-05 2622
8 6.688399597657754e-06 1.314078979857133e-05 3338
8.5 7.320713093908246e-06 1.57521033944989e-05 3722
9 8.021376716611187e-06 1.778866110882547e-05 4170
9.5 7.914946215654516e-06 1.988035304847998e-05 4358
10 9.885812803786859e-06 2.221295855647031e-05 5034
10.5 1.055854137299084e-05 2.54694808029261e-05 5714
11 1.097511934279691e-05 2.950084551886006e-05 5982
11.5 1.243179897411864e-05 3.140468548095882e-05 6602
12 1.341119693459039e-05 3.53858942816744e-05 7130
12.5 1.46743138707928e-05 4.074182203401907e-05 8034
13 1.613865811737345e-05 4.428383584045984e-05 8606
13.5 1.688004776394236e-05 4.849526621489873e-05 9066
14 1.829198739884162e-05 5.390070204119052e-05 9962
14.5 1.98331895618296e-05 5.9570290617963e-05 10550
15 2.130503301001276e-05 6.541463464977996e-05 11226
15.5 2.291179171057735e-05 7.186913146329827e-05 12146
16 2.390098234194502e-05 7.51305526271798e-05 12303
16.5 2.42736018073992e-05 7.52293955995997e-05 12584
17 2.310339033050309e-05 7.562608917462027e-05 12120
17.5 2.126624556401557e-05 7.239614253144387e-05 11180
18 2.068357967155076e-05 7.422885827717257e-05 11096
18.5 1.871651518086561e-05 6.644746885512163e-05 10056
19 1.784519763977608e-05 6.617311171937792e-05 9716
19.5 1.535841251153875e-05 6.050139630076997e-05 8604
20 1.501471558887307e-05 5.680464907239153e-05 8060
20.5 1.366934107081686e-05 5.339198779498881e-05 7320
21 1.166234857255196e-05 4.826021672669226e-05 6356
21.5 9.988947905718977e-06 4.032216943357273e-05 5348
22 7.93938726213975e-06 3.316761985822731e-05 4308
22.5 6.942075552296686e-06 2.718973822916829e-05 3563
23 4.68862907137716e-06 1.99502597389132e-05 2448
23.5 3.596483168154033e-06 1.476183400168621e-05 1868
24 2.48043450684677e-06 1.195630467174954e-05 1358
24.5 1.959870293266095e-06 8.792630979381683e-06 1062
25 1.583772472575223e-06 6.612614315207645e-06 776
25.5 8.932556862343529e-07 3.529512795589784e-06 432
26 3.972137348414649e-07 2.13446689452431e-06 200
26.5 2.902926190819811e-07 1.492667925833693e-06 168
27 8.287395587663386e-08 3.711144408386013e-07 56
27.5 1.258396219539159e-08 6.426286255244974e-08 7

0.5 4.251714929729488e-09 5.688014604380684e-09 18
1 2.259890073965111e-08 4.042359155803547e-08 62
1.5 5.883709887260843e-08 8.077689038903143e-08 98
2 1.431128766311674e-07 1.936200008622057e-07 210
2.5 2.622016119091705e-07 3.874238275222575e-07 350
3 3.685230055351772e-07 5.944418140456024e-07 450
3.5 5.262619040677328e-07 8.362442605888752e-07 602
4 8.255811975362657e-07 1.425853060593373e-06 762
4.5 1.24224875301767e-06 2.254202337758757e-06 1142
5 1.314276568663578e-06 2.710676228545267e-06 1250
5.5 1.709848701796933e-06 3.289033986600738e-06 1458
6 2.014751993184727e-06 4.181359591617797e-06 1814
6.5 2.679341550956998e-06 5.538268755502392e-06 2178
7 2.845634341388513e-06 6.7846637088443e-06 2498
7.5 3.142566572577571e-06 7.553136204394659e-06 2622
8 4.035043571538485e-06 9.670523236080144e-06 3338
8.5 4.654583189527207e-06 1.138028952245956e-05 3722
9 5.263304734152676e-06 1.298428510962403e-05 4170
9.5 5.715131349005319e-06 1.362575353472941e-05 4358
10 6.377799789683248e-06 1.691685276348587e-05 5034
10.5 7.517932619598714e-06 2.095385974439361e-05 5714
11 7.843022673718196e-06 2.301225890514684e-05 5982
11.5 8.945732981161283e-06 2.506534630291602e-05 6602
12 1.002551500048624e-05 2.847238516958211e-05 7130
12.5 1.119638991192723e-05 3.312658544476705e-05 8034
13 1.226434472190979e-05 3.530527887200976e-05 8606
13.5 1.313787853256872e-05 3.948673930748816e-05 9066
14 1.444696846021953e-05 4.435323792972255e-05 9962
14.5 1.563314607396518e-05 4.959098438657142e-05 10550
15 1.73349867078421e-05 5.44319489359201e-05 11226
15.5 1.892030482152393e-05 6.020751836591631e-05 12146
16 1.902965605857351e-05 6.356531762726572e-05 12303
16.5 1.958531372291066e-05 6.482409701046492e-05 12584
17 1.909502050098855e-05 6.518059630819868e-05 12120
17.5 1.768557978139458e-05 6.06657432647255e-05 11180
18 1.71657023652224e-05 6.275393651081664e-05 11096
18.5 1.608373220544281e-05 5.774899214046974e-05 10056
19 1.524510258842407e-05 5.670708117419406e-05 9716
19.5 1.354443466520352e-05 5.145289251368218e-05 8604
20 1.342678798765044e-05 5.038634022126211e-05 8060
20.5 1.228018910835356e-05 4.670446896002149e-05 7320
21 1.045814021984163e-05 4.014101141109137e-05 6356
21.5 8.900763976187806e-06 3.511858993554253e-05 5348
22 7.484061669247321e-06 2.836762390221211e-05 4308
22.5 6.005467882482159e-06 2.393905667105043e-05 3563
23 4.104680608985566e-06 1.68997016857213e-05 2448
23.5 3.311883741251089e-06 1.393553313929802e-05 1868
24 2.316318025084772e-06 1.015170679751935e-05 1358
24.5 1.805809421275411e-06 8.050638465336855e-06 1062
25 1.45021512057726e-06 5.453927343870049e-06 776
25.5 8.103172658129315e-07 3.390381854518646e-06 432
26 3.216946486937775e-07 1.607505912335241e-06 200
26.5 3.220465126695691e-07 1.43349821254387e-06 168
27 8.898733960941992e-08 4.49651162938286e-07 56
27.5 1.91885312113372e-08 7.156469504345231e-08 7

0.5 7.711126020401085e-10 2.000433995630966e-09 18
1 8.448996287249521e-09 2.121653822263691e-08 62
1.5 2.636054925548483e-08 4.580328204623298e-08 98
2 7.550900327794207e-08 1.274104030784085e-07 210
2.5 1.414960443912351e-07 2.672751644697948e-07 350
3 2.052188582764593e-07 4.108091089231363e-07 450
3.5 2.993971306810595e-07 6.676042007578493e-07 602
4 5.047296046296574e-07 8.440400045080846e-07 762
4.5 7.345999876602418e-07 1.562625620234153e-06 1142
5 8.872865684549522e-07 1.844009658373451e-06 1250
5.5 1.058346735268601e-06 2.322129437263505e-06 1458
6 1.313742201247367e-06 3.061064422052052e-06 1814
6.5 1.719517009098397e-06 4.019024315462735e-06 2178
7 2.033278963930688e-06 4.86350091488228e-06 2498
7.5 2.311375180220088e-06 5.581337904552704e-06 2622
8 3.081672849931467e-06 7.647581132303871e-06 3338
8.5 3.475389042335804e-06 9.029444119833377e-06 3722
9 3.955445235439711e-06 1.017302932702352e-05 4170
9.5 4.254242206807778e-06 1.123054107352313e-05 4358
10 5.073456892595755e-06 1.369344385484655e-05 5034
10.5 5.960895243665835e-06 1.661087590073355e-05 5714
11 6.54067692030261e-06 1.768676628790078e-05 5982
11.5 7.450854580447919e-06 2.018112929665693e-05 6602
12 8.168147119847967e-06 2.233575299241045e-05 7130
12.5 9.448075328610982e-06 2.639739499881956e-05 8034
13 9.971227300650085e-06 3.021502398361261e-05 8606
13.5 1.060300606460912e-05 3.213583507281975e-05 9066
14 1.229019706144102e-05 3.703050370484828e-05 9962
14.5 1.336133123432245e-05 4.047591521461034e-05 10550
15 1.442353745871395e-05 4.438617846848212e-05 11226
15.5 1.56379460847471e-05 4.8252324985583e-05 12146
16 1.617998254193505e-05 5.274608913188181e-05 12303
16.5 1.694804442319576e-05 5.395398278098372e-05 12584
17 1.620304867189907e-05 5.503189382350263e-05 12120
17.5 1.500604877045894e-05 5.160142840838847e-05 11180
18 1.528811375072681e-05 5.190522788660091e-05 11096
18.5 1.406190438890164e-05 4.928254971164202e-05 10056
19 1.348287982970407e-05 4.775750345196838e-05 9716
19.5 1.236790411717276e-05 4.409569748114772e-05 8604
20 1.139481970863195e-05 4.278831693576479e-05 8060
20.5 1.042998353303127e-05 3.93410654144946e-05 7320
21 9.320666498389035e-06 3.567312020084995e-05 6356
21.5 7.870631084875815e-06 2.992378185950843e-05 5348
22 6.153615897449333e-06 2.415302656400016e-05 4308
22.5 5.33667453389365e-06 2.066444170564982e-05 3563
23 3.492733728837094e-06 1.381925641158148e-05 2448
23.5 2.874091532891819e-06 1.132940998982112e-05 1868
24 2.09448855932742e-06 8.881613616159766e-06 1358
24.5 1.573677519607949e-06 6.95866847970169e-06 1062
25 1.339249629189604e-06 5.16535679964143e-06 776
25.5 6.76153268206288e-07 2.705392240013439e-06 432
26 2.934655058664529e-07 1.060701586441411e-06 200
26.5 2.145568242695944e-07 8.928690291590297e-07 168
27 1.101711906199486e-07 3.199981981902783e-07 56
27.5 4.094675302816408e-09 6.012223923276257e-08 7

0.5 1.206988250731246e-09 1.574047943747611e-09 18
1 9.416298578252294e-09 1.21537903493169e-08 62
1.5 1.439488263982365e-08 2.77211332222689e-08 98
2 4.548880991843259e-08 1.090820748713829e-07 210
2.5 9.846728815032941e-08 2.214650033644884e-07 350
3 1.413114851563988e-07 2.873787664247063e-07 450
3.5 2.26202673088313e-07 5.284378238715618e-07 602
4 3.366078917753514e-07 6.633032478175118e-07 762
4.5 5.570576862268073e-07 1.136634483123918e-06 1142
5 6.45649386529843e-07 1.495147733285732e-06 1250
5.5 8.475394769880214e-07 1.853106035418155e-06 1458
6 1.110912252974297e-06 2.584490231404708e-06 1814
6.5 1.407801846921443e-06 3.280810003524568e-06 2178
7 1.646971626474601e-06 4.084183071232039e-06 2498
7.5 1.877231807033783e-06 4.433989779821195e-06 2622
8 2.391281357200697e-06 6.268544397164954e-06 3338
8.5 2.989652526793901e-06 7.20958612739528e-06 3722
9 3.349354714176486e-06 8.750879041158197e-06 4170
9.5 3.723109985705277e-06 9.525709437958093e-06 4358
10 4.500623869954523e-06 1.146970476432075e-05 5034
10.5 5.124667203688022e-06 1.378281275191984e-05 5714
11 5.654432143832957e-06 1.458451943022825e-05 5982
11.5 6.312092441872175e-06 1.710580288038051e-05 6602
12 6.958603217922942e-06 1.83624829060386e-05 7130
12.5 7.795715371283176e-06 2.271890925178368e-05 8034
13 8.838412485261704e-06 2.457833268560277e-05 8606
13.5 9.434006532216748e-06 2.710644786302144e-05 9066
14 1.056008457906672e-05 3.088149985171393e-05 9962
14.5 1.150911102132505e-05 3.299067303241477e-05 10550
15 1.25717282868928e-05 3.692221797471132e-05 11226
15.5 1.390024602428634e-05 4.29522817059735e-05 12146
16 1.416103016437208e-05 4.415677581279594e-05 12303
16.5 1.486688991175564e-05 4.646437039485587e-05 12584
17 1.461310062748502e-05 4.55771883210757e-05 12120
17.5 1.36053168554243e-05 4.348030206347581e-05 11180
18 1.360031303904601e-05 4.422798928364954e-05 11096
18.5 1.240873427152985e-05 4.055815889053192e-05 10056
19 1.244350405372863e-05 4.101592636258271e-05 9716
19.5 1.080418367744416e-05 3.660168871006928e-05 8604
20 1.027028012249418e-05 3.558919774733433e-05 8060
20.5 9.250119882893405e-06 3.24129572441196e-05 7320
21 7.972926095310701e-06 2.963664445307285e-05 6356
21.5 7.253195674541689e-06 2.52478094686851e-05 5348
22 5.756587407296312e-06 2.111017436762548e-05 4308
22.5 4.750917153940046e-06 1.763264328910347e-05 3563
23 3.138821459037e-06 1.282247990568698e-05 2448
23.5 2.402707128619924e-06 1.00677489787798e-05 1868
24 1.902281849944548e-06 6.711979773544978e-06 1358
24.5 1.422192308368923e-06 5.440867554373497e-06 1062
25 1.009762926615281e-06 3.914717893265115e-06 776
25.5 5.66488692368207e-07 2.351732362561558e-06 432
26 3.139357669818511e-07 1.16350474648867e-06 200
26.5 2.568876261162815e-07 8.167155060126784e-07 168
27 7.262357667033796e-08 2.643984099578553e-07 56
27.5 7.136681482830255e-09 1.309718723637831e-08 7

0.5 7.756511273095866e-10 1.31728169612034e-09 18
1 5.668462291174165e-09 1.041816502150748e-08 62
1.5 1.73094062736565e-08 2.706281399954733e-08 98
2 4.172114385776011e-08 9.206197397068871e-08 210
2.5 8.321810494802323e-08 1.999243792204549e-07 350
3 1.212638404536681e-07 2.780835789864084e-07 450
3.5 1.930681558434524e-07 4.001662380088534e-07 602
4 2.665673497219417e-07 6.01565529016043e-07 762
4.5 4.99604304460436e-07 9.923365161548712e-07 1142
5 5.751031026721185e-07 1.247903377932486e-06 1250
5.5 7.057159282322247e-07 1.638553538146568e-06 1458
6 9.433916774287987e-07 2.135416990650853e-06 1814
6.5 1.250829967979451e-06 2.650686268300192e-06 2178
7 1.385156723348664e-06 3.426577528587556e-06 2498
7.5 1.589025372900895e-06 3.872264915519539e-06 2622
8 2.143912355128059e-06 5.279581726175637e-06 3338
8.5 2.629832116345268e-06 5.973609738611554e-06 3722
9 2.92907119629077e-06 7.300412385494258e-06 4170
9.5 3.238286506443968e-06 8.040390535129906e-06 4358
10 3.899251374406106e-06 9.649205566208678e-06 5034
10.5 4.432226329268925e-06 1.176499939121652e-05 5714
11 4.768322806748389e-06 1.234251094822889e-05 5982
11.5 5.411042701217731e-06 1.443269947552214e-05 6602
12 5.958004033773148e-06 1.686847826998761e-05 7130
12.5 7.18890215597899e-06 1.903401505806063e-05 8034
13 7.809860981380584e-06 2.12202367926095e-05 8606
13.5 8.546450235560198e-06 2.322881320578906e-05 9066
14 9.504270104994859e-06 2.61014953146885e-05 9962
14.5 1.016227350804904e-05 2.913877353880134e-05 10550
15 1.124037952030666e-05 3.23397765138809e-05 11226
15.5 1.233019207456495e-05 3.616485691097002e-05 12146
16 1.267210838000267e-05 3.713904660321675e-05 12303
16.5 1.343280435626229e-05 3.931336944333948e-05 12584
17 1.291457164763329e-05 3.885645080444662e-05 12120
17.5 1.173424862317402e-05 3.760343695101397e-05 11180
18 1.206649073880649e-05 3.8846843404183e-05 11096
18.5 1.118743306223807e-05 3.538967390651659e-05 10056
19 1.061789677359631e-05 3.393998849119918e-05 9716
19.5 9.736376549326203e-06 3.142919158993775e-05 8604
20 8.984208409664767e-06 3.015546822996454e-05 8060
20.5 8.406426538779346e-06 2.878734838638744e-05 7320
21 7.244280683268875e-06 2.480923619609054e-05 6356
21.5 6.339903904196972e-06 2.259641756703034e-05 5348
22 5.293752913470989e-06 1.70689012617109e-05 4308
22.5 4.395488840963996e-06 1.468678140778838e-05 3563
23 2.914320065794453e-06 1.073611194764314e-05 2448
23.5 2.217712676911066e-06 8.425498466087405e-06 1868
24 1.679441066633484e-06 6.111893759583874e-06 1358
24.5 1.296082368371583e-06 5.267655921901198e-06 1062
25 9.575863263394308e-07 3.683977275922475e-06 776
25.5 5.722710023252753e-07 1.999544341224174e-06 432
26 2.68251973470628e-07 8.552420289534019e-07 200
26.5 1.927144992743704e-07 7.984738175238463e-07 168
27 6.471007058635446e-08 2.684087165232638e-07 56
27.5 1.142203889338667e-08 2.904921775928814e-08 7

0.5 7.991359639622728e-10 1.311224453011765e-09 18
1 5.763530192317126e-09 9.28603188181228e-09 62
1.5 1.1419816837226e-08 2.923529015846209e-08 98
2 4.341456045612008e-08 7.781076919433484e-08 210
2.5 7.552680615190923e-08 1.269089895277245e-07 350
3 1.264701979661355e-07 2.129457024060468e-07 450
3.5 1.682043829607149e-07 3.775199935483428e-07 602
4 2.333761459618028e-07 5.049843712248723e-07 762
4.5 4.101459189050857e-07 9.006229402416874e-07 1142
5 5.089501347375179e-07 1.03020361239196e-06 1250
5.5 6.651213424615716e-07 1.243030247955329e-06 1458
6 8.695961901426332e-07 1.821915085305572e-06 1814
6.5 1.106680897262999e-06 2.250200954474609e-06 2178
7 1.372164109844796e-06 2.895570920908678e-06 2498
7.5 1.359532808621077e-06 3.299895242584185e-06 2622
8 1.940589989997478e-06 4.302798186056659e-06 3338
8.5 2.295007371376777e-06 5.488285490891321e-06 3722
9 2.694786822843279e-06 6.208156562350106e-06 4170
9.5 2.862222146286281e-06 6.623041805679351e-06 4358
10 3.402068780693164e-06 8.262445503979014e-06 5034
10.5 4.064290741396724e-06 9.714564872460632e-06 5714
11 4.239845553786142e-06 1.08767821462072e-05 5982
11.5 4.957079981320984e-06 1.249610117816195e-05 6602
12 5.417048773366068e-06 1.437775376844894e-05 7130
12.5 6.483798769732617e-06 1.670957408829022e-05 8034
13 7.039838379972875e-06 1.836624800074552e-05 8606
13.5 7.442985581582072e-06 1.983082160346887e-05 9066
14 8.566352410493513e-06 2.263111803440185e-05 9962
14.5 9.302370410177891e-06 2.516274646322645e-05 10550
15 1.02820318644738e-05 2.817403891822849e-05 11226
15.5 1.12017772013612e-05 3.056040432974961e-05 12146
16 1.141235902313335e-05 3.256900735902455e-05 12303
16.5 1.188403668634719e-05 3.396003037656934e-05 12584
17 1.151102019287863e-05 3.311615791900841e-05 12120
17.5 1.101555073779439e-05 3.224348166478868e-05 11180
18 1.101886481166369e-05 3.296235070463817e-05 11096
18.5 1.004619740337237e-05 3.088054921014803e-05 10056
19 9.667650713403976e-06 3.008839681793267e-05 9716
19.5 8.676534072340339e-06 2.733785899256458e-05 8604
20 8.403337963984061e-06 2.690367182158067e-05 8060
20.5 7.629814778982386e-06 2.470689287017694e-05 7320
21 6.578563597840819e-06 2.250824254078373e-05 6356
21.5 5.742717199544488e-06 1.859126970935739e-05 5348
22 4.668072628119859e-06 1.547692001315318e-05 4308
22.5 3.853125090925564e-06 1.351576350302044e-05 3563
23 2.63713009756445e-06 9.377896449726032e-06 2448
23.5 1.986064133044189e-06 7.276014299302754e-06 1868
24 1.589863814978325e-06 5.79261546671349e-06 1358
24.5 1.132705590803148e-06 4.212196212116705e-06 1062
25 9.089162245714724e-07 3.259459905094764e-06 776
25.5 5.034583635519211e-07 1.942260328081264e-06 432
26 2.231184302048212e-07 7.546724217813061e-07 200
26.5 2.064102050177178e-07 8.092406467728922e-07 168
27 9.320459387165377e-08 2.295449918706527e-07 56
27.5 4.281952898911708e-09 1.437732260005512e-08 7

0.5 6.290745283177931e-10 1.681694196482568e-09 18
1 2.956151647960012e-09 7.868496547766118e-09 62
1.5 1.250870573869477e-08 2.323378586569026e-08 98
2 3.81093979351668e-08 5.963059005836999e-08 210
2.5 6.708210125602886e-08 1.286960763504377e-07 350
3 1.052907516929771e-07 1.974114035947316e-07 450
3.5 1.523047378551586e-07 2.99548421166971e-07 602
4 2.128414273929553e-07 4.280809454123678e-07 762
4.5 3.628745648084222e-07 7.996515316866791e-07 1142
5 4.445254140404966e-07 8.502364266860428e-07 1250
5.5 5.436823453257456e-07 1.184772608566393e-06 1458
6 7.5304072605247e-07 1.634419100949524e-06 1814
6.5 9.48791383975262e-07 2.124727256625718e-06 2178
7 1.225796066082548e-06 2.456920632729209e-06 2498
7.5 1.343059854511913e-06 2.958073814025924e-06 2622
8 1.782279443242676e-06 3.930723779516422e-06 3338
8.5 2.013928972968536e-06 4.490338901760606e-06 3722
9 2.434281718671405e-06 5.635960792787103e-06 4170
9.5 2.564100434272156e-06 6.084846089740013e-06 4358
10 3.061435786731013e-06 7.251808677076856e-06 5034
10.5 3.691967260196142e-06 8.725832237880107e-06 5714
11 4.018143530265799e-06 9.482856185605974e-06 5982
11.5 4.598155393904072e-06 1.069480158090697e-05 6602
12 5.124094447042475e-06 1.164696440207398e-05 7130
12.5 6.020692438051997e-06 1.448264744268523e-05 8034
13 6.564636606375749e-06 1.606811396571697e-05 8606
13.5 6.899946879730527e-06 1.734469681515497e-05 9066
14 7.577371282942688e-06 1.993471334171695e-05 9962
14.5 8.391898435599569e-06 2.203293722456158e-05 10550
15 9.212594972857717e-06 2.40151281036309e-05 11226
15.5 1.006383285033535e-05 2.726395510018369e-05 12146
16 1.056830002462306e-05 2.792072922251441e-05 12303
16.5 1.080725366033988e-05 3.053532142686487e-05 12584
17 1.065361548030607e-05 2.950251567410714e-05 12120
17.5 9.856581446274537e-06 2.790198573612552e-05 11180
18 9.947437793715114e-06 2.840007341423263e-05 11096
18.5 9.100183807254266e-06 2.650876585184013e-05 10056
19 9.027017795304588e-06 2.600728831132708e-05 9716
19.5 7.834368636418562e-06 2.438948615500659e-05 8604
20 7.635813348086829e-06 2.355322567195874e-05 8060
20.5 6.968164531763534e-06 2.147273818770937e-05 7320
21 6.249140867604632e-06 1.918612970868538e-05 6356
21.5 5.103148072254368e-06 1.598521091768623e-05 5348
22 4.348458428121828e-06 1.384282802077424e-05 4308
22.5 3.507757224690338e-06 1.176602495222175e-05 3563
23 2.385730506039546e-06 8.126401402189599e-06 2448
23.5 1.885982348241919e-06 6.506703554633461e-06 1868
24 1.38350072523345e-06 4.871416015839209e-06 1358
24.5 1.159980774182116e-06 3.842695258196934e-06 1062
25 8.553164913920285e-07 2.882777163754545e-06 776
25.5 4.588915349194214e-07 1.496259218715111e-06 432
26 2.339493900495362e-07 6.866712521151565e-07 200
26.5 1.952856152550316e-07 7.220595645316391e-07 168
27 6.633833283833794e-08 1.344119657871774e-07 56
27.5 4.868783214762519e-09 8.426867998459584e-09 7

0.5 7.690613083710171e-10 1.017531878872934e-09 18
1 3.35153103887412e-09 8.324383957914775e-09 62
1.5 8.721742054142175e-09 2.367291043327364e-08 98
2 2.795859327098631e-08 4.576190741750668e-08 210
2.5 6.760852089245325e-08 1.014084830852613e-07 350
3 8.072544711902172e-08 1.705903208039616e-07 450
3.5 1.260528257968339e-07 2.802196856269003e-07 602
4 1.839751891406915e-07 3.931013343471503e-07 762
4.5 3.257431114539013e-07 6.304337443941294e-07 1142
5 4.266178707983132e-07 7.938241680413648e-07 1250
5.5 5.406308131097463e-07 1.035240562472548e-06 1458
6 7.059224284352248e-07 1.409853668460293e-06 1814
6.5 9.193211687671673e-07 1.776932318235557e-06 2178
7 1.106854599277846e-06 2.135807351940596e-06 2498
7.5 1.165367806228671e-06 2.50825843750866e-06 2622
8 1.564579394252542e-06 3.4294035399939e-06 3338
8.5 1.811007817921618e-06 3.883421919479784e-06 3722
9 2.142049194936502e-06 4.684869545259537e-06 4170
9.5 2.38918184458204e-06 5.335753196163539e-06 4358
10 2.827590334923234e-06 6.199591532097521e-06 5034
10.5 3.320262768585666e-06 7.664001911349535e-06 5714
11 3.638660903843651e-06 8.532143242266746e-06 5982
11.5 4.168111704452974e-06 9.69586912709067e-06 6602
12 4.541927984192193e-06 1.077994024101558e-05 7130
12.5 5.448006422548222e-06 1.253975493062607e-05 8034
13 5.740025135528562e-06 1.429358685557309e-05 8606
13.5 6.331148005854032e-06 1.525523706096291e-05 9066
14 7.076884117563895e-06 1.785835516545956e-05 9962
14.5 7.734472682025373e-06 1.980025823332733e-05 10550
15 8.417591521162021e-06 2.148437900062173e-05 11226
15.5 9.323628328047615e-06 2.435631522844158e-05 12146
16 9.269643096186193e-06 2.503463648207242e-05 12303
16.5 1.00569351216757e-05 2.618308582563809e-05 12584
17 9.67430098660771e-06 2.624527315284744e-05 12120
17.5 9.033156639342488e-06 2.478327617944713e-05 11180
18 9.024033542074226e-06 2.473447110109709e-05 11096
18.5 8.18136453505876e-06 2.370161934899099e-05 10056
19 8.055596446154275e-06 2.357397206431781e-05 9716
19.5 7.315172012322296e-06 2.095170084042764e-05 8604
20 6.893200148808959e-06 2.024813102863028e-05 8060
20.5 6.409441749192269e-06 1.929931378380608e-05 7320
21 5.655144851083215e-06 1.661402990017783e-05 6356
21.5 4.806499590139282e-06 1.510009536844684e-05 5348
22 3.889795438556843e-06 1.232946197314717e-05 4308
22.5 3.275376709280245e-06 1.008693250926743e-05 3563
23 2.338882830607843e-06 7.255708729418918e-06 2448
23.5 1.81840463338875e-06 5.661691295585268e-06 1868
24 1.326685297908624e-06 4.018881460861004e-06 1358
24.5 9.503834771255912e-07 3.264447785442378e-06 1062
25 7.67293540793428e-07 2.363589313473139e-06 776
25.5 4.42695592133048e-07 1.333210841160437e-06 432
26 1.984398485944658e-07 6.937392835771715e-07 200
26.5 1.465293170010022e-07 5.506793310383968e-07 168
27 4.174903293631333e-08 1.377637831243278e-07 56
27.5 7.842355553611274e-09 2.50364501800097e-08 7

0.5 4.706427801409721e-10 1.013173661139004e-09 18
1 3.432423434284391e-09 7.95398585491505e-09 62
1.5 6.498480015557607e-09 1.779440332558099e-08 98
2 2.212708053827573e-08 4.352247403716556e-08 210
2.5 5.594278904902223e-08 1.049496428192268e-07 350
3 7.092253616353008e-08 1.570590453846001e-07 450
3.5 1.331535428067333e-07 2.256209337313889e-07 602
4 2.030509355487576e-07 3.697252252729873e-07 762
4.5 2.993685982504576e-07 6.043355531350594e-07 1142
5 3.686825513783405e-07 6.995697423658418e-07 1250
5.5 4.603839832345949e-07 8.868919885632531e-07 1458
6 6.401059213941694e-07 1.19022225832422e-06 1814
6.5 8.160004910357538e-07 1.580463716591662e-06 2178
7 9.694994261771637e-07 2.081620973350815e-06 2498
7.5 1.106741802506754e-06 2.288426059323832e-06 2622
8 1.467725644443327e-06 3.021917211299372e-06 3338
8.5 1.674979714179505e-06 3.653176008627241e-06 3722
9 1.934245451170422e-06 4.417044386932872e-06 4170
9.5 2.170267843189428e-06 4.698211024911707e-06 4358
10 2.614189872230421e-06 5.704645636336232e-06 5034
10.5 3.069822481300066e-06 6.61046056297265e-06 5714
11 3.261932073673442e-06 7.41404341430866e-06 5982
11.5 3.736799434210511e-06 8.338615211420761e-06 6602
12 4.128978678493231e-06 9.497763271696964e-06 7130
12.5 4.77349508816241e-06 1.145539279758358e-05 8034
13 5.476760568302663e-06 1.292541032698674e-05 8606
13.5 5.586918924021556e-06 1.396897039132202e-05 9066
14 6.448428575280871e-06 1.590960804716174e-05 9962
14.5 6.973694788779522e-06 1.696256586581172e-05 10550
15 7.770630551254038e-06 1.950765869236384e-05 11226
15.5 8.573474526995379e-06 2.158919345387893e-05 12146
16 8.851187993809659e-06 2.168307313997986e-05 12303
16.5 9.147189637906568e-06 2.324653261557094e-05 12584
17 9.016628561572049e-06 2.299510699168577e-05 12120
17.5 8.196622486528085e-06 2.200196811258643e-05 11180
18 8.229407913733346e-06 2.260038424538386e-05 11096
18.5 7.613372467376836e-06 2.076632446461056e-05 10056
19 7.617305910167133e-06 2.096084919503725e-05 9716
19.5 6.636753504197679e-06 1.907448035463906e-05 8604
20 6.484631034603687e-06 1.827804152088824e-05 8060
20.5 6.013159535495136e-06 1.67479268114987e-05 7320
21 5.245587195688224e-06 1.578481480182294e-05 6356
21.5 4.43693139820655e-06 1.296246903404482e-05 5348
22 3.545418327702156e-06 1.078348140509099e-05 4308
22.5 3.028127863860908e-06 8.827749035110868e-06 3563
23 2.027518347608162e-06 6.567887668864245e-06 2448
23.5 1.565719687236198e-06 4.942206058471318e-06 1868
24 1.190144244344357e-06 3.715560414490476e-06 1358
24.5 8.921377940066868e-07 3.104412671909865e-06 1062
25 6.927651313913111e-07 1.973473081677571e-06 776
25.5 3.791994319151881e-07 1.323862920177506e-06 432
26 1.771143718929682e-07 6.895721190001338e-07 200
26.5 1.481741321800462e-07 5.814768407539969e-07 168
27 5.744555404674999e-08 1.577659199172328e-07 56
27.5 5.053483421256916e-09 4.228558211845312e-08 7

0.5 4.721342012878561e-10 7.082879592438756e-10 18
1 3.892102516173543e-09 6.725731840374202e-09 62
1.5 8.628870752710214e-09 1.380882814142617e-08 98
2 2.252176946276836e-08 4.093749720423201e-08 210
2.5 4.829457390855839e-08 8.556730229647746e-08 350
3 6.866438726937289e-08 1.444725203947511e-07 450
3.5 1.095195598089112e-07 2.04429414473347e-07 602
4 1.794483580769611e-07 2.83199412752268e-07 762
4.5 2.995365118849944e-07 5.629307047212416e-07 1142
5 3.31860115368061e-07 5.963161933515024e-07 1250
5.5 4.318361270332987e-07 7.930187196858117e-07 1458
6 5.748913615456214e-07 1.083421165754858e-06 1814
6.5 7.184200940691178e-07 1.447669449442622e-06 2178
7 8.912209589328181e-07 1.792000432842101e-06 2498
7.5 1.016887490330246e-06 2.095049970812173e-06 2622
8 1.354570712434746e-06 2.719352461777579e-06 3338
8.5 1.509445301690026e-06 3.265416140816865e-06 3722
9 1.869235625221734e-06 3.956007468711645e-06 4170
9.5 1.988685343660255e-06 4.163211613318034e-06 4358
10 2.315150622919687e-06 5.02918746883544e-06 5034
10.5 2.727009371905049e-06 6.222197527463075e-06 5714
11 3.186172038814283e-06 6.612490579220398e-06 5982
11.5 3.411512692354012e-06 7.567781568765619e-06 6602
12 3.767092616891188e-06 8.678887087196892e-06 7130
12.5 4.446951146776537e-06 1.013003606553286e-05 8034
13 4.866173280573522e-06 1.12904328685714e-05 8606
13.5 5.363672270314419e-06 1.23247782644587e-05 9066
14 5.824159988660334e-06 1.391355393093203e-05 9962
14.5 6.330187832108919e-06 1.524699352707805e-05 10550
15 7.177176536468602e-06 1.740729604869639e-05 11226
15.5 7.976911870440277e-06 1.895205142632151e-05 12146
16 8.040226662429219e-06 1.988244486146994e-05 12303
16.5 8.525617316486441e-06 2.162564172644731e-05 12584
17 7.955816027823997e-06 2.073704082467567e-05 12120
17.5 7.817757246901917e-06 2.035651726592196e-05 11180
18 7.466073446281373e-06 2.051056500751962e-05 11096
18.5 7.21348692913422e-06 1.872580079417286e-05 10056
19 6.982803828835782e-06 1.85897964250777e-05 9716
19.5 6.16560868956687e-06 1.709300870109499e-05 8604
20 5.970305697334909e-06 1.650847640875637e-05 8060
20.5 5.524297932658994e-06 1.479569926335138e-05 7320
21 5.009160962021337e-06 1.311212635753024e-05 6356
21.5 4.151540231464232e-06 1.114108542764961e-05 5348
22 3.385189679214436e-06 9.702514839076151e-06 4308
22.5 2.791282703065139e-06 7.782618994874808e-06 3563
23 1.929277397059883e-06 5.610105169101453e-06 2448
23.5 1.503766729460119e-06 4.435384014477365e-06 1868
24 1.055701107649114e-06 3.378163917759875e-06 1358
24.5 8.580147256939609e-07 2.688952266695788e-06 1062
25 6.346200921327986e-07 2.066920668184718e-06 776
25.5 3.750806493389527e-07 1.109589360733737e-06 432
26 1.3994279289745e-07 4.812019861237903e-07 200
26.5 1.401608862833503e-07 4.263738958696262e-07 168
27 6.147069566616022e-08 1.871650441342008e-07 56
27.5 5.128757104710264e-09 2.723322088397266e-08 7

0.5 6.369847295878697e-10 7.603581394887092e-10 18
1 2.863386033314706e-09 5.226537257373141e-09 62
1.5 8.174023856342556e-09 1.290081009417833e-08 98
2 2.185480958153207e-08 4.193616969242689e-08 210
2.5 4.541707331948718e-08 7.935832152385253e-08 350
3 6.198921283399117e-08 1.295881673155684e-07 450
3.5 1.044242581638308e-07 2.004619578868115e-07 602
4 1.467002542394793e-07 2.811404818140386e-07 762
4.5 2.686702566881278e-07 4.717996699810408e-07 1142
5 3.152643006722063e-07 5.73892721430564e-07 1250
5.5 3.927804719867284e-07 7.864761128604865e-07 1458
6 5.109025821715157e-07 9.925348153789424e-07 1814
6.5 6.665863939999944e-07 1.387747517104778e-06 2178
7 8.562250222108312e-07 1.585237730884385e-06 2498
7.5 9.249552331936484e-07 1.753118794471779e-06 2622
8 1.172081494973946e-06 2.434046622697981e-06 3338
8.5 1.416571098564822e-06 2.851234626711318e-06 3722
9 1.606662344124318e-06 3.500669644450577e-06 4170
9.5 1.905052766572212e-06 3.710183845562464e-06 4358
10 2.200844221174e-06 4.6851868895683e-06 5034
10.5 2.522805598801845e-06 5.370326323069121e-06 5714
11 2.750329461290716e-06 5.967509439202315e-06 5982
11.5 3.270362990044248e-06 6.969844412068359e-06 6602
12 3.50548954610264e-06 7.696153968560707e-06 7130
12.5 4.102939089933513e-06 9.105537176196449e-06 8034
13 4.445746107176226e-06 1.035564928105466e-05 8606
13.5 4.858979272198521e-06 1.107759586369101e-05 9066
14 5.451986558567354e-06 1.283234826132338e-05 9962
14.5 5.987551418970075e-06 1.377977402488806e-05 10550
15 6.654961609607034e-06 1.5209687862414e-05 11226
15.5 7.274609395182545e-06 1.739945412116989e-05 12146
16 7.46205505740092e-06 1.780676049993221e-05 12303
16.5 7.944959075121567e-06 1.889357210956885e-05 12584
17 7.631460936999935e-06 1.894240346084e-05 12120
17.5 7.04164661328919e-06 1.817214645210776e-05 11180
18 7.065104608392458e-06 1.839460006999042e-05 11096
18.5 6.689843851509942e-06 1.697534996609944e-05 10056
19 6.468644181862719e-06 1.6636263058057e-05 9716
19.5 5.859241180342297e-06 1.548632696991334e-05 8604
20 5.676965540681738e-06 1.496372403801291e-05 8060
20.5 4.941477792606566e-06 1.395566033741155e-05 7320
21 4.520805284299382e-06 1.244613493208097e-05 6356
21.5 3.96480500241395e-06 1.062366400232922e-05 5348
22 3.040986803186408e-06 8.805824008674443e-06 4308
22.5 2.545635376119873e-06 7.424554583826554e-06 3563
23 1.802254999091958e-06 5.302618766158586e-06 2448
23.5 1.410817881658239e-06 3.750774204723044e-06 1868
24 1.006897954893736e-06 2.985292798587797e-06 1358
24.5 7.536203896242221e-07 2.343942138979181e-06 1062
25 6.246648360075049e-07 1.78351428469008e-06 776
25.5 3.238920878810516e-07 9.913497023811297e-07 432
26 1.617757691708552e-07 4.418342430280937e-07 200
26.5 1.222758864343697e-07 4.461649579847285e-07 168
27 4.427724073919519e-08 1.010983565118092e-07 56
27.5 3.759401781961161e-09 1.890351845134366e-08 7

0.5 2.783590185019537e-10 3.39389247634162e-10 18
1 2.941581672459083e-09 5.64545719522793e-09 62
1.5 7.002071335859496e-09 1.179775881842561e-08 98
2 2.36852461437267e-08 3.599998412389612e-08 210
2.5 4.219115429750273e-08 6.808843394181993e-08 350
3 6.754911559993472e-08 1.1419485767676e-07 450
3.5 9.943508748017513e-08 1.938508165627282e-07 602
4 1.325256515163973e-07 2.471082308133683e-07 762
4.5 2.369520568540965e-07 4.486474822376419e-07 1142
5 2.839026766827565e-07 5.293464582072547e-07 1250
5.5 3.655446203960073e-07 6.672654958734387e-07 1458
6 5.015735056930447e-07 9.146363249516166e-07 1814
6.5 5.911059232202581e-07 1.134772554125044e-06 2178
7 7.338942238854543e-07 1.416542887916292e-06 2498
7.5 8.113359704953419e-07 1.585139773267365e-06 2622
8 1.068695175902808e-06 2.239284250511882e-06 3338
8.5 1.32069864631479e-06 2.737683593252419e-06 3722
9 1.557129843387673e-06 3.035030272763851e-06 4170
9.5 1.667992743903581e-06 3.426037046060066e-06 4358
10 2.090851609023845e-06 4.140513371884543e-06 5034
10.5 2.37467682650211e-06 5.002524846649409e-06 5714
11 2.6457608690624e-06 5.419451088466186e-06 5982
11.5 2.968240759167854e-06 6.192378712756543e-06 6602
12 3.26048354949052e-06 7.181058123411403e-06 7130
12.5 3.775964580319945e-06 8.183418989025557e-06 8034
13 4.229154335100766e-06 9.299218648054296e-06 8606
13.5 4.524297850749479e-06 9.928703095119108e-06 9066
14 5.185231805201823e-06 1.173844417901714e-05 9962
14.5 5.566667404765182e-06 1.286945627903138e-05 10550
15 6.086707780600144e-06 1.405001956031434e-05 11226
15.5 6.623580308647461e-06 1.588744383614769e-05 12146
16 7.024755133434281e-06 1.648076469002734e-05 12303
16.5 7.289315232285077e-06 1.729404323423147e-05 12584
17 6.995554918012366e-06 1.69662765588396e-05 12120
17.5 6.602187995209186e-06 1.611231143338102e-05 11180
18 6.634397559633431e-06 1.64186714031158e-05 11096
18.5 6.222886472760601e-06 1.534252200755546e-05 10056
19 6.115912131375853e-06 1.499260725990613e-05 9716
19.5 5.414598124741336e-06 1.411725897833753e-05 8604
20 5.006226942866523e-06 1.340453955224628e-05 8060
20.5 4.829696257142797e-06 1.25124872118789e-05 7320
21 4.082229453245463e-06 1.107052132338398e-05 6356
21.5 3.42739222842629e-06 9.451625052931957e-06 5348
22 2.811679351454644e-06 7.918307201392775e-06 4308
22.5 2.455272008791405e-06 6.640707452139964e-06 3563
23 1.767639698787491e-06 4.412282064650197e-06 2448
23.5 1.280133793708136e-06 3.516466819813682e-06 1868
24 9.691820196788906e-07 2.548632430675722e-06 1358
24.5 7.508350635245179e-07 2.199118592280555e-06 1062
25 5.41211269402572e-07 1.548973484168703e-06 776
25.5 3.460422547328591e-07 8.850656919617026e-07 432
26 1.697398434304606e-07 4.108094788312706e-07 200
26.5 1.480799899817482e-07 4.414950727048028e-07 168
27 4.387168884782358e-08 9.011135845119672e-08 56
27.5 2.563010299449131e-09 2.539150789696932e-08 7

0.5 1.222507744376143e-10 5.625032917610007e-10 18
1 3.712762520740559e-09 4.228754045197954e-09 62
1.5 5.145672900135761e-09 1.155373556455017e-08 98
2 1.487168757879464e-08 2.266994590941907e-08 210
2.5 3.918918958893502e-08 6.31948403391178e-08 350
3 6.564765647008751e-08 9.545432622748022e-08 450
3.5 9.391732811476371e-08 1.579728303816877e-07 602
4 1.296027677955113e-07 2.277557799014077e-07 762
4.5 2.080341077468187e-07 3.669349024624894e-07 1142
5 2.672670875962149e-07 4.65154701298239e-07 1250
5.5 3.220156080729885e-07 5.931011391828779e-07 1458
6 4.429536719204003e-07 8.141292099613175e-07 1814
6.5 5.809961627499678e-07 1.059676811263275e-06 2178
7 6.984072143106154e-07 1.367362596305788e-06 2498
7.5 8.008271895101694e-07 1.496027131266073e-06 2622
8 1.062972410068883e-06 2.063824816555706e-06 3338
8.5 1.264166055003623e-06 2.353400113256206e-06 3722
9 1.386742882278199e-06 2.925449172022521e-06 4170
9.5 1.596996107564155e-06 3.259239578502619e-06 4358
10 1.826191819856147e-06 3.898985197898666e-06 5034
10.5 2.153619792816668e-06 4.522926640575315e-06 5714
11 2.368327513858567e-06 5.023447816013821e-06 5982
11.5 2.688568207973158e-06 5.895261934893418e-06 6602
12 2.96046983990758e-06 6.344677203111811e-06 7130
12.5 3.490254530292143e-06 7.938181642207041e-06 8034
13 3.891744319747212e-06 8.487968272454514e-06 8606
13.5 4.242111760392124e-06 9.207419471341924e-06 9066
14 4.792154290346787e-06 1.032837561658389e-05 9962
14.5 5.160455583999055e-06 1.145569218377559e-05 10550
15 5.612317696693686e-06 1.252282020770583e-05 11226
15.5 6.333405705846893e-06 1.408600339197297e-05 12146
16 6.376047633550213e-06 1.502001911508124e-05 12303
16.5 6.635437409716465e-06 1.567819188861032e-05 12584
17 6.599961839753131e-06 1.553468040424837e-05 12120
17.5 6.120233141319857e-06 1.483350188282033e-05 11180
18 6.305614311028687e-06 1.497402046432879e-05 11096
18.5 5.708439268908224e-06 1.428872623720759e-05 10056
19 5.614483577778651e-06 1.368944492242315e-05 9716
19.5 5.107752508959509e-06 1.262646788182086e-05 8604
20 4.882016978020293e-06 1.218777353658799e-05 8060
20.5 4.506120863478897e-06 1.147756144411253e-05 7320
21 3.802563263583672e-06 1.011802823429863e-05 6356
21.5 3.204568501434263e-06 8.63014710621439e-06 5348
22 2.604600926516117e-06 7.062890546020899e-06 4308
22.5 2.327880467867959e-06 5.825235182296156e-06 3563
23 1.570480182902773e-06 4.183332093976652e-06 2448
23.5 1.203921059017169e-06 3.522659722156493e-06 1868
24 9.033579841743479e-07 2.485475633538863e-06 1358
24.5 7.418426352207788e-07 2.017025457446983e-06 1062
25 5.332747349536608e-07 1.403594810288338e-06 776
25.5 2.844478718809345e-07 8.490590414713436e-07 432
26 1.423776627816056e-07 3.235977650919607e-07 200
26.5 1.217240093963843e-07 3.822119169458798e-07 168
27 4.783981566788367e-08 1.125394128267591e-07 56
27.5 2.123719668901463e-09 1.441300123816268e-08 7

0.5 4.080285717897471e-10 4.72824886775461e-10 18
1 2.407018855363135e-09 4.858538288309975e-09 62
1.5 6.367174818982051e-09 1.049797915217306e-08 98
2 1.812396763211631e-08 2.960643878140144e-08 210
2.5 3.394504155553343e-08 5.611020379366157e-08 350
3 5.068586798627321e-08 1.009673563212464e-07 450
3.5 7.913869959078287e-08 1.435154471006287e-07 602
4 1.138401493710921e-07 1.945416983098013e-07 762
4.5 2.010210905051565e-07 3.750120252331807e-07 1142
5 2.714992402959879e-07 3.993502085345553e-07 1250
5.5 2.916986228465214e-07 5.509417671185566e-07 1458
6 4.188672795466358e-07 7.66493435608791e-07 1814
6.5 5.34926781923865e-07 9.422135080948682e-07 2178
7 6.623404500143214e-07 1.139265279728396e-06 2498
7.5 7.349333818498213e-07 1.332626892053712e-06 2622
8 9.514393982677379e-07 1.858066926337043e-06 3338
8.5 1.163303452024858e-06 2.097685598036921e-06 3722
9 1.316807458579612e-06 2.55257802922258e-06 4170
9.5 1.47387893833453e-06 2.793787771562934e-06 4358
10 1.762344909248405e-06 3.35575251480261e-06 5034
10.5 2.086095628292962e-06 4.050414985726864e-06 5714
11 2.267903715951425e-06 4.561790890217897e-06 5982
11.5 2.521582956593339e-06 5.307366494467354e-06 6602
12 2.819430982125762e-06 5.831697737908451e-06 7130
12.5 3.32205616214429e-06 6.870029043197249e-06 8034
13 3.562262773906654e-06 7.803369178999257e-06 8606
13.5 3.894520624277167e-06 8.379752895536098e-06 9066
14 4.440257707225131e-06 9.66832857836769e-06 9962
14.5 4.832156728927575e-06 1.049509165038936e-05 10550
15 5.313532588619708e-06 1.151246363030702e-05 11226
15.5 6.016605907734523e-06 1.317591160610202e-05 12146
16 6.04329982469125e-06 1.355829048382872e-05 12303
16.5 6.152462709465402e-06 1.422372496040909e-05 12584
17 6.142690557473541e-06 1.452045954709121e-05 12120
17.5 5.674266734272347e-06 1.332983701041013e-05 11180
18 5.703611678820453e-06 1.359252352617656e-05 11096
18.5 5.250120915760437e-06 1.311046272170799e-05 10056
19 5.314989842788744e-06 1.280983369818262e-05 9716
19.5 4.69635035716272e-06 1.152345561620317e-05 8604
20 4.492410276237363e-06 1.109316819898085e-05 8060
20.5 4.218338951383678e-06 1.026781638499003e-05 7320
21 3.730929674091879e-06 9.451681171961167e-06 6356
21.5 3.133678347186448e-06 8.272686975331218e-06 5348
22 2.483145387301577e-06 6.729191593624854e-06 4308
22.5 2.091497444640184e-06 5.496174585788868e-06 3563
23 1.456863062369764e-06 4.073496366107186e-06 2448
23.5 1.08168495760832e-06 2.926825208882487e-06 1868
24 8.221505572433449e-07 2.429577223887034e-06 1358
24.5 6.5086144962451e-07 1.839664843560999e-06 1062
25 5.243525279873544e-07 1.241099067612535e-06 776
25.5 2.556677997754296e-07 6.509142195396073e-07 432
26 1.311590631633608e-07 3.660652720094611e-07 200
26.5 1.127899555088064e-07 3.391215365994715e-07 168
27 2.49436879210279e-08 1.330878847009298e-07 56
27.5 4.687399013243803e-09 5.720462550110292e-09 7

0.5 3.205061921336458e-10 6.204302267403149e-10 18
1 2.255191555600648e-09 3.792772421958141e-09 62
1.5 4.322468963421299e-09 9.919349372820322e-09 98
2 1.671401014578393e-08 2.38551926007764e-08 210
2.5 2.793325411219843e-08 5.6247505671097e-08 350
3 5.095908408015554e-08 8.810895326550929e-08 450
3.5 8.238485716091984e-08 1.348334902521115e-07 602
4 1.099980484813711e-07 1.823174269936849e-07 762
4.5 1.95726997100157e-07 3.249291614317001e-07 1142
5 2.323303777552969e-07 3.758765918416898e-07 1250
5.5 2.896762629282461e-07 5.136445864451962e-07 1458
6 3.833854771653983e-07 6.930582573592218e-07 1814
6.5 4.765793322472521e-07 8.731817541805159e-07 2178
7 6.152146857256041e-07 1.062897494129584e-06 2498
7.5 7.19466683375564e-07 1.25825039434814e-06 2622
8 9.274672869408934e-07 1.714927852524061e-06 3338
8.5 1.06722018488849e-06 2.072113451658396e-06 3722
9 1.236269364826806e-06 2.367127982985447e-06 4170
9.5 1.37497473612426e-06 2.66295425249096e-06 4358
10 1.679386164235557e-06 3.26261606956552e-06 5034
10.5 1.891576033768936e-06 3.828744836336532e-06 5714
11 2.075174798742785e-06 4.004608783823542e-06 5982
11.5 2.396412389426598e-06 4.795827885550935e-06 6602
12 2.611620175156586e-06 5.416305051755726e-06 7130
12.5 3.054146698025194e-06 6.472062975748755e-06 8034
13 3.424856123103339e-06 7.155959918209167e-06 8606
13.5 3.798578375845845e-06 7.690117361004803e-06 9066
14 4.189464795358019e-06 8.733809535064911e-06 9962
14.5 4.537737370953924e-06 9.68324442101409e-06 10550
15 4.902529330060259e-06 1.078503569395465e-05 11226
15.5 5.541086922741299e-06 1.197953407787715e-05 12146
16 5.568364542473581e-06 1.206318545460409e-05 12303
16.5 5.985701605157257e-06 1.31946004969006e-05 12584
17 5.805449561492982e-06 1.295866504560053e-05 12120
17.5 5.478412131863874e-06 1.267672455383452e-05 11180
18 5.425919206358681e-06 1.2727613736551e-05 11096
18.5 4.933031008211328e-06 1.167775036236114e-05 10056
19 4.928139904078599e-06 1.141190134416308e-05 9716
19.5 4.42557676815859e-06 1.039730494178808e-05 8604
20 4.246999720383897e-06 1.024156175502303e-05 8060
20.5 3.821065515968601e-06 9.378394044425599e-06 7320
21 3.498560532023146e-06 8.504653537928265e-06 6356
21.5 2.939422596906688e-06 7.176319942612255e-06 5348
22 2.317485225283099e-06 5.760211348481034e-06 4308
22.5 2.106796113983689e-06 5.22506925166971e-06 3563
23 1.407417306156228e-06 3.531557612324786e-06 2448
23.5 1.041049975536408e-06 2.781092145383018e-06 1868
24 8.503922673477268e-07 1.943310548270828e-06 1358
24.5 6.387209207227327e-07 1.608367108017221e-06 1062
25 4.646443513008934e-07 1.187696486194764e-06 776
25.5 2.706680556523605e-07 7.636485856180859e-07 432
26 1.260393953552756e-07 2.855360281197782e-07 200
26.5 1.017956745177025e-07 2.733485955717011e-07 168
27 3.606678538208644e-08 8.593801919358415e-08 56
27.5 4.729474402939437e-09 1.15112042052363e-09 7

0.5 4.537676699251881e-10 4.373522159813219e-10 18
1 2.11722668894254e-09 3.427428758968013e-09 62
1.5 4.274401628040931e-09 8.202495067066287e-09 98
2 1.31759412083192e-08 2.647999659574685e-08 210
2.5 3.154360489969823e-08 5.418911806914961e-08 350
3 4.063904152261957e-08 8.058165158801688e-08 450
3.5 7.363645261174052e-08 1.10344498229929e-07 602
4 9.899153925546635e-08 1.713507365721579e-07 762
4.5 1.713101394313487e-07 3.318206319525066e-07 1142
5 2.220793103845749e-07 3.657457325268999e-07 1250
5.5 2.81231127620698e-07 4.484486355301876e-07 1458
6 3.780460051397037e-07 6.354370434635641e-07 1814
6.5 4.746119537383103e-07 7.928274363940234e-07 2178
7 5.804203102369096e-07 1.090848627024084e-06 2498
7.5 6.284898022309591e-07 1.129207164038142e-06 2622
8 8.621561156400515e-07 1.505214026980411e-06 3338
8.5 9.991641112246203e-07 1.832284174934714e-06 3722
9 1.19308074897783e-06 2.139093830426861e-06 4170
9.5 1.274858587834918e-06 2.339442215985334e-06 4358
10 1.541854082294625e-06 2.95055586594667e-06 5034
10.5 1.792029935512984e-06 3.478496522375369e-06 5714
11 1.982542346129064e-06 3.770185229420566e-06 5982
11.5 2.184036870584112e-06 4.375820807672434e-06 6602
12 2.441573399818956e-06 4.962450721980479e-06 7130
12.5 2.900442482984113e-06 5.797181241542495e-06 8034
13 3.16415624387121e-06 6.477325070790761e-06 8606
13.5 3.514154614374082e-06 7.244579470503388e-06 9066
14 3.896036047956377e-06 8.065959297908736e-06 9962
14.5 4.348245000812217e-06 8.843569345411286e-06 10550
15 4.602910560690753e-06 9.91122898523093e-06 11226
15.5 5.066646758806155e-06 1.090150811887753e-05 12146
16 5.3083478003033e-06 1.149742662650341e-05 12303
16.5 5.701322776414045e-06 1.219136583080556e-05 12584
17 5.426395202302468e-06 1.185304715391755e-05 12120
17.5 5.074968790277076e-06 1.152142310032433e-05 11180
18 5.154122628060121e-06 1.159054014306496e-05 11096
18.5 4.694154640013367e-06 1.102045642062137e-05 10056
19 4.582143891730781e-06 1.066673698633445e-05 9716
19.5 4.03364841950849e-06 9.701715243819225e-06 8604
20 3.962836856942985e-06 9.25206221099465e-06 8060
20.5 3.75817744640125e-06 8.670119960733889e-06 7320
21 3.221492478724115e-06 7.633619211431156e-06 6356
21.5 2.788042424935004e-06 6.735970621897107e-06 5348
22 2.258349559049497e-06 5.686091704195799e-06 4308
22.5 1.943759023956238e-06 4.701841661129258e-06 3563
23 1.274969222298532e-06 3.268099850602046e-06 2448
23.5 1.015540921107101e-06 2.598839844692538e-06 1868
24 7.500071309277403e-07 1.836844249238017e-06 1358
24.5 5.698634914550866e-07 1.468543972313298e-06 1062
25 4.387157908211202e-07 1.097747358348229e-06 776
25.5 2.447645531175904e-07 6.670212055218726e-07 432
26 1.222318609591141e-07 3.291409877927516e-07 200
26.5 9.369444399009128e-08 2.306637198402977e-07 168
27 4.37925382872094e-08 7.701092095297578e-08 56
27.5 4.422883652836365e-09 1.422906528629322e-08 7

0.5 3.752827963207001e-10 3.655060616860617e-10 18
1 2.225703361410741e-09 3.376345018019052e-09 62
1.5 3.990631471507663e-09 9.638742920705827e-09 98
2 1.2536357396897e-08 2.165057376144114e-08 210
2.5 3.148749278659963e-08 4.781356601271814e-08 350
3 4.210826549741944e-08 7.237492481619002e-08 450
3.5 6.828288917759823e-08 1.087595128717754e-07 602
4 1.006270368726117e-07 1.552816135869078e-07 762
4.5 1.63898961564425e-07 2.677790054361105e-07 1142
5 1.783149546780418e-07 3.214743747635275e-07 1250
5.5 2.501837751005679e-07 4.372340920582215e-07 1458
6 3.212009665608017e-07 5.909813405552791e-07 1814
6.5 4.255965099791727e-07 7.896049512307552e-07 2178
7 5.400645479606659e-07 9.674812809903157e-07 2498
7.5 5.910290307194393e-07 1.070089492004082e-06 2622
8 7.977905622194858e-07 1.428987476574335e-06 3338
8.5 9.365357914543475e-07 1.697184530808338e-06 3722
9 1.076756097122595e-06 2.00898985672202e-06 4170
9.5 1.207303948596171e-06 2.272171023059627e-06 4358
10 1.401523216887716e-06 2.73104192602431e-06 5034
10.5 1.701215533319191e-06 3.185859122144076e-06 5714
11 1.896830734639607e-06 3.519561083231336e-06 5982
11.5 2.036712285182559e-06 4.103398872832375e-06 6602
12 2.333708137164715e-06 4.537641125851865e-06 7130
12.5 2.664361342461989e-06 5.495508730407825e-06 8034
13 2.985647968360547e-06 6.003421795628809e-06 8606
13.5 3.243385359446414e-06 6.734718433075933e-06 9066
14 3.757978688903012e-06 7.572250884484097e-06 9962
14.5 4.001432347683147e-06 8.100402295571784e-06 10550
15 4.37643956242408e-06 8.984438776090777e-06 11226
15.5 4.796287764319649e-06 1.025657587387979e-05 12146
16 5.013247922625053e-06 1.085364011113333e-05 12303
16.5 5.314450261366633e-06 1.133020333653092e-05 12584
17 5.076297498696728e-06 1.123108451265394e-05 12120
17.5 4.718588368593872e-06 1.060914486880698e-05 11180
18 4.857579298415033e-06 1.06529971898231e-05 11096
18.5 4.437751886019199e-06 9.952666238168869e-06 10056
19 4.495397262628785e-06 9.980213553740448e-06 9716
19.5 3.930499470517268e-06 8.966275346896515e-06 8604
20 3.755337946794401e-06 8.562165538119603e-06 8060
20.5 3.440186159406058e-06 8.020901478469333e-06 7320
21 3.087715326884461e-06 7.316431768611666e-06 6356
21.5 2.585426239506589e-06 6.268258367478071e-06 5348
22 2.115792633141252e-06 5.184985509978334e-06 4308
22.5 1.808503156677782e-06 4.253504210870789e-06 3563
23 1.225303258295924e-06 3.087577299857746e-06 2448
23.5 1.000235322576129e-06 2.366943881529902e-06 1868
24 6.745111689310965e-07 1.716137527799486e-06 1358
24.5 5.024608417444614e-07 1.380078649301605e-06 1062
25 3.54836741563937e-07 1.020498699572256e-06 776
25.5 2.479650395199523e-07 5.243910459649206e-07 432
26 1.080671176052465e-07 2.784692912903455e-07 200
26.5 1.089522415745924e-07 2.781111231421446e-07 168
27 3.227885075262321e-08 7.935739658722451e-08 56
27.5 2.439852601887953e-09 1.506026363132255e-08 7

0.5 3.9597935715338e-10 4.475339178522314e-10 18
1 1.982065965172463e-09 2.048478156502742e-09 62
1.5 4.118326280054568e-09 7.444921571103725e-09 98
2 1.487604958337075e-08 2.60338959395149e-08 210
2.5 2.479927056771997e-08 4.579175379960262e-08 350
3 4.494253083742374e-08 6.807370808316682e-08 450
3.5 6.643250632121674e-08 1.042773484272549e-07 602
4 8.675027879332591e-08 1.47827347430618e-07 762
4.5 1.540294833238035e-07 2.532499087359849e-07 1142
5 1.898308764932029e-07 3.131027948298591e-07 1250
5.5 2.272441007952894e-07 4.010140270822311e-07 1458
6 3.234219565742535e-07 5.267721045016062e-07 1814
6.5 4.139225351012848e-07 7.068275839442333e-07 2178
7 4.91337157956851e-07 8.868451376930856e-07 2498
7.5 5.453791208361872e-07 9.871730385565316e-07 2622
8 7.653005022111032e-07 1.329679833696327e-06 3338
8.5 8.965185423237224e-07 1.578670435929455e-06 3722
9 1.020430709521771e-06 1.868653043842122e-06 4170
9.5 1.121287206674684e-06 2.022226380054193e-06 4358
10 1.382168578585556e-06 2.441389942629585e-06 5034
10.5 1.566270844394148e-06 2.991176543905744e-06 5714
11 1.688030617673278e-06 3.275183129488614e-06 5982
11.5 1.952100779944993e-06 3.741712819994123e-06 6602
12 2.208691138354655e-06 4.226948783252653e-06 7130
12.5 2.536687505282516e-06 4.9259381516331e-06 8034
13 2.80526738495843e-06 5.496694911172547e-06 8606
13.5 3.144538478200975e-06 6.043787623428794e-06 9066
14 3.447215762293744e-06 6.863686634727219e-06 9962
14.5 3.786277195342269e-06 7.686228338340432e-06 10550
15 4.077511527793426e-06 8.286572155775957e-06 11226
15.5 4.580320398675183e-06 9.3822884984918e-06 12146
16 4.789450583362797e-06 9.658112222467692e-06 12303
16.5 5.065082180938978e-06 1.059368922990728e-05 12584
17 4.947494728075768e-06 1.028501088522585e-05 12120
17.5 4.601001909590545e-06 9.799856957693559e-06 11180
18 4.514150671466147e-06 1.002328981377785e-05 11096
18.5 4.189470429852204e-06 9.235877611605137e-06 10056
19 4.104632548282663e-06 9.390883211876673e-06 9716
19.5 3.678315196123337e-06 8.691040156982178e-06 8604
20 3.567452303882554e-06 8.356261058656217e-06 8060
20.5 3.270999763329238e-06 7.538645983478441e-06 7320
21 2.852889526107844e-06 6.746396112536716e-06 6356
21.5 2.475722047957169e-06 5.796993887925127e-06 5348
22 1.98908262415868e-06 4.811543548677117e-06 4308
22.5 1.69915362134188e-06 4.096090833255524e-06 3563
23 1.148698674430945e-06 2.854168124161811e-06 2448
23.5 9.283737469855246e-07 2.270506026428111e-06 1868
24 6.615690383307094e-07 1.557908542546845e-06 1358
24.5 5.407503394086562e-07 1.269927047936052e-06 1062
25 3.996309381715224e-07 9.850293503064947e-07 776
25.5 2.589904242360043e-07 5.34864609912008e-07 432
26 1.209105410922907e-07 2.756153451250601e-07 200
26.5 8.45828392473205e-08 2.008868511813717e-07 168
27 3.683694323988422e-08 6.682722505484946e-08 56
27.5 2.708998560307326e-09 8.781219825907077e-09 7

0.5 2.308465876060155e-10 3.125835138311281e-10 18
1 1.688210535982988e-09 2.911166800116456e-09 62
1.5 3.709666810781494e-09 6.982236755733149e-09 98
2 1.289373554338229e-08 1.840765641048198e-08 210
2.5 2.509840102933415e-08 4.436784435853993e-08 350
3 3.955638135970692e-08 5.98880650926573e-08 450
3.5 5.412751268304222e-08 9.374268681176908e-08 602
4 7.993016762847257e-08 1.409626442976869e-07 762
4.5 1.447946131708664e-07 2.441999222701135e-07 1142
5 1.779947453617526e-07 2.778209023255522e-07 1250
5.5 2.269843678605879e-07 3.642329132005767e-07 1458
6 2.920315370847053e-07 4.959943867412229e-07 1814
6.5 3.917140311846685e-07 6.5435316982575e-07 2178
7 4.482729116127946e-07 8.279545763932638e-07 2498
7.5 5.076766321705965e-07 9.639287761967346e-07 2622
8 7.089422688214035e-07 1.268584581400127e-06 3338
8.5 8.254701966741963e-07 1.447934565446012e-06 3722
9 9.573086342371435e-07 1.68404625196118e-06 4170
9.5 1.083622825309899e-06 1.951845452260905e-06 4358
10 1.292156258263535e-06 2.292850253759809e-06 5034
10.5 1.536355775784996e-06 2.785710189405161e-06 5714
11 1.684514510441564e-06 2.993084337640487e-06 5982
11.5 1.817720427608867e-06 3.540496047740476e-06 6602
12 2.049239931830121e-06 4.047971689838562e-06 7130
12.5 2.442516435469265e-06 4.647288165012346e-06 8034
13 2.700958892317096e-06 5.111624416549329e-06 8606
13.5 2.876241859681006e-06 5.669647002384367e-06 9066
14 3.26357683205017e-06 6.393269375926997e-06 9962
14.5 3.578279500643117e-06 7.161647959507234e-06 10550
15 3.88945625809737e-06 7.845861630435517e-06 11226
15.5 4.425613469518422e-06 8.81034257064644e-06 12146
16 4.375625220222619e-06 9.316660858240327e-06 12303
16.5 4.771054477704088e-06 9.815110746042401e-06 12584
17 4.560658311477472e-06 9.573336599622188e-06 12120
17.5 4.314873826404721e-06 8.987951670446458e-06 11180
18 4.197394708593298e-06 9.389511844879973e-06 11096
18.5 4.005055464749677e-06 8.570167372260968e-06 10056
19 3.927152330932332e-06 8.44333854072798e-06 9716
19.5 3.536264768918495e-06 7.738862048414342e-06 8604
20 3.344157729032245e-06 7.539230638082829e-06 8060
20.5 3.06173035642367e-06 6.88369274580393e-06 7320
21 2.733004742064699e-06 6.051715585395804e-06 6356
21.5 2.373266462017761e-06 5.220537860697239e-06 5348
22 1.899316883516742e-06 4.424167208838284e-06 4308
22.5 1.570570062674414e-06 3.797391708074672e-06 3563
23 1.083902584222939e-06 2.663186044989716e-06 2448
23.5 8.881272379167174e-07 2.039602861123975e-06 1868
24 6.566073516352964e-07 1.501840603034364e-06 1358
24.5 5.412272665723008e-07 1.209281578922918e-06 1062
25 3.719656704013939e-07 8.812933268382826e-07 776
25.5 2.121994192025958e-07 4.853531742077274e-07 432
26 1.003818624813789e-07 2.423655187041256e-07 200
26.5 8.444389555849297e-08 2.020481450587497e-07 168
27 2.70302380061993e-08 5.785250513458352e-08 56
27.5 2.491005891541497e-09 6.039447229565887e-09 7

