1:binCentralValue 2:valuesAverage 3:multiplicity
0.5 0 18
1 0 62
1.5 0 98
2 0 210
2.5 0 350
3 0 450
3.5 0 602
4 0 762
4.5 0 1142
5 0 1250
5.5 0 1458
6 0 1814
6.5 0 2178
7 0 2498
7.5 0 2622
8 0 3338
8.5 0 3722
9 0 4170
9.5 0 4358
10 0 5034
10.5 0 5714
11 0 5982
11.5 0 6602
12 0 7130
12.5 0 8034
13 0 8606
13.5 0 9066
14 0 9962
14.5 0 10550
15 0 11226
15.5 0 12146
16 0 12303
16.5 0 12584
17 0 12120
17.5 0 11180
18 0 11096
18.5 0 10056
19 0 9716
19.5 0 8604
20 0 8060
20.5 0 7320
21 0 6356
21.5 0 5348
22 0 4308
22.5 0 3563
23 0 2448
23.5 0 1868
24 0 1358
24.5 0 1062
25 0 776
25.5 0 432
26 0 200
26.5 0 168
27 0 56
27.5 0 7

0.5 5.05311470750601e-18 18
1 6.853369281984483e-18 62
1.5 1.163685055693251e-17 98
2 3.044043820058141e-17 210
2.5 5.955165353865658e-17 350
3 8.999336564271348e-17 450
3.5 5.321798851815995e-16 602
4 1.323912179160513e-15 762
4.5 5.812818157834057e-16 1142
5 2.900132251782709e-16 1250
5.5 3.575995542521177e-16 1458
6 7.305122998008205e-16 1814
6.5 5.80967905869913e-16 2178
7 1.072285813472816e-15 2498
7.5 8.022988314649245e-16 2622
8 3.28265475132279e-15 3338
8.5 2.864623424408618e-15 3722
9 2.060496400753964e-15 4170
9.5 1.809280064623063e-15 4358
10 1.662071719865727e-15 5034
10.5 2.450618526261307e-15 5714
11 2.554918570475749e-15 5982
11.5 3.511359964067924e-15 6602
12 3.716318811801184e-15 7130
12.5 4.588718022074018e-15 8034
13 5.563170583129463e-15 8606
13.5 6.08024664018157e-15 9066
14 6.282098552629294e-15 9962
14.5 6.414803191690853e-15 10550
15 6.613210360677078e-15 11226
15.5 7.161609612016625e-15 12146
16 6.794690864903501e-15 12303
16.5 6.960048017436478e-15 12584
17 6.745719671300617e-15 12120
17.5 6.314594101940871e-15 11180
18 6.565593480706807e-15 11096
18.5 7.201032982429935e-15 10056
19 8.616555816569874e-15 9716
19.5 8.71803666379274e-15 8604
20 8.933334852515722e-15 8060
20.5 8.198627419639776e-15 7320
21 6.925144971533375e-15 6356
21.5 5.422609345490227e-15 5348
22 3.832210029172314e-15 4308
22.5 2.538929112414057e-15 3563
23 1.18892514655337e-15 2448
23.5 7.259202185040029e-16 1868
24 4.88372522978226e-16 1358
24.5 3.316850894951246e-16 1062
25 1.914565635606095e-16 776
25.5 8.642263743930915e-17 432
26 3.969526464783813e-17 200
26.5 5.085385652802142e-17 168
27 1.800812017711161e-17 56
27.5 2.1118265421774e-18 7

0.5 5.346813730330663e-17 18
1 1.098625172984819e-16 62
1.5 4.910756484458182e-17 98
2 1.011796922890995e-16 210
2.5 1.969548877999709e-16 350
3 2.906458890420357e-16 450
3.5 2.42181507061691e-16 602
4 1.050942098281322e-15 762
4.5 8.669492725940536e-16 1142
5 2.345846845513522e-15 1250
5.5 1.050786248375724e-14 1458
6 1.531931050761375e-14 1814
6.5 8.119727004192339e-15 2178
7 3.46259825819641e-15 2498
7.5 5.135621419553446e-15 2622
8 1.225130639701105e-14 3338
8.5 1.505192587580676e-14 3722
9 1.362525693892503e-14 4170
9.5 1.230677684119049e-14 4358
10 1.118582508333939e-14 5034
10.5 7.221715405664821e-15 5714
11 5.137350123238319e-15 5982
11.5 5.130207764751369e-15 6602
12 6.478424885299933e-15 7130
12.5 1.331905169338199e-14 8034
13 1.687390240327532e-14 8606
13.5 1.557580507794194e-14 9066
14 1.535895504070746e-14 9962
14.5 1.808665885925124e-14 10550
15 2.353577983493877e-14 11226
15.5 2.979787318755735e-14 12146
16 3.288665661640299e-14 12303
16.5 3.709525561450252e-14 12584
17 3.606760722940215e-14 12120
17.5 3.25640729577082e-14 11180
18 3.30284314016219e-14 11096
18.5 2.742706935463145e-14 10056
19 2.210930565534101e-14 9716
19.5 1.577563993561372e-14 8604
20 1.197109941843645e-14 8060
20.5 9.113618719609566e-15 7320
21 7.080327450451519e-15 6356
21.5 5.857102337165407e-15 5348
22 4.373382396751445e-15 4308
22.5 4.0026098726137e-15 3563
23 3.005169047033341e-15 2448
23.5 2.626337920000784e-15 1868
24 2.021155644389401e-15 1358
24.5 1.504585461990867e-15 1062
25 1.014881912446388e-15 776
25.5 5.932040910867407e-16 432
26 2.630046184695467e-16 200
26.5 1.969288580133783e-16 168
27 8.234249843082498e-17 56
27.5 5.6976142593796e-18 7

0.5 2.049461095914888e-14 18
1 4.596821533875337e-14 62
1.5 8.132633467841298e-14 98
2 1.336705487563359e-13 210
2.5 1.248265088636119e-13 350
3 1.006238552278743e-13 450
3.5 7.928673181168093e-14 602
4 8.363346779330513e-14 762
4.5 7.799400424236294e-14 1142
5 6.17373877306111e-14 1250
5.5 3.527970012296573e-14 1458
6 4.568812532611511e-14 1814
6.5 7.020355384550227e-14 2178
7 4.599182624312533e-14 2498
7.5 5.98661283420806e-14 2622
8 2.275877838369937e-13 3338
8.5 9.343845325450501e-13 3722
9 2.198485449904294e-12 4170
9.5 3.397317230917761e-12 4358
10 4.342461930054539e-12 5034
10.5 4.907472453275734e-12 5714
11 4.404849805296217e-12 5982
11.5 4.187760218748262e-12 6602
12 3.754536482623234e-12 7130
12.5 3.52015235539436e-12 8034
13 3.085447406570213e-12 8606
13.5 2.780894102211925e-12 9066
14 2.812518169309272e-12 9962
14.5 2.881370820078212e-12 10550
15 2.884535462545821e-12 11226
15.5 3.055259377403015e-12 12146
16 2.85707372674945e-12 12303
16.5 2.19920300222841e-12 12584
17 1.558362090616084e-12 12120
17.5 1.076241942732502e-12 11180
18 7.36482322581207e-13 11096
18.5 5.02996056545118e-13 10056
19 4.382855301098077e-13 9716
19.5 3.912676443456839e-13 8604
20 3.981845837720396e-13 8060
20.5 4.361690688470775e-13 7320
21 4.321373443719756e-13 6356
21.5 3.933451926007171e-13 5348
22 3.43919321556457e-13 4308
22.5 2.720853251852053e-13 3563
23 1.550237907669985e-13 2448
23.5 7.274577120211366e-14 1868
24 2.28052205562232e-14 1358
24.5 8.925761384180594e-15 1062
25 4.584454276481253e-15 776
25.5 3.01822484031572e-15 432
26 1.496480610090783e-15 200
26.5 1.372077548176428e-15 168
27 6.104884615568923e-16 56
27.5 2.916987365502985e-17 7

0.5 5.295215824505088e-14 18
1 5.043410182422613e-14 62
1.5 9.320472660488031e-14 98
2 3.498615878264462e-13 210
2.5 1.03579774001797e-12 350
3 9.628816527321719e-13 450
3.5 3.136362722416861e-13 602
4 1.100168575803591e-13 762
4.5 2.359596546197751e-13 1142
5 3.493983024507575e-13 1250
5.5 8.129981476671423e-13 1458
6 1.124044694341598e-12 1814
6.5 1.106001140262671e-12 2178
7 7.266654750820481e-13 2498
7.5 8.954355329481281e-13 2622
8 1.586349928705509e-12 3338
8.5 1.324614384590399e-12 3722
9 1.806153419115083e-12 4170
9.5 2.811736280036959e-12 4358
10 8.716517043488734e-12 5034
10.5 1.910208137330772e-11 5714
11 2.138665724705724e-11 5982
11.5 1.916686632803065e-11 6602
12 1.486027791739191e-11 7130
12.5 1.180419527329672e-11 8034
13 9.674421798667715e-12 8606
13.5 8.292596958982769e-12 9066
14 8.641097611856919e-12 9962
14.5 9.36512970379057e-12 10550
15 1.004695703606849e-11 11226
15.5 1.062046818796893e-11 12146
16 9.557991849274271e-12 12303
16.5 7.367260641111335e-12 12584
17 5.505229353637644e-12 12120
17.5 4.051127281174439e-12 11180
18 2.660493755781576e-12 11096
18.5 1.665476401172894e-12 10056
19 1.655550943522161e-12 9716
19.5 1.430297327740938e-12 8604
20 1.156004755404224e-12 8060
20.5 9.504079881682143e-13 7320
21 7.444899513775612e-13 6356
21.5 5.88095964026794e-13 5348
22 5.036961113762425e-13 4308
22.5 4.307676281376416e-13 3563
23 2.324858783554082e-13 2448
23.5 1.477102904826322e-13 1868
24 6.352138114929565e-14 1358
24.5 2.653376893313449e-14 1062
25 1.214878603433168e-14 776
25.5 5.915526674389671e-15 432
26 2.649901911199413e-15 200
26.5 1.959697222758635e-15 168
27 4.757227517364114e-16 56
27.5 7.593497852790373e-17 7

0.5 1.041559978930559e-13 18
1 3.588838073798097e-14 62
1.5 4.537474917515496e-14 98
2 2.381577550913059e-13 210
2.5 2.505784581240033e-13 350
3 1.285567490243178e-12 450
3.5 2.441282696647513e-12 602
4 1.785406421819389e-12 762
4.5 2.587841950583714e-12 1142
5 2.404076015462777e-12 1250
5.5 5.908325050751236e-13 1458
6 5.165304685588754e-13 1814
6.5 9.929818597622698e-13 2178
7 9.731245083316917e-13 2498
7.5 1.53305581486135e-12 2622
8 3.476839732023517e-12 3338
8.5 5.008165020032707e-12 3722
9 8.687961593106329e-12 4170
9.5 1.774986564993514e-11 4358
10 1.486246676859258e-11 5034
10.5 9.012797766045676e-12 5714
11 8.573205536911611e-12 5982
11.5 2.140538835853579e-11 6602
12 3.126256264252264e-11 7130
12.5 2.886144598877395e-11 8034
13 2.321271759177381e-11 8606
13.5 1.856312633641749e-11 9066
14 1.921777752297469e-11 9962
14.5 2.687184754303969e-11 10550
15 3.750322283017e-11 11226
15.5 4.653985353438031e-11 12146
16 5.044763095370516e-11 12303
16.5 4.71315430183495e-11 12584
17 4.123528115227054e-11 12120
17.5 3.691274822748732e-11 11180
18 3.043505228254967e-11 11096
18.5 1.785710546387268e-11 10056
19 1.066628249592275e-11 9716
19.5 8.257457824580761e-12 8604
20 7.726326501978037e-12 8060
20.5 6.987775093057172e-12 7320
21 6.065612355902151e-12 6356
21.5 4.876598648032829e-12 5348
22 3.797956711886838e-12 4308
22.5 2.622174822081432e-12 3563
23 1.395062597437057e-12 2448
23.5 8.679518740596306e-13 1868
24 5.449642094055424e-13 1358
24.5 4.601783085636121e-13 1062
25 3.727228496529244e-13 776
25.5 1.953446235409524e-13 432
26 1.267955550366226e-13 200
26.5 8.807425734870178e-14 168
27 2.966413099485643e-14 56
27.5 3.769751623144118e-15 7

0.5 1.541264957088439e-12 18
1 7.00508617818538e-12 62
1.5 1.357398697439952e-11 98
2 3.440772447457041e-11 210
2.5 4.223982996409896e-11 350
3 3.752608491918701e-11 450
3.5 4.522146386926843e-11 602
4 5.729370525237765e-11 762
4.5 7.263957548565919e-11 1142
5 4.839852430138833e-11 1250
5.5 3.256199329176534e-11 1458
6 3.794892408091896e-11 1814
6.5 4.437968122541044e-11 2178
7 4.194919844842194e-11 2498
7.5 3.769009338649076e-11 2622
8 4.373554596925414e-11 3338
8.5 5.749431865208928e-11 3722
9 8.250263062072359e-11 4170
9.5 1.030722499181847e-10 4358
10 9.881777441883814e-11 5034
10.5 9.248682310390854e-11 5714
11 8.997510617074905e-11 5982
11.5 9.558155325480338e-11 6602
12 1.099328052383773e-10 7130
12.5 1.270066437308598e-10 8034
13 1.484015064179085e-10 8606
13.5 1.722425476095608e-10 9066
14 2.194717615474034e-10 9962
14.5 2.778046847206587e-10 10550
15 3.805090110890968e-10 11226
15.5 5.055285490215366e-10 12146
16 6.539308847846494e-10 12303
16.5 8.153511819763839e-10 12584
17 9.359823608335353e-10 12120
17.5 9.721439044076041e-10 11180
18 1.093447273112834e-09 11096
18.5 1.067609058320834e-09 10056
19 1.035384726888562e-09 9716
19.5 8.986413316167116e-10 8604
20 8.564589239650848e-10 8060
20.5 7.39011278897321e-10 7320
21 5.7742718905659e-10 6356
21.5 4.342869613906064e-10 5348
22 3.040833547072006e-10 4308
22.5 2.234334961635279e-10 3563
23 1.190562830463092e-10 2448
23.5 8.450338954496894e-11 1868
24 5.187996083383957e-11 1358
24.5 3.173979916197302e-11 1062
25 2.013798097050183e-11 776
25.5 7.275079301564204e-12 432
26 3.511350959276561e-12 200
26.5 1.950326986102533e-12 168
27 4.457077471207513e-13 56
27.5 6.052166745031734e-14 7

0.5 2.14823787836425e-09 18
1 9.037425646421335e-09 62
1.5 1.437463286856729e-08 98
2 3.035605301819348e-08 210
2.5 3.515815083196782e-08 350
3 3.215699228291253e-08 450
3.5 3.819465293995594e-08 602
4 4.691144268581916e-08 762
4.5 7.318243120615522e-08 1142
5 8.396916381369612e-08 1250
5.5 1.098106555465316e-07 1458
6 1.297426060499567e-07 1814
6.5 1.62142932755572e-07 2178
7 1.631556429424912e-07 2498
7.5 1.580656594484529e-07 2622
8 1.751553143358801e-07 3338
8.5 1.674591361722842e-07 3722
9 1.610319144295634e-07 4170
9.5 1.4569433689175e-07 4358
10 1.611501845011583e-07 5034
10.5 1.89600887799331e-07 5714
11 2.06400153313452e-07 5982
11.5 2.589034335303659e-07 6602
12 3.148675945701516e-07 7130
12.5 4.07897230387139e-07 8034
13 4.882587470151858e-07 8606
13.5 5.542472604980322e-07 9066
14 6.610904607420334e-07 9962
14.5 7.440208644453408e-07 10550
15 8.239386479325174e-07 11226
15.5 9.226571836697981e-07 12146
16 9.408540783914558e-07 12303
16.5 1.003262730788439e-06 12584
17 9.50308452696174e-07 12120
17.5 8.742297083506737e-07 11180
18 8.622746412478147e-07 11096
18.5 8.315080868008321e-07 10056
19 9.173332786799839e-07 9716
19.5 9.21833753342725e-07 8604
20 9.316640179151103e-07 8060
20.5 9.884277949160072e-07 7320
21 9.449833625564272e-07 6356
21.5 8.692526435129333e-07 5348
22 7.751651904997287e-07 4308
22.5 7.043350588139348e-07 3563
23 5.550154593825008e-07 2448
23.5 4.788303935267948e-07 1868
24 3.412986483995578e-07 1358
24.5 2.551555604949081e-07 1062
25 2.048337613403305e-07 776
25.5 1.081214768392421e-07 432
26 4.172158863392833e-08 200
26.5 4.31841505837052e-08 168
27 1.392667873805641e-08 56
27.5 6.309640873806622e-10 7

0.5 2.339963537943874e-08 18
1 7.265046641392698e-08 62
1.5 7.329255560616381e-08 98
2 1.068831591947933e-07 210
2.5 1.608770913762899e-07 350
3 1.828034545161916e-07 450
3.5 2.462929087658503e-07 602
4 3.074625573672874e-07 762
4.5 3.962857529652841e-07 1142
5 3.599517635371866e-07 1250
5.5 4.332439245332e-07 1458
6 4.844814835882282e-07 1814
6.5 5.568244820001589e-07 2178
7 6.173256962284161e-07 2498
7.5 6.96768043758638e-07 2622
8 9.128523178636053e-07 3338
8.5 9.648254763077069e-07 3722
9 1.055902033449414e-06 4170
9.5 1.149251489254867e-06 4358
10 1.360991665447548e-06 5034
10.5 1.608794498166638e-06 5714
11 1.667095137901855e-06 5982
11.5 1.92996052302974e-06 6602
12 2.193909911514179e-06 7130
12.5 2.720408505262757e-06 8034
13 3.071050296505323e-06 8606
13.5 3.463595021057493e-06 9066
14 3.969213966417636e-06 9962
14.5 4.594203864096705e-06 10550
15 5.192887342675396e-06 11226
15.5 6.098322655088994e-06 12146
16 6.471171888774961e-06 12303
16.5 6.846662841909096e-06 12584
17 6.923056440917227e-06 12120
17.5 6.823378902025373e-06 11180
18 7.061882948898398e-06 11096
18.5 6.94502973823724e-06 10056
19 7.29160899744684e-06 9716
19.5 6.824054564974259e-06 8604
20 6.667953588417348e-06 8060
20.5 6.445072430239545e-06 7320
21 5.985886972902167e-06 6356
21.5 5.124160996521427e-06 5348
22 4.088346092669609e-06 4308
22.5 3.205556212666184e-06 3563
23 2.208721961806585e-06 2448
23.5 1.675020062558686e-06 1868
24 1.186218525812024e-06 1358
24.5 1.101133678525305e-06 1062
25 7.763514720811347e-07 776
25.5 4.979171697475712e-07 432
26 2.476111466022324e-07 200
26.5 2.814890489724358e-07 168
27 6.650406467211935e-08 56
27.5 1.981308576506795e-08 7

0.5 4.141919806389341e-08 18
1 7.499916325363514e-08 62
1.5 1.985302660987687e-07 98
2 5.310785603552939e-07 210
2.5 5.289374564170198e-07 350
3 5.129966172624856e-07 450
3.5 6.666136599438108e-07 602
4 7.236075116682631e-07 762
4.5 1.086365918670285e-06 1142
5 1.045860243943331e-06 1250
5.5 1.11962928217252e-06 1458
6 1.463919100940793e-06 1814
6.5 1.685997537474424e-06 2178
7 1.968030114281368e-06 2498
7.5 2.051507163462594e-06 2622
8 2.552446237222537e-06 3338
8.5 2.865227403622872e-06 3722
9 3.229160984300367e-06 4170
9.5 3.442405973481184e-06 4358
10 4.092016302545772e-06 5034
10.5 4.598395128141493e-06 5714
11 5.077382726440429e-06 5982
11.5 5.854732157416468e-06 6602
12 6.783832670934829e-06 7130
12.5 7.907999491154043e-06 8034
13 9.105963761710176e-06 8606
13.5 1.010379924993746e-05 9066
14 1.149636891180188e-05 9962
14.5 1.306963864384684e-05 10550
15 1.444559323059516e-05 11226
15.5 1.634998977638329e-05 12146
16 1.727521722747448e-05 12303
16.5 1.768089196270693e-05 12584
17 1.816138262504563e-05 12120
17.5 1.699337057364206e-05 11180
18 1.709490642623647e-05 11096
18.5 1.579381676377128e-05 10056
19 1.561353607016505e-05 9716
19.5 1.424460182063037e-05 8604
20 1.398726248021935e-05 8060
20.5 1.31579660819574e-05 7320
21 1.182900768855427e-05 6356
21.5 1.033276455148363e-05 5348
22 8.805762741850174e-06 4308
22.5 7.678643933848358e-06 3563
23 4.997287604630396e-06 2448
23.5 3.840468431421109e-06 1868
24 2.608875164784493e-06 1358
24.5 2.062185693862058e-06 1062
25 1.495575810161123e-06 776
25.5 8.501904313736723e-07 432
26 5.347650909903832e-07 200
26.5 4.992429339300267e-07 168
27 1.235496448961883e-07 56
27.5 2.761218548649495e-08 7

0.5 2.937625731958132e-08 18
1 2.347736617058359e-07 62
1.5 4.403190952493837e-07 98
2 6.306583060143426e-07 210
2.5 9.49096688313933e-07 350
3 9.33068431171658e-07 450
3.5 1.291984912758532e-06 602
4 1.505176730779368e-06 762
4.5 2.13904936991476e-06 1142
5 2.362362091952462e-06 1250
5.5 2.485110300790165e-06 1458
6 3.319979446128899e-06 1814
6.5 3.678628488558637e-06 2178
7 4.267317718762224e-06 2498
7.5 4.474778130756007e-06 2622
8 5.726248391866982e-06 3338
8.5 6.356604979468473e-06 3722
9 6.989272347295965e-06 4170
9.5 7.335541438193167e-06 4358
10 8.766596547722523e-06 5034
10.5 9.957187071512694e-06 5714
11 1.09078511455499e-05 5982
11.5 1.221421253112047e-05 6602
12 1.355908760251335e-05 7130
12.5 1.535963482661113e-05 8034
13 1.711512001095583e-05 8606
13.5 1.905581265893189e-05 9066
14 2.127401621465279e-05 9962
14.5 2.379447893906758e-05 10550
15 2.681957847743656e-05 11226
15.5 2.954098766036085e-05 12146
16 3.116143805395972e-05 12303
16.5 3.075143921135343e-05 12584
17 3.135599241566673e-05 12120
17.5 2.937867752383752e-05 11180
18 2.951583338552795e-05 11096
18.5 2.748974989582288e-05 10056
19 2.65186513103248e-05 9716
19.5 2.362066963297559e-05 8604
20 2.288413813342954e-05 8060
20.5 2.113175669968897e-05 7320
21 1.828503881881045e-05 6356
21.5 1.582743832556513e-05 5348
22 1.298939932853136e-05 4308
22.5 1.086017007315445e-05 3563
23 7.370928333271333e-06 2448
23.5 6.099701474017243e-06 1868
24 4.760241274362708e-06 1358
24.5 3.88768602288673e-06 1062
25 2.812263523725479e-06 776
25.5 1.451517636694447e-06 432
26 6.733814615601958e-07 200
26.5 5.904873726718987e-07 168
27 1.792171735214032e-07 56
27.5 1.4133783544119e-08 7

0.5 2.975213795624978e-08 18
1 3.695442946696175e-07 62
1.5 3.961137378000991e-07 98
2 8.703974022045064e-07 210
2.5 1.222108883572013e-06 350
3 1.391802399032591e-06 450
3.5 1.873694600134624e-06 602
4 2.301784853002462e-06 762
4.5 3.180006399180757e-06 1142
5 3.537503859087674e-06 1250
5.5 4.005278882369244e-06 1458
6 4.904119741815002e-06 1814
6.5 5.788893341452411e-06 2178
7 6.621949091932867e-06 2498
7.5 7.05877672440977e-06 2622
8 8.697401029903595e-06 3338
8.5 9.843110136147475e-06 3722
9 1.100269051495315e-05 4170
9.5 1.151267098259219e-05 4358
10 1.342218291321655e-05 5034
10.5 1.534014197411835e-05 5714
11 1.602144215254654e-05 5982
11.5 1.856906456940892e-05 6602
12 1.98295732630917e-05 7130
12.5 2.347192059892999e-05 8034
13 2.527837196709296e-05 8606
13.5 2.726732525522585e-05 9066
14 3.058237252604082e-05 9962
14.5 3.39142609608316e-05 10550
15 3.729748516651468e-05 11226
15.5 4.132373347456696e-05 12146
16 4.300068120417368e-05 12303
16.5 4.370187188962692e-05 12584
17 4.256255753346332e-05 12120
17.5 3.936346657561259e-05 11180
18 3.971296243094116e-05 11096
18.5 3.649670528107028e-05 10056
19 3.429628644067744e-05 9716
19.5 3.154792718988628e-05 8604
20 2.960619896906194e-05 8060
20.5 2.723689903200323e-05 7320
21 2.40298409592007e-05 6356
21.5 2.018711247954285e-05 5348
22 1.682650863640149e-05 4308
22.5 1.403712525988091e-05 3563
23 1.010702684044493e-05 2448
23.5 7.595849795872188e-06 1868
24 5.618693100631002e-06 1358
24.5 4.564985235999904e-06 1062
25 3.155409411596301e-06 776
25.5 1.734607102465117e-06 432
26 9.897235981514157e-07 200
26.5 8.653853397885511e-07 168
27 2.327028510550148e-07 56
27.5 4.507457112373039e-08 7

0.5 8.361590116559028e-08 18
1 3.468646884662647e-07 62
1.5 5.02249984786154e-07 98
2 9.313445412104368e-07 210
2.5 1.471910717553227e-06 350
3 1.636496456309805e-06 450
3.5 2.329160641801943e-06 602
4 2.822576183989585e-06 762
4.5 4.429114964526717e-06 1142
5 4.634278018122589e-06 1250
5.5 5.282099552130877e-06 1458
6 6.482246518396637e-06 1814
6.5 7.7608122429331e-06 2178
7 8.756401289048188e-06 2498
7.5 9.181214224576757e-06 2622
8 1.122120933936929e-05 3338
8.5 1.302371406536176e-05 3722
9 1.403119751756045e-05 4170
9.5 1.47643256613351e-05 4358
10 1.767487152271673e-05 5034
10.5 1.982100864236286e-05 5714
11 2.110878824936641e-05 5982
11.5 2.383398795865242e-05 6602
12 2.579483190852585e-05 7130
12.5 2.963901075403955e-05 8034
13 3.229253575220917e-05 8606
13.5 3.536545428242546e-05 9066
14 3.894523603293524e-05 9962
14.5 4.275046362592674e-05 10550
15 4.641168836845746e-05 11226
15.5 5.078300019109899e-05 12146
16 5.249761448121907e-05 12303
16.5 5.289832210439248e-05 12584
17 5.152742312188036e-05 12120
17.5 4.822245649089738e-05 11180
18 4.779536232761778e-05 11096
18.5 4.401906949022733e-05 10056
19 4.139562548216876e-05 9716
19.5 3.793922290975599e-05 8604
20 3.577504177963549e-05 8060
20.5 3.209829444001401e-05 7320
21 2.914985408247141e-05 6356
21.5 2.403111930516252e-05 5348
22 1.970725400771315e-05 4308
22.5 1.602010122253021e-05 3563
23 1.141245611369639e-05 2448
23.5 8.867015926260739e-06 1868
24 6.576450175792525e-06 1358
24.5 5.378812163905986e-06 1062
25 3.665307076060387e-06 776
25.5 1.981144687833773e-06 432
26 1.192336469368484e-06 200
26.5 9.491888708885431e-07 168
27 2.862278312196085e-07 56
27.5 3.560649424022159e-08 7

0.5 1.369192342822597e-07 18
1 3.276272265160007e-07 62
1.5 5.267588052112774e-07 98
2 1.133518534068668e-06 210
2.5 1.639549729089004e-06 350
3 1.934832184852796e-06 450
3.5 2.798880254543067e-06 602
4 3.346573419027021e-06 762
4.5 5.008311583313878e-06 1142
5 5.597342013913316e-06 1250
5.5 6.295274611115067e-06 1458
6 8.15708603495635e-06 1814
6.5 9.506217715486983e-06 2178
7 1.045904768566834e-05 2498
7.5 1.123662132531532e-05 2622
8 1.34608676329151e-05 3338
8.5 1.600243476719449e-05 3722
9 1.67051850031924e-05 4170
9.5 1.7987843663264e-05 4358
10 2.07758537039862e-05 5034
10.5 2.337200100348309e-05 5714
11 2.524608106595526e-05 5982
11.5 2.823597726353697e-05 6602
12 3.065044438461857e-05 7130
12.5 3.500683773384461e-05 8034
13 3.797398269907973e-05 8606
13.5 4.146661820884383e-05 9066
14 4.529768909518741e-05 9962
14.5 5.013616976840761e-05 10550
15 5.345265163098652e-05 11226
15.5 5.876358966183477e-05 12146
16 6.101176905522683e-05 12303
16.5 6.206282877527064e-05 12584
17 5.917931615354076e-05 12120
17.5 5.500932332508756e-05 11180
18 5.53294531601559e-05 11096
18.5 4.945143931048706e-05 10056
19 4.776332858471396e-05 9716
19.5 4.287764651057558e-05 8604
20 4.076054881312271e-05 8060
20.5 3.6580242178351e-05 7320
21 3.189794096359736e-05 6356
21.5 2.778785091005621e-05 5348
22 2.196290773753668e-05 4308
22.5 1.891243466146695e-05 3563
23 1.263493158849822e-05 2448
23.5 9.902791786845244e-06 1868
24 7.49863093096963e-06 1358
24.5 6.082902035624272e-06 1062
25 4.399590765310867e-06 776
25.5 2.304519805329945e-06 432
26 1.140743543433501e-06 200
26.5 1.010859402787485e-06 168
27 2.360313537280483e-07 56
27.5 2.599847460235369e-08 7

0.5 1.614119114884561e-07 18
1 3.976204960580537e-07 62
1.5 5.979614929791126e-07 98
2 1.082185301391407e-06 210
2.5 2.001534376314509e-06 350
3 2.384504531105153e-06 450
3.5 3.290826590428104e-06 602
4 3.844158911788397e-06 762
4.5 5.39132766117886e-06 1142
5 6.572823195385036e-06 1250
5.5 7.477957465372492e-06 1458
6 8.958178706164065e-06 1814
6.5 1.101047419063695e-05 2178
7 1.213030260967203e-05 2498
7.5 1.309212589048483e-05 2622
8 1.53897741379926e-05 3338
8.5 1.79747343753761e-05 3722
9 1.925686302856503e-05 4170
9.5 2.030601888681662e-05 4358
10 2.451192085178579e-05 5034
10.5 2.729210202852859e-05 5714
11 2.845453433638715e-05 5982
11.5 3.144919046658655e-05 6602
12 3.411920062071158e-05 7130
12.5 3.960157542683129e-05 8034
13 4.286238119894384e-05 8606
13.5 4.597011913270557e-05 9066
14 5.080673445229035e-05 9962
14.5 5.513139440300694e-05 10550
15 6.025043911278705e-05 11226
15.5 6.570117940693229e-05 12146
16 6.771478840897529e-05 12303
16.5 6.88003715225113e-05 12584
17 6.606619366709573e-05 12120
17.5 5.974869338523409e-05 11180
18 6.017563861257934e-05 11096
18.5 5.371553619981015e-05 10056
19 5.098544251204321e-05 9716
19.5 4.752041107208804e-05 8604
20 4.314047067443141e-05 8060
20.5 4.051990088543089e-05 7320
21 3.521366666269465e-05 6356
21.5 2.997825438482629e-05 5348
22 2.411872209177994e-05 4308
22.5 2.03689021138514e-05 3563
23 1.402656446237358e-05 2448
23.5 1.076037367946831e-05 1868
24 8.134745394492793e-06 1358
24.5 6.559201160609869e-06 1062
25 4.641938302307022e-06 776
25.5 2.655639968053592e-06 432
26 1.329663318171662e-06 200
26.5 1.19000421278627e-06 168
27 4.083740255775811e-07 56
27.5 2.185942164527976e-08 7

0.5 1.272535176878267e-07 18
1 5.003238154496796e-07 62
1.5 5.914896490339526e-07 98
2 1.469583740746101e-06 210
2.5 2.241761153212944e-06 350
3 2.652563513849189e-06 450
3.5 3.594704584548608e-06 602
4 4.259652848641048e-06 762
4.5 6.118371502868087e-06 1142
5 7.067771128903191e-06 1250
5.5 8.240004136804854e-06 1458
6 1.0491208822186e-05 1814
6.5 1.187505809824013e-05 2178
7 1.373484206010321e-05 2498
7.5 1.447898473624133e-05 2622
8 1.685780032860861e-05 3338
8.5 1.969399205272543e-05 3722
9 2.153690540600106e-05 4170
9.5 2.241793884074093e-05 4358
10 2.662808045159401e-05 5034
10.5 2.965369547937594e-05 5714
11 3.150050124494004e-05 5982
11.5 3.48651919071922e-05 6602
12 3.67338013977038e-05 7130
12.5 4.286256166017987e-05 8034
13 4.730963635683928e-05 8606
13.5 5.057986107183181e-05 9066
14 5.442354173118394e-05 9962
14.5 5.950905822500316e-05 10550
15 6.511015028522726e-05 11226
15.5 7.06677838156646e-05 12146
16 7.352118137621319e-05 12303
16.5 7.438195347121224e-05 12584
17 7.036749786087624e-05 12120
17.5 6.442275375657566e-05 11180
18 6.433180724809536e-05 11096
18.5 5.829443995898696e-05 10056
19 5.595918042196098e-05 9716
19.5 5.001443731897707e-05 8604
20 4.649923731139013e-05 8060
20.5 4.269335590230766e-05 7320
21 3.790674731458958e-05 6356
21.5 3.156461352064723e-05 5348
22 2.613108232888869e-05 4308
22.5 2.146756670771848e-05 3563
23 1.5551523669388e-05 2448
23.5 1.134704653972039e-05 1868
24 8.55287780901073e-06 1358
24.5 6.98275890280541e-06 1062
25 5.481523838630621e-06 776
25.5 2.859302551024237e-06 432
26 1.276496269518402e-06 200
26.5 1.116269187167633e-06 168
27 2.4413785717769e-07 56
27.5 5.885251207174398e-08 7

0.5 8.376272526609404e-08 18
1 4.849899643398843e-07 62
1.5 6.532557861184682e-07 98
2 1.329797071543034e-06 210
2.5 2.126459902106118e-06 350
3 2.726518337840915e-06 450
3.5 4.010492822946865e-06 602
4 4.63961545265329e-06 762
4.5 7.0329913163379e-06 1142
5 7.367576040200565e-06 1250
5.5 8.829412728537209e-06 1458
6 1.138350653808176e-05 1814
6.5 1.300952133073412e-05 2178
7 1.45713980058432e-05 2498
7.5 1.536289666470003e-05 2622
8 1.846443295293951e-05 3338
8.5 2.153570270978675e-05 3722
9 2.329332916920404e-05 4170
9.5 2.439553242436413e-05 4358
10 2.879331802324656e-05 5034
10.5 3.259521028134727e-05 5714
11 3.389497287912813e-05 5982
11.5 3.724105329191398e-05 6602
12 4.070900505725165e-05 7130
12.5 4.56248625207473e-05 8034
13 4.917305969940182e-05 8606
13.5 5.315236070089876e-05 9066
14 5.858958789333389e-05 9962
14.5 6.354137008502143e-05 10550
15 6.90812017217581e-05 11226
15.5 7.528147580658314e-05 12146
16 7.890648006231566e-05 12303
16.5 7.897626960378287e-05 12584
17 7.511899968911795e-05 12120
17.5 6.831358921706473e-05 11180
18 6.88608660966638e-05 11096
18.5 6.177169427343356e-05 10056
19 5.801450938327149e-05 9716
19.5 5.396097631859269e-05 8604
20 4.833838240751244e-05 8060
20.5 4.508209625199953e-05 7320
21 3.949812628748282e-05 6356
21.5 3.301857053809331e-05 5348
22 2.68678245712328e-05 4308
22.5 2.223330440725094e-05 3563
23 1.604265833365791e-05 2448
23.5 1.188492270693783e-05 1868
24 9.051933440943976e-06 1358
24.5 7.145673856610985e-06 1062
25 5.399235344154336e-06 776
25.5 2.708954249613198e-06 432
26 1.606673170019154e-06 200
26.5 1.199956366173072e-06 168
27 3.43304814716971e-07 56
27.5 6.008395397314916e-08 7

0.5 8.673248857166335e-08 18
1 3.878744101896003e-07 62
1.5 6.583094461436411e-07 98
2 1.665738262281945e-06 210
2.5 2.583877741691307e-06 350
3 2.866177833589399e-06 450
3.5 4.208698510457369e-06 602
4 4.824167225657449e-06 762
4.5 7.569773277811102e-06 1142
5 7.631348342925773e-06 1250
5.5 9.570639818407267e-06 1458
6 1.162883616580658e-05 1814
6.5 1.37509141912464e-05 2178
7 1.548746486626035e-05 2498
7.5 1.628064976835495e-05 2622
8 2.00728063740496e-05 3338
8.5 2.280887585531757e-05 3722
9 2.483001192715783e-05 4170
9.5 2.626646711762528e-05 4358
10 3.073555380867497e-05 5034
10.5 3.502620129049431e-05 5714
11 3.605522334104866e-05 5982
11.5 3.911241757912537e-05 6602
12 4.229628064308806e-05 7130
12.5 4.887221694705449e-05 8034
13 5.19852435543437e-05 8606
13.5 5.598661760052893e-05 9066
14 6.267856247525862e-05 9962
14.5 6.671262117359239e-05 10550
15 7.188755071232204e-05 11226
15.5 7.903661569504266e-05 12146
16 8.158489597125022e-05 12303
16.5 8.223282606683207e-05 12584
17 7.732338931506915e-05 12120
17.5 7.164060053244271e-05 11180
18 7.142988824707379e-05 11096
18.5 6.304560996629724e-05 10056
19 6.050844302714153e-05 9716
19.5 5.584342428226402e-05 8604
20 4.984782470085811e-05 8060
20.5 4.691671143968633e-05 7320
21 4.15867660305434e-05 6356
21.5 3.483224666549157e-05 5348
22 2.781058179862674e-05 4308
22.5 2.347318786607369e-05 3563
23 1.681616006090335e-05 2448
23.5 1.224598784971492e-05 1868
24 9.268642830729512e-06 1358
24.5 7.409122256425188e-06 1062
25 5.37057068823638e-06 776
25.5 2.878591985111086e-06 432
26 1.656189607186947e-06 200
26.5 1.319652462951239e-06 168
27 4.159216811623097e-07 56
27.5 5.693835663515141e-08 7

0.5 1.289038886584858e-07 18
1 4.251375716545572e-07 62
1.5 7.044929938939632e-07 98
2 1.418742565850604e-06 210
2.5 2.419426423224029e-06 350
3 3.220924153605255e-06 450
3.5 4.261525585178938e-06 602
4 5.034514998681127e-06 762
4.5 7.978858908368815e-06 1142
5 8.121812888125968e-06 1250
5.5 9.974265172783914e-06 1458
6 1.255155649087852e-05 1814
6.5 1.503315743930815e-05 2178
7 1.669600173953386e-05 2498
7.5 1.741893609572492e-05 2622
8 2.110594418941113e-05 3338
8.5 2.353225003346231e-05 3722
9 2.626233037184397e-05 4170
9.5 2.769664388384816e-05 4358
10 3.241397421759577e-05 5034
10.5 3.662959148734498e-05 5714
11 3.71555441734315e-05 5982
11.5 4.062906461623059e-05 6602
12 4.485850922617089e-05 7130
12.5 4.960767390511584e-05 8034
13 5.478246451554788e-05 8606
13.5 5.822920048783146e-05 9066
14 6.420645830313589e-05 9962
14.5 6.96284758524252e-05 10550
15 7.502973498787932e-05 11226
15.5 8.134186676781627e-05 12146
16 8.433211769291313e-05 12303
16.5 8.577461546850087e-05 12584
17 7.993045669976366e-05 12120
17.5 7.344234388769211e-05 11180
18 7.404094988231126e-05 11096
18.5 6.574042872437274e-05 10056
19 6.251024619035213e-05 9716
19.5 5.725811090191777e-05 8604
20 5.27165278643545e-05 8060
20.5 4.829899599089409e-05 7320
21 4.202546394920885e-05 6356
21.5 3.611215236921891e-05 5348
22 2.935167505949505e-05 4308
22.5 2.448702240651552e-05 3563
23 1.671183841041436e-05 2448
23.5 1.24971482007131e-05 1868
24 9.764920074376743e-06 1358
24.5 7.728785286622224e-06 1062
25 5.782527409873337e-06 776
25.5 3.127762644887854e-06 432
26 1.644675197817393e-06 200
26.5 1.400560815771155e-06 168
27 4.041958153887408e-07 56
27.5 4.88946309102759e-08 7

0.5 1.614275782527473e-07 18
1 5.453280835900879e-07 62
1.5 7.105407521321423e-07 98
2 1.722432869438759e-06 210
2.5 2.797295790363052e-06 350
3 3.172797156524389e-06 450
3.5 4.503473314304168e-06 602
4 5.366923917071986e-06 762
4.5 8.238843238728317e-06 1142
5 8.672947614995996e-06 1250
5.5 1.024591897261048e-05 1458
6 1.342731573986372e-05 1814
6.5 1.482312701037217e-05 2178
7 1.681722493932334e-05 2498
7.5 1.770045965720546e-05 2622
8 2.174913731237148e-05 3338
8.5 2.446844849396159e-05 3722
9 2.757399073364024e-05 4170
9.5 2.857223124855126e-05 4358
10 3.395248134991886e-05 5034
10.5 3.801474651736189e-05 5714
11 3.85694012625716e-05 5982
11.5 4.255285417884666e-05 6602
12 4.607659058954061e-05 7130
12.5 5.240488996736281e-05 8034
13 5.563682592207325e-05 8606
13.5 5.957224032640856e-05 9066
14 6.688369172238944e-05 9962
14.5 7.106596955051439e-05 10550
15 7.769383735316495e-05 11226
15.5 8.409483555438538e-05 12146
16 8.880182183132586e-05 12303
16.5 8.808558784733053e-05 12584
17 8.383287446749534e-05 12120
17.5 7.595823683318744e-05 11180
18 7.56552889620711e-05 11096
18.5 6.75552708923015e-05 10056
19 6.443264959876356e-05 9716
19.5 5.843142532332451e-05 8604
20 5.445316655716537e-05 8060
20.5 4.975067897618416e-05 7320
21 4.297218589164268e-05 6356
21.5 3.641228801378187e-05 5348
22 3.010945099377594e-05 4308
22.5 2.430189470436291e-05 3563
23 1.630815284267907e-05 2448
23.5 1.34095550151899e-05 1868
24 9.879730045136505e-06 1358
24.5 8.29839909979162e-06 1062
25 6.004667026711826e-06 776
25.5 3.291774617521657e-06 432
26 1.480089145648014e-06 200
26.5 1.326097989901281e-06 168
27 3.431226386353136e-07 56
27.5 7.89106011996791e-08 7

0.5 1.769854148682277e-07 18
1 5.746951182573214e-07 62
1.5 7.309118121393255e-07 98
2 1.698524646250517e-06 210
2.5 2.711139312693687e-06 350
3 3.416567214050976e-06 450
3.5 4.981044922361141e-06 602
4 5.939729974652087e-06 762
4.5 8.333015939580527e-06 1142
5 9.122184690833353e-06 1250
5.5 1.0733262890955e-05 1458
6 1.370493245286326e-05 1814
6.5 1.584803587502578e-05 2178
7 1.773839091942981e-05 2498
7.5 1.892174386065717e-05 2622
8 2.239299240320846e-05 3338
8.5 2.522138376931564e-05 3722
9 2.842356421476094e-05 4170
9.5 2.901992830343076e-05 4358
10 3.545795057007885e-05 5034
10.5 3.944899489682442e-05 5714
11 3.991748882174903e-05 5982
11.5 4.405270054403658e-05 6602
12 4.784678219289084e-05 7130
12.5 5.397764970778833e-05 8034
13 5.886922671657877e-05 8606
13.5 6.217039283817423e-05 9066
14 6.892849051351632e-05 9962
14.5 7.295678667398622e-05 10550
15 7.95762258152622e-05 11226
15.5 8.663804991375995e-05 12146
16 8.909719895660639e-05 12303
16.5 9.051243553304793e-05 12584
17 8.653914379232681e-05 12120
17.5 7.880002238977225e-05 11180
18 7.731711649772129e-05 11096
18.5 6.857826287488369e-05 10056
19 6.619173696720932e-05 9716
19.5 5.947336914236579e-05 8604
20 5.538224912320598e-05 8060
20.5 5.013873646726808e-05 7320
21 4.45408048661245e-05 6356
21.5 3.770607758971598e-05 5348
22 3.053058156281994e-05 4308
22.5 2.601445697670772e-05 3563
23 1.80967677155155e-05 2448
23.5 1.301076927687531e-05 1868
24 1.011056838833374e-05 1358
24.5 8.165487006360006e-06 1062
25 5.647067340806927e-06 776
25.5 3.269536538037323e-06 432
26 1.586862955279467e-06 200
26.5 1.329695664235646e-06 168
27 4.009971684966295e-07 56
27.5 8.272116108527386e-08 7

0.5 1.490023556422723e-07 18
1 4.638564799876435e-07 62
1.5 7.597910892073111e-07 98
2 1.80745906051384e-06 210
2.5 2.986368259255194e-06 350
3 3.768938120152347e-06 450
3.5 4.895305738284792e-06 602
4 6.333401951047252e-06 762
4.5 8.531626238020266e-06 1142
5 9.553253843819379e-06 1250
5.5 1.12143563203009e-05 1458
6 1.364652175790061e-05 1814
6.5 1.680730332676604e-05 2178
7 1.847368666876328e-05 2498
7.5 1.880124392657289e-05 2622
8 2.324064491816028e-05 3338
8.5 2.634200927517317e-05 3722
9 2.90358996505657e-05 4170
9.5 3.007267612197953e-05 4358
10 3.608868464652388e-05 5034
10.5 4.021480439051342e-05 5714
11 4.113130620552443e-05 5982
11.5 4.547584211285702e-05 6602
12 4.918542802448825e-05 7130
12.5 5.457987437688639e-05 8034
13 5.993770495821112e-05 8606
13.5 6.386918771891938e-05 9066
14 7.077375466837412e-05 9962
14.5 7.493461623402001e-05 10550
15 8.091621528925984e-05 11226
15.5 8.878641969310614e-05 12146
16 9.119188480192761e-05 12303
16.5 9.110465112199829e-05 12584
17 8.752862497969035e-05 12120
17.5 7.981314450129029e-05 11180
18 7.925374928933706e-05 11096
18.5 7.094141241926739e-05 10056
19 6.754639094835326e-05 9716
19.5 6.07889173982141e-05 8604
20 5.601347234931333e-05 8060
20.5 5.192203935692831e-05 7320
21 4.567809332013909e-05 6356
21.5 3.906471220108292e-05 5348
22 3.092708696248602e-05 4308
22.5 2.581046021698015e-05 3563
23 1.724087368882709e-05 2448
23.5 1.388878752402202e-05 1868
24 1.033594992550472e-05 1358
24.5 8.260824185522263e-06 1062
25 6.170923708800165e-06 776
25.5 3.289770790772178e-06 432
26 1.806617667070012e-06 200
26.5 1.507891734412171e-06 168
27 5.278060806248859e-07 56
27.5 2.33535656066076e-08 7

0.5 1.055788291366456e-07 18
1 4.694999024977498e-07 62
1.5 7.855956806724803e-07 98
2 1.782853322415313e-06 210
2.5 3.001079414043514e-06 350
3 3.528477140930577e-06 450
3.5 4.774829939322841e-06 602
4 6.181631135218279e-06 762
4.5 8.791942270597814e-06 1142
5 9.831447665583666e-06 1250
5.5 1.171182711296459e-05 1458
6 1.394853433821919e-05 1814
6.5 1.692766979328279e-05 2178
7 1.79210736577081e-05 2498
7.5 2.018505061999714e-05 2622
8 2.364538520783938e-05 3338
8.5 2.690028303625919e-05 3722
9 3.008002095879901e-05 4170
9.5 3.116460073975415e-05 4358
10 3.632232184180015e-05 5034
10.5 4.02425120510202e-05 5714
11 4.187740214234616e-05 5982
11.5 4.681348002881259e-05 6602
12 4.997971321181699e-05 7130
12.5 5.543048065065608e-05 8034
13 5.975645388859576e-05 8606
13.5 6.438966209121056e-05 9066
14 7.124504566324384e-05 9962
14.5 7.615181406752305e-05 10550
15 8.225069400529164e-05 11226
15.5 9.076242709046182e-05 12146
16 9.353509379617698e-05 12303
16.5 9.441693329713894e-05 12584
17 8.910900757636827e-05 12120
17.5 8.128901699613775e-05 11180
18 8.01816696383043e-05 11096
18.5 7.10085929319916e-05 10056
19 6.800022168631057e-05 9716
19.5 6.226623521978978e-05 8604
20 5.674877328990079e-05 8060
20.5 5.331134319077696e-05 7320
21 4.645223035229571e-05 6356
21.5 3.934118612851954e-05 5348
22 3.193113704714263e-05 4308
22.5 2.613799738505754e-05 3563
23 1.719043440372361e-05 2448
23.5 1.352974734991427e-05 1868
24 1.031464706445702e-05 1358
24.5 8.453646788589142e-06 1062
25 5.789541603603455e-06 776
25.5 3.377230655059618e-06 432
26 1.533551118508833e-06 200
26.5 1.358102223355593e-06 168
27 3.40592818420194e-07 56
27.5 1.187844238718277e-07 7

0.5 1.007699436865129e-07 18
1 5.474693907576695e-07 62
1.5 8.115013925614298e-07 98
2 1.921863450674918e-06 210
2.5 3.152967977569377e-06 350
3 3.964435376547984e-06 450
3.5 5.37900651684964e-06 602
4 5.762320703966083e-06 762
4.5 9.028021967417923e-06 1142
5 1.006939585779706e-05 1250
5.5 1.19693785007463e-05 1458
6 1.449197759169666e-05 1814
6.5 1.695431803701998e-05 2178
7 1.946768192208389e-05 2498
7.5 1.964210439984436e-05 2622
8 2.416762187079921e-05 3338
8.5 2.73062050096117e-05 3722
9 3.042333161116251e-05 4170
9.5 3.054449828820497e-05 4358
10 3.697100638351187e-05 5034
10.5 4.089099982173095e-05 5714
11 4.245395085978298e-05 5982
11.5 4.721779563627819e-05 6602
12 5.088628684374637e-05 7130
12.5 5.670851753651692e-05 8034
13 6.09322415970439e-05 8606
13.5 6.573142638716658e-05 9066
14 7.378898266182353e-05 9962
14.5 7.750657060741147e-05 10550
15 8.452611159917159e-05 11226
15.5 9.202576426772909e-05 12146
16 9.462175650773413e-05 12303
16.5 9.584708140311541e-05 12584
17 9.004074595345413e-05 12120
17.5 8.414161709623171e-05 11180
18 8.19376416108079e-05 11096
18.5 7.162019231980073e-05 10056
19 6.890775257809199e-05 9716
19.5 6.424749335021407e-05 8604
20 5.679778284399966e-05 8060
20.5 5.394032931968261e-05 7320
21 4.63108893648669e-05 6356
21.5 3.973579488005089e-05 5348
22 3.205483357111914e-05 4308
22.5 2.726256047370659e-05 3563
23 1.822631090967119e-05 2448
23.5 1.359686041093054e-05 1868
24 1.041819182431919e-05 1358
24.5 8.768161278351513e-06 1062
25 6.333664662925269e-06 776
25.5 3.517496153000577e-06 432
26 1.776605363852537e-06 200
26.5 1.610046192013301e-06 168
27 4.512181753933909e-07 56
27.5 4.282587311340034e-08 7

0.5 1.262610503792655e-07 18
1 5.988648388824225e-07 62
1.5 8.033096338726933e-07 98
2 1.909948124844893e-06 210
2.5 3.226461180697283e-06 350
3 3.922558379180601e-06 450
3.5 5.343076239926316e-06 602
4 6.199744787431576e-06 762
4.5 9.377172827693964e-06 1142
5 1.028191818716228e-05 1250
5.5 1.226279662778436e-05 1458
6 1.499172586806959e-05 1814
6.5 1.734920962852181e-05 2178
7 2.029874324878932e-05 2498
7.5 2.02510698642522e-05 2622
8 2.474946191039816e-05 3338
8.5 2.82604695651671e-05 3722
9 3.096784652235676e-05 4170
9.5 3.188369086594051e-05 4358
10 3.777727254335345e-05 5034
10.5 4.249729974507624e-05 5714
11 4.31390106625906e-05 5982
11.5 4.734631677478477e-05 6602
12 5.140512227004501e-05 7130
12.5 5.784797168994682e-05 8034
13 6.215480383274692e-05 8606
13.5 6.657891496878449e-05 9066
14 7.465429724796799e-05 9962
14.5 7.83687980244129e-05 10550
15 8.509327780347183e-05 11226
15.5 9.347986324342461e-05 12146
16 9.745532231374425e-05 12303
16.5 9.655886264627813e-05 12584
17 8.955807302112659e-05 12120
17.5 8.263087365427993e-05 11180
18 8.268483977955004e-05 11096
18.5 7.318240594362255e-05 10056
19 7.071262815162275e-05 9716
19.5 6.427061763956825e-05 8604
20 5.832736810033228e-05 8060
20.5 5.426787549789662e-05 7320
21 4.612266836624327e-05 6356
21.5 4.054913152684017e-05 5348
22 3.210666955863713e-05 4308
22.5 2.75075875335826e-05 3563
23 1.855452691904037e-05 2448
23.5 1.369930655029203e-05 1868
24 1.071506016570579e-05 1358
24.5 8.613089460085111e-06 1062
25 6.435222007066786e-06 776
25.5 3.452588712230942e-06 432
26 1.86343669677409e-06 200
26.5 1.48010334281599e-06 168
27 4.985674241619009e-07 56
27.5 5.15495535074809e-08 7

0.5 1.657474058747273e-07 18
1 5.3250438482083e-07 62
1.5 8.578324292357454e-07 98
2 1.907939160460495e-06 210
2.5 3.335420904897278e-06 350
3 3.947164222780467e-06 450
3.5 5.133780742622733e-06 602
4 6.943129834464925e-06 762
4.5 9.665909372997168e-06 1142
5 1.045264434565963e-05 1250
5.5 1.245495728942252e-05 1458
6 1.551803707716414e-05 1814
6.5 1.793038332036621e-05 2178
7 1.981233345921918e-05 2498
7.5 2.144360334189288e-05 2622
8 2.537166014784287e-05 3338
8.5 2.806938594694587e-05 3722
9 3.137317653191454e-05 4170
9.5 3.223641284304041e-05 4358
10 3.870129062582296e-05 5034
10.5 4.289496368390799e-05 5714
11 4.358571659306169e-05 5982
11.5 4.765539091368745e-05 6602
12 5.210451613017015e-05 7130
12.5 5.917221050507008e-05 8034
13 6.304190899037265e-05 8606
13.5 6.749642020097619e-05 9066
14 7.448675091902299e-05 9962
14.5 7.958862390505336e-05 10550
15 8.572192614643815e-05 11226
15.5 9.230336831217942e-05 12146
16 9.699486125351191e-05 12303
16.5 9.738253265675883e-05 12584
17 9.354591002054122e-05 12120
17.5 8.599701444160874e-05 11180
18 8.234063556230923e-05 11096
18.5 7.332415060926126e-05 10056
19 6.88796474333854e-05 9716
19.5 6.422594576039706e-05 8604
20 5.941040719483354e-05 8060
20.5 5.456319894576088e-05 7320
21 4.808803878740142e-05 6356
21.5 4.015166549451602e-05 5348
22 3.206316674585105e-05 4308
22.5 2.755465842515448e-05 3563
23 1.880150662519277e-05 2448
23.5 1.387289110852149e-05 1868
24 1.08924361529015e-05 1358
24.5 8.462983857943706e-06 1062
25 6.389282167265062e-06 776
25.5 3.423393713789662e-06 432
26 1.544830749671825e-06 200
26.5 1.39764440614689e-06 168
27 3.559095959802872e-07 56
27.5 1.329074123303574e-07 7

0.5 2.048497170739976e-07 18
1 4.657071582919264e-07 62
1.5 9.150690794146003e-07 98
2 2.099882568708545e-06 210
2.5 3.408698354524684e-06 350
3 4.254785210246489e-06 450
3.5 5.855376503860684e-06 602
4 6.621411428250946e-06 762
4.5 9.997355440545108e-06 1142
5 1.0655270595927e-05 1250
5.5 1.266174777380554e-05 1458
6 1.602057586018841e-05 1814
6.5 1.839603477983445e-05 2178
7 1.999653054336493e-05 2498
7.5 2.045073036484058e-05 2622
8 2.505944574048174e-05 3338
8.5 2.939210617340749e-05 3722
9 3.161739306674574e-05 4170
9.5 3.245784113444943e-05 4358
10 3.868902435703484e-05 5034
10.5 4.32465018626539e-05 5714
11 4.424411460743957e-05 5982
11.5 4.906621288811773e-05 6602
12 5.283095575522088e-05 7130
12.5 6.038810229564949e-05 8034
13 6.36049471814364e-05 8606
13.5 6.795857859922728e-05 9066
14 7.508629631010241e-05 9962
14.5 8.054362295243141e-05 10550
15 8.687916409464653e-05 11226
15.5 9.439456811696216e-05 12146
16 9.760262947757969e-05 12303
16.5 9.905588849258518e-05 12584
17 9.132459068392499e-05 12120
17.5 8.499381378267793e-05 11180
18 8.410672215703329e-05 11096
18.5 7.439913881917575e-05 10056
19 7.203928697809422e-05 9716
19.5 6.422721310462209e-05 8604
20 5.908197891741152e-05 8060
20.5 5.559840848559019e-05 7320
21 4.845349027966067e-05 6356
21.5 4.051030593743644e-05 5348
22 3.247238513499584e-05 4308
22.5 2.740083911149447e-05 3563
23 1.891660931997617e-05 2448
23.5 1.42424749679352e-05 1868
24 1.112346150145137e-05 1358
24.5 8.598212139186334e-06 1062
25 6.255810396731219e-06 776
25.5 3.541276060183204e-06 432
26 1.56451204885968e-06 200
26.5 1.523877479000857e-06 168
27 3.815862784464054e-07 56
27.5 8.85573941083274e-08 7

0.5 2.083056357612033e-07 18
1 5.26606756316069e-07 62
1.5 8.534281124205353e-07 98
2 2.016233592514429e-06 210
2.5 3.445019538153399e-06 350
3 4.008480672024107e-06 450
3.5 5.597410830265616e-06 602
4 6.326222856774479e-06 762
4.5 1.034697585367764e-05 1142
5 1.075027820917372e-05 1250
5.5 1.289105481430938e-05 1458
6 1.622705169537109e-05 1814
6.5 1.857552704389092e-05 2178
7 2.080332666056675e-05 2498
7.5 2.053278918946137e-05 2622
8 2.602541617315954e-05 3338
8.5 2.888135402316572e-05 3722
9 3.25306878822724e-05 4170
9.5 3.261093874799781e-05 4358
10 3.843962331042567e-05 5034
10.5 4.39321946533013e-05 5714
11 4.505738045071273e-05 5982
11.5 5.030422147519627e-05 6602
12 5.30339601956341e-05 7130
12.5 6.133017632218927e-05 8034
13 6.442786580829279e-05 8606
13.5 6.817947573080757e-05 9066
14 7.593209407598075e-05 9962
14.5 8.105516218181946e-05 10550
15 8.698775538404249e-05 11226
15.5 9.609604001285719e-05 12146
16 9.821694026439791e-05 12303
16.5 9.944976463773834e-05 12584
17 9.303988891472929e-05 12120
17.5 8.589893936585082e-05 11180
18 8.409661505171524e-05 11096
18.5 7.337762691346206e-05 10056
19 7.037940346556675e-05 9716
19.5 6.542223764945641e-05 8604
20 6.011979148865796e-05 8060
20.5 5.521890905481004e-05 7320
21 4.772069131955946e-05 6356
21.5 4.156912895003945e-05 5348
22 3.320077263531592e-05 4308
22.5 2.781256636129234e-05 3563
23 1.917680636118448e-05 2448
23.5 1.406618809424101e-05 1868
24 1.116036536162747e-05 1358
24.5 8.720624766944112e-06 1062
25 6.280500034750667e-06 776
25.5 3.616276015462128e-06 432
26 1.595666393733154e-06 200
26.5 1.522116622219698e-06 168
27 4.015176612313585e-07 56
27.5 4.839627578297523e-08 7

0.5 1.809740318694027e-07 18
1 6.123685018961654e-07 62
1.5 8.335333666424513e-07 98
2 1.97126031111803e-06 210
2.5 3.492777370203615e-06 350
3 4.488942543141702e-06 450
3.5 5.806007717505806e-06 602
4 7.185769555492748e-06 762
4.5 1.023223095841267e-05 1142
5 1.094004295415529e-05 1250
5.5 1.300764507007538e-05 1458
6 1.63484170530182e-05 1814
6.5 1.886108595966913e-05 2178
7 2.133828463703743e-05 2498
7.5 2.198594378589261e-05 2622
8 2.630388613965522e-05 3338
8.5 2.977158778570354e-05 3722
9 3.248105954366415e-05 4170
9.5 3.361063644706275e-05 4358
10 3.981213327604403e-05 5034
10.5 4.444748869289132e-05 5714
11 4.576609021728211e-05 5982
11.5 5.053860270166583e-05 6602
12 5.29151902852117e-05 7130
12.5 6.11801951601642e-05 8034
13 6.522243906195019e-05 8606
13.5 6.870312024224639e-05 9066
14 7.696226085492971e-05 9962
14.5 8.141236629514423e-05 10550
15 8.728528341406564e-05 11226
15.5 9.700998812584824e-05 12146
16 9.840486030156556e-05 12303
16.5 0.0001001354474203886 12584
17 9.373883715573551e-05 12120
17.5 8.592111491224238e-05 11180
18 8.557839349688022e-05 11096
18.5 7.582952952098634e-05 10056
19 7.254871925401585e-05 9716
19.5 6.532910851200136e-05 8604
20 5.87229144156686e-05 8060
20.5 5.592309755685923e-05 7320
21 4.847344861319164e-05 6356
21.5 4.010320054309928e-05 5348
22 3.274676568309046e-05 4308
22.5 2.787762708693578e-05 3563
23 1.921909002083267e-05 2448
23.5 1.418855192775547e-05 1868
24 1.13472367648057e-05 1358
24.5 8.90469503523057e-06 1062
25 6.308694716919502e-06 776
25.5 3.574672519763131e-06 432
26 1.6632362113992e-06 200
26.5 1.563429281889051e-06 168
27 4.559899302950061e-07 56
27.5 3.704167726922137e-08 7

0.5 1.37127494059979e-07 18
1 6.196971441984189e-07 62
1.5 8.756632294107615e-07 98
2 2.166304299577017e-06 210
2.5 3.564576280391558e-06 350
3 4.073008469112672e-06 450
3.5 6.071417119043155e-06 602
4 7.068617281916862e-06 762
4.5 1.018527367592385e-05 1142
5 1.137571723805856e-05 1250
5.5 1.306133023900838e-05 1458
6 1.645106808841231e-05 1814
6.5 1.910841990726484e-05 2178
7 2.129681468746798e-05 2498
7.5 2.242602893204931e-05 2622
8 2.626652846576423e-05 3338
8.5 3.013255842082975e-05 3722
9 3.306359082248706e-05 4170
9.5 3.298592816023251e-05 4358
10 3.941899131227059e-05 5034
10.5 4.392170773234726e-05 5714
11 4.582845291946042e-05 5982
11.5 5.072404009787391e-05 6602
12 5.347154602706645e-05 7130
12.5 6.001948659848655e-05 8034
13 6.551389950959251e-05 8606
13.5 6.942809767625422e-05 9066
14 7.806060690841604e-05 9962
14.5 8.181488123081109e-05 10550
15 8.798870628794381e-05 11226
15.5 9.718370752801092e-05 12146
16 9.838543895963611e-05 12303
16.5 0.0001000676891886317 12584
17 9.464375848175316e-05 12120
17.5 8.750638359206848e-05 11180
18 8.39519027123453e-05 11096
18.5 7.451605699787043e-05 10056
19 7.172760569258837e-05 9716
19.5 6.58474951077997e-05 8604
20 6.06938906929528e-05 8060
20.5 5.602943707626568e-05 7320
21 4.923248241088288e-05 6356
21.5 4.13211637336091e-05 5348
22 3.358874247077618e-05 4308
22.5 2.817957459409437e-05 3563
23 1.859425712719907e-05 2448
23.5 1.430522835847466e-05 1868
24 1.125033947860963e-05 1358
24.5 9.017385522912636e-06 1062
25 6.412681721434831e-06 776
25.5 3.582235217046553e-06 432
26 1.599608705129073e-06 200
26.5 1.614075990217385e-06 168
27 4.498496837810531e-07 56
27.5 3.385212100510323e-08 7

