#t    <phi>    <pi>    <phi^2>    <pi^2>    rms(phi)    rms(pi)
0    1.10098275154004    -0.239548875230861    1.21216302034341    0.0573838660691926    3.39814144756597e-05    0.000449938686986467
0.5    0.97530002791662    -0.263031641167134    0.951210145578725    0.0691857934188732    3.35345354459239e-05    0.000386217292655683
1    0.838340932373343    -0.28413479478678    0.702815519886359    0.0807327005483648    3.1523840250697e-05    0.000344876556739021
1.49999999999999    0.692167351015962    -0.299207152982687    0.479095642648789    0.0895250236888329    2.89194422250564e-05    0.000321392016219078
1.99999999999998    0.540820809288798    -0.304205615609382    0.292487148480901    0.0925411457538771    2.68535031526896e-05    0.000298639571702677
2.49999999999997    0.390079958648689    -0.296629424339979    0.152162374767225    0.0879890935060405    2.50571693543087e-05    0.00027950272482894
2.99999999999996    0.246090288596494    -0.277815532795805    0.0605604306999409    0.0771815391378168    2.36312289015494e-05    0.000262440850062265
3.49999999999995    0.113217562771537    -0.253329487879498    0.0128182170217137    0.0641758911788327    2.24005962069041e-05    0.000248494555450176
3.99999999999994    -0.00743230586078268    -0.229851517474935    5.52396242596439e-05    0.0528317762312991    2.13037888487437e-05    0.000236950983761583
4.49999999999993    -0.117207607694218    -0.209427412412867    0.01373762371479    0.0438598924790242    2.03319550588325e-05    0.000226735694194744
4.99999999999992    -0.215865539009885    -0.182422899187999    0.0465979313121092    0.0332781615065973    1.94956613975311e-05    0.000217619949594631
5.4999999999999    -0.294315342162928    -0.12351155712096    0.0866215209811763    0.0152551485658383    1.86733828912841e-05    0.000209340378726
5.99999999999989    -0.330686633883553    -0.0149402628401984    0.109353650151315    0.000223252204193305    1.79465873584495e-05    0.000201867429498788
6.49999999999988    -0.307821420007292    0.101233020344383    0.0947540269115546    0.0102481621645925    1.72118830758686e-05    0.000194310437948858
6.99999999999987    -0.238846126324579    0.164028101660092    0.0570474723369887    0.0269052529260831    1.66352603888769e-05    0.000186525787810842
7.49999999999986    -0.152379055063009    0.176083776159947    0.0232193766796908    0.0310055282928898    1.60560079341589e-05    0.000179070219825083
7.99999999999985    -0.0659961821619108    0.168102880589102    0.00435549630134042    0.0282586082398038    1.55368051168948e-05    0.000172561437881436
8.49999999999993    0.0153559959579306    0.15744038343368    0.000235806837410903    0.0247875022269065    1.50183528366174e-05    0.000167006473700138
9.00000000000001    0.0915852589336938    0.147408097875855    0.00838785986599172    0.0217291735374118    1.45615925756609e-05    0.000161919838656741
9.50000000000009    0.162283190888733    0.134421518519897    0.0263358342458251    0.0180691692645701    1.41702548553313e-05    0.00015691837041098
10.0000000000002    0.224552332138275    0.112760169207532    0.0504237500570458    0.0127148791720231    1.3722529727498e-05    0.000153010822805135
10.5000000000002    0.272877850068057    0.0782696404915632    0.0744623212363969    0.00612615874727692    1.33653172328955e-05    0.000148743397775253
11.0000000000003    0.300743058479061    0.0315146290997955    0.0904463873918324    0.000993192829867804    1.29804613816875e-05    0.00014485361619082
11.5000000000004    0.30339911629349    -0.0210662816284557    0.0920510239274472    0.000443808135938007    1.26402780400286e-05    0.000141117995294334
12.0000000000005    0.280401842654048    -0.0693332785054301    0.0786251935142929    0.00480712231568726    1.22681372683359e-05    0.000137139985842728
12.5000000000006    0.236330425584085    -0.104210901172133    0.0558520701997983    0.0108599296021312    1.19600775254312e-05    0.000132962487649318
13.0000000000006    0.179056880514205    -0.122125305576911    0.0320613665944006    0.0149146070227949    1.16156151622582e-05    0.000129462507827262
13.5000000000007    0.116569131140784    -0.125976942179846    0.0135883624632482    0.0158702058067944    1.13283227099377e-05    0.000125880141931556
14.0000000000008    0.0543462246845615    -0.122200509491581    0.00295351225913649    0.0149329796324573    1.10304869863085e-05    0.000122932727093397
14.5000000000009    -0.00533871682998584    -0.116535238082525    2.85020137590022e-05    0.0135804760625604    1.07874106340578e-05    0.000119781507970806
15.0000000000009    -0.0622227090408911    -0.110872258464032    0.00387166563136955    0.0122926713944179    1.05348068833247e-05    0.000117036330941901
15.500000000001    -0.11557667828849    -0.101159549201128    0.013357968670514    0.0102332674744517    1.03108110937483e-05    0.000114367286662092
16.0000000000011    -0.160965463707695    -0.0769150035090315    0.0259098806076383    0.0059159303074946    1.00501282582116e-05    0.000111994197470436
16.500000000001    -0.188425073609292    -0.029016732372961    0.0355040084609394    0.000841982825039415    9.81184195417836e-06    0.000109851879252767
17.0000000000009    -0.187708069283065    0.0317442929067573    0.0352343193658081    0.00100771176195975    9.58290096409366e-06    0.000107841595639096
17.5000000000008    -0.159291730996433    0.0775810159694105    0.02537385565211    0.0060188251542899    9.39521409733453e-06    0.000105429805923385
18.0000000000007    -0.114683730541408    0.096885733425498    0.0131523581359918    0.00938685595618134    9.22482924481663e-06    0.000103028077125702
18.5000000000006    -0.0652352752343832    0.0991982152138668    0.00425564121694196    0.00984029608667492    9.0573852270614e-06    0.00010092104969532
19.0000000000005    -0.0163625360101335    0.0959998973728916    0.000267732663207052    0.00921599010044812    8.86138455059087e-06    9.90194041931261e-05
19.5000000000004    0.0307196717876367    0.0923480276334309    0.000943698310616131    0.00852816757785158    8.71068357170984e-06    9.67991046761485e-05
20.0000000000003    0.0758527424709045    0.0877906432014379    0.00575363861321292    0.00770720611057829    8.53554663956509e-06    9.52725360010252e-05
20.5000000000002    0.117746264178776    0.0786170733558382    0.0138641827983323    0.00618065299584734    8.38296437705961e-06    9.36632803963795e-05
21.0000000000001    0.152937601415439    0.060337380987006    0.0233899099942688    0.0036406080040588    8.21955911667509e-06    9.19765605552313e-05
21.5    0.176224514636141    0.0311053613890108    0.0310550796240051    0.000967551694180904    8.07846895943385e-06    9.04822631100393e-05
21.9999999999999    0.182814422007789    -0.00531597862197058    0.0334211129569886    2.82675360288904e-05    7.93388115083832e-06    8.89231108440815e-05
22.4999999999998    0.171144489494015    -0.0403331281248434    0.0292904363453547    0.00162676881000199    7.82225174980003e-06    8.7095734424201e-05
22.9999999999997    0.144125342246998    -0.0656879502520244    0.0207721143365831    0.00431491415544917    7.66608614522883e-06    8.57154404642973e-05
23.4999999999996    0.107580896632908    -0.0785033372311296    0.0115736493771334    0.00616278104530267    7.536103801624e-06    8.41954761434164e-05
23.9999999999995    0.0672509912747078    -0.0816149866486613    0.00452269588277376    0.00666101287297676    7.43928320851442e-06    8.26275717196045e-05
24.4999999999994    0.0267353400682743    -0.0800575282999617    0.000714778461896992    0.00640921443817204    7.30278842356124e-06    8.12445251690775e-05
24.9999999999993    -0.0126668483706366    -0.0775526657257967    0.000160449099750264    0.00601442232096934    7.21841855231084e-06    7.97483051881875e-05
25.4999999999992    -0.0507730559681972    -0.0746429253922535    0.00257790326241454    0.00557157252990133    7.07565223832065e-06    7.88592912350644e-05
25.9999999999991    -0.0866743460808437    -0.0677807070014339    0.00751244231708463    0.00459423028772009    6.96726333030697e-06    7.77567093687131e-05
26.499999999999    -0.116710665424819    -0.0499110075834307    0.0136213794708086    0.00249111455063492    6.84869452120014e-06    7.66331628416341e-05
26.9999999999989    -0.133930480026949    -0.0166105611141729    0.017937373525774    0.000275916442801444    6.74722394741021e-06    7.55134012710273e-05
27.4999999999988    -0.132103918411958    0.0236144808166465    0.0174514453037125    0.000557649256998093    6.62714839254052e-06    7.45168325016046e-05
27.9999999999987    -0.112064626395378    0.0538015400187152    0.0125584805320945    0.00289461106110403    6.55430309538459e-06    7.31622759518771e-05
28.4999999999986    -0.0811679853154373    0.067261226146799    0.00658824188206209    0.00452407773610742    6.47263820876501e-06    7.20648081964145e-05
28.9999999999985    -0.0466472522200903    0.0696677129006364    0.0021759661805186    0.00485359526448864    6.39013884373968e-06    7.10188928490457e-05
29.4999999999984    -0.0121163122249208    0.068230027149088    0.000146805061510506    0.0046553415155648    6.29116369242057e-06    7.00770969329304e-05
29.9999999999983    0.0215317803407312    0.0663600426902208    0.000463617603480719    0.00440366001999045    6.23211214145355e-06    6.89502901715821e-05
30.4999999999982    0.0541317564741746    0.0637311248606571    0.00293024709675365    0.00406166091864861    6.14608053332774e-06    6.81369499085334e-05
30.9999999999981    0.0846615422146153    0.0574600197315018    0.00716757676696822    0.00330165840889721    6.06721795852867e-06    6.73895588040062e-05
31.499999999998    0.110356051288577    0.0438435585263866    0.01217845809201    0.00192226205599556    6.00024422003919e-06    6.65713066827471e-05
31.9999999999979    0.126990260805074    0.0213187974304867    0.0161265263745485    0.000454495427846037    5.93362574206042e-06    6.56046028294982e-05
32.4999999999982    0.130728115179631    -0.00673007733503311    0.017089840132365    4.52981660566298e-05    5.8263437841824e-06    6.50009315579155e-05
32.9999999999984    0.120585594736327    -0.0328658231374074    0.0145408856910093    0.0010801664113247    5.75288721068677e-06    6.38813380638311e-05
33.4999999999987    0.0992816332703753    -0.0506802057590938    0.00985684273720142    0.00256848721936002    5.68929944233653e-06    6.29569371037389e-05
33.9999999999989    0.0715332030039963    -0.0588816308889624    0.00511699916350782    0.00346705033062815    5.61220709407411e-06    6.22453543178584e-05
34.4999999999992    0.0415014197985004    -0.0604974256388282    0.00172236787589153    0.00365994231935881    5.53174131284182e-06    6.17287069428105e-05
34.9999999999995    0.0114696698937684    -0.0594485278080056    0.000131553357523735    0.00353413116097468    5.48194467068813e-06    6.08476414005961e-05
35.4999999999997    -0.0178998092340046    -0.0580246082807725    0.000320403200304193    0.00336685874816011    5.44889310285786e-06    5.98500043543281e-05
36    -0.0464441351808569    -0.0558292881013964    0.00215705772156018    0.00311691293130405    5.37238028434445e-06    5.93413458605641e-05
36.5000000000002    -0.0730381160177915    -0.0494067410155537    0.0053345664194583    0.00244102952862845    5.29433054559478e-06    5.89139240720105e-05
37.0000000000005    -0.0942496597130742    -0.0334881638895882    0.00888299838367333    0.00112146050578858    5.25766560251324e-06    5.81815491204802e-05
37.5000000000007    -0.104631725162439    -0.0065939338429784    0.0109477979373665    4.34832603784384e-05    5.18635404924528e-06    5.74182276151365e-05
38.000000000001    -0.100373257153867    0.0229735683823099    0.0100747907777781    0.000527788071391967    5.10899145079537e-06    5.68082326416813e-05
38.5000000000012    -0.0832135921389969    0.0435795550979808    0.00692450194237721    0.00189918076863102    5.06970242763146e-06    5.60900443526902e-05
39.0000000000015    -0.0588262109083398    0.0522650312775158    0.00346052311496715    0.00273163657643427    5.01344901984e-06    5.55157145373708e-05
39.5000000000018    -0.0321559499907391    0.0536876559436924    0.00103400514440157    0.00288236740434403    4.95930057280719e-06    5.48052528577493e-05
40.000000000002    -0.0055101192365233    0.052774429388947    3.03614383971962e-05    0.00278514333301363    4.93928051570071e-06    5.41819589539385e-05
40.5000000000023    0.0205932578929603    0.051618415752054    0.000424082294692625    0.00266446373120228    4.90373854823574e-06    5.37256958134914e-05
41.0000000000025    0.0459730000816968    0.0495828922107316    0.0021135167624873    0.00245846601774611    5.09662682840643e-06    5.30826250629522e-05
41.5000000000028    0.0696028369390567    0.044085291937417    0.00484455493798471    0.00194351573146188    5.29337310729599e-06    5.25951955631706e-05
42.000000000003    0.0889619601853807    0.032083900110598    0.00791423038949303    0.0010293793736864    5.42842259020503e-06    5.22243196502567e-05
42.5000000000033    0.100443381847461    0.0127896118559465    0.0100888729854162    0.000163576858837821    5.33492239584902e-06    5.18402551394037e-05
43.0000000000035    0.101133823824824    -0.0100987386612065    0.010228050347038    0.00010198714148593    5.06037037237605e-06    5.11755662609372e-05
43.5000000000038    0.0908518665118121    -0.0300224285850116    0.00825406167170023    0.000901348773633193    4.797927096701e-06    5.05518651375932e-05
44.0000000000041    0.0723935308892683    -0.0424299333712007    0.00524082333714165    0.00180030174473017    4.74617792473975e-06    4.99884551051565e-05
44.5000000000043    0.049673126070524    -0.0474303269660541    0.00246741947594815    0.00224963835689254    4.72546089856089e-06    4.94043089968978e-05
45.0000000000046    0.0256920776671368    -0.0480478502023621    0.000660082877469833    0.00230859830441539    4.75559091096031e-06    4.89422799171714e-05
45.5000000000048    0.00185083133499734    -0.0472502279920015    3.42559962877735e-06    0.00223258641485392    4.79564065561879e-06    4.86781038918251e-05
46.0000000000051    -0.0215407757306381    -0.0462747801419858    0.000464005044592284    0.00214135768557065    5.05120133127084e-06    4.90752639524388e-05
46.5000000000053    -0.0442357153421201    -0.0440843931872079    0.00195679855838422    0.00194343608141136    6.82313288798271e-06    4.85667275170171e-05
47.0000000000056    -0.0648675374486985    -0.0373129612221435    0.00420779748400105    0.00139225939539075    8.32722964611153e-06    4.81687197949922e-05
47.5000000000058    -0.0801150772815667    -0.0220957394552042    0.00641842568687653    0.000488223982111242    8.89073281682838e-06    4.77497536824161e-05
48.0000000000061    -0.0856288967561334    0.000825118300787487    0.00733230802105802    6.83081113658753e-07    7.83488776572916e-06    4.75489575524336e-05
48.5000000000064    -0.0793514537420281    0.0233812798473756    0.00629665325018261    0.000546686462240912    6.26174048826942e-06    4.70631450052105e-05
49.0000000000066    -0.0636865638296752    0.0376120546855687    0.00405597844510197    0.00141466882515811    5.71582718051275e-06    4.65562874373569e-05
49.5000000000069    -0.0432362750808399    0.0430154614392689    0.00186937552075319    0.0018503320379572    6.15525211909766e-06    4.59904769619088e-05
50.0000000000071    -0.0214587491863027    0.0436533911020086    0.000460477962114828    0.00190562062398645    6.74345455101744e-06    4.54893561875472e-05
50.5000000000074    0.00021295519195594    0.0429835500158293    4.54049175458717e-08    0.00184758759812304    7.41645231094595e-06    4.50128841553406e-05
51.0000000000076    0.0215081176946498    0.042148954037723    0.000462599178088554    0.00177653640449502    7.16391276225992e-06    4.55853149156419e-05
51.5000000000079    0.0421852559164111    0.0402022779195111    0.00177959587098919    0.00161622520943864    7.36587350417357e-06    4.53819460433072e-05
52.0000000000081    0.0611210695554927    0.0347133138583006    0.00373578520613576    0.00120501619158857    7.90748896679203e-06    4.50839626297949e-05
52.5000000000084    0.0758884890385056    0.0232508867337284    0.00575906284176991    0.000540605742699891    8.55701591339667e-06    4.48195852946623e-05
53.0000000000087    0.0833690359584675    0.00592333991972652    0.0069503962273151    3.50879465028954e-05    8.40659610755593e-06    4.46172418432368e-05
53.5000000000089    0.0815084206260148    -0.013163327322206    0.00664362269311186    0.000173275150406941    7.75657771196485e-06    4.43194698144488e-05
54.0000000000092    0.0708705320759014    -0.0283712622887361    0.005022632372964    0.000804930441784385    7.49950844522126e-06    4.37941562990169e-05
54.5000000000094    0.0542815612175997    -0.0368600347508328    0.0029464879429399    0.00135866402993089    7.39728869618336e-06    4.32215025250516e-05
55.0000000000097    0.0349543838647876    -0.0397394155077766    0.00122180900040246    0.00157922299582079    7.00253766108903e-06    4.30223322752041e-05
55.5000000000099    0.0150062927556628    -0.0398052979410999    0.000225188877411983    0.00158446353216998    7.42585511614081e-06    4.22846336747684e-05
56.0000000000102    -0.00474848820336665    -0.0391967550441489    2.25482055237227e-05    0.00153638737355349    8.08122580092452e-06    4.20423890753852e-05
56.5000000000105    -0.024165796878679    -0.0383747748676833    0.000583985801267769    0.00147262511595195    7.90482117903089e-06    4.20690690359951e-05
57.0000000000107    -0.042848293051632    -0.0358387307435419    0.00183597626900047    0.00128441639738291    7.18066379458238e-06    4.21435026359575e-05
57.500000000011    -0.0591867261851538    -0.028402717022635    0.00350306861249625    0.000806716088829429    7.48197024452634e-06    4.18874867795294e-05
58.0000000000112    -0.0699807184423273    -0.0135287271439944    0.00489730101850224    0.000183028156784253    8.04971728097406e-06    4.12146527484784e-05
58.5000000000115    -0.0718533521125148    0.00630687297225697    0.00516290425713269    3.97783736431449e-05    6.87950914879269e-06    4.15566475957678e-05
59.0000000000117    -0.0641071257933218    0.0236454777100859    0.00410972361953349    0.000559110307054177    6.48480608103709e-06    4.11207491350237e-05
59.500000000012    -0.049511190811236    0.0334062225699098    0.0024513580736374    0.0011159773080655    7.62173130811967e-06    4.00209339468879e-05
60.0000000000122    -0.0318052995918217    0.0366149415093792    0.00101157713767518    0.00134065553010908    7.45316381036518e-06    3.98544077511101e-05
60.5000000000125    -0.0133988092256454    0.0367590756751408    0.00017952813256848    0.00135123124664092    6.62595199507757e-06    4.00268684359496e-05
61.0000000000128    0.00485427996119109    0.0362356718965842    2.35640886703265e-05    0.00131302551410175    7.39788517796276e-06    3.99537838014141e-05
61.500000000013    0.0228114089389434    0.035505147531208    0.000520360473774016    0.00126061723825334    9.79766867908097e-06    4.16778177308936e-05
62.0000000000133    0.0401305575241053    0.0333622691766436    0.00161046180498471    0.00111304274574246    1.2561416399672e-05    4.17268215244971e-05
62.5000000000135    0.0555552713063894    0.0275207640892904    0.00308638837770051    0.00075739421013111    1.44143668476249e-05    4.18816515253585e-05
63.0000000000138    0.0667203412751202    0.016193621538398    0.00445160418327609    0.0002622350389557    1.56015251117094e-05    4.0748335332745e-05
63.500000000014    0.0709833178289408    0.000402734883700354    0.00503863161127729    1.63905526043844e-07    1.41870666765588e-05    4.13538328901529e-05
64.0000000000143    0.0671029187185529    -0.0155004108648914    0.00450280182949288    0.000240264469898555    1.13553582660147e-05    4.162833302793e-05
64.5000000000138    0.05624597070716    -0.0269513417573294    0.00316360931556645    0.000726376499514884    9.73528369211135e-06    4.09511235390288e-05
65.0000000000134    0.0411384227097746    -0.0325922204611571    0.00169236992464079    0.00106225441564567    1.0079320221122e-05    3.97625075284255e-05
65.5000000000129    0.0243423884303455    -0.0341201784347987    0.000592551988449927    0.00116418816868572    1.06750225855334e-05    3.99031730840888e-05
66.0000000000125    0.00729648789244656    -0.0339412699503106    5.3238879793114e-05    0.0011520113508318    1.20095168411398e-05    3.93063854742653e-05
66.500000000012    -0.00956066966999688    -0.0334751198585123    9.14065568018824e-05    0.00112058540561986    1.23394928610327e-05    4.19055854188954e-05
67.0000000000116    -0.0261185492677736    -0.0325863290942487    0.000682178769467253    0.00106187069855957    1.2394117019008e-05    4.30664706607018e-05
67.5000000000111    -0.0417819807485739    -0.0294631558505484    0.00174573409839255    0.000868079437718076    1.35321227304049e-05    4.34170977141745e-05
68.0000000000106    -0.0547247119825524    -0.0212453058454751    0.00299479433067395    0.000451364838575105    1.51360706164213e-05    4.2639269780618e-05
68.5000000000102    -0.0619479237724288    -0.00674223163039076    0.00383754548094125    4.54595602205539e-05    1.48736882711085e-05    4.32765838799807e-05
69.0000000000097    -0.0610229811728931    0.0103092655710796    0.00372380440956349    0.000106282865096803    1.33542583770686e-05    4.36861735004824e-05
69.5000000000093    -0.052309474067749    0.0234911372553806    0.00273628124353441    0.000551835298640135    1.28953443208703e-05    4.20605397516231e-05
70.0000000000088    -0.0386661147235539    0.0300416718541014    0.00149506857982965    0.00090250374906825    1.23294208365995e-05    4.1246560330849e-05
70.5000000000084    -0.0230662532379695    0.0318241354819561    0.000532052180186019    0.00101277732316704    1.19057918946023e-05    4.15209963678861e-05
71.0000000000079    -0.00714822356748139    0.0317176547976079    5.10972838447077e-05    0.00100601127735704    1.35526385359313e-05    4.06386123783718e-05
71.5000000000075    0.00861000541600977    0.0313049557167574    7.41324065989577e-05    0.00098000204770967    1.46060001397875e-05    4.23707626555918e-05
72.000000000007    0.0241068951968266    0.03054493389067    0.00058114264641538    0.000932995256909042    1.58235457369394e-05    4.76500119986656e-05
72.5000000000066    0.0388667703801247    0.0280298949590147    0.00151062631548356    0.000785677449987954    2.18105988038635e-05    4.93819253858437e-05
73.0000000000061    0.0514899342246655    0.0216644629520861    0.00265121416335725    0.000469351176143957    2.89291698868919e-05    4.71289894374874e-05
73.5000000000056    0.059690034774017    0.0103612380158642    0.00356290125405117    0.000107357306038111    3.16658777289645e-05    4.53080205037539e-05
74.0000000000052    0.0613235135206697    -0.0040099268237572    0.00376057408889986    1.60819313026284e-05    2.78994640845427e-05    4.91748995003498e-05
74.5000000000047    0.0558981669182292    -0.01711087948122    0.00312460555760749    0.000292784578963671    2.21988574587017e-05    4.88092494945625e-05
75.0000000000043    0.0450106049245004    -0.0255484785238192    0.00202595487815793    0.000652726938356507    1.79579639974388e-05    4.67276626517292e-05
75.5000000000038    0.0311688716468322    -0.0291442183480624    0.000971498819944447    0.000849387598998778    1.61309560872516e-05    4.62155735528571e-05
76.0000000000034    0.0163490474667962    -0.0298384472507717    0.000267291691332684    0.000890335020254677    1.83918767116503e-05    4.56718467959127e-05
76.5000000000029    0.00148280648390324    -0.0295778326675046    2.19922729514065e-06    0.000874850076477884    2.26324200024026e-05    4.348759574286e-05
77.0000000000025    -0.0132040744415666    -0.0291364749297754    0.000174348125216891    0.000848940076447911    2.33100505587727e-05    7.68447426806482e-05
77.500000000002    -0.0275422161172753    -0.0279643566885483    0.000758575484535495    0.000782013321511079    4.26131997671535e-05    8.98693870029972e-05
78.0000000000015    -0.04071957401075    -0.0240739448699126    0.00165808845894437    0.000579563233026971    6.89298732109409e-05    9.17138341713431e-05
78.5000000000011    -0.05075969835606    -0.0151274421429194    0.00257655479541867    0.000228845364113861    8.84207016192581e-05    7.65397052933559e-05
79.0000000000006    -0.0550007178489986    -0.00127704118434049    0.00302508648387724    1.63778261939272e-06    8.67177726088399e-05    8.33572605773384e-05
79.5000000000002    -0.0519530790819925    0.0130490879481983    0.00269912666004662    0.000170288646409696    6.50687855586076e-05    9.97503377551808e-05
79.9999999999997    -0.0427354682342372    0.0228387403751606    0.00182632200236526    0.000521617004290442    4.19185610718786e-05    9.45640864782876e-05
80.4999999999993    -0.0300524397457662    0.0271113389856955    0.000903150373033766    0.000735031571945283    3.51903517304012e-05    8.28875623365664e-05
80.9999999999988    -0.0161806447485086    0.0280372330082013    0.00026181499279692    0.000786092670070655    4.15730619575114e-05    7.89640075040853e-05
81.4999999999984    -0.00218822787630303    0.0278732754479429    4.79098050385781e-06    0.000776926011436606    5.13737795780112e-05    8.07913343861386e-05
81.9999999999979    0.0116456215244936    0.0274215654129117    0.000135623827403739    0.000751980856778858    5.76776558938783e-05    0.000196486855191025
82.4999999999975    0.0251419839668255    0.0263755092496742    0.000632134741100121    0.000695724480951157    0.000124029480413439    0.000238731588834033
82.999999999997    0.0376778641890504    0.0232635843140905    0.0014196593603355    0.000541250095063523    0.000194706155457095    0.000236093042520727
83.4999999999965    0.0477597280037503    0.0163265650148152    0.00228104923580053    0.000266599553265723    0.000240035014774486    0.000206949469033693
83.9999999999961    0.0533016121124509    0.00527883120825771    0.00284111870560117    2.7913372500142e-05    0.000238436186429172    0.000217516838121698
84.4999999999956    0.0527600677989912    -0.00738318809802195    0.00278366260588156    5.45734352222113e-05    0.000194555204005141    0.000248935195258363
84.9999999999952    0.0463076377960192    -0.0177809168845495    0.00214441766959281    0.000316221351458433    0.00014265814207082    0.000245654642080962
85.4999999999947    0.0357292990066415    -0.0237836075263937    0.00127659699319594    0.000565709911187609    0.000119103694090168    0.000223437279963633
85.9999999999943    0.023157790225208    -0.0260245362525945    0.000536299662674721    0.000677324776505468    0.000128119319310801    0.000219748362590009
86.4999999999938    0.0100192941813839    -0.0263602178541375    0.000100411146261792    0.000694910165050404    0.000157766817421883    0.000221539461078764
86.9999999999934    -0.00312463519830702    -0.0261385584484087    9.79558668914176e-06    0.000683329515553387    0.000179559368016872    0.000324465394933489
87.4999999999929    -0.0160449477061987    -0.0254818687929451    0.000257482197087476    0.000649587648995831    0.000204573196742527    0.000511870896771973
87.9999999999925    -0.0284329139111303    -0.0237401013008971    0.000808509201224092    0.000563859229823039    0.000280370730186657    0.00051654626722254
88.499999999992    -0.0392766286078038    -0.0189477583383829    0.0015427701729728    0.000359270695378427    0.000341494037210118    0.000503139472382706
88.9999999999915    -0.0465976310670891    -0.00956272324397497    0.00217146635071788    9.16842652728323e-05    0.000356552455242683    0.000488456172008429
89.4999999999911    -0.0482795239507509    0.00305663659823067    0.00233100570325654    9.63022818837818e-06    0.000305401940749639    0.000535911275058708
89.9999999999906    -0.0437368703104251    0.014543999790657    0.00191297566779994    0.000211815173208955    0.000248683029169904    0.000535950835734929
90.4999999999902    -0.0345050617930914    0.0215561824353948    0.00119065594786996    0.000464912572392989    0.000238030512558948    0.00049352933546651
90.9999999999897    -0.0228986980534902    0.0243197312047073    0.00052441320716506    0.000591681242114019    0.000250668346910794    0.000481576831675268
91.4999999999893    -0.0105478854515725    0.0248852217297767    0.000111334072999523    0.000619515649678827    0.000276017209660547    0.00049131368663553
91.9999999999888    0.0018903948597805    0.02478140858084    3.66377138887589e-06    0.000614458942570467    0.0003002976240188    0.000583721954302402
92.4999999999884    0.0141084864805771    0.0240550342539477    0.000199161409049363    0.000579285399026801    0.000334691315599747    0.000800453663996421
92.9999999999879    0.0258109829650395    0.0225116922648829    0.000666376637841395    0.000507397213967672    0.000412063368715506    0.000787988159100519
93.4999999999875    0.0362389881403279    0.0186873234883999    0.00131346764379607    0.000349864225112203    0.000450979335713077    0.000805087543127608
93.999999999987    0.0439002974874992    0.0113372646849686    0.00192745673701204    0.000129133182578997    0.000469699394404434    0.000774346202910185
94.4999999999865    0.0470586136236011    0.000968070801891904    0.00221470087216572    1.57121326233481e-06    0.000433308193254278    0.000796273938327239
94.9999999999861    0.0448193579618312    -0.00968343671655386    0.00200891249947725    9.44537636193284e-05    0.000371013970742847    0.000827536691527875
95.4999999999856    0.0378457068715477    -0.0175917156797381    0.00143242994616155    0.000310103920584065    0.000363892229146986    0.000797157467080626
95.9999999999852    0.0278633007380998    -0.0217600131749216    0.000776518421359769    0.000474032629480608    0.000393564909483402    0.000731065050352448
96.4999999999847    0.0165382458327302    -0.0232270314254723    0.00027366284631889    0.000540077606004303    0.000386356176438881    0.000763293629232186
96.9999999999843    0.00482377598789267    -0.0235399904451584    2.3423293801408e-05    0.000554723482939754    0.00039303819157694    0.000769631588231317
97.4999999999838    -0.00689426502907017    -0.0231761213687447    4.76911442138554e-05    0.000538274701278402    0.00040031727766289    0.00106869059115199
97.9999999999834    -0.0182656509670223    -0.0221929243801686    0.000333889576870472    0.000493632404187433    0.000505540919598126    0.00105190857185946
98.4999999999829    -0.0288456298271348    -0.0197401775391757    0.000832386419848845    0.000390835271904612    0.000562191893177083    0.00107734053410878
98.9999999999824    -0.037472868912328    -0.0141228536307792    0.00140453587239727    0.000200655049572888    0.000565657031033398    0.00109547017142116
99.499999999982    -0.0423212794618396    -0.00472974945431794    0.0017913901599053    2.35837529699378e-05    0.000547233604759294    0.00110146405720611
99.9999999999815    -0.0419256006189763    0.00626073847125392    0.00175800731115516    4.03252680480121e-05    0.000501322145188875    0.00106227201910491
100.499999999981    -0.0364280095363284    0.015125279174996    0.00132718403209176    0.000230070181559888    0.000429130880880455    0.00113846890090221
100.999999999981    -0.0274768053071444    0.0200337063369213    0.000755211563106097    0.000402452864701871    0.000486552380917769    0.0010504642344554
101.49999999998    -0.0169108979651965    0.0218663633305415    0.000286279709733041    0.000479134771284459    0.000548853116739481    0.000998461807585401
101.99999999998    -0.00583210360206881    0.0223389739609288    3.43057918137133e-05    0.000500046918370604    0.000540702680268194    0.00100854387289331
102.499999999979    0.00531979341188067    0.0220787332904129    2.85196658551473e-05    0.000489214042071375    0.000468469753621605    0.00132044627387461
102.999999999979    0.0161501966953113    0.0211519573247835    0.000261168639907951    0.000449258510365675    0.000582912180956587    0.00136132718191231
103.499999999978    0.0262905388297092    0.0191169045112183    0.00069175164802785    0.00036702473146834    0.000747807509593254    0.00125247490086746
103.999999999978    0.0348602382282466    0.0146598673404345    0.00121576817660778    0.000216619359873285    0.00072936086930349    0.00130677061267368
104.499999999977    0.0404213385659087    0.00709580818964877    0.00163425662598809    5.2413007544425e-05    0.000609929937187113    0.00143614542443945
104.999999999977    0.0416190992955493    -0.00242893515248617    0.00173252072968791    7.5283140511268e-06    0.000609346793800354    0.00127616146162771
105.499999999977    0.038117247175257    -0.0112261175487957    0.00145325241277409    0.000127774914949813    0.000572608552548065    0.00132257314747976
105.999999999976    0.0308852771661386    -0.0171458503491862    0.000954222035100646    0.000295864739616598    0.000567176755025134    0.00137279110570707
106.499999999976    0.021487688066862    -0.0200148440996493    0.000462175888392577    0.000402224980500947    0.000674648007344659    0.00127710460326431
106.999999999975    0.0111814875903961    -0.0210151686634323    0.00012555326490914    0.000443069420706602    0.000726360912328121    0.00119670662824864
107.499999999975    0.000584294054194006    -0.0212814270247122    7.57050749324067e-07    0.000454586353569603    0.00064471017330084    0.00129892931349271
107.999999999974    -0.00991383296993721    -0.020616805601787    9.85981376031483e-05    0.000427840396011609    0.000560404717444686    0.00166964750463516
108.499999999974    -0.0199351308955516    -0.019290830735484    0.000398077250824957    0.000374449668374976    0.000817194592602737    0.00152102528245965
108.999999999973    -0.0289052882917333    -0.0161615051603513    0.000836418194473884    0.000263122786556355    0.000950001708246718    0.00138871793690859
109.499999999973    -0.0355710713779821    -0.00993235622468841    0.00126589043950469    0.000101418344960829    0.000767672148249355    0.00166332341615275
109.999999999972    -0.0383480112789633    -0.000857299794859151    0.00147097912645683    3.53684947035498e-06    0.000639654129458173    0.00167388366743016
110.499999999972    -0.0363802299294382    0.00849312012593101    0.00132401795597346    7.41611915924992e-05    0.000704859031768551    0.00142411450347395
110.999999999972    -0.0303038645457391    0.0152372920846895    0.000918722328344633    0.000234797854711029    0.000630969046887423    0.00161950135439544
111.499999999971    -0.0217085890717148    0.0186551731959351    0.000471795405680515    0.000350583214052715    0.000729771331267478    0.00160241289385138
111.999999999971    -0.0120102755577133    0.0199057803332482    0.000145081681900644    0.000398193233862828    0.000913763059243486    0.00139754899280782
112.49999999997    -0.00193720995436979    0.0202985775152686    4.5464235397337e-06    0.000414023834902717    0.000890865384008329    0.00141123554353964
112.99999999997    0.00810706134460507    0.0197406311456708    6.61624282898649e-05    0.000393746355939793    0.000661804083301952    0.00201341449045313
113.499999999969    0.0177198518280197    0.0185793923837729    0.000314824482937356    0.000348948563367971    0.000911775263090326    0.00193771567000261
113.999999999969    0.0264607567387417    0.0160560421827323    0.000701617393080857    0.000260274443589017    0.00120239173898989    0.00157415152235678
114.499999999968    0.0333628815720098    0.0110872173082758    0.00111415154391818    0.000126440648059682    0.00103425196651037    0.00187463607634936
114.999999999968    0.0371097131682536    0.0035527397692013    0.00137767555826902    1.71205410302984e-05    0.00073806967080726    0.0021209858940205
115.499999999967    0.0367445792409431    -0.00497482595145871    0.00135090165945642    2.7556544939874e-05    0.000858810725639766    0.00167560487364025
115.999999999967    0.0323756457299212    -0.0120994938023172    0.00104886837154792    0.000149770012398607    0.000828212000973236    0.00183637200106496
116.499999999967    0.0251136810348275    -0.0164766364277353    0.000631405171507595    0.000275401330978502    0.000841544050267936    0.00198034921332751
116.999999999966    0.0163014729089602    -0.0184646804578739    0.000266877487329304    0.000343983002414871    0.00106745881781945    0.0017431517442496
117.499999999966    0.00685505290049443    -0.019202612939033    4.82565740177168e-05    0.000371308044547532    0.00112464383212626    0.0016024047120542
117.999999999965    -0.00279563607957917    -0.0191975887932051    8.60928807899823e-06    0.000372808849262244    0.000890902345688579    0.00206432405141444
118.499999999965    -0.0122017491506401    -0.0183510720155131    0.00014967410674227    0.000342098477301601    0.000889620372475238    0.00231011540470412
118.999999999964    -0.0210114812805328    -0.0166582275373434    0.00044317024699274    0.000281039639341421    0.00129919259178855    0.00188231098799214
119.499999999964    -0.0285198337049232    -0.012935475903897    0.000815080275402976    0.000170914751403217    0.00130359535382089    0.00189425830944923
119.999999999963    -0.0334647601486957    -0.00638304919731748    0.00112066774037051    4.68712278328011e-05    0.000881798480822017    0.0024754617301477
120.499999999963    -0.0345756530649075    0.00206666295686766    0.00119631928465919    8.4732255223266e-06    0.000918422448733452    0.00204990969192246
120.999999999962    -0.0315135292250275    0.00984591490669263    0.000994049205106599    0.000100840064656733    0.000972975277145202    0.00197434148690159
121.499999999962    -0.0251915784956031    0.0149343404645922    0.000635445138304524    0.000228267855449852    0.000910775056965503    0.00228764733678444
121.999999999962    -0.0170324404857333    0.0173428845929573    0.000291483913868671    0.000305001873495805    0.00117468505082124    0.00205577904726405
122.499999999961    -0.00809635281809367    0.0182542137780148    6.73229480640669e-05    0.000336358703193631    0.00133117208091723    0.00177267665979056
122.999999999961    0.00111687738829098    0.0184329957498334    2.46457866865057e-06    0.000344707011034088    0.00110325136219036    0.0022207383278345
123.49999999996    0.0101613543915894    0.0176718319598462    0.0001041815918567    0.000319509228711267    0.000963570851171148    0.00268618389061999
123.99999999996    0.0186884424812936    0.0162676273751537    0.000351359611391276    0.000269435803563352    0.00144973411860884    0.00219091376975515
124.499999999959    0.0261712888073959    0.0133214164441798    0.000687337270525802    0.000181561804386305    0.00154948787851799    0.00202525759029351
124.999999999959    0.0316168081805718    0.00805666439579194    0.00100075586328244    7.25785773032053e-05    0.00106456740292356    0.00276924829453478
125.499999999958    0.0338906134721245    0.000821356574543239    0.00114961749702234    6.68125519053788e-06    0.00102167289549651    0.00245084242006549
125.999999999958    0.0323985529851743    -0.00664140572663091    0.00105105193777357    4.84214764623709e-05    0.0011771585451516    0.00207682604872076
126.499999999957    0.0275492924509925    -0.0123540605218654    0.000759979943990404    0.000159441253054933    0.00100818125359023    0.0026112145980403
126.999999999957    0.020461479098772    -0.0156136501526277    0.000420251663073209    0.000249806622177186    0.00125679599129185    0.00245368113016667
127.499999999957    0.0122405685730606    -0.0170534859679452    0.000152208293914623    0.000294667310646085    0.00154167925419779    0.00196110351261205
127.999999999956    0.00354592327824211    -0.0176369199516063    1.44002779478594e-05    0.000315990888237836    0.0013515568995348    0.00222034746345438
128.499999999956    -0.00524427288745555    -0.0173268312217796    2.84443597875723e-05    0.0003084911906721    0.000970547098017879    0.00287612768910983
128.999999999955    -0.0136827353149803    -0.016332490958042    0.000189118139737623    0.00027351943487347    0.00137872913866845    0.0026017636285695
129.499999999955    -0.0214046552336555    -0.0142902458705849    0.000461202496726303    0.000208082399391543    0.00174448589981298    0.00196755491658375
129.999999999954    -0.0276206402596857    -0.0101582416278111    0.00076466766949868    0.000110927255012886    0.00132962443709099    0.00278161500641105
130.499999999954    -0.0311521315163101    -0.0036222777122533    0.000971381348273365    2.21460752256487e-05    0.000962315054379431    0.00300419363573017
130.999999999953    -0.0310537413057202    0.00400692826058406    0.000966079834930243    2.04930528203449e-05    0.00132097912460831    0.00210655613143293
131.499999999953    -0.0273552257832771    0.0104171308405762    0.000749624175286965    0.000115580840129637    0.00114708222586547    0.00265786101592137
131.999999999952    -0.021068225401001    0.0143038015808366    0.000445216596974201    0.00021294285076109    0.00116037727779323    0.00288861750620354
132.499999999952    -0.0134056316976219    0.0160846519081004    0.00018238427314835    0.000263537609308493    0.00163502658573622    0.00219581017024167
132.999999999952    -0.00515583333298215    0.0168116004902529    2.92484645168823e-05    0.000287208867514316    0.00163274222074168    0.00213984963734431
133.499999999951    0.00328020585795456    0.0167243951041903    1.2011129202407e-05    0.000288844994327435    0.00111865040644862    0.00302317758763342
133.999999999951    0.0114435162305406    0.0158562648167054    0.00013260431842361    0.000260965377100644    0.00128462239781315    0.00308937585333258
134.49999999995    0.0190135099545701    0.0142284652484764    0.000365134946214018    0.000206902856947094    0.00190299380489868    0.00211036338576882
134.99999999995    0.0254011735998863    0.0109894065697775    0.000648015061706378    0.000127790573472892    0.00167195737230864    0.00265019182645754
135.499999999949    0.0296501985020389    0.00567385243772589    0.000880111149905505    4.3781145192872e-05    0.000988371739375315    0.00340419501612113
135.999999999949    0.0308300671711147    -0.00106977958919549    0.00095231852889756    7.54278738593998e-06    0.00135110588856521    0.00252949777949709
136.499999999948    0.0286290853701245    -0.00752673541177219    0.000821676292207593    6.27473187142326e-05    0.00143239766745045    0.00246892137489372
136.999999999948    0.0236189262034509    -0.0121411352333943    0.000559188301332285    0.000157757027207227    0.00115526028591997    0.00321712021094308
137.499999999947    0.0168447778620517    -0.0146492697892917    0.000286293087670222    0.000221875268621669    0.00159579022692706    0.00269706567628877
137.999999999947    0.00920040408511651    -0.0157731577832904    8.80789808301476e-05    0.000253507449972538    0.00185244311672965    0.00217139206868894
138.499999999947    0.0011760555829031    -0.0162171061314485    3.54525352633195e-06    0.000270633654721638    0.00147042401784465    0.00276389642406765
138.999999999946    -0.00683334009417566    -0.0156839334068298    4.79256291488044e-05    0.000257505612962135    0.00110954599099621    0.00339408984151324
139.499999999946    -0.0144225447528414    -0.014554628983529    0.000211133968020807    0.000218840647645176    0.0017675324249057    0.00264639807984211
139.999999999945    -0.0211918686592928    -0.0122449130992377    0.000452950845627137    0.000155035673409863    0.00196355502963903    0.0022578256358676
140.499999999945    -0.0263283876809255    -0.00793119287485999    0.000694789646060393    7.47057176582229e-05    0.00126714173764576    0.00343538895032179
140.999999999944    -0.0287890349786635    -0.00166568871683253    0.000830186912715708    1.30459034663948e-05    0.00117404331819474    0.00320490008658797
141.499999999944    -0.0279054120958648    0.00510874991863043    0.00078122325272266    3.14066339312312e-05    0.00158468561002627    0.00230375957949714
141.999999999943    -0.0239309821084193    0.0104269956172563    0.000574333036839093    0.000118932858841899    0.00128106680762905    0.0031954062714491
142.499999999943    -0.0178614620346238    0.0134985107546942    0.000321090902262059    0.000192230998216461    0.00143494816901164    0.0031656287877556
142.999999999942    -0.0107104271042146    0.0149098169999111    0.000118385624220834    0.000227780745101361    0.00191634429738974    0.00234053458221065
143.499999999942    -0.00307988866608467    0.0155185010793216    1.26145026710273e-05    0.000247391651627328    0.00176883817110285    0.00256276723063641
143.999999999942    0.00465259469653665    0.0152251773473509    2.30596344301511e-05    0.000244157343922601    0.00118869551185747    0.003514444289545
144.499999999941    0.0120478534438312    0.0142740343479588    0.000147760321288947    0.000213970554341615    0.00161540975758814    0.0031972641077812
144.999999999941    0.018788042698924    0.0124805678284259    0.000357535802875021    0.000160600689702836    0.00213196022909145    0.00219911718262029
145.49999999994    0.0242625446016202    0.00911002975081804    0.000591365242203901    9.34421236302669e-05    0.00164139320648366    0.00323256578733938
145.99999999994    0.0275922679667987    0.0039409175105956    0.000762515869919032    2.8981825249397e-05    0.00108748258257695    0.00366755973694744
146.499999999939    0.0280308326646983    -0.0022322824734061    0.000788374128344583    1.15394908440563e-05    0.00162682158464443    0.00256054794975222
146.999999999939    0.0254593295181568    -0.00782390299757593    0.000650592355085412    6.9773100293048e-05    0.00155399342705288    0.00292568661643218
147.499999999938    0.0205114136076853    -0.0116356285861155    0.000422480660550891    0.000147983360157867    0.00132761905882443    0.0035490150131887
147.999999999938    0.0141244768390564    -0.0136661621278318    0.000202985760052158    0.000194452061541071    0.00186679245635879    0.00277273767906164
148.499999999937    0.00702445444366582    -0.0146158785541959    5.33846721850089e-05    0.000219500732745825    0.00201040094356135    0.00242421674666709
148.999999999937    -0.000394066504052846    -0.0149142184642169    2.34885304910865e-06    0.000232991139082304    0.0014810687490769    0.00324918861931956
149.499999999937    -0.00771166977179293    -0.0142563987194911    6.11957327501612e-05    0.000216497378161959    0.00131372831322783    0.00364039471937471
149.999999999936    -0.0145632269975986    -0.0130161972816281    0.000216323336766798    0.000175930892730413    0.00205809528040223    0.0025513723868048
150.499999999936    -0.0205234874739129    -0.0105537756817114    0.000425297650613128    0.000118577289227156    0.00202091873197974    0.00268236986399596
150.999999999935    -0.0248068906601044    -0.00626126829912664    0.000616797305405512    5.41120300183703e-05    0.00118973996450296    0.00386115906234412
151.499999999935    -0.0265173465956499    -0.00040800708383865    0.000705249197807973    1.04847646326117e-05    0.00144205663347368    0.00321221027520759
151.999999999934    -0.0251889748976969    0.00558908977427443    0.000637600950300347    3.75279845898985e-05    0.00176535942616277    0.00250799921949738
152.499999999934    -0.021186352316028    0.0100862735727614    0.000450610473847685    0.00011489020875393    0.00132247850221389    0.00362729846708886
152.999999999933    -0.0154357193565283    0.0126245909686502    0.000240975583053458    0.000170241107072014    0.00164746805733971    0.00329557429688521
153.499999999933    -0.00878428698095018    0.0138281762990402    8.16892918207689e-05    0.000196957166058551    0.00212734436729883    0.00239555970520769
153.999999999932    -0.00171452706209972    0.0143456875928737    6.27477649240946e-06    0.000214222149942526    0.00182624572435836    0.00290230898255099
154.499999999932    0.005391803114173    0.0139218809979308    3.04994623434348e-05    0.000208920682302702    0.00119495670274246    0.00388611782916514
154.999999999932    0.0121223820073162    0.0129113042174707    0.00015046693253354    0.000176695149750846    0.00187477652061177    0.00316122969028975
155.499999999931    0.0181582216258599    0.0110275828578683    0.000334936695767697    0.000126878703954792    0.00228378702024729    0.00229589204180893
155.999999999931    0.0229006869035774    0.00766763327370743    0.000526897533740425    7.22534408658957e-05    0.00156718635928888    0.00366890185829907
156.49999999993    0.0255653453387358    0.00277550969955394    0.000655009289431256    2.27544654473341e-05    0.00119264711563624    0.00387956329436912
156.99999999993    0.0255529543139502    -0.00283081228166603    0.000656525901343251    1.40468635262136e-05    0.00189008655156957    0.00245629097465719
157.499999999929    0.0228558557679643    -0.00772761369249934    0.000525054414196936    7.05000538468592e-05    0.00163225957217259    0.00328390628160364
157.999999999929    0.0181076733340976    -0.0109728990568155    0.000329787261300358    0.00013505743433657    0.00137819727396674    0.0038279133513583
158.499999999928    0.0121375135515105    -0.0127065367961749    0.000151544313167538    0.000169498746039571    0.00205549944160471    0.00283595992338118
158.999999999928    0.00554570985611027    -0.0135626025551632    3.54822915423559e-05    0.000189926360857826    0.00217425705338568    0.00244584807142757
159.499999999927    -0.00132128737595116    -0.013740510667763    3.82659204308121e-06    0.000202269169325773    0.00144249496125058    0.00366981415263279
159.999999999927    -0.00803107575320074    -0.013015841355911    6.65030721095208e-05    0.000184168842647707    0.00141594292112075    0.00384144718113666
160.499999999927    -0.0142474176137677    -0.0117101213790819    0.000208177269135517    0.000143111694041834    0.00227779728562874    0.00244637514069362
160.999999999926    -0.0195405760522646    -0.00920984873895126    0.000386183129944669    9.33954604137578e-05    0.00208542980949502    0.00292816437711336
161.499999999926    -0.0231827704844836    -0.00508976715261427    0.000538614050716632    4.40821082269449e-05    0.00108314513357508    0.00426337642709552
161.999999999925    -0.0244150853280018    0.000286782427802818    0.000598909110512157    1.02926048654795e-05    0.00167711625671767    0.00319536550406727
162.499999999925    -0.0229007269712358    0.00562719300474437    0.000528291481919199    3.82712392049832e-05    0.00196167941012541    0.00257020195555508
162.999999999924    -0.0190349128536507    0.00953256486062037    0.00036402442785335    0.000106640360472913    0.00130250547303011    0.00397121740162616
163.499999999924    -0.0136581172729157    0.01172926905646    0.000189548867379504    0.000149939183785782    0.00173340703205708    0.00351616711590218
163.999999999923    -0.00748906838529401    0.0128213411597909    6.15386080268076e-05    0.000169570805397014    0.00233505090890916    0.00227684348633525
164.499999999923    -0.000935956510375095    0.0132716653028269    4.50260073002012e-06    0.000186044856941637    0.00190435977186733    0.00314765897634711
164.999999999922    0.00561214862493111    0.0127795761777097    3.27764571531999e-05    0.00018118493438476    0.00113147910492584    0.00422698084959882
165.499999999922    0.0117646176955557    0.0117394923067632    0.000142601867164004    0.000147891333529483    0.00204832557017247    0.00317421705447658
165.999999999922    0.017209009298123    0.00984438405217277    0.000302099540939415    0.000102001287132217    0.00243916787379062    0.00225596758964826
166.499999999921    0.0213831611197515    0.00661303637391301    0.00045950185917616    6.00793929839019e-05    0.00150408766463517    0.00404316001429642
166.999999999921    0.0236022237436889    0.0020864744631563    0.000558692903803393    2.12494977705339e-05    0.00127590679763089    0.00411048927563745
167.49999999992    0.0233748535923942    -0.00298619186601402    0.00055097929575753    1.40039022017652e-05    0.00214371530098232    0.00225534040470988
167.99999999992    0.020738649813104    -0.00734201774675913    0.000432976438896833    6.65471967721452e-05    0.0016984825069091    0.00355555511536795
168.499999999919    0.0162889262754278    -0.0102001742551922    0.000267105287503487    0.000121325962917971    0.00133272964143702    0.00415721157528516
168.999999999919    0.0107562925155177    -0.0117618898165728    0.000120675151228733    0.000146342336905991    0.00223099138262588    0.00282847747892605
169.499999999918    0.00464930013290268    -0.0125756564156863    2.71089790845555e-05    0.000163836190335782    0.00234371230289612    0.00238517421803753
169.999999999918    -0.00170791661578804    -0.0126825135562722    4.75684938603282e-06    0.000177613792839929    0.00135641815807219    0.0040948312217845
170.499999999917    -0.00787802738767645    -0.0119235372569872    6.43195295705971e-05    0.00015835776832586    0.00150206992168036    0.00402331052829616
170.999999999917    -0.0135429816773879    -0.0106003257127826    0.000189618888226052    0.000117512450228533    0.00249129193632296    0.0022683793799654
171.499999999917    -0.0182916184198226    -0.0081691402404568    0.000339122673891705    7.68710254411815e-05    0.0021305796101793    0.00318373572598776
171.999999999916    -0.0214767325266434    -0.00434601929938428    0.000462151938991216    4.08307927588493e-05    0.000949683615860616    0.00468432588621123
172.499999999916    -0.0224582586981221    0.000524090428794289    0.000508196798365972    9.56314558697084e-06    0.00195535536775165    0.00304769992115645
172.999999999915    -0.0209640168971615    0.00531737236993648    0.000444048234164046    3.53879548652306e-05    0.00213500110060209    0.00266711566015926
173.499999999915    -0.0173665147311044    0.00880186987736404    0.000303022760243994    9.65636524221763e-05    0.00119454022047239    0.00436929503285459
173.999999999914    -0.01241452048855    0.0107972584475559    0.000157571035323111    0.0001300943901505    0.00185761039038929    0.00367608489662357
174.499999999914    -0.00672491218286621    0.0118510181360865    5.17916164113542e-05    0.000144290955017571    0.00256264951643643    0.00196069481452882
174.999999999913    -0.000661432722135199    0.0122797859660322    4.01307762801857e-06    0.000163282821754215    0.0018909215695283    0.00353407390735584
175.499999999913    0.00538574800576941    0.0117694788556529    3.00482591105277e-05    0.000159305993144414    0.0010207730055593    0.00455909646868259
175.999999999912    0.0110322743665564    0.0107293225044859    0.000126909214937974    0.000124559530011319    0.00227994237624469    0.00307264846769893
176.499999999912    0.0159817774338662    0.00889395064343871    0.00026216668934984    8.38408502629431e-05    0.0025979760207139    0.0021768078038769
176.999999999912    0.0197299640329082    0.00589665580920447    0.000391060567879824    5.54598042745127e-05    0.00133756762071039    0.0045485442223076
177.499999999911    0.0216924012574603    0.00179997586392325    0.000472687093860067    2.11495278319003e-05    0.00145836262479677    0.00423197527417092
177.999999999911    0.0214447715935669    -0.00278343027578975    0.000465743167494134    1.13695556064711e-05    0.00242176357101143    0.001903174060954
178.49999999991    0.0190197109216386    -0.00672037538079785    0.000364534537003738    6.06843908973218e-05    0.00166887191271178    0.00393966313769185
178.99999999991    0.0149530008128432    -0.00932219484029581    0.00022515483518329    0.000107433852108213    0.00125004074909574    0.00453106339260171
179.499999999909    0.00988436960147545    -0.0108083809277053    0.0001038787991146    0.000123414716941934    0.00248556566922467    0.00256780424946112
179.999999999909    0.00425416191585435    -0.0116220100925229    2.42718125555945e-05    0.000141017597729385    0.00248473719924038    0.00243854037052525
180.499999999908    -0.00162574559035346    -0.011727829345433    3.90696337430467e-06    0.0001584852377238    0.0011242395873438    0.00457638029103793
180.999999999908    -0.00731559133018188    -0.0109619808974191    5.61745658674258e-05    0.000137649184278894    0.00162993538436146    0.00418140635235484
181.499999999907    -0.0125044102315723    -0.00966786618923237    0.000163965891379728    9.68597375885204e-05    0.0027578281564084    0.00184176571138079
181.999999999907    -0.0168185575931758    -0.00739794461045359    0.000287484943331859    6.75020433184525e-05    0.00214966597798089    0.00357385769989701
182.499999999907    -0.0197069839496085    -0.00396718849104675    0.000388989361612038    4.16846588117335e-05    0.000790028620943437    0.0050937289178204
182.999999999906    -0.0206276210745949    0.000385737571004829    0.000430580473692894    8.09133113000457e-06    0.00225426761850087    0.00281825081501272
183.499999999906    -0.0193215117677454    0.00472426617292405    0.00037859996980134    2.99297242297244e-05    0.00229764070520511    0.00275881013429521
183.999999999905    -0.016101891103714    0.00791545816755098    0.000260179449609878    8.62188500987869e-05    0.00095318020017843    0.00485431479166085
184.499999999905    -0.0116254181402885    0.00981145222964928    0.000139199411553167    0.000110560988063221    0.00201222876846006    0.00378105715488823
184.999999999904    -0.00642592901985366    0.0108837771255119    4.91779031273057e-05    0.000120881201232981    0.00280808464244017    0.00155711165789885
185.499999999904    -0.00083981644645141    0.0113438405336574    4.21193147069006e-06    0.000144096795196047    0.00187260241561304    0.00392607655847378
185.999999999903    0.00475101468191396    0.0108670862619983    2.33353414649153e-05    0.000142297402990235    0.000873613734526464    0.00491973974560892
186.499999999903    0.009952402532195    0.00985952119757688    0.000105385242480371    0.000106007212476048    0.0025169279523914    0.00296598284394562
186.999999999902    0.0144925611627549    0.00815074393356817    0.000217739728201497    7.11569904416933e-05    0.00277586007307731    0.00217310003706573
187.499999999902    0.0179395944589791    0.00547130077985281    0.000323302205582098    5.50541199420471e-05    0.00121373647447153    0.00501188464735863
187.999999999902    0.0198059198398282    0.00185456719729779    0.000394943926822305    2.28611785837458e-05    0.0016338500912272    0.00440701249084375
188.499999999901    0.0197058106426299    -0.00226475204075652    0.000395541274687091    7.62821197599577e-06    0.00268743401852159    0.00158085741605148
188.999999999901    0.0176282106621298    -0.00587662631527812    0.000313632527348094    5.28985716798349e-05    0.00169667798938622    0.00428530452014972
189.4999999999    0.0140288800235803    -0.00832565134380315    0.00019820822236046    9.34108565157655e-05    0.00118268662140464    0.00490860328578245
189.9999999999    0.00946405672438027    -0.00980755953350285    9.68851735070274e-05    0.00010202087688512    0.00270495911701823    0.00241508858676388
190.499999999899    0.00432337969570344    -0.0106633631168581    2.56582971740842e-05    0.000120225069600295    0.00263944789318969    0.00255298974504908
190.999999999899    -0.00109344375618761    -0.0108489446215518    2.18413000708411e-06    0.000142440284840556    0.000994238783762956    0.00497400094883974
191.499999999898    -0.00635337683102617    -0.0101169651369702    4.34343619385523e-05    0.00012156939025789    0.00175184610669207    0.00438365220737445
191.999999999898    -0.0111355247300893    -0.00890326757879281    0.000132876262264283    8.18004113651841e-05    0.00297932060205897    0.00159130065845549
192.499999999897    -0.0151184590934475    -0.00687357480752226    0.000233539410521637    6.23967777594984e-05    0.00222970965854084    0.0038923960647516
192.999999999897    -0.0178511796878556    -0.00389950924692842    0.000319286330230794    4.46260725566517e-05    0.000788488416329225    0.00542401144816007
193.499999999897    -0.0188731530594858    -8.03296226858469e-05    0.000362328556722429    8.07922237542353e-06    0.00247641884899339    0.0028412619603167
193.999999999896    -0.0179083746064365    0.00385866176771207    0.000326874383619905    2.29677399466343e-05    0.00248284163317873    0.00284226482035567
194.499999999896    -0.0151777594380124    0.00685864050632743    0.000231102243170966    7.45214585886106e-05    0.000858988715170192    0.00524218551689801
194.999999999895    -0.0112395592208154    0.00873862123991654    0.000130836661665859    9.2211213849832e-05    0.0021234335844672    0.00398091857177605
195.499999999895    -0.00656059186366059    0.00987864687921855    5.20313494380985e-05    9.96121228848209e-05    0.00299833017470876    0.00142283474814418
195.999999999894    -0.00145762277569943    0.0104282157694135    5.88980746890458e-06    0.000126372150828103    0.00194039772022822    0.00419815038971438
196.499999999894    0.00371230699729559    0.0100700689495747    1.45195747579213e-05    0.00012872879120443    0.000859273830482208    0.00522709312670459
196.999999999893    0.0085281584573929    0.00912561360195925    7.99589799990194e-05    9.23474223349597e-05    0.00268877171299786    0.00301174346893889
197.499999999893    0.0127393916533977    0.00759623110775466    0.000170903809502613    6.28501575348751e-05    0.00293457148557561    0.00226879494279574
197.999999999892    0.0159934572693337    0.00528737885147141    0.000257338745103023    5.61988652900273e-05    0.00124421448191993    0.00531436639412829
198.499999999892    0.0178933887107296    0.00218254930412862    0.000323259139205243    2.6387482951879e-05    0.00175663873690025    0.00465015714647652
198.999999999892    0.0180786786284506    -0.00147652428355858    0.000335224454353141    4.45160447086849e-06    0.00289583034764535    0.00150714316205539
199.499999999891    0.0164705706302311    -0.00482219264583311    0.000274599905747027    4.35638642370616e-05    0.00182214402877407    0.00450669749634193
199.999999999891    0.0134240317888511    -0.00719671660149825    0.000181534711762051    7.93456572039069e-05    0.00115329193787492    0.00524908824098304
200.49999999989    0.00941353731755248    -0.00873296610784167    9.67508093921129e-05    8.24793195514619e-05    0.00285238927272553    0.00249291446117805
200.99999999989    0.00478798461156538    -0.00967779472952577    3.07320546256761e-05    0.000100683928776223    0.00279414709439022    0.00265032412157196
201.499999999889    -0.000169074625384989    -0.0100261807635579    1.05822909032376e-06    0.000127996955410628    0.0010147131916826    0.00524143632099925
201.999999999889    -0.00505088126938332    -0.00939777370730195    2.88238962609261e-05    0.000109510030141094    0.00182002600627541    0.00460346385751406
202.499999999888    -0.00949733728784597    -0.00829816097578383    9.99826026944484e-05    7.13277896387718e-05    0.00312780867946536    0.00157108690362757
202.999999999888    -0.0132375871472095    -0.00654153364721814    0.000180741935265458    5.90635034649679e-05    0.00234696011587159    0.00403383700802112
203.499999999887    -0.0159151051622335    -0.00403883060902819    0.000253956184958053    4.84392587844162e-05    0.000815850864497373    0.00566807781315616
203.999999999887    -0.0171435129108636    -0.000757697911396209    0.000300700639105791    1.00671952957552e-05    0.00260779680589671    0.00308108571299485
204.499999999887    -0.0166208523639718    0.00280906558145901    0.000283541918363219    1.54384667916927e-05    0.00269984908064712    0.00274729273117283
204.999999999886    -0.0144566153063306    0.00567791600340429    0.000209823013237551    6.247896488569e-05    0.000910652031414156    0.00549911217779519
205.499999999886    -0.0111051812745758    0.00759257195595213    0.000127836431678799    7.61440368976735e-05    0.00212400106817539    0.00430080085465053
205.999999999885    -0.00697328573297188    0.0088403284601876    5.84844327930189e-05    8.0068516549494e-05    0.00313970044420639    0.00138459714917053
206.499999999885    -0.00235820537828198    0.00952686413423405    9.9291835106657e-06    0.00010888744741781    0.0020899882546339    0.00425750010988316
206.999999999884    0.00242466956871637    0.00939784381172995    6.47573956372222e-06    0.000118385031592877    0.000772474624996198    0.00548320739013276
207.499999999884    0.00692435618111285    0.00854067648671207    5.54040984942193e-05    8.3207794337636e-05    0.00273082221525011    0.00320384760670035
207.999999999883    0.0108836624467984    0.00719644890284801    0.000127873835475733    5.64827152812102e-05    0.00306915741204038    0.00216652682187595
208.499999999883    0.014017399955941    0.00523498620285361    0.000198399863265267    5.64719998399241e-05    0.00138288167984552    0.00539137452750747
208.999999999882    0.0160088780250747    0.00261334765191788    0.000259280107947139    3.14421333632101e-05    0.00173087617275798    0.00496110344716026
209.499999999882    0.0165269366961277    -0.000601981743354964    0.00028239806110558    2.67337036804589e-06    0.00304276593706588    0.00152019352344141
209.999999999882    0.0154240591781906    -0.00371428499581068    0.000242176222025903    3.34350922368462e-05    0.00206751553647785    0.00443161135556153
210.499999999881    0.0129482262760912    -0.00604656237342709    0.000168651784307982    6.73268250344258e-05    0.000997607443397953    0.00554670248874785
210.999999999881    0.00949823567587173    -0.00765456035666626    9.83131809849348e-05    6.66313286731319e-05    0.00284547008955153    0.00283531910360814
211.49999999988    0.00538365363416521    -0.00871501816579824    3.77105581182169e-05    8.20466808167134e-05    0.00295412113251244    0.00246883356800739
211.99999999988    0.000869827229948961    -0.0092477986916403    2.18162736838348e-06    0.000113366910117214    0.00119374534906855    0.00527684844164673
212.499999999879    -0.00368789140771677    -0.00881810404513214    1.6482266969401e-05    0.000101362350672126    0.00169756411787296    0.0048583321954504
212.999999999879    -0.00787045573455736    -0.00783539450041894    7.18227998338967e-05    6.44172403149397e-05    0.00314304412381849    0.00173891728893132
213.499999999878    -0.0114305856485463    -0.00630791243665389    0.000136922206072313    5.47019208270127e-05    0.00250278201279296    0.0038616267968979
213.999999999878    -0.0140811754699066    -0.00419045835768368    0.000199011782929434    5.04577874448871e-05    0.000855733787538784    0.00573566440766945
214.499999999877    -0.0155048570818687    -0.00138735360258161    0.000246975210954135    1.43865088474242e-05    0.00256410175791838    0.00353012164504681
214.999999999877    -0.0153946758205239    0.0018280117055108    0.000245409120980579    9.00298611131949e-06    0.0029005305310506    0.00237936111505483
215.499999999877    -0.0137581644201054    0.00458171366750596    0.000190683718672886    5.09218345991688e-05    0.00118179120923784    0.00547080747862305
215.999999999876    -0.0109516076168137    0.00652564874569276    0.000123680501932937    6.43689871582726e-05    0.00193462981996149    0.00466742922882727
216.499999999876    -0.00732982018141107    0.00787481273975654    6.36194291768229e-05    6.46225995860929e-05    0.00314534024948046    0.0016155258895669
216.999999999875    -0.00316508379200003    0.00869658756636573    1.53497127871662e-05    9.15700108146846e-05    0.00230910315421049    0.00399241474739506
217.499999999875    0.00126497959051594    0.00883651004962893    2.11837686965823e-06    0.000109111344057994    0.000719863532370087    0.00557022748196162
217.999999999874    0.00550974220340208    0.00807555239033155    3.70106783381003e-05    7.76882055249995e-05    0.00257942225898558    0.0035318067778419
218.499999999874    0.00926831287021657    0.00687294135022984    9.55265359988583e-05    5.12540961655988e-05    0.00310240431579061    0.00200418895364176
218.999999999873    0.012296776092622    0.00515744556715857    0.000153857071280738    5.32023876503568e-05    0.00162676642719803    0.00515782346267815
219.499999999873    0.0143362305262693    0.00289939644684458    0.000208091794252935    3.52980375722722e-05    0.00160133961126298    0.00518570514166561
219.999999999872    0.0150962044701658    6.58910577658732e-05    0.000237200741184201    3.6125632720473e-06    0.00305046746895387    0.00189953195302258
220.499999999872    0.0143913376296104    -0.00282397141385397    0.000212643676740084    2.43217486171358e-05    0.0023522495553502    0.00404313418907553
220.999999999872    0.0123797158095327    -0.00509989493131363    0.000154105545284747    5.75695177554884e-05    0.000920967838717698    0.00561788122382896
221.499999999871    0.00939776407680931    -0.00674064397109823    9.53633735690464e-05    5.66060193274648e-05    0.00265431797749985    0.00334211582419907
221.999999999871    0.0057192318585962    -0.00789154111623962    4.18393511188546e-05    6.69239074051517e-05    0.0030215456419642    0.00215580291674616
222.49999999987    0.00158851654527162    -0.00855058641656724    4.70010469897403e-06    9.85205995989895e-05    0.0014753711005616    0.00504064197615793
222.99999999987    -0.00268170857334566    -0.0083211396032983    9.3574959981045e-06    9.46670852629054e-05    0.00147171163131536    0.00504239238510115
223.499999999869    -0.00663291673919456    -0.00741362343170537    5.31185420942187e-05    5.93574206294899e-05    0.00302042341818681    0.00209657059083613
223.999999999869    -0.0100132684219905    -0.00602414686700625    0.000107117500160661    4.85805268303278e-05    0.00261762405051417    0.0035057354941676
224.499999999868    -0.0125770225625882    -0.00414744366025827    0.000159168050268573    4.87874845750651e-05    0.000993254110850384    0.0056201597539615
224.999999999868    -0.014064025877507    -0.00169521443754764    0.000203648291431294    1.85218691011197e-05    0.00241898068369884    0.00395577010351331
225.499999999867    -0.0141926584599697    0.00120389398503601    0.000210554705587237    5.37328720554704e-06    0.00302045549973643    0.00198089032466241
225.999999999867    -0.0129117838277143    0.00380996054968957    0.000169012233758129    4.15225585587746e-05    0.00151593936043104    0.00519680278330665
226.499999999867    -0.010502951754946    0.00571891022075715    0.000113019495050691    5.7173393668744e-05    0.00164544811038426    0.00494645929485561
226.999999999866    -0.00727881247860541    0.00710235936729097    6.21668078946956e-05    5.4458617988439e-05    0.00303079144712958    0.0020037737911983
227.499999999866    -0.00348041787635809    0.00800684596720326    1.83571349902953e-05    7.65633703230067e-05    0.00249876497418672    0.00352899248801803
227.999999999865    0.000635709159203758    0.0083035768932683    9.59688472645373e-07    9.95903771723891e-05    0.000745360541986108    0.00553543024072834
228.499999999865    0.00463043377869818    0.00759427220110196    2.69150793846604e-05    7.27257987687264e-05    0.00233969280157701    0.00387979748238184
228.999999999864    0.00816259259099193    0.00645637851671419    7.61692330529929e-05    4.49854598146507e-05    0.0030889019483429    0.00181676532979968
229.499999999864    0.0110103897078531    0.00486460979917484    0.000124655661597273    4.68327591770328e-05    0.00185121043603221    0.00481334921637781
229.999999999863    0.0129555908065925    0.00283522340648616    0.000169846220581497    3.66627290549021e-05    0.00141382015604301    0.00535016236110785
230.499999999863    0.0137593156064767    0.000306235777739491    0.000198268153062107    5.59879404900082e-06    0.00299155262421933    0.00234627656030424
230.999999999862    0.0132383486261907    -0.00234960556619766    0.000182104113250462    1.77910394009738e-05    0.002617296105124    0.00350291208628861
231.499999999862    0.0114982638692518    -0.00450191981930169    0.000133107898778363    5.11870323434355e-05    0.000947537213740034    0.00556055305558846
231.999999999862    0.00883190997259097    -0.00608730449603248    8.36038535324152e-05    5.19512980657347e-05    0.00236668962233397    0.00385953650563348
232.499999999861    0.00547894764358508    -0.00725257556449091    3.93371717048074e-05    5.58850399563993e-05    0.00305258978961486    0.00181250865866863
232.999999999861    0.00165940970601706    -0.00794130302866008    5.90954790683199e-06    8.49974929983837e-05    0.00177648735835872    0.00468328935742582
233.49999999986    -0.00231954668765837    -0.00775382576219736    6.76984139052021e-06    8.7864841028468e-05    0.00117878944442734    0.00526716499437339
233.99999999986    -0.00598497002323124    -0.00684616121441536    4.41060601087485e-05    5.33397674207452e-05    0.00287857498248212    0.00254358881248131
234.499999999859    -0.00909075372086092    -0.00549950154045622    9.03019614623075e-05    3.96909730767118e-05    0.00276769908930882    0.00307350872509442
234.999999999859    -0.01141612718479    -0.00373792174997324    0.000131693693601079    4.43375505862145e-05    0.00116864609774641    0.00551048923211828
235.499999999858    -0.0127557320773817    -0.00153714933093989    0.000167707815935358    2.1970951078855e-05    0.00223587010029967    0.00442810603003655
235.999999999858    -0.0128829486835717    0.00105781427030649    0.000175838050076126    3.87871616474834e-06    0.00314128688479507    0.00166124806524622
236.499999999857    -0.0117341751802314    0.00344469213118336    0.000141314610374265    3.51157514904939e-05    0.00190361319965633    0.00482180957855631
236.999999999857    -0.00954557610328341    0.00521351388309166    9.28660828786646e-05    5.45361611188623e-05    0.00132214210094426    0.00523024226108819
237.499999999856    -0.00659454344427935    0.00652986192933308    5.17343609062521e-05    4.93362478002709e-05    0.00287164720461347    0.00258788542716198
237.999999999856    -0.00308665153194234    0.00741692531907621    1.69267041785938e-05    6.38240861379209e-05    0.00272016295448486    0.00296872109656115
238.499999999856    0.000723784264906409    0.00767231016435692    1.42618077657402e-06    8.91515345162631e-05    0.000949903739569389    0.00550337998489733
238.999999999855    0.00439163670981237    0.00691630298866255    2.36243736387752e-05    6.67309206169006e-05    0.00208276274400219    0.00434691541048571
239.499999999855    0.0075807106679921    0.0057689504615485    6.71381383144046e-05    3.65395548554402e-05    0.00310981737126079    0.00180520509295747
239.999999999854    0.0100899466546252    0.00420795119179788    0.000106381664483836    3.78574824790253e-05    0.00213884103912725    0.00448894522649498
240.499999999854    0.0117356119449876    0.00231899170585885    0.000139393965183111    3.64238160582313e-05    0.00129204390783582    0.00557190214616061
240.999999999853    0.0123462310072503    6.4898483629645e-05    0.000161097996984169    8.60457397716865e-06    0.00294424470786306    0.00293263740752096
241.499999999853    0.0117786757417217    -0.00230360165844065    0.000147231995715846    1.41919667692763e-05    0.0029145829010721    0.00298083648805261
241.999999999852    0.0101194041048123    -0.00423566963874022    0.000103883782643812    4.79287452275629e-05    0.00121714551608229    0.00547611613637048
242.499999999852    0.00762810197421074    -0.00566551869248313    6.23994624314775e-05    5.18159800649011e-05    0.00205219947922216    0.00444048173175223
242.999999999851    0.00450875271515486    -0.00674617949419625    2.97886274885929e-05    4.8760491876786e-05    0.00307567495717225    0.0018026519655419
243.499999999851    0.000966586038378346    -0.00732495643343628    5.39834752243114e-06    7.25901410549085e-05    0.00211283197458842    0.00435145427451203
243.999999999851    -0.00266243031713738    -0.00698182307453827    8.05441279431618e-06    7.91389222695644e-05    0.000982790720705024    0.00551299091468591
244.49999999985    -0.00591921723187153    -0.00599246625412203    4.26358675534972e-05    4.54940738471949e-05    0.00275658029366319    0.00309587177389562
244.99999999985    -0.00858734411390676    -0.00460809057601218    8.23662948743413e-05    2.87984553092852e-05    0.00293663343706568    0.00275026481498653
245.499999999849    -0.0104699551636991    -0.00287881647759672    0.000111666023950556    3.8084238560612e-05    0.00143040652287569    0.0054586311698932
245.999999999849    -0.0114216884473497    -0.00087554566710294    0.000134923474539652    2.47004096235391e-05    0.00211388446972186    0.00489222131637116
246.499999999848    -0.0112975273094996    0.00139268341308897    0.000138377792161506    5.03029781942316e-06    0.00327775362902963    0.00175804741981837
246.999999999848    -0.0100617065343685    0.0034694077617506    0.000106637276501807    3.18543104228558e-05    0.00232364758904028    0.00445168734364403
247.499999999847    -0.00792269676726069    0.00500328171528206    6.40377837612275e-05    5.51685701194936e-05    0.00112634794591396    0.00548960310013555
247.999999999847    -0.00511842406116646    0.00616489214451721    3.34604469899019e-05    4.87655359596877e-05    0.0026948436169793    0.0032801891418267
248.499999999846    -0.00183059772462161    0.00688926726424287    1.18440992146914e-05    5.38843978513794e-05    0.00291427712911823    0.00253424434757403
248.999999999846    0.00165569485746024    0.00688786300009688    4.31116170546597e-06    7.70237497257643e-05    0.00125293106133007    0.00543885033970054
249.499999999846    0.00488818674241937    0.00597948294386248    2.73200340018157e-05    5.83338516304972e-05    0.00185085503836774    0.00475180337919772
249.999999999845    0.00758293858049634    0.00473400682546004    6.7126138791074e-05    2.65467786534927e-05    0.00310244762655134    0.00203370549244243
250.499999999845    0.00955784652582702    0.00311617422819658    9.7031245328812e-05    2.74464873077482e-05    0.002383026461781    0.0042114065924904
250.999999999844    0.0106660782558873    0.00128974440833223    0.000115475003590276    3.43955536549226e-05    0.00130758488426727    0.0057211985646452
251.499999999844    0.0108154462988112    -0.000724411629638981    0.000125446547855446    1.24557132684494e-05    0.00291078498226461    0.00345411943326996
251.999999999843    0.00993517680558138    -0.00276214566279467    0.000108733694338924    1.43711826484196e-05    0.00316637903302203    0.00259648492888447
252.499999999843    0.00812338216630934    -0.00439960431833882    6.85146168260657e-05    4.73596586876719e-05    0.00158911264740833    0.00529179936597433
252.999999999842    0.00560713807410505    -0.00561472853076547    3.44310960357615e-05    5.5654412845968e-05    0.00172947930131673    0.00491215190845888
253.499999999842    0.00256126107432752    -0.0064843698700592    1.56033634546652e-05    4.6645519758949e-05    0.00300720886600846    0.00214440368103056
253.999999999841    -0.000770080155244361    -0.00672158695501648    6.09016617979193e-06    6.13332810664211e-05    0.0023445986296786    0.0040191479037942
254.499999999841    -0.00399646574836137    -0.00602965767866062    1.68643237183144e-05    6.64031182746084e-05    0.00094476729435815    0.00548145478434123
254.999999999841    -0.00673459501414171    -0.00487012078031415    5.17947413832415e-05    3.60035767292856e-05    0.00253770986890526    0.00350506780454215
255.49999999984    -0.00879989368009687    -0.0033240896251773    8.6116645547519e-05    1.7485372765772e-05    0.00294593224065155    0.00253688804040711
255.99999999984    -0.0100125716946124    -0.00150351569809647    0.000102999696973413    2.93942711368366e-05    0.00165774094286732    0.00520900294513395
256.499999999839    -0.0102891853505269    0.0004129481094014    0.000109914672164447    2.53693053459718e-05    0.0020117994400412    0.00501983856363067
256.999999999839    -0.00958648865021399    0.0023917366418607    0.000102388558650399    1.03167403030291e-05    0.00323848637633659    0.00214390674680826
257.499999999838    -0.00794159348935844    0.00411211522975505    6.96878937836288e-05    3.28299901318498e-05    0.00257273913046162    0.00399004993315451
257.999999999838    -0.00555286481346632    0.00537847165814461    3.21545064769763e-05    5.7746132715949e-05    0.0011489990602015    0.00536825626609648
258.499999999837    -0.00261380676199205    0.00631127980394255    1.23909503499443e-05    5.39404520144991e-05    0.00235774565229351    0.00375608829114094
258.999999999837    0.000645218697421161    0.00659778609839282    8.3127089120234e-06    4.93379589021872e-05    0.00281005369068307    0.00240980860278191
259.499999999837    0.00384587371338972    0.00604055025965595    1.70649966135436e-05    6.03426510426386e-05    0.00150806233100676    0.00488409701001209
259.999999999836    0.00658957528820697    0.00488858522737934    4.60623280724672e-05    4.48144698964857e-05    0.00162475401015637    0.00457342370343425
260.499999999836    0.00867652894678572    0.00339019497908133    8.28890583428816e-05    1.74158840566528e-05    0.0027580615980197    0.00243361090983431
260.999999999835    0.00991961053425793    0.00154371832404714    0.000103825683446673    1.63340353531883e-05    0.00232959444867815    0.00373509960900501
261.499999999835    0.0102067966876626    -0.000392041683398679    0.000106247001580144    2.71086759271048e-05    0.00143815957280978    0.00519181849120158
261.999999999834    0.00953378328323074    -0.00228975670767985    9.77097229651356e-05    1.75312381981082e-05    0.00261088093821332    0.00350546037172628
262.499999999834    0.00794553814358492    -0.00400865180951823    7.17348381397696e-05    2.29267501732034e-05    0.00293313173052399    0.00261867539860319
262.999999999833    0.00559512854544713    -0.00532455816955308    3.44678719911847e-05    4.94459137566369e-05    0.00177831621235014    0.00459292870134977
263.499999999833    0.00267421363686664    -0.00630870572594631    9.35976353099954e-06    6.13217959596588e-05    0.00148605011873625    0.00463918398245543
263.999999999832    -0.000606652041284053    -0.00665702394184353    6.65746088066537e-06    5.10597539321897e-05    0.0025078744349491    0.00259688008385287
264.499999999832    -0.00384110341234261    -0.00613843193071979    1.93474657951789e-05    5.01724099361685e-05    0.00214321962730581    0.00353441131846425
264.999999999832    -0.00663082644582122    -0.00496382187914097    4.56857868599307e-05    4.46385558893802e-05    0.00131069733551596    0.0044720273077813
265.499999999831    -0.00875030919128839    -0.00344692603216699    8.0849949925024e-05    2.34822114394567e-05    0.00206930881742622    0.00340601121081922
265.999999999831    -0.0100080092160249    -0.00152635897190878    0.000105978216969198    9.4290622348778e-06    0.00241204653793369    0.00266444938472311
266.49999999983    -0.0102486295483898    0.000560615892369424    0.000107864830617418    1.82457322010962e-05    0.00168238610232272    0.00423455334389815
266.99999999983    -0.00947066714382981    0.00251755133990764    9.29764212104923e-05    2.34390226148317e-05    0.00181187335685327    0.0041353304421486
267.499999999829    -0.00777173539722468    0.00422652516261353    6.69083937263847e-05    2.52067331467945e-05    0.00255118063686397    0.0027098373007598
267.999999999829    -0.00530988033016595    0.00554706721668934    3.3171199645337e-05    4.19606869614804e-05    0.00223077800882422    0.00334525518533501
268.499999999828    -0.00228962309086392    0.00647594314687162    7.0862415206384e-06    6.10594870808307e-05    0.00135789087279543    0.00437283059805856
268.999999999828    0.00105210768484175    0.0067034049622961    4.39730237475347e-06    5.78857009598264e-05    0.00181393820022911    0.00359861957857322
269.499999999827    0.00425680556248408    0.00600079507663316    2.31132731248414e-05    4.39094452039743e-05    0.00223447522430794    0.00281067672495959
269.999999999827    0.00696036086860523    0.0047520855755829    5.19137456822757e-05    3.51022620605619e-05    0.00186202101520492    0.00353835339429217
270.499999999827    0.00895529628760244    0.00317237773732111    8.27801060566881e-05    2.50774442822266e-05    0.00160710125939286    0.00387472112209072
270.999999999826    0.01007588505594    0.00125832163958788    0.000105774433723251    1.10581045765441e-05    0.00206178904418835    0.00307810513593817
271.499999999826    0.0101814116834322    -0.000840616666066309    0.000107977858969638    9.7574952271712e-06    0.00207767059518818    0.00300846453326323
271.999999999825    0.00926024812796234    -0.00279605238387572    8.83062121300732e-05    2.2440917974784e-05    0.00159812913703591    0.0038240043202652
272.499999999825    0.00744195798607673    -0.00441921249864284    5.86236438916898e-05    3.23829009136364e-05    0.0018002514338721    0.00358517249312712
272.999999999824    0.0048986551184194    -0.00569078763269289    2.89583037400448e-05    4.00953485468346e-05    0.00222743838766153    0.00277673993496406
273.499999999824    0.00183218262717699    -0.00647568488359341    6.90137936824422e-06    5.38879829348971e-05    0.00188268058600365    0.00345738170054984
273.999999999823    -0.00143456051037187    -0.00640357821038674    3.81286220305078e-06    5.92719017080594e-05    0.00132472576223624    0.00427388439379442
274.499999999823    -0.00442879953287573    -0.00550044517010127    2.36862036591956e-05    4.25277668463383e-05    0.00201790444689419    0.00350326558756938
274.999999999822    -0.00687119741745121    -0.00420425127251922    5.32161517750254e-05    2.47061762707061e-05    0.00245006077994754    0.00265149910583175
275.499999999822    -0.00857638872902508    -0.00257138050004558    7.70648799487599e-05    2.18044975052044e-05    0.00187361584040362    0.00389775574262803
275.999999999822    -0.00940722283697676    -0.00072316918167549    9.11515649228626e-05    1.77384632466474e-05    0.00162963904541023    0.0041491552852746
276.499999999821    -0.0092793234199209    0.00123993802916955    9.13065871055872e-05    9.80539821943245e-06    0.00228051397147544    0.00287540465034951
276.999999999821    -0.00818737841615421    0.00308107814597834    7.15342375946774e-05    1.89405478315421e-05    0.00212157306387727    0.00307367943837948
277.49999999982    -0.00625986480466905    0.00456567528718804    4.09847768260769e-05    3.8881934123573e-05    0.00134121939045879    0.00424694517218358
277.99999999982    -0.00367596821449358    0.00571141430820008    1.71396290945774e-05    4.52393292518026e-05    0.00190443870487089    0.00355233385985749
278.499999999819    -0.000659526192597799    0.00620485474640363    5.83574440576373e-06    4.57057019470562e-05    0.00232395559489444    0.00268430242765015
278.999999999819    0.00237173074850586    0.00576738071856204    8.00306495519232e-06    5.09723677631732e-05    0.00154206297270382    0.00420828794289697
279.499999999818    0.00499777695806529    0.00468400227132279    2.74293643842502e-05    4.13643174881443e-05    0.0015657553645707    0.00440731666781357
279.999999999818    0.00701165602274965    0.00331804398613552    5.59889129194041e-05    1.84006498374636e-05    0.00261258353704579    0.00271868239107357
280.499999999817    0.00826300019123172    0.00164921494147139    7.42975474808709e-05    1.36830388283959e-05    0.0024536453127083    0.00331106159792044
280.999999999817    0.00864435249674106    -0.000123712971775827    7.72417327858561e-05    2.13377934338406e-05    0.00158647492824272    0.00461762802036446
281.499999999817    0.00814567738060125    -0.00186036994585997    7.08754172971496e-05    1.7491808576786e-05    0.00212681858848157    0.00374577525237793
281.999999999816    0.00680423582078564    -0.00347047575737938    5.29600471858937e-05    1.78296336702042e-05    0.002581166806123    0.0024052924328751
282.499999999816    0.00472481444466116    -0.0047918693056095    2.53724083898769e-05    3.92137742629978e-05    0.0017460059717533    0.00403134751924904
282.999999999815    0.00206249301509245    -0.0057929210694611    6.06651441389586e-06    5.32647159643539e-05    0.0013463420726512    0.00443923207856354
283.499999999815    -0.000910438452527032    -0.00590968532719578    5.91953069155249e-06    4.27264614387167e-05    0.00225624300901137    0.00279322050190164
283.999999999814    -0.00370348875156    -0.00514986180701728    1.78621927157906e-05    3.75308040702675e-05    0.00203626220876859    0.00331809093288479
284.499999999814    -0.00597854357127691    -0.00390271830628658    3.7521918363823e-05    3.50188754645516e-05    0.00133376726986629    0.00444833286595408
284.999999999813    -0.00756492307041764    -0.0023948092247082    6.20187881290648e-05    1.86494816843763e-05    0.00218877295938333    0.00359365697606613
285.499999999813    -0.00832420040581318    -0.000605473663365278    7.66016014017836e-05    6.34266615622973e-06    0.00270356967834072    0.0024445997216724
285.999999999812    -0.00816168660537241    0.00123631349773771    7.05875562984311e-05    1.77380445058019e-05    0.00199359676316843    0.00402611145413455
286.499999999812    -0.00712211961929353    0.00288299789378681    5.34014058385489e-05    2.64638362719678e-05    0.00163609839772037    0.00426053510916042
286.999999999812    -0.00531616955640999    0.00430072199410217    3.3778993604598e-05    2.64507277350348e-05    0.00234890077527716    0.00282037551834514
287.499999999811    -0.0028776002758435    0.00538013195412794    1.29934225772366e-05    3.78614034730675e-05    0.00217090746686772    0.00298589745792432
287.999999999811    -2.3147886321218e-05    0.00590122440649901    1.15445631585588e-06    5.64055641539376e-05    0.00107420691266382    0.00464554783185772
288.49999999981    0.0028027888062495    0.00525722526838734    1.12000736170876e-05    4.07803038379975e-05    0.00182878334546498    0.0036251739703671
288.99999999981    0.00515839315817764    0.00410696673641913    3.25310789621783e-05    2.32489505533264e-05    0.00243352809473087    0.00252621748455537
289.499999999809    0.00685853951152227    0.0026549013870336    5.06227224869753e-05    2.19502509414074e-05    0.00189292320390003    0.00386027843121898
289.999999999809    0.00778544188625356    0.00102961941313142    6.36040611983309e-05    2.09717136830002e-05    0.00172943801106011    0.00446224131430642
290.499999999808    0.00786608304592089    -0.000722459117283364    6.90367459039629e-05    7.63987106660754e-06    0.00267609480748324    0.00266794375698996
290.999999999808    0.00706762434320706    -0.00244252385442831    5.64363695547891e-05    1.48057953513478e-05    0.00254657725154688    0.00297319232003187
291.499999999807    0.00546847382662169    -0.0039036082937621    3.20777324132359e-05    3.41594342590347e-05    0.00147428844558638    0.00434985937104942
291.999999999807    0.00320871437705203    -0.00508728065898113    1.31837078067836e-05    4.10095821257046e-05    0.00169937042850675    0.00388962178398634
292.499999999807    0.000476583517620425    -0.0056987278516713    5.64274926850157e-06    3.74380673654106e-05    0.0023271479152031    0.00222768225696494
292.999999999806    -0.0023346208595448    -0.00536806232811782    7.74369057774621e-06    4.54100404204082e-05    0.00151434342865959    0.00407356689669515
293.499999999806    -0.00474185615208717    -0.00420197755083836    2.42738690979295e-05    3.47537086870526e-05    0.00133741142915804    0.00413486315968292
293.999999999805    -0.00649414595752261    -0.00276063325371923    4.76695885551383e-05    1.51799477074645e-05    0.00234428173168906    0.00274933660105927
294.499999999805    -0.0074599466294956    -0.00107332574438551    6.12273410329481e-05    9.61262159368807e-06    0.00236146931337786    0.00290870992712016
294.999999999804    -0.0075583598059458    0.000671748639688726    5.99461662667234e-05    1.99858089945328e-05    0.00167850031593274    0.00441979216249013
295.499999999804    -0.00680343186837011    0.00232924811607649    5.13736481814889e-05    1.76013781024698e-05    0.00225542966947206    0.00348940988079989
295.999999999803    -0.00525805709971569    0.00380542686611306    3.45726077645334e-05    2.01790194683991e-05    0.00263162370042961    0.00238699514768339
296.499999999803    -0.00305818590932614    0.00493242343696604    1.24808745487326e-05    3.94829475968502e-05    0.00176872086342974    0.00389283272634701
296.999999999802    -0.00038932288778292    0.00562763086978765    1.40458711312934e-06    5.13588294397334e-05    0.00111938143730263    0.00443718381782257
297.499999999802    0.00237235582210819    0.00526329636315477    1.00495541666929e-05    3.53220490785969e-05    0.00210273203713699    0.00276039136214391
297.999999999802    0.00476708058458125    0.00421917960469751    2.72216558469425e-05    2.64319465552023e-05    0.00212051846185101    0.00293776616130468
298.499999999801    0.0065226423376915    0.00276445133662622    4.49857492359795e-05    2.32602850296436e-05    0.00156233356570668    0.00395197341047091
298.999999999801    0.0074976784998849    0.00110232242327794    6.02489202714223e-05    1.28125277781821e-05    0.00200841663600609    0.00340549747515995
299.4999999998    0.00759954297915055    -0.000704007467246901    6.38992885121335e-05    5.96986865146575e-06    0.00247916014411677    0.00233970984045594
