#t    rel_diff_friedmann    LHS_friedmann    RHS_friedmann
0    0    0.028692837507352    0.028692837507352
0.5    -4.34857001333107e-08    0.0333540043087249    0.0333540072095695
1    5.9891948264038e-08    0.0370290770949512    0.0370290726594643
1.49999999999999    2.38345809397764e-07    0.0388452722086882    0.0388452536914769
1.99999999999998    3.82912320810666e-07    0.0383563602845675    0.0383563309103329
2.49999999999997    7.46375089392659e-07    0.035941021590534    0.0359409679396077
2.99999999999996    8.8185788041451e-07    0.0326231240048512    0.0326230664669839
3.49999999999995    8.17279900990598e-07    0.0293767048081943    0.0293766567902528
3.99999999999994    7.59745665017332e-07    0.0266239850351396    0.0266239445802559
4.49999999999993    1.19760834025136e-06    0.0243491127423834    0.0243490544210523
4.99999999999992    2.67580314157946e-06    0.0226746320877455    0.0226745107423666
5.4999999999999    3.15397522205092e-06    0.0225535213999498    0.0225533791339031
5.99999999999989    -4.53912660244014e-08    0.0252245784373928    0.025224580727344
6.49999999999988    7.736732982053e-07    0.0289432830978564    0.0289432383126004
6.99999999999987    2.63035757091519e-06    0.0300264409602488    0.0300262830001117
7.49999999999986    2.3502484420654e-06    0.0287080497625262    0.0287079148207449
7.99999999999985    1.88531009912134e-06    0.0268318224850212    0.0268317213126001
8.49999999999993    1.86645801238161e-06    0.0251086616770896    0.025108567948739
9.00000000000001    2.23211519641122e-06    0.0235999801244486    0.0235998747689352
9.50000000000009    2.85577212703205e-06    0.0223841062763712    0.0223839784289227
10.0000000000002    3.34029705017903e-06    0.0217811020749172    0.0217809565647012
10.5000000000002    3.15513369150519e-06    0.0222534427943498    0.0222533023696186
11.0000000000003    2.40719659751985e-06    0.0240538035861079    0.0240536877819184
11.5000000000004    1.81209058913507e-06    0.0268012611021801    0.0268011639697301
12.0000000000005    1.94993559581926e-06    0.0294094261082478    0.0294093114154978
12.5000000000006    2.40860107301284e-06    0.0307601206356495    0.0307599724582873
13.0000000000006    2.75350535026564e-06    0.0305819468370215    0.0305817784223767
13.5000000000007    2.70332803635951e-06    0.0294484540822059    0.0294482948649733
14.0000000000008    2.51597707153329e-06    0.0280475780844281    0.0280474369506565
14.5000000000009    2.49623629010268e-06    0.0267150500291226    0.0267149166553008
15.0000000000009    2.93893733577781e-06    0.0255068970659827    0.0255067471400791
15.500000000001    4.06345918959306e-06    0.0245266023145534    0.0245264029896682
16.0000000000011    4.60631409633424e-06    0.0242650686383704    0.0242648450943447
16.500000000001    2.6045241589664e-06    0.0254271527516949    0.0254270203007726
17.0000000000009    1.74334082072359e-06    0.0276047912282359    0.0276046949792849
17.5000000000008    3.58004283111576e-06    0.0289573345917043    0.0289571272554503
18.0000000000007    3.90968877939532e-06    0.0287522015384621    0.0287519767150216
18.5000000000006    3.36475441898731e-06    0.0277784118622396    0.0277782249278004
19.0000000000005    3.1047320972043e-06    0.0267017734267361    0.0267016076235448
19.5000000000004    3.28425621146907e-06    0.0256950265283327    0.0256948577507861
20.0000000000003    3.8751912982029e-06    0.0247869834086336    0.0247867913007732
20.5000000000002    4.37729298923279e-06    0.0241360714946677    0.0241358601942795
21.0000000000001    4.59911051522093e-06    0.0240971584144954    0.0240969367645255
21.5    3.3154121562109e-06    0.0249986544418859    0.0249984886807498
21.9999999999999    3.64516061018862e-06    0.0266956792020484    0.0266954845826812
22.4999999999998    3.97599015516274e-06    0.028397048212517    0.0283968224006466
22.9999999999997    3.94340143508409e-06    0.0292497495280084    0.0292495188419096
23.4999999999996    4.16941902538148e-06    0.0290856463003605    0.0290854037608776
23.9999999999995    3.94354358510429e-06    0.0283337022272147    0.0283334787577167
24.4999999999994    3.67223184144951e-06    0.0274332693904773    0.0274330679085664
24.9999999999993    3.72483080045202e-06    0.0265649919887214    0.0265647940892578
25.4999999999992    4.25797250805011e-06    0.0257586589868464    0.0257584396284568
25.9999999999991    5.75560274924786e-06    0.0251303049550137    0.025130015676574
26.499999999999    6.61795261290277e-06    0.0250744185339975    0.0250740866535665
26.9999999999989    4.35791804105177e-06    0.0260201643041596    0.026019937517661
27.4999999999988    4.83133276710446e-06    0.027543431533051    0.0275431653913703
27.9999999999987    4.57868636894231e-06    0.0284352310100224    0.0284349706192054
28.4999999999986    4.86200639306632e-06    0.0282898273789598    0.0282895522896542
28.9999999999985    4.55756843992936e-06    0.0276188069925868    0.027618555244528
29.4999999999984    4.25934416807471e-06    0.0268584364527925    0.0268582076551177
29.9999999999983    4.42607892969043e-06    0.0261307619048001    0.0261305305921945
30.4999999999982    5.18246138804815e-06    0.0254602163981649    0.0254599525063556
30.9999999999981    5.12512490645968e-06    0.024972681539082    0.0249724255641696
31.499999999998    6.58314221270585e-06    0.0249569773430085    0.0249566487545095
31.9999999999979    5.37155095625123e-06    0.0256739073200801    0.0256736315041588
32.4999999999982    3.12620522201058e-06    0.026960352934694    0.0269601843680287
32.9999999999984    4.5419986410335e-06    0.0281402088693097    0.0281399532448898
33.4999999999987    6.7580596080345e-06    0.0286091925748887    0.0286088058922444
33.9999999999989    5.4780303752584e-06    0.0283621198021337    0.0283618090667283
34.4999999999992    5.2183324331937e-06    0.027763071025247    0.0277627812728911
34.9999999999995    5.00250769468137e-06    0.0270971441848081    0.0270968730788197
35.4999999999997    5.18618581119908e-06    0.0264552200632151    0.0264549456612644
36    6.0053216210297e-06    0.0258605670936388    0.0258602564934587
36.5000000000002    8.24908671300185e-06    0.0254518444971211    0.0254514245916404
37.0000000000005    5.06348916323295e-06    0.0255759654482429    0.0255757064423066
37.5000000000007    3.29219309690069e-06    0.0264650930671392    0.0264649188113194
38.000000000001    5.76214659499714e-06    0.0276088180867385    0.0276084999164576
38.5000000000012    6.04636223400003e-06    0.0281441291822932    0.0281437888451514
39.0000000000015    7.15730506870477e-06    0.0279394921245616    0.0279390921844869
39.5000000000018    6.00120469709947e-06    0.0274017994478957    0.0274014705622543
40.000000000002    5.68132392339954e-06    0.0268152993396756    0.0268149946486033
40.5000000000023    6.09607497942625e-06    0.0262502024423597    0.0262498823979061
41.0000000000025    5.74752794007048e-06    0.0257310920714003    0.0257307962927591
41.5000000000028    1.05544742595774e-05    0.0253829260451239    0.0253823902438999
42.000000000003    1.20355496652767e-05    0.0254600560496551    0.0254594432054929
42.5000000000033    6.39298955316252e-06    0.0261419389263123    0.0261416046781642
43.0000000000035    2.97605998132847e-05    0.0271938062880835    0.0271921877282802
43.5000000000038    1.49851286056502e-05    0.0280155366182171    0.0280146969979606
44.0000000000041    1.70055112990507e-05    0.0282186146359324    0.028217654908313
44.5000000000043    1.01861347323221e-05    0.0279174700281587    0.0279169012917297
45.0000000000046    8.16560512504378e-06    0.0274137478152008    0.0274133001191772
45.5000000000048    7.67559742072922e-06    0.0268868223579571    0.0268864096162764
46.0000000000051    8.37756045680325e-06    0.0263790074435348    0.0263785654637782
46.5000000000053    1.65497594784908e-05    0.0259226650082353    0.0259218069946934
47.0000000000056    3.63712129518081e-05    0.0256808033174025    0.0256789353014121
47.5000000000058    4.26989064932398e-05    0.0259530396449715    0.0259508234067765
48.0000000000061    2.66129541510954e-05    0.0267979808803838    0.026796554571469
48.5000000000064    2.91282403469351e-05    0.0276539495808176    0.0276523386059626
49.0000000000066    3.33959334045814e-05    0.0279293042817074    0.0279274388936321
49.5000000000069    1.69494637257493e-05    0.0276741848208212    0.0276732467115381
50.0000000000071    1.20165534659123e-05    0.0272179408049176    0.0272172866810961
50.5000000000074    1.1399210725172e-05    0.0267416069475509    0.0267409972880751
51.0000000000076    1.1698257248408e-05    0.0262816930457866    0.0262810781529674
51.5000000000079    1.54306049190031e-05    0.025869515004211    0.0258687166519991
52.0000000000081    9.63503303668694e-06    0.0256390568576816    0.0256385627961222
52.5000000000084    3.84182171455794e-05    0.0258169122712402    0.0258149286679634
53.0000000000087    4.61965727498976e-05    0.0264941535802817    0.0264917058151735
53.5000000000089    4.01978622725729e-05    0.0273631365981009    0.0273609368073352
54.0000000000092    7.60263403156596e-06    0.0279104805928524    0.0279100562097396
54.5000000000094    1.74798844964251e-05    0.0279325870673639    0.0279316105676418
55.0000000000097    1.56255120013893e-05    0.0276099631716274    0.0276091003454877
55.5000000000099    1.41799903116969e-05    0.0271782075555843    0.027177436793074
56.0000000000102    1.41487661733113e-05    0.0267436098202113    0.0267428530527546
56.5000000000105    1.49857579038124e-05    0.0263257229634937    0.0263249339534957
57.0000000000107    2.01852402450803e-05    0.0259752642581019    0.0259742156453695
57.500000000011    9.98443758806429e-06    0.0258754233276891    0.0258749066297495
58.0000000000112    1.01909191204736e-05    0.0262644909752718    0.0262639556621206
58.5000000000115    4.39437098365243e-05    0.0270450224581702    0.0270426456453773
59.0000000000117    1.4112960487451e-05    0.0276594748874581    0.0276586941843237
59.500000000012    1.70327764413854e-05    0.0277485509389481    0.027747605685319
60.0000000000122    1.55857574929908e-05    0.0274663855834757    0.0274655294279697
60.5000000000125    1.62011702014533e-05    0.0270700888376542    0.0270692117176313
61.0000000000128    1.62544282247705e-05    0.0266698664486652    0.0266689994558977
61.500000000013    2.21218926784567e-05    0.0262845416453367    0.0262833787434436
62.0000000000133    3.17071673647144e-05    0.0259576011106977    0.0259559550788831
62.5000000000135    0.000102325010231459    0.0258337780349668    0.0258284916926884
63.0000000000138    -5.47273192365019e-05    0.0261057680109465    0.0261086255647324
63.500000000014    0.000195768723363979    0.0267703252199184    0.0267598456866985
64.0000000000143    1.92645602609683e-06    0.0274692295710733    0.0274691237347515
64.5000000000138    8.14742718642094e-05    0.0277985677946018    0.0277940384274888
65.0000000000134    8.1448514609122e-06    0.0277028276730815    0.0277023764059241
65.5000000000129    2.53757563522532e-05    0.0273823811594499    0.0273809914974483
66.0000000000125    2.46082195724308e-05    0.0270086937357494    0.027007364496728
66.500000000012    2.49126369321969e-05    0.0266396399106124    0.0266383126163246
67.0000000000116    2.54887100376436e-05    0.0262894393803678    0.0262880992467313
67.5000000000111    2.4755461933043e-05    0.0260323211763396    0.026031032323974
68.0000000000106    5.20520111862683e-05    0.0260613021858192    0.0260585892406476
68.5000000000102    7.10693384297169e-05    0.0265330274744691    0.0265292563730605
69.0000000000097    3.06719736184818e-05    0.0272199980901074    0.0272183283591947
69.5000000000093    2.32359173363174e-05    0.0276265894606008    0.0276253056321338
70.0000000000088    3.44374277776568e-05    0.0275871799792189    0.0275852799816137
70.5000000000084    2.78148826559891e-05    0.0272989425783992    0.0272974239868698
71.0000000000079    2.81015855077466e-05    0.0269513695463365    0.0269498548364706
71.5000000000075    2.87723509264068e-05    0.0266069407599043    0.0266054097154828
72.000000000007    3.14924871310182e-05    0.0262787109959535    0.0262770558841414
72.5000000000066    6.36845924967442e-05    0.0260262530507848    0.0260229383192427
73.0000000000061    2.32293588432956e-05    0.0260021563811851    0.0260009483824036
73.5000000000056    0.000139501267765608    0.0263543322927978    0.0263469803928652
74.0000000000052    -4.67473587385025e-06    0.0269859826969363    0.0269862350027986
74.5000000000047    4.00851417832549e-05    0.0275219874234885    0.0275197810663946
75.0000000000043    1.76740385315482e-05    0.0276813194529261    0.0276803409888063
75.5000000000038    3.00660997760015e-05    0.0275139716318999    0.0275123172060094
76.0000000000034    3.61335875760017e-05    0.0272086526731221    0.0272066864517004
76.5000000000029    3.53329477852541e-05    0.0268816271629023    0.026879727615761
77.0000000000025    3.36911889790813e-05    0.0265621406033224    0.026560350843424
77.500000000002    5.22636798691685e-05    0.0262708402777839    0.0262680943997212
78.0000000000015    -5.47840845108336e-05    0.0261056291931161    0.026108489695818
78.5000000000011    0.000164356368896977    0.0262510422531687    0.0262424146192063
79.0000000000006    0.000214184669054163    0.0267633440366258    0.0267518818956701
79.5000000000002    5.60145531302701e-05    0.0273286454290884    0.0273255839968505
79.9999999999997    4.46744567610649e-05    0.0275615288195021    0.0275590663368572
80.4999999999993    5.71047880255801e-05    0.0274414383345373    0.0274383044384594
80.9999999999988    6.09977732399228e-05    0.0271631639147168    0.0271598503318121
81.4999999999984    5.61107693081794e-05    0.0268567017678394    0.0268536880365476
81.9999999999979    5.72333561868768e-05    0.0265564055734026    0.0265533659229335
82.4999999999975    0.000206253381358301    0.0262817966684016    0.0262709574851577
82.999999999997    -9.81510839432453e-05    0.0261080609004688    0.0261131864725034
83.4999999999965    0.000959634231520218    0.0261818102495695    0.0261316085021675
83.9999999999961    0.000731146726462994    0.0265853530830434    0.0265465058982783
84.4999999999956    0.00040892353847675    0.0271428622214989    0.0271206725848357
84.9999999999952    0.000347216670453013    0.0275149488383679    0.0274958481725907
85.4999999999947    0.00032991557561332    0.027548739874486    0.0275305683528078
85.9999999999943    0.000170569580389609    0.0273504530939306    0.027341124374511
86.4999999999938    0.000124362077582597    0.0270719987033338    0.0270652660806106
86.9999999999934    0.000121898643710523    0.0267843246814115    0.0267777955316032
87.4999999999929    0.000128475331981942    0.0265091469174371    0.0265023362495384
87.9999999999925    0.000161822592699415    0.0262819318747316    0.026273427230261
88.499999999992    0.000772757055727658    0.0262162569493969    0.026175770640413
88.9999999999915    0.00111148678174337    0.0264576574318959    0.0263989080580255
89.4999999999911    0.00107345010257295    0.0269537836581095    0.0268959786252629
89.9999999999906    0.000657918799832548    0.0273725309976016    0.027336536873328
90.4999999999902    0.000512148654490116    0.0274697928686738    0.0274416700368306
90.9999999999897    0.000273239608503997    0.0273111390903291    0.0272962181974023
91.4999999999893    0.000216545420190208    0.0270560894698933    0.0270443742622419
91.9999999999888    0.000211583571701458    0.0267851106187317    0.0267737784376887
92.4999999999884    0.000278753996839328    0.0265261399716237    0.0265113555577626
92.9999999999879    0.000368163264102394    0.0263098179877534    0.0262904525004778
93.4999999999875    0.000772920243750205    0.0262212798852277    0.0261807772744349
93.999999999987    0.00118214900444916    0.0263806447209742    0.0263183466607768
94.4999999999865    0.00155804656576731    0.026792951495392    0.026709592041175
94.9999999999861    0.00136225724921109    0.027240319937125    0.0271662042551397
95.4999999999856    0.00100459557316008    0.027464706365188    0.0274095799001255
95.9999999999852    0.000614681066604908    0.0274182018618133    0.0273845156689487
96.4999999999847    0.000423706058089305    0.0272175134113583    0.0271944587291298
96.9999999999843    0.000372860237004998    0.026968971647022    0.0269488678286164
97.4999999999838    0.000378359869563463    0.0267153516090795    0.0266951432212222
97.9999999999834    0.000462725709884841    0.0264851010286456    0.0264606016907694
98.4999999999829    0.000787552542149658    0.0263284789088208    0.0262870414220278
98.9999999999824    0.00131041210619954    0.0263598665227513    0.0262908723571228
99.499999999982    0.00173038400684002    0.0266618916924988    0.0265697804583516
99.9999999999815    0.00167725933822529    0.0270966191091417    0.0270058751953482
100.499999999981    0.00131654786392691    0.0273741206785345    0.027302136768585
100.999999999981    0.00089028990130591    0.0273776629799435    0.0273289582275479
101.49999999998    0.000611453955094268    0.0272065124713434    0.0271732617433227
101.99999999998    0.000535243941734326    0.0269761179333908    0.0269472557742959
102.499999999979    0.000543264246095038    0.0267353895475006    0.0267063565575928
102.999999999979    0.000632595879539831    0.0265151774252577    0.0264816518494299
103.499999999978    0.000973490601837569    0.0263554836135049    0.0263042198870516
103.999999999978    0.00159591546658568    0.0263455124743733    0.0262615560400794
104.499999999977    0.00221040045869899    0.0265682656139086    0.0264510716465083
104.999999999977    0.00241066898084707    0.0269613568662791    0.0268316796617355
105.499999999977    0.00198627595758045    0.0273001432217734    0.027191906972593
105.999999999976    0.00143058381193115    0.0274118399567746    0.0273335221279978
106.499999999976    0.000975363160288152    0.0273165099731773    0.0272632748617528
106.999999999975    0.000772279542177576    0.0271211353538044    0.0270792774837923
107.499999999975    0.000744136079993709    0.0268954840258493    0.0268554859897261
107.999999999974    0.000783061609367439    0.0266732110010424    0.0266314701516322
108.499999999974    0.000999438264663961    0.0264864930417597    0.0264336026731325
108.999999999973    0.0015053839490499    0.0263987707971229    0.0263194096943879
109.499999999973    0.00220748568866745    0.0265114205497575    0.0263946311976812
109.999999999972    0.00259557865390265    0.0268384736514034    0.0266995115997127
110.499999999972    0.00239131468683151    0.0271950272950594    0.0270652738400431
110.999999999972    0.00182218007961765    0.0273587929708011    0.0272592690262427
111.499999999971    0.00126230673441463    0.0273020882189828    0.0272332478969401
111.999999999971    0.000985144259389519    0.0271286969987682    0.0270752982440188
112.49999999997    0.000938885315066707    0.0269177590897362    0.0268672611240868
112.99999999997    0.000968260834884202    0.0267047149820487    0.0266530507472561
113.499999999969    0.00116104171686934    0.0265214633696206    0.026459949738783
113.999999999969    0.00165723710714804    0.0264176160851801    0.0263302004463031
114.499999999968    0.002434770788909    0.0264771702117647    0.0263485516871821
114.999999999968    0.00311762178571176    0.0267373665878706    0.0265711707305622
115.499999999967    0.0031033013476301    0.0270881660637753    0.0269205607091969
115.999999999967    0.00252452530687282    0.0273272102550577    0.0271895812352908
116.499999999967    0.00177217337332425    0.0273578553384658    0.0272610611489869
116.999999999966    0.00132299918048054    0.0272365292201321    0.0271645566281376
117.499999999966    0.00117698721059317    0.0270509554646418    0.0269873530666184
117.999999999965    0.00117489955809466    0.0268455374969421    0.026782529904251
118.499999999965    0.00126572723579773    0.026653455790898    0.0265860690742552
118.999999999964    0.00160121298174145    0.0265103973792382    0.0264256355161642
119.499999999964    0.00228973043245617    0.026487848291207    0.0263668253365041
119.999999999963    0.00302855261224115    0.026658683818404    0.0264976969226533
120.499999999963    0.0033481154263375    0.0269783193422272    0.0267982691168316
120.999999999962    0.00290060318002506    0.0272527242724289    0.0270950828502614
121.499999999962    0.00215287360896742    0.0273312312776643    0.0272138027134845
121.999999999962    0.00159328403149675    0.0272405002385952    0.0271538346134715
122.499999999961    0.00139417787047249    0.0270726794289799    0.0269972962654098
122.999999999961    0.00138004049999766    0.0268791629967474    0.0268050765719311
123.49999999996    0.00145061118560909    0.0266923973768125    0.0266150689698536
123.99999999996    0.00174240694692202    0.0265454786732408    0.0264531335231726
124.499999999959    0.002400668415148    0.0264944710565516    0.0263675668318326
124.999999999959    0.00331293498033208    0.0266052950882525    0.0264295939491824
125.499999999958    0.00381451690605757    0.026875081091439    0.0266708293109588
125.999999999958    0.00365993416379659    0.0271720585302464    0.0269738879309619
126.499999999957    0.00281564757458979    0.0273287944395673    0.027175330033689
126.999999999957    0.00207639186471904    0.0273073013493582    0.0271941350102856
127.499999999957    0.00169894180226578    0.0271778393393079    0.0270856488309187
127.999999999956    0.00161134250066203    0.0270043578083284    0.0269174712734156
128.499999999956    0.00163189007426574    0.0268181595458477    0.0267307735734029
128.999999999955    0.00179177243764957    0.026654487569654    0.0265591408569319
129.499999999955    0.00226824180944141    0.0265549071974665    0.0264347139233737
129.999999999954    0.00307805135627997    0.0265852533143476    0.0264220939771243
130.499999999954    0.00390256702573252    0.0267848738700854    0.0265766270362049
130.999999999953    0.00395941216438469    0.0270761260007567    0.026862560509258
131.499999999953    0.00329492378128399    0.0272782988014322    0.0270991293203487
131.999999999952    0.002432174003327    0.027299496167116    0.0271670241124404
132.499999999952    0.00195841876206166    0.0271949349035086    0.0270886249613977
132.999999999952    0.00182729925885284    0.0270375939936379    0.026938962671648
133.499999999951    0.00183456098785815    0.0268607147412668    0.0267623399770308
133.999999999951    0.00195381158481458    0.0266973485067342    0.0265932287595099
134.49999999995    0.00235938249619208    0.0265851336444438    0.0264599799319631
134.99999999995    0.00316112058927182    0.0265777377754396    0.026410236399292
135.499999999949    0.00410353105700697    0.026717422592317    0.0264990471559607
135.999999999949    0.00451718248274306    0.0269765145675897    0.026733894847041
136.499999999948    0.0040195697700069    0.0272202570286209    0.0270023056548063
136.999999999948    0.0031102970650473    0.0273167291826598    0.0271473297799179
137.499999999947    0.00239896617825759    0.027266623094785    0.0271361127714373
137.999999999947    0.00210247816773825    0.0271393114620017    0.0270254312729403
138.499999999947    0.00205569828939282    0.0269782119801462    0.0268675213981494
138.999999999946    0.00209987388093661    0.026810653626046    0.0266982915895912
139.499999999946    0.00233644764789898    0.0266734490445036    0.0265490973511623
139.999999999945    0.00292495402403398    0.0266116820786224    0.0264564602023097
140.499999999945    0.00388143246054236    0.0266771387238385    0.0264708484013982
140.999999999944    0.00462026811014645    0.0268832685614297    0.0266359952137308
141.499999999944    0.0044584572191979    0.0271381786541881    0.0268972639450391
141.999999999943    0.00357870026125237    0.0272844392743593    0.0270898499911594
142.499999999943    0.00275612132305045    0.0272724052824856    0.0271224863617599
142.999999999942    0.00235885775300053    0.0271661331803797    0.0270382726973282
143.499999999942    0.00226694384817887    0.0270199868444511    0.0268977583436892
143.999999999942    0.00229139528187202    0.0268589577155677    0.0267361501382999
144.499999999941    0.00246382723144419    0.026717143173224    0.0265858138960802
144.999999999941    0.00297513826649474    0.0266350037445564    0.0264769882248385
145.49999999994    0.00389535249145215    0.0266571594985712    0.0264502872734731
145.99999999994    0.00483389567095675    0.0268077053394984    0.0265497808181478
146.499999999939    0.00510082707555354    0.0270462913633772    0.0267717747147718
146.999999999939    0.00440869997627188    0.0272442876540826    0.027005118299343
147.499999999938    0.00341069982100533    0.0273007395617002    0.0271151433196968
147.999999999938    0.00275243150371257    0.0272386475776152    0.0270891141347519
148.499999999937    0.0025238022386321    0.0271182411710854    0.0269817036093387
148.999999999937    0.0024976102211267    0.0269690056415116    0.0268346251433297
149.499999999937    0.00256828966850835    0.0268183397637542    0.0266809381210899
149.999999999936    0.00288205579648898    0.0267052510060693    0.0265517613249769
150.499999999936    0.00357754619461729    0.0266723649658789    0.0264822020469356
150.999999999935    0.0045976471907329    0.02675593182624    0.0265110291328277
151.499999999935    0.00520225773453009    0.0269546292653594    0.0266756308299736
151.999999999934    0.0049072802932598    0.0271753589017042    0.0269099471451854
152.499999999934    0.00389970921350681    0.0272820753572401    0.0270701176095532
152.999999999933    0.0031219121884727    0.0272529786778846    0.0270833454453276
153.499999999933    0.00277335880362981    0.0271515537638107    0.0270013682807162
153.999999999932    0.00270296175214398    0.0270171495219398    0.0268714905888453
154.499999999932    0.00274252071159021    0.0268699727930231    0.0267229929744104
154.999999999932    0.0029651520541661    0.0267467039426986    0.026588556784793
155.499999999931    0.00357044713834431    0.0266886479791538    0.0264987452033692
155.999999999931    0.00456703825190787    0.0267281685426774    0.0264851413210193
156.49999999993    0.00544163109150247    0.0268761521098666    0.0265852349637719
156.99999999993    0.0055933978844225    0.0270914964855732    0.0267901151928021
157.499999999929    0.00475475173846148    0.0272552996997323    0.0269973418579697
157.999999999929    0.00374839192156792    0.0272869034152025    0.0270831033211762
158.499999999928    0.00315227245717815    0.0272215892181019    0.0270505087783943
158.999999999928    0.00294615794330532    0.0271110479563118    0.0269517703547073
159.499999999927    0.00293129454747879    0.0269738583198913    0.0268161838625333
159.999999999927    0.00302922490654315    0.026837098261747    0.026674998086687
160.499999999927    0.00341393080974605    0.0267438551321438    0.026561873064318
160.999999999926    0.00421228420572154    0.0267315252077191    0.0265072682787843
161.499999999926    0.00517709948947998    0.0268203088070728    0.0265440362833488
161.999999999925    0.005734267457206    0.0270028051152302    0.0266948881800401
162.499999999925    0.00526616684260633    0.0271962488832932    0.0269113094536448
162.999999999924    0.00427463830802818    0.0272779886221292    0.0270457741845993
163.499999999924    0.00350819564301646    0.0272411142272315    0.0270506481031722
163.999999999923    0.00319228500426176    0.0271478060643611    0.026975030544666
164.499999999923    0.0031292218161724    0.0270265666271963    0.0268579500221433
164.999999999922    0.00317967937550932    0.0268911480556184    0.026720679632834
165.499999999922    0.00345424467264977    0.0267826004202868    0.0265982100401322
165.999999999922    0.00412925389181779    0.0267424127560806    0.026522468537701
166.499999999921    0.00514112380968142    0.0267898637838721    0.026515812701303
166.999999999921    0.00595422800776602    0.0269251863584126    0.0266064468089063
167.49999999992    0.00596869165712095    0.0271180792003218    0.0267962810083453
167.99999999992    0.00512119655952598    0.02725863252439    0.026980861414639
168.499999999919    0.00413013860796287    0.027276292212668    0.0270519092104691
168.999999999919    0.00356112198248524    0.0272132406238866    0.0270201090501785
169.499999999918    0.00336447644533424    0.0271154944634058    0.0269336473987202
169.999999999918    0.00335189106041636    0.0269897147295187    0.0268093860047092
170.499999999917    0.00347044878671935    0.026864155858868    0.0266783393712586
170.999999999917    0.00390983516741837    0.0267869954685018    0.0265783457805649
171.499999999917    0.00473154568931957    0.0267879355350667    0.026535632635948
171.999999999916    0.00575205590115318    0.0268701650227463    0.0265628155316322
172.499999999916    0.00615689658086588    0.0270324381769752    0.0267016032410922
172.999999999915    0.00570699957462084    0.0272058384180824    0.0268970731249207
173.499999999915    0.00467516198703587    0.0272726130402651    0.0270187919275368
173.999999999914    0.00392758970050514    0.0272345948470226    0.0270214991709679
174.499999999914    0.0036123734505104    0.027153976399467    0.0269585019194464
174.999999999913    0.00354187087666339    0.0270461351514424    0.0268552234990258
175.499999999913    0.00359808132784853    0.0269193448206014    0.0267263233436596
175.999999999912    0.00391080382088743    0.0268228756042376    0.0266138948780596
176.499999999912    0.00460337011074955    0.0267964380451463    0.0265508606846842
176.999999999912    0.00560212364607682    0.0268417821044483    0.0265427155478166
177.499999999911    0.0064261458902961    0.0269570966296926    0.0266128483479312
177.999999999911    0.00640432542816338    0.0271313042889983    0.026786000324047
178.49999999991    0.00551889205192247    0.0272568897723475    0.0269576853844165
178.99999999991    0.00453633021541741    0.0272669442700845    0.0270206776902626
179.499999999909    0.00398723404291297    0.0272121368788278    0.026995996364557
179.999999999909    0.00377428931838905    0.0271303097004062    0.0269262844744237
180.499999999908    0.00375560003663964    0.027014097949002    0.0268119488456877
180.999999999908    0.0038873954388437    0.0268966321188674    0.0266883261963223
181.499999999907    0.00436562252725897    0.0268332442780327    0.0265999750121954
181.999999999907    0.00519982014827799    0.0268409003572525    0.026563208595519
182.499999999907    0.00607903291186026    0.0269069176932622    0.0265817582716596
182.999999999906    0.00665989204048833    0.0270471953274739    0.0266893159636426
183.499999999906    0.0061507596198006    0.0272072016578017    0.0268745577558325
183.999999999905    0.00510983123517307    0.0272660510817387    0.0269888178577713
184.499999999905    0.00437484345516344    0.027231744265459    0.0269945128792913
184.999999999904    0.00403171085832816    0.0271678540383905    0.0269496678378164
185.499999999904    0.00393836150193531    0.0270741883968661    0.0268617690982971
185.999999999903    0.0039919944958718    0.026953761950301    0.0267394190672133
186.499999999903    0.00431725932827141    0.0268663328489731    0.0266353522001167
186.999999999902    0.00500869881157618    0.026849342460765    0.0265817223499463
187.499999999902    0.00588432493530568    0.0268854132801736    0.0265708592030521
187.999999999902    0.00675520025951691    0.0269758518168851    0.0266138426985867
188.499999999901    0.00681472178941155    0.0271323727534952    0.0267650766307824
188.999999999901    0.0059691190944599    0.0272500826169902    0.0269266949793635
189.4999999999    0.00499063868321996    0.0272588315656162    0.0269881047070079
189.9999999999    0.00443198602944777    0.0272162075662103    0.0269760283337969
190.499999999899    0.00417638456564901    0.0271522797341363    0.0269264262610876
190.999999999899    0.00413897983500596    0.0270464339241511    0.0268234674884904
191.499999999898    0.00426708518661584    0.0269349502218736    0.0267060594640477
191.999999999898    0.00474322068181613    0.0268810242806257    0.0266272228561588
192.499999999897    0.00549846130813065    0.0268891010248497    0.0265950206512145
192.999999999897    0.00636742483475208    0.0269343344860738    0.0265935000232685
193.499999999897    0.00696190569489232    0.0270497850617982    0.026675752932872
193.999999999896    0.00658265353970082    0.0271991499394816    0.026843406513949
194.499999999896    0.00557342694166531    0.0272575283610286    0.0269553766954012
194.999999999895    0.00484605064280977    0.0272318888961041    0.0269692275409533
195.499999999895    0.00445685855393407    0.0271864927746232    0.0269452353192288
195.999999999894    0.00431628375944074    0.0271085843980831    0.0268755734542778
196.499999999894    0.00435288806597584    0.026994455824852    0.0267604666642617
196.999999999893    0.00465973228782497    0.0269128634839581    0.0266632133090707
197.499999999893    0.0052850244161481    0.0268998165908449    0.0266169790193709
197.999999999892    0.00608941877432441    0.0269228837297321    0.0265969788735961
198.499999999892    0.00692951200519359    0.026985934552933    0.0266145096314734
198.999999999892    0.0071765546366732    0.0271229195228859    0.0267363952080257
199.499999999891    0.00641149220302594    0.0272371690112785    0.0268901322413266
199.999999999891    0.00548423785255057    0.0272505125760804    0.0269532462700659
200.49999999989    0.00490077564380066    0.0272225539939006    0.0269570319984779
200.99999999989    0.00457214346981785    0.0271782948723303    0.0269308998709278
201.499999999889    0.00449794551295353    0.0270848913429319    0.0268423296412799
201.999999999889    0.00460177842921782    0.0269775547181471    0.0267304025986891
202.499999999888    0.00503253539137127    0.0269285454105145    0.0266588648717371
202.999999999888    0.00567668461152313    0.0269333591883241    0.026629300860274
203.499999999887    0.0064672195473134    0.0269570112514935    0.026610577891883
203.999999999887    0.00723179152152089    0.0270448747080032    0.0266565174356052
204.499999999887    0.00700038088744687    0.027183883348365    0.0268059340624456
204.999999999886    0.00608368993871254    0.0272468723748755    0.0269173540157447
205.499999999886    0.00533730594572826    0.0272317798726873    0.0269426344490217
205.999999999885    0.00489647992098278    0.0272051721768522    0.0269400511778787
206.499999999885    0.00467805485624177    0.0271456037570105    0.0268928090973336
206.999999999884    0.00468797325807536    0.0270385955732069    0.0267862660612449
207.499999999884    0.00493963808732033    0.0269586289552278    0.0266936063303413
207.999999999883    0.00550065723023269    0.0269457799380053    0.02665096262849
208.499999999883    0.00620240062992551    0.0269576089419034    0.0266252664816233
208.999999999882    0.00703381466126179    0.026994389087848    0.0266172944422193
209.499999999882    0.00748361302034765    0.027108930562835    0.0267061989588548
209.999999999882    0.00686258087421056    0.0272222488764114    0.0268511656957651
210.499999999881    0.00597317385136925    0.0272428920877137    0.0269193714712921
210.999999999881    0.00538624804394718    0.0272269305305668    0.0269351998616855
211.49999999988    0.00497517095406871    0.0272017283910176    0.0269324018386751
211.99999999988    0.00483386601891032    0.0271244761804942    0.0268635055103692
212.499999999879    0.00490436723690476    0.0270200827526526    0.0267563434100623
212.999999999879    0.00527934137094992    0.0269708176933612    0.0266875369219436
213.499999999878    0.00587606159943966    0.0269724961382051    0.0266573637777695
213.999999999878    0.00656179056002125    0.0269813739405412    0.0266295900232897
214.499999999877    0.00733329300502638    0.0270421781536161    0.0266484490526886
214.999999999877    0.00736985444084987    0.02716795702776    0.0267704389009921
215.499999999877    0.00656322653848202    0.0272380316521878    0.026882824214677
215.999999999876    0.00582323636528684    0.027231776342035    0.026916458372529
216.499999999876    0.00534510667019358    0.0272180264267301    0.0269286068957893
216.999999999875    0.00503114092464379    0.0271768082005586    0.026904716428729
217.499999999875    0.00500027446904226    0.0270804660719626    0.0268109939801645
217.999999999874    0.00520627058002158    0.0269992156544961    0.0267195412707211
218.499999999874    0.0057265708156442    0.0269836313424374    0.0266763436954174
218.999999999873    0.00632517662928339    0.0269903168816034    0.0266510259137906
219.499999999873    0.007122781027627    0.0270095775598156    0.0266275321722394
219.999999999872    0.00763977796196262    0.0271010061591903    0.0266900544001783
220.499999999872    0.00725004490275248    0.0272113206331766    0.0268195940754026
220.999999999872    0.00640596360443297    0.0272395820942843    0.0268928119482271
221.499999999871    0.00582758746765372    0.0272294874445693    0.0269139617585377
221.999999999871    0.00536815200363354    0.0272165765582556    0.0269259313459678
222.49999999987    0.0051524131395076    0.0271559433736661    0.0268775405411699
222.99999999987    0.00519284485112063    0.0270565420627274    0.0267769928680445
223.499999999869    0.00554292957144905    0.027005033094151    0.0267073093627946
223.999999999869    0.00609342611199633    0.0270056512771704    0.0266785306810251
224.499999999868    0.00671590976019723    0.0270096113393806    0.0266492433136951
224.999999999868    0.00743173148642651    0.0270506990501789    0.0266515979983102
225.499999999867    0.00762931766741675    0.027161016651638    0.0267497145575603
225.999999999867    0.00693357835405566    0.0272351366617882    0.0268600633539011
226.499999999867    0.00623224405600255    0.0272332544989025    0.026895908345509
226.999999999866    0.00573451853104514    0.0272235047610585    0.0269130576407582
227.499999999866    0.00537246636628668    0.0271961674371958    0.0269055080055201
227.999999999865    0.00529778160505186    0.0271121877815315    0.0268264327498783
228.499999999865    0.00547664815828929    0.0270305844750965    0.026736123134887
228.999999999864    0.00600872159946896    0.0270141527177141    0.0266914506984548
229.499999999864    0.00655303193962525    0.0270233340590743    0.0266714702911751
229.999999999863    0.00720800690662288    0.0270344720366062    0.0266475317823181
230.499999999863    0.00777721046583423    0.0271059792175165    0.0266876151126967
230.999999999862    0.00748104938510187    0.0272102008532433    0.0268061022223342
231.499999999862    0.00671349168127123    0.0272417798263055    0.026878444152833
231.999999999862    0.00615828281406033    0.0272292978786946    0.0268959791155745
232.499999999861    0.00571697358637666    0.0272204545787243    0.0269109865595443
232.999999999861    0.00545095731921683    0.0271745171458968    0.0268798689941311
233.49999999986    0.00547488751728787    0.0270819121527214    0.0267869859946841
233.99999999986    0.00583464867304656    0.027030221269087    0.0267166272904586
234.499999999859    0.00641323031590878    0.0270361761973029    0.0266916075457951
234.999999999859    0.00693494572554381    0.0270445518071716    0.0266720302262084
235.499999999858    0.00753072870377525    0.0270721104265334    0.0266674126575172
235.999999999858    0.00772107531756578    0.0271661533410113    0.0267498637125178
236.499999999857    0.00709700021778959    0.0272395603618146    0.0268556466657585
236.999999999857    0.00643481253961329    0.027235273497383    0.0268870067696482
237.499999999856    0.00601557842836155    0.0272199680656589    0.026894438608208
237.999999999856    0.00566551892424906    0.027201289805976    0.0268948073438457
238.499999999856    0.00557452408146863    0.027130948742767    0.0268301413466015
238.999999999855    0.00575903820171994    0.0270523856900648    0.0267425784365992
239.499999999855    0.00634542588762084    0.027039908528957    0.026698912820794
239.999999999854    0.0068703368908423    0.0270597305864964    0.0266904487465353
240.499999999854    0.00730998539957232    0.0270701916666248    0.0266772982997072
240.999999999853    0.00780798175041444    0.0271236312927933    0.0267033511958422
241.499999999853    0.00752199265983792    0.0272173689397393    0.0268109681844677
241.999999999852    0.00678238632776537    0.0272468798357411    0.0268797719725489
242.499999999852    0.0062976948324603    0.0272247089492287    0.0268839491328339
242.999999999851    0.00595486941257148    0.0272117644661946    0.0268895979181536
243.499999999851    0.0057143812728811    0.0271780860041056    0.0268692389823537
243.999999999851    0.00574664396247779    0.0270960877177727    0.0267864439922384
244.49999999985    0.00618194715741461    0.0270491671549871    0.0267167888560589
244.99999999985    0.00679292278373069    0.0270668725286899    0.0267016272614186
245.499999999849    0.00716134310279885    0.0270866080963285    0.0267014136180114
245.999999999849    0.0075521402698915    0.0271054018370912    0.0266990629717087
246.499999999848    0.00765784155847688    0.0271812914306834    0.0267681551168548
246.999999999848    0.00704316684157935    0.0272474464715641    0.026866314226542
247.499999999847    0.00641553845451405    0.0272352770397536    0.0268880467745369
247.999999999847    0.00613135255048755    0.0272067892414193    0.026875193538367
248.499999999846    0.00589108350200973    0.0271904283982994    0.0268719424572726
248.999999999846    0.00582977581496216    0.0271345784328904    0.0268200351316263
249.499999999846    0.00608849417559743    0.0270657444061071    0.0267381596496393
249.999999999845    0.00678364185334709    0.0270629356494667    0.0266982390943892
250.499999999845    0.00728996351935154    0.0270991963388716    0.0267069514841251
250.999999999844    0.00744789487252927    0.027115063821208    0.0267141494993257
251.499999999844    0.00765613211080431    0.0271534273617865    0.0267408059912253
251.999999999843    0.0073499133457081    0.0272310320425074    0.0268336612318784
252.499999999843    0.00661067560469858    0.027252275373294    0.0268943297318482
252.999999999842    0.0062324709862944    0.0272154296133682    0.0268782920624827
253.499999999842    0.00606516466675092    0.0271891303925285    0.0268613055979366
253.999999999841    0.00594640473781969    0.0271622260321694    0.0268411003960386
254.499999999841    0.00604838734963992    0.0270970493573556    0.0267712331190783
254.999999999841    0.00667211791817208    0.0270628873342479    0.0267041473387989
255.49999999984    0.00739089196087111    0.0270961953667525    0.0266986038179218
255.99999999984    0.00754417480397171    0.0271333779708625    0.0267270455210238
256.499999999839    0.00760541614948964    0.0271521444666776    0.0267422551296209
256.999999999839    0.00748247028780419    0.0272086609352356    0.0268045089960745
257.499999999838    0.00683128926427968    0.0272567368720524    0.0268868662572656
257.999999999838    0.00627661919476434    0.0272330632623765    0.0268933324878671
258.499999999837    0.00612961891396626    0.0271852797442583    0.0268540393120728
258.999999999837    0.00607410734484079    0.0271585088120209    0.026830573331631
259.499999999837    0.00615194979784428    0.0271165594797822    0.0267849600376832
259.999999999836    0.00663188867210307    0.027072149715253    0.0267154364319834
260.499999999836    0.0075478591406904    0.0270852395088385    0.026679431346477
260.999999999835    0.00797436770730133    0.0271390103125362    0.0267096016799801
261.499999999835    0.00782224624136441    0.02717152492419    0.0267497395160924
261.999999999834    0.00761137333355861    0.02720392462497    0.0267929343723022
262.499999999834    0.00708084952468005    0.0272514046923826    0.0268681919720652
262.999999999833    0.00643155925498893    0.0272517997983382    0.026903496799299
263.499999999833    0.0061794427194942    0.0272001494196462    0.0268660504345862
263.999999999832    0.00617099324762087    0.027151998339647    0.0268189440187853
264.499999999832    0.00630695694779637    0.0271203156905182    0.0267803664090593
264.999999999832    0.00670109566360666    0.0270869283137498    0.0267263205849104
265.499999999831    0.00760794592120761    0.0270847369896981    0.0266757302621472
265.999999999831    0.00837955852087045    0.0271347738089969    0.0266837979375372
266.49999999983    0.00827013003839761    0.0271905355458264    0.0267444859048059
266.99999999983    0.00777344962369445    0.0272216443966833    0.0268016966763484
267.499999999829    0.00720068819055691    0.0272495922067312    0.0268599661488837
267.999999999829    0.00657042880505002    0.0272547416900385    0.026898928853202
268.499999999828    0.00626260385202534    0.0272120930934105    0.0268733772186953
268.999999999828    0.00626444617185645    0.027147979578467    0.0268099629519412
269.499999999827    0.00650027771396287    0.0271096060136793    0.0267594422398445
269.999999999827    0.00698867059470008    0.027095567101537    0.0267194715235453
270.499999999827    0.00774287979522172    0.0271006576585436    0.026684207909647
270.999999999826    0.0085504845103697    0.0271387370933981    0.0266785730169102
271.499999999826    0.00867796175229738    0.0272015770439184    0.0267335302457526
271.999999999825    0.00801540738378168    0.0272451462231974    0.0268118573178692
272.499999999825    0.00720745667767127    0.0272563567216629    0.0268662702326082
272.999999999824    0.00666779274108985    0.0272481984044058    0.0268872345574669
273.499999999824    0.00638642358310951    0.027216274227612    0.026870850935925
273.999999999823    0.00637553323843636    0.0271556368609006    0.0268115671578933
274.499999999823    0.00664654029072429    0.0271090259349254    0.0267510428178986
274.999999999822    0.00725617633216743    0.0271075785181905    0.0267170177566128
275.499999999822    0.00779335058728506    0.0271317791969173    0.0267121545442736
275.999999999822    0.00828083626501343    0.0271592319817511    0.0267131238241122
276.499999999821    0.00850199505633454    0.02720675406    0.0267480307463111
276.999999999821    0.00790180177008535    0.0272553869621562    0.0268280305181778
277.49999999982    0.00702741664908918    0.0272594695942426    0.0268790158999244
277.99999999982    0.00661930081096373    0.0272290555214844    0.0268709513024417
278.499999999819    0.0064904839939758    0.0271978451923433    0.0268470675512253
278.999999999819    0.00652693215419611    0.0271570419758309    0.0268048364563908
279.499999999818    0.00683263498530568    0.0271150557475045    0.0267470357368468
279.999999999818    0.0075270206734939    0.027116710751599    0.0267115443625368
280.499999999817    0.00799478820342178    0.0271607676414252    0.0267299229837409
280.999999999817    0.00806535078947019    0.0271920275291105    0.0267569104198329
281.499999999817    0.00803004479100631    0.0272167820430954    0.0267831600890624
281.999999999816    0.00767081349635233    0.027252509834413    0.0268375947302989
282.499999999816    0.00689113366766364    0.0272594508656894    0.0268863250860665
282.999999999815    0.00657361763969922    0.0272140207980742    0.0268585682727341
283.499999999815    0.00660856818799656    0.0271699965040956    0.0268132445744192
283.999999999814    0.00681681392029026    0.0271476538606717    0.0267800388145541
284.499999999814    0.00716240359190745    0.0271283528364642    0.026742507989386
284.999999999813    0.00783156988767479    0.0271295948278392    0.0267079622371034
285.499999999813    0.00832008654812174    0.0271801271049258    0.0267315770603142
285.999999999812    0.00807176937391368    0.0272280956285807    0.026792057411696
286.499999999812    0.00766521094236697    0.0272424920109673    0.0268280300535787
286.999999999812    0.00728148045921302    0.0272471259878885    0.026853195553746
287.499999999811    0.00679840315982685    0.0272447603467353    0.0268768200237299
287.999999999811    0.00661396158722474    0.0271965057720014    0.0268391162436481
288.49999999981    0.00680174205053932    0.0271433993772924    0.0267766491160878
288.99999999981    0.00734835496865095    0.0271370442660486    0.0267411283287597
289.499999999809    0.00773792653303486    0.027154032389213    0.0267370273283313
289.999999999809    0.00802992673701074    0.0271654242027235    0.0267326268018888
290.499999999808    0.00829232097297122    0.0272024762226221    0.0267550431530537
290.999999999808    0.00790834574211782    0.0272538657806558    0.0268261820645457
291.499999999807    0.00720649208990039    0.0272618981474088    0.0268717841938196
291.999999999807    0.0068721668482523    0.0272319476211736    0.0268602172390709
292.499999999807    0.00675736761368831    0.0272060211570082    0.0268408068716647
292.999999999806    0.00677792558998641    0.027173675858296    0.0268077934759106
293.499999999806    0.00713844380060711    0.0271362675145983    0.0267515920575079
293.999999999805    0.00797574715722871    0.0271413513454309    0.0267118319716817
294.499999999805    0.00836090642608162    0.0271844605771258    0.0267336562476831
294.999999999804    0.00813001980266916    0.0272157311473094    0.0267767710353686
295.499999999804    0.00789525614271048    0.027232492176831    0.0268058456580979
295.999999999803    0.00744754065276841    0.0272596712676439    0.0268566378554717
296.499999999803    0.00690800181675613    0.027254687608651    0.0268807201137538
296.999999999802    0.00676747567133464    0.027203288501467    0.0268375683176853
297.499999999802    0.0069123738473731    0.0271592021951034    0.0267863106429783
297.999999999802    0.0073192147818751    0.0271526372076974    0.0267580532849426
298.499999999801    0.00783027909331465    0.0271536393153215    0.0267317020533661
298.999999999801    0.00851024155439714    0.0271714437470398    0.0267128751770021
299.4999999998    0.00875590835959132    0.027218040600221    0.0267455404299653
