#t    rhoGW_over_rho    rhoGW
0    0    0
10.0000000000002    1.47392792711418e-15    1.83055160043597e-18
20.0000000000003    1.38703196547969e-15    2.93518364436458e-19
29.9999999999983    1.45534836918877e-15    9.013354014682e-20
40.000000000002    1.46642527179141e-15    3.53521015988645e-20
50.0000000000071    4.84460208685433e-15    5.43463232701578e-20
60.0000000000122    7.49459885359872e-15    4.41794893641097e-20
70.0000000000088    2.31178000184017e-14    7.81077726098835e-20
79.9999999999997    1.01772030533062e-13    2.10044635907684e-19
89.9999999999906    2.67970451733801e-10    3.53969729705937e-16
99.9999999999815    2.63201693689021e-09    2.31379552171754e-15
109.999999999972    9.20065197638694e-09    5.58075739917754e-15
119.999999999963    2.83078312445134e-08    1.22489547432122e-14
129.999999999954    7.57878464450346e-08    2.41011304189426e-14
139.999999999945    1.36619446991343e-07    3.27599844242406e-14
149.999999999936    2.46577344667005e-07    4.55291354005249e-14
159.999999999927    3.74122913349e-07    5.4127567897278e-14
169.999999999918    4.6299212492631e-07    5.32725734741434e-14
179.999999999909    4.77149927659994e-07    4.41990658081716e-14
189.9999999999    4.55052818626684e-07    3.42428070506208e-14
199.999999999891    1.05640593283524e-06    6.50769740708968e-14
209.999999999882    1.21765741706808e-06    6.1802761676139e-14
219.999999999872    1.25265216429472e-06    5.2715563611108e-14
229.999999999863    2.98831296332784e-06    1.05552166998797e-13
239.999999999854    2.58563574318378e-06    7.745475608191e-14
249.999999999845    1.64912945187309e-06    4.2118747224832e-14
259.999999999836    1.06252578920066e-06    2.32866377591863e-14
269.999999999827    2.95339481793403e-06    5.58317241833953e-14
279.999999999818    3.04454647334718e-06    4.98838195313783e-14
289.999999999809    1.77157311600391e-06    2.53087716804135e-14
