#t    <phi>    <pi>    <phi^2>    <pi^2>    rms(phi)    rms(pi)
0    1.08360660244447e-22    -1.49719690872098e-22    7.26406723687813e-11    2.82730458321812e-06    8.52294974576181e-06    0.00168145906379493
0.5    -7.26798760296465e-12    2.92497028425235e-09    6.82968026033805e-11    2.1751436509644e-06    8.26418795788961e-06    0.00147483682180635
1    -1.08483652443668e-12    -4.82886016146514e-09    5.99608822497366e-11    1.77607582230895e-06    7.74344124080085e-06    0.00133269494719746
1.49999999999999    -2.87963292737095e-11    -5.84550807889839e-09    5.3178281535721e-11    1.44645434579669e-06    7.29234403569194e-06    0.00120268630397229
1.99999999999998    -2.61701842971194e-11    -2.43485877419546e-09    6.37077672845222e-11    9.0407127094277e-07    7.98171455790279e-06    0.000950826625067284
2.49999999999997    1.56536552806776e-11    -3.91022926430924e-10    6.04795978726815e-11    7.25849820954889e-07    7.77686298403389e-06    0.000851968204192349
2.99999999999996    2.9939171801182e-11    -3.37959413998652e-10    8.055464039128e-11    4.28883148146474e-07    8.97522369584088e-06    0.000654891707190097
3.49999999999995    -1.28420767786356e-11    -1.28178501133413e-09    1.47445207203964e-10    1.88977033543335e-07    1.21427018082385e-05    0.000434714887646711
3.99999999999994    -4.46001857724303e-13    7.39741802223163e-11    4.95218997210504e-10    5.06232889610586e-08    2.22535165133627e-05    0.000224996197659101
4.49999999999993    -6.90389651627638e-12    1.04727970721599e-09    1.10621319824657e-10    1.91411652171357e-07    1.05176670333591e-05    0.000437506173865307
4.99999999999992    -1.34183333733736e-11    -3.59332377986247e-09    5.64572025241708e-11    3.17755989753926e-07    7.51380080411976e-06    0.000563698491873993
5.4999999999999    -2.38000676635508e-11    1.17999687986569e-09    3.90515166064417e-11    3.93536628283061e-07    6.24912126669625e-06    0.000627324978206406
5.99999999999989    1.98711218675574e-11    1.1987250051341e-09    3.01588399109954e-11    4.36954746328889e-07    5.49170646617248e-06    0.000661025526229852
6.49999999999988    1.49778960533319e-11    2.97670737457151e-09    2.8667892142224e-11    3.92533837239491e-07    5.35424057565586e-06    0.000626525208775058
6.99999999999987    -2.2998774063468e-11    9.51470971365424e-10    3.37563536022149e-11    2.84572500660152e-07    5.81002182454472e-06    0.000533453372525891
7.49999999999986    1.48071084031181e-11    -8.21865426380629e-10    4.56684663942021e-11    1.80824661987864e-07    6.75784480392845e-06    0.000425234831578022
7.99999999999985    -3.66317847714997e-11    -3.92749099668314e-10    8.6314612494097e-11    8.29041967980541e-08    9.29056577893699e-06    0.000287930888926318
8.49999999999993    6.74358680141912e-12    1.39316347789247e-10    2.54293357033005e-10    3.02145348360535e-08    1.59465782233355e-05    0.000173823286230683
9.00000000000001    3.84686670912668e-11    -1.66275285176914e-09    6.06934479161668e-11    1.03895652423092e-07    7.79059997141985e-06    0.00032232848527601
9.50000000000009    3.54463969195926e-11    2.07935356655632e-09    2.97955197824686e-11    1.8711017197255e-07    5.45852725386731e-06    0.000432562333043721
10.0000000000002    -4.19418903964911e-11    -7.014452534078e-10    2.04941890713709e-11    2.43561222522146e-07    4.5270508136768e-06    0.00049351922203867
10.5000000000002    -3.57900385346084e-11    -6.38762899154531e-10    1.62539332794903e-11    2.75794050164212e-07    4.03161670775005e-06    0.000525160975476857
11.0000000000003    -7.48574505910041e-12    -1.39907844783833e-09    1.38403166947712e-11    2.90670314164132e-07    3.72025761133757e-06    0.000539138492562138
11.5000000000004    6.93781642269137e-12    1.27572087482231e-09    1.30290458998653e-11    2.76472834973433e-07    3.60957696964854e-06    0.00052580684188379
12.0000000000005    -1.75517982729093e-11    -8.33901410466347e-10    1.25105895932178e-11    2.57118099163872e-07    3.53703118347997e-06    0.000507068140552309
12.5000000000006    7.87521565458572e-12    -2.58132285619302e-09    1.37938980200993e-11    2.08004518861414e-07    3.71401373449766e-06    0.000456075124134995
13.0000000000006    1.46157346042989e-11    2.0681926734341e-09    1.55558727407497e-11    1.64864691482043e-07    3.94409339906348e-06    0.000406035332794777
13.5000000000007    -1.2116507768807e-11    1.07020259321261e-09    2.18930728541482e-11    1.05274787375125e-07    4.67900340393138e-06    0.000324460763997713
14.0000000000008    3.10380003033612e-11    2.8938186442607e-10    4.0744016593752e-11    5.0978210420131e-08    6.38310399357465e-06    0.000225783547717825
14.5000000000009    1.97145089915725e-10    2.55029779388999e-10    1.72351027207925e-10    1.44131202900105e-08    1.31282530128368e-05    0.00012005465542804
15.0000000000009    -6.98482445249366e-11    3.30379773148722e-09    3.62526643895565e-11    6.850785526712e-08    6.02101855043461e-06    0.00026174005283144
15.500000000001    -1.22022088246658e-11    -5.84417054789452e-09    1.72928143386931e-11    1.28432962178919e-07    4.1584629778975e-06    0.000358375448579788
16.0000000000011    -1.76267425741944e-11    8.24333318781213e-09    1.31870306340966e-11    1.57792270772471e-07    3.63139513600296e-06    0.000397230752465766
16.500000000001    -4.85675255668718e-11    -7.88693195201218e-09    9.9316460103828e-12    1.89769843410562e-07    3.15145141292453e-06    0.000435625806568388
17.0000000000009    6.86526633860998e-11    -3.46080392931908e-11    1.17355856721585e-11    1.48536397365894e-07    3.42572410848353e-06    0.00038540419998476
17.5000000000008    6.0257183516783e-11    2.74277717539072e-09    1.2562846437865e-11    1.27624473521029e-07    3.54441059052617e-06    0.000357245676689734
18.0000000000007    5.41475228962161e-11    3.84203431935967e-09    1.52716514552246e-11    9.69183068041201e-08    3.90789603908454e-06    0.000311317051876955
18.5000000000006    -1.12951865064912e-11    -5.65466302657119e-09    2.17293880359316e-11    6.18609723895443e-08    4.6614791682259e-06    0.00024871866105616
19.0000000000005    -1.4557134640577e-11    3.3892451122124e-09    7.17108952632441e-11    1.74566350309459e-08    8.46822857881341e-06    0.000132123559668437
19.5000000000004    -4.78916695381717e-10    2.47311538683991e-09    8.59734527450219e-11    2.59061898071199e-08    9.27218704058868e-06    0.000160953999021471
20.0000000000003    3.17768435277384e-10    1.03507958536566e-08    2.11786335447439e-11    1.02525429821503e-07    4.60202492863382e-06    0.000320195923950265
20.5000000000002    2.51366911332073e-10    -1.96951554041821e-08    2.11061780228162e-11    8.79033212922838e-08    4.59414605336301e-06    0.000296484942120818
21.0000000000001    2.58607714807317e-10    5.6716936794025e-09    1.28521644008146e-11    1.50232351167284e-07    3.58499153889332e-06    0.000387598182574578
21.5    2.14724486692926e-10    -2.46333094469875e-09    1.30755746894339e-11    1.25008071491641e-07    3.61601640529012e-06    0.000353564805213376
21.9999999999999    -8.69872112837409e-11    -2.24489596306476e-08    7.28597165024376e-12    2.23192822212899e-07    2.69925390481833e-06    0.000472432875347327
22.4999999999998    -4.15313160715626e-11    2.25983454370587e-08    6.23269422682408e-12    2.27264021834938e-07    2.49653644577828e-06    0.000476722163659561
22.9999999999997    1.49886530507817e-10    1.33369070032722e-08    1.07906932103377e-11    1.36033871728222e-07    3.28491905347328e-06    0.000368827699000969
23.4999999999996    2.12767379280459e-10    1.11756731864715e-08    1.27777275901856e-11    1.07617116753078e-07    3.57459473855648e-06    0.000328050478780602
23.9999999999995    1.4705104598311e-11    -2.00279947491487e-08    1.50932271139751e-11    8.12411289498794e-08    3.88500027204103e-06    0.000285028294295073
24.4999999999994    -2.93722207874028e-10    1.08926957917394e-08    4.79050191007868e-11    2.41427354651814e-08    6.92134517377323e-06    0.000155379327281754
24.9999999999993    -1.58322651479873e-09    5.27974076166579e-09    2.2596445961223e-10    1.41129765109914e-08    1.50321141928081e-05    0.000118798049155345
25.4999999999992    7.62419210141013e-10    1.31898803581999e-08    5.2351878017075e-11    5.21716148316755e-08    7.23545972525533e-06    0.000228411065094716
25.9999999999991    5.26048656099432e-11    -5.13987900600467e-08    9.56544657471707e-12    2.23937567239535e-07    3.09280561496351e-06    0.000473220418618744
26.499999999999    1.04604512321225e-10    -5.83693295208471e-08    6.69657060784169e-12    2.9364957243097e-07    2.58777328931643e-06    0.000541894426086845
26.9999999999989    -2.26123743940069e-10    -5.53457824385047e-08    1.08821886976187e-11    2.44414351232754e-07    3.29881624927591e-06    0.000494382795179605
27.4999999999988    -1.11459552802403e-10    -6.0459189657706e-08    6.49790055721259e-12    3.0172022787357e-07    2.54909798650216e-06    0.000549290655498759
27.9999999999987    -4.70156414766572e-10    -2.37211876049625e-08    1.959817512404e-11    1.06806540940728e-07    4.42698259574091e-06    0.000326812699230053
28.4999999999986    -5.59089840576312e-10    -1.25183749784943e-08    2.86061698205318e-11    5.55559489724359e-08    5.34847356803325e-06    0.00023570309462484
28.9999999999985    1.62652403388372e-10    3.67332334799498e-08    2.47688154438328e-11    8.5866899748935e-08    4.97682784686963e-06    0.000293030541752229
29.4999999999984    -3.08270111788073e-10    -1.92941896916415e-08    7.69426708671457e-11    2.89209554713391e-08    8.77169714320525e-06    0.000170061621476079
29.9999999999983    2.06981931417297e-09    5.48381825538988e-09    1.43647383481141e-10    1.99212250298145e-08    1.19852984609057e-05    0.000141142569764555
30.4999999999982    -1.60394019152687e-10    -7.60063688385359e-08    2.36139145715873e-11    1.54401850914361e-07    4.85941504153135e-06    0.000392940001956269
30.9999999999981    -9.42321869657994e-10    -2.89278935325258e-08    3.54871513143129e-11    6.29860226979618e-08    5.95710923404485e-06    0.000250970161296396
31.499999999998    -2.46379246224602e-10    -9.88436816689991e-08    1.54722492789803e-11    2.3662844705914e-07    3.93347800531255e-06    0.000486444690883832
31.9999999999979    -2.03870398024188e-10    -1.15731452064252e-07    1.52372196495103e-11    2.26812169288507e-07    3.90348813344516e-06    0.000476247998310479
32.4999999999982    -8.69245811420246e-10    -3.51843370937116e-08    1.83601079198915e-11    1.50585155184625e-07    4.28486956211076e-06    0.000388053029812534
32.9999999999984    -8.81819184105175e-10    -1.74247740451518e-08    1.70074321509785e-11    1.72142785764429e-07    4.12400671354611e-06    0.00041490093451426
33.4999999999987    8.8061770666992e-10    -3.67369976242081e-08    1.02671401297581e-11    2.59047314022223e-07    3.20423771812744e-06    0.000508966907247039
33.9999999999989    -3.15450765904473e-10    -9.03977893952751e-08    2.54658122034222e-11    1.04409883719742e-07    5.04636622768433e-06    0.000323125170093543
34.4999999999992    5.81235115231794e-11    7.45579711211535e-08    3.51626451288632e-11    7.79643619943265e-08    5.92980987262534e-06    0.000279220981366794
34.9999999999995    -1.42010691959195e-09    -3.94286160841246e-08    1.68907264891501e-10    1.28045881451874e-08    1.29964326980444e-05    0.000113157353232442
35.4999999999997    2.86041610811536e-09    1.34885825195366e-08    1.03762085473097e-10    3.3398688760694e-08    1.01863672273837e-05    0.000182753080900849
36    5.97129192308986e-10    -1.03493516125313e-07    2.96737625213339e-11    1.28621534090024e-07    5.44736286332852e-06    0.000358638429869298
36.5000000000002    -6.26042986507462e-10    -1.27263293945469e-07    7.23921790367646e-12    2.8695258192223e-07    2.69057940075119e-06    0.000535679536407995
37.0000000000005    1.29607150896908e-09    -3.86480931339667e-08    2.58321819571389e-11    8.56256828653568e-08    5.08253679547306e-06    0.000292618662035902
37.5000000000007    -9.3566711042589e-10    1.0443580908664e-07    2.12096880008975e-11    1.19307849318144e-07    4.60539760774513e-06    0.000345409667512804
38.000000000001    -5.25477810051177e-10    1.43730208368196e-07    1.52848985955159e-11    2.07122428111013e-07    3.90959055648912e-06    0.00045510702856871
38.5000000000012    -8.69667359499074e-10    1.21065173749669e-07    2.29434285690717e-11    1.10502815197892e-07    4.78992983380241e-06    0.000332419615156982
39.0000000000015    -1.00089497755541e-09    -1.0627449928259e-07    8.89292034697009e-12    2.12024977676764e-07    2.98209982146462e-06    0.000460461688289585
39.5000000000018    -5.76328034870949e-10    -9.15960918086609e-08    1.5730889218443e-11    1.15323661856896e-07    3.96621846174527e-06    0.000339593364874893
40.000000000002    -3.08139976276936e-09    -4.02672535418276e-08    8.88883347406812e-11    2.76316282648093e-08    9.42806052407687e-06    0.000166227635017038
40.5000000000023    -1.19846539782024e-09    -1.661400147321e-07    4.92392744976889e-11    2.60949804435386e-07    7.01707011945652e-06    0.000510832435180932
41.0000000000025    3.78118222723201e-09    -6.11959492277162e-08    1.42880832351438e-10    8.85391481886249e-08    1.1953276456859e-05    0.000297555279643432
41.5000000000028    -1.63382089401787e-09    2.67037483477658e-07    4.16791807885803e-11    6.05471529077295e-07    6.45594130388509e-06    0.000778120464817805
42.000000000003    2.54393750562683e-09    1.86195151328039e-07    3.96231986151937e-11    6.35941443564603e-07    6.29469555606748e-06    0.000797459346234006
42.5000000000033    1.65427235087928e-09    -3.15111298283393e-07    4.62313993348245e-11    4.87585318312429e-07    6.7993673674988e-06    0.00069827302612753
43.0000000000035    -5.19668680512506e-10    -3.86530794938534e-07    6.20851023025762e-12    1.21510056420099e-06    2.49168817475263e-06    0.00110231593238732
43.5000000000038    2.77098896868923e-09    1.79537907482938e-07    2.90943876286763e-11    7.34640860953214e-07    5.39392064738594e-06    0.00085711191143243
44.0000000000041    2.21266318453631e-09    3.13881069671754e-07    6.44896403418304e-12    8.99447239056938e-07    2.53948009212608e-06    0.000948391870766305
44.5000000000043    -6.47907979353721e-10    -3.42405272939315e-07    2.99475365035814e-11    5.05690153001832e-07    5.47243420095634e-06    0.00071111886190739
45.0000000000046    4.01687593931879e-09    1.99701447347449e-07    1.72674561832369e-11    3.24272567720561e-07    4.15541093611024e-06    0.000569449319816868
45.5000000000048    -1.48227000053985e-08    -1.34189376814035e-08    1.3316934745856e-09    2.37189800504601e-08    3.64923725574697e-05    0.000154009674599982
46.0000000000051    -4.70904810688528e-09    2.31407123710709e-07    2.62673531970028e-10    5.77176342912546e-07    1.62072054899941e-05    0.000759721191861389
46.5000000000053    3.44436013803441e-09    3.5852656954271e-07    2.46077588785191e-11    1.57837892322224e-06    4.9606196200578e-06    0.00125633546263764
47.0000000000056    5.46878315915154e-09    5.34406132810303e-07    7.7560386715276e-12    2.34532785377544e-06    2.78496117817437e-06    0.00153144623418047
47.5000000000058    -4.23379608043232e-09    -9.77299602912948e-07    4.84320731298601e-11    2.19137752212356e-06    6.95931427691198e-06    0.00148032988452204
48.0000000000061    -2.24372328916534e-09    -1.18752682179528e-06    8.47999709324025e-11    1.61531169916842e-06    9.20868969496249e-06    0.00127094857840452
48.5000000000064    -3.47453948210728e-09    -1.2253941423666e-06    7.81238109632021e-11    1.64473911760672e-06    8.8387668195726e-06    0.00128247324183233
49.0000000000066    9.87894197660248e-09    1.03229498816976e-06    3.05486204698034e-11    1.97155998260963e-06    5.52707181754578e-06    0.00140412211611978
49.5000000000069    1.99397098644445e-08    -1.12014454776169e-07    8.03454781875457e-11    1.17611668918151e-06    8.963541743949e-06    0.00108448913163493
50.0000000000071    -1.51305299226393e-08    -9.44626533069255e-07    2.07101695872457e-10    4.97801545681451e-07    1.43910203578315e-05    0.00070554989431093
50.5000000000074    3.8768312472595e-08    4.85614652231769e-07    1.73026716134658e-09    1.77903141053653e-08    4.15964620895158e-05    0.000133379452254741
51.0000000000076    -2.47136936628696e-08    -1.65864329349304e-06    2.64128061737856e-10    1.00519982700358e-07    1.62519983685454e-05    0.000317044526214825
51.5000000000079    -1.10033842963577e-08    2.59215171867986e-06    5.82392046000978e-11    5.80439592149167e-07    7.63145356571288e-06    0.000761861452561182
52.0000000000081    2.69907220924283e-08    1.94121016967953e-06    9.23734860724809e-11    2.74781389888002e-07    9.61107473560589e-06    0.000524192351709827
52.5000000000084    -2.18971475707864e-08    2.69015118615706e-06    1.80843964989004e-11    1.21062115302449e-06    4.25251890223061e-06    0.00110027901739108
53.0000000000087    2.19588352545893e-08    -2.63423806879978e-06    1.6106219166586e-11    1.303841032125e-06    4.01319535733563e-06    0.00114185554818234
53.5000000000089    1.84946850724396e-08    -3.11907850772273e-06    2.07680558839193e-11    1.18050826152916e-06    4.55716072028882e-06    0.00108650749324541
54.0000000000092    -9.83822099488724e-09    -3.77301002459637e-06    7.36683417126288e-11    2.96263689604426e-07    8.58302073410267e-06    0.000544288024854287
54.5000000000094    -3.68335086203266e-08    -1.06296700262997e-06    5.89750782773595e-11    5.24778678417776e-07    7.67943497726247e-06    0.000724415314939523
55.0000000000097    4.64272699818557e-08    4.69412511465838e-07    7.18099131886779e-11    4.02445068176519e-07    8.47394581628181e-06    0.000634385409533048
55.5000000000099    -4.55822740641265e-08    1.35382530201808e-06    1.03170856970187e-10    2.25634062625079e-07    1.01572033171773e-05    0.000475007610236016
56.0000000000102    -2.23593696295935e-07    1.07280762000415e-07    8.18898969425795e-10    2.15058186469814e-08    2.86155373055404e-05    0.0001466485838248
56.5000000000105    -7.24975673594273e-08    3.58275528581781e-06    1.29006857149143e-10    2.51196569200933e-07    1.13578871825648e-05    0.00050118233514909
57.0000000000107    -3.3017387330653e-08    5.73302379797e-06    4.25997774122845e-11    6.1242121558758e-07    6.52676698407553e-06    0.00078255245704407
57.500000000011    -6.79706813372094e-08    -1.63607271687295e-07    8.32845327834166e-11    2.06129068693173e-07    9.12578285791938e-06    0.000454014363127241
58.0000000000112    -5.85574401760719e-08    3.02471819902491e-06    6.14939527295723e-11    3.75836861243604e-07    7.84158936413865e-06    0.000613047887463468
58.5000000000115    5.21161354822401e-09    8.10025583948212e-06    1.55797158304402e-11    1.11180295043539e-06    3.94711143363402e-06    0.00105438955623182
59.0000000000117    -6.08946005591316e-08    2.78963104096935e-06    6.04234040242598e-11    3.84111049269219e-07    7.77301073406454e-06    0.000619760653178204
59.500000000012    -6.53619452297418e-08    2.9634609867779e-06    6.97986416996589e-11    3.4424599389312e-07    8.35430245536841e-06    0.000586717318469551
60.0000000000122    8.84878907471443e-08    -1.89373298330322e-07    1.30805880279079e-10    1.21296918312861e-07    1.14366975203627e-05    0.000348277019699283
60.5000000000125    -1.16266766146139e-07    1.61834113385379e-06    2.10669774834192e-10    1.07383315817762e-07    1.45140020970538e-05    0.000327689940019123
61.0000000000128    -4.88945528132833e-07    9.3550443923731e-08    3.12414018337093e-09    1.55283576808832e-08    5.58918698527921e-05    0.000124612796009068
61.500000000013    -7.18187163790643e-08    1.06460826615625e-05    2.5487892954751e-11    1.5516071765655e-06    5.04804269264125e-06    0.00124558975489102
62.0000000000133    7.27252059571936e-08    1.34293817744655e-05    1.64017716877732e-10    1.6861449283431e-06    1.28067336945121e-05    0.00129844698776972
62.5000000000135    -4.47238317411221e-08    1.65178315605666e-05    9.42739733176574e-12    3.58672428626304e-06    3.07008096157742e-06    0.00189379287344302
63.0000000000138    1.39933222362077e-07    4.99912652132476e-06    2.47199488793449e-10    1.89295640992638e-07    1.57219562232799e-05    0.00043505246778597
63.500000000014    -7.18249029712231e-08    1.68032834734753e-05    9.29502884628129e-12    4.34335339518935e-06    3.04792880979764e-06    0.00208400360960672
64.0000000000143    -1.47583011841635e-07    -4.06788663590953e-07    1.80352932015218e-10    1.14819404179919e-06    1.34287434732306e-05    0.00107153808906738
64.5000000000138    1.40624154107903e-07    -8.48011320420621e-06    6.99316573570696e-11    2.72303777332728e-06    8.36133256152098e-06    0.00165014116396365
65.0000000000134    -1.55289121489713e-07    -7.97969196622813e-06    3.53277938486572e-10    1.20245306177047e-07    1.87950478524349e-05    0.000346672223711637
65.5000000000129    2.30623419870053e-07    -3.23566820173671e-07    3.68933837716924e-10    6.03938829959732e-07    1.92062659190987e-05    0.000777134946623973
66.0000000000125    -1.0130986353578e-07    6.29217638968746e-06    4.3204846971412e-10    4.32413389060343e-07    2.07855287646398e-05    0.000657551364972064
66.500000000012    -4.69956724623868e-07    -1.11195629165778e-05    5.41076423405019e-10    9.97444785512908e-08    2.32563015993945e-05    0.000315627682359826
67.0000000000116    -4.39395454321848e-07    -5.04134255396371e-06    1.97621199179544e-10    2.93846953264667e-07    1.40509120990157e-05    0.000542053076856797
67.5000000000111    -3.34746224837984e-07    -1.16988314571211e-05    1.28042747108097e-10    4.16025080560882e-07    1.13106450776715e-05    0.000644893958650118
68.0000000000106    2.90163772221813e-07    -1.49884298377923e-05    5.00686757155318e-11    1.16626578499628e-06    7.06997034653059e-06    0.00107983384461095
68.5000000000102    -1.54060688881433e-07    3.34792589870786e-05    3.58847689287859e-11    1.4261681491786e-06    5.98840832216102e-06    0.00119375344539661
69.0000000000097    2.92516564163958e-07    1.17500829262747e-05    7.33482040208574e-11    7.74130157876189e-07    8.55935967701715e-06    0.000879768204373978
69.5000000000093    -2.35855167540164e-07    -2.61783367803801e-05    9.61345639765477e-11    4.96482745517869e-07    9.80198634545531e-06    0.000704128851987534
70.0000000000088    -7.37364319826026e-08    3.16314928917153e-05    7.99099835479238e-11    7.04909874993522e-07    8.93893430373679e-06    0.000838993041479465
70.5000000000084    -3.0878058248632e-07    -1.91964286568435e-05    1.9876270509008e-10    2.3263011520989e-07    1.40949409236775e-05    0.000481935278161615
71.0000000000079    5.82151098323958e-07    -8.98067718557262e-06    2.74337871453838e-10    1.73425646237641e-07    1.65529142918266e-05    0.000416347203275018
71.5000000000075    6.95525667069745e-07    3.20471347215181e-05    3.7089648072162e-10    3.52794835310263e-07    1.92461093410608e-05    0.000593100174056967
72.000000000007    6.56311560554541e-07    4.70575524929587e-05    2.51680960304092e-10    6.64545222916076e-07    1.5850874279975e-05    0.000813837090374633
72.5000000000066    3.95676228772354e-08    7.62555737285427e-05    4.8585350708646e-11    1.90978949154333e-06    6.9702069633452e-06    0.00137984585335416
73.0000000000061    -4.5189724067078e-07    -7.2008639697682e-05    1.55010195737095e-10    8.76490850757019e-07    1.24421053130477e-05    0.000933437521511702
73.5000000000056    6.38635183014835e-07    -5.23941014980857e-05    4.37759475552161e-11    2.58037914434719e-06    6.58544551706501e-06    0.00160550116863097
74.0000000000052    6.90294201779048e-07    5.16538474190107e-05    1.41505570886223e-10    7.68666117985026e-07    1.18755658728843e-05    0.000875213115779145
74.5000000000047    -8.06806475396891e-07    -3.9847791711093e-05    1.20288783383285e-10    1.18752154862576e-06    1.09379086984004e-05    0.00108900583199609
75.0000000000043    -5.69716828986201e-07    -8.50895279639587e-05    1.88317012034382e-10    4.7856272713845e-07    1.37110333224433e-05    0.000686529314282588
75.5000000000038    3.7429992711502e-07    8.48262829214692e-05    2.56813095206416e-10    3.64814771351049e-07    1.60210172826502e-05    0.000598012769994735
76.0000000000034    -1.51188338281501e-06    -2.53101316061731e-05    3.00806535527098e-10    4.55470841738371e-07    1.72777528678896e-05    0.000674411031179391
76.5000000000029    9.52966341245609e-07    -2.0413773881596e-05    2.29548819064018e-09    1.30329578646275e-07    4.79017749753872e-05    0.000360434260971659
77.0000000000025    -1.80815023893676e-06    -3.16843049326862e-06    2.20495671752632e-09    6.10392674946349e-07    4.69221409383646e-05    0.000781269886783408
77.500000000002    -1.30316008583298e-06    1.2896175018179e-05    6.60655312545512e-10    2.94852146772426e-06    2.56701594528784e-05    0.00171707750448084
78.0000000000015    -7.56771571536975e-07    -9.86175779427605e-05    8.03490093443087e-10    7.15413664494688e-07    2.8335796975409e-05    0.000840052520867232
78.5000000000011    -7.95344834754368e-07    0.00014918888016119    3.40040137171639e-10    5.35260395743363e-06    1.84230172275192e-05    0.00230875434714694
79.0000000000006    -1.53989297064893e-06    0.000130461651761893    3.00944737345004e-10    5.9029130123046e-06    1.72792785435026e-05    0.00242608589496006
79.5000000000002    -9.83558630557944e-08    0.000279937478379332    4.29092082977876e-10    3.73510450544249e-06    2.07143044561501e-05    0.00191226031534441
79.9999999999997    -1.96933317760853e-06    0.000192353673904289    5.28370285931793e-10    2.83170964342208e-06    2.29017906017709e-05    0.00167173852846598
80.4999999999993    1.26661713321589e-06    -0.000230899892574053    6.98046456711273e-10    2.16146655850412e-06    2.63901901802377e-05    0.00145194758793608
80.9999999999988    4.39947558611147e-06    2.31858483676596e-05    8.25703062138515e-10    1.95198007847414e-06    2.83962616677922e-05    0.00139694040492414
81.4999999999984    8.54386871761802e-06    6.96171002958338e-05    3.66752594635767e-09    4.63689749123929e-07    5.99543847745415e-05    0.000677379663460845
81.9999999999979    9.84859908516549e-06    0.000167412274309912    5.21067001772999e-09    1.74373387098187e-06    7.15099651362638e-05    0.00130984999194268
82.4999999999975    9.40748997879999e-07    0.000484229496340743    4.27724599675067e-10    1.25476229064362e-05    2.06600965873361e-05    0.00350900907683491
82.999999999997    -4.1451937068911e-06    -0.000174018394134549    1.8560713049828e-09    3.70218962970255e-06    4.28822652633365e-05    0.00191622212392128
83.4999999999965    -8.53489079687194e-07    0.000353215886959438    3.88210682702357e-10    2.04474692002247e-05    1.96845685523766e-05    0.00450807139888269
83.9999999999961    9.75470909508424e-07    0.000358997521263593    6.74496908127054e-10    1.64729314144211e-05    2.59527525444173e-05    0.00404277778194
84.4999999999956    -2.62215960381079e-06    0.000110508757724964    8.51514614274754e-10    1.30278268346787e-05    2.90626718194817e-05    0.00360771598787166
84.9999999999952    -2.70464686480993e-06    9.36879572058479e-05    9.19621411071646e-10    1.18237328301561e-05    3.02044085591544e-05    0.00343728896033352
85.4999999999947    -2.10570034263631e-06    0.00022141509008487    8.90433894730592e-10    1.15686574783623e-05    2.97657508018463e-05    0.00339405846093508
85.9999999999943    2.59297686262544e-06    -0.000179383336790332    1.45311597527665e-09    7.09154218659251e-06    3.80314665279494e-05    0.00265694633086076
86.4999999999938    1.14418756966196e-06    0.000147022404777349    3.28166810572365e-09    3.11143555021377e-06    5.72744178541265e-05    0.00175778837256003
86.9999999999934    -2.63073617565706e-06    3.84149274449656e-05    2.81744537404734e-08    5.96922963243609e-07    0.00016783185921525    0.000771652289955137
87.4999999999929    5.60989998976007e-07    8.95070199966611e-05    5.01039949337717e-09    6.18129564447883e-06    7.07819523861713e-05    0.00248460945378748
87.9999999999925    1.95302432759165e-07    3.56469421267681e-05    2.7909427309442e-09    1.04730208102339e-05    5.28290127477692e-05    0.00323600835996307
88.499999999992    5.57303189981534e-07    4.70992418622343e-05    1.26380082421876e-09    2.26528539174005e-05    3.55456078492575e-05    0.00475926838692845
88.9999999999915    1.19793348336008e-06    9.27887502837521e-05    1.14246738437335e-09    2.51323409344086e-05    3.37791702050657e-05    0.00501235784658572
89.4999999999911    1.40427055391548e-06    3.84521565585593e-05    1.18177472434295e-09    2.42255156398772e-05    3.43482568488468e-05    0.00492179205894898
89.9999999999906    -2.60474543929452e-07    0.000137729119222346    1.44525514849337e-09    1.95872912074479e-05    3.80156191782448e-05    0.00442360960044692
90.4999999999902    3.18816761441596e-07    0.000119851514569924    1.60828273500815e-09    1.71652842510597e-05    4.01021332460104e-05    0.00414136690785965
90.9999999999897    -1.61728223376725e-06    -2.6091646967765e-05    2.623254702146e-09    1.03461819206238e-05    5.11921781166062e-05    0.00321644231202462
91.4999999999893    -2.16603352948889e-06    -5.90045130680808e-05    5.24510598603081e-09    5.09575549116832e-06    7.23907057900387e-05    0.00225660673547827
91.9999999999888    -9.15024027974465e-06    -1.93152922292605e-05    3.85708195171058e-08    1.26291424016956e-06    0.000196181274896277    0.00112362856836931
92.4999999999884    6.36329478026136e-07    -0.00019006983285566    4.262136238952e-09    1.47837447473878e-05    6.52819371935867e-05    0.00384026277825178
92.9999999999879    1.95728380820069e-06    9.67681732442589e-05    3.88540345406906e-09    1.83030862769924e-05    6.23022671671202e-05    0.00427711610757054
93.4999999999875    -6.27641409349889e-07    -6.36474939299376e-05    2.60428860810691e-09    2.70414960782667e-05    5.10283712690125e-05    0.00519975432831044
93.999999999987    2.48647143539499e-07    -0.000155472968659823    2.17799213129223e-09    3.1704828537688e-05    4.66683008678293e-05    0.00562855724797253
94.4999999999865    -1.29313150090505e-06    -6.98497683950789e-05    1.95336187923599e-09    3.46581720976657e-05    4.41779321625329e-05    0.00588670477495864
94.9999999999861    -9.97415728069568e-08    0.000167417589287194    2.0444581947671e-09    3.24762707299776e-05    4.52155752632404e-05    0.00569633584690851
95.4999999999856    1.2041682324772e-06    7.09534455940728e-05    2.32305270207687e-09    2.80179421935646e-05    4.81830123689331e-05    0.00529272215425322
95.9999999999852    1.83950266941557e-06    1.17418550538311e-05    3.11079722579304e-09    2.05133817732879e-05    5.57441786711604e-05    0.00452915487725114
96.4999999999847    -1.26216370305326e-06    -5.33090580568564e-05    5.04173698704823e-09    1.24212019553572e-05    7.09939710808948e-05    0.00352396936701872
96.9999999999843    1.20558975503725e-06    5.69055216482798e-06    1.50637953240652e-08    4.17366402664886e-06    0.000122728732892537    0.00204294680407125
97.4999999999838    -1.27814301618442e-07    1.09492553118262e-05    1.64621395571042e-08    5.44953384384971e-06    0.000128304805913919    0.00233439798613215
97.9999999999834    -9.88821694378832e-07    9.80348980948688e-06    5.81664817960547e-09    1.58633413649735e-05    7.62605429515303e-05    0.00398286897305963
98.4999999999829    -1.08840645442397e-07    -8.96399414426524e-05    3.49728760061206e-09    2.5956291278728e-05    5.91377692707965e-05    0.00509394306599771
98.9999999999824    -7.25985961424539e-07    1.26899382417609e-05    2.67673563165197e-09    3.32821165340367e-05    5.17320845900857e-05    0.00576905152512128
99.499999999982    1.64000970208446e-07    3.17240941270039e-05    2.3673401510162e-09    3.69366817646571e-05    4.86550434662016e-05    0.00607747277628694
99.9999999999815    5.73122121801112e-08    -7.79666636770645e-06    2.37989568579606e-09    3.60313684902041e-05    4.8784140876994e-05    0.00600260840820036
100.499999999981    -3.51429293957278e-07    -4.13966094212385e-05    2.65186039438987e-09    3.17447600433847e-05    5.14950181264287e-05    0.00563409676559723
100.999999999981    -3.2318512884638e-07    3.0144694623142e-05    3.3688196271286e-09    2.45405577142296e-05    5.8040633856817e-05    0.00495375100420032
101.49999999998    -3.73181900111013e-07    -2.57983323286305e-05    5.39746890599914e-09    1.50435396602202e-05    7.34665205469033e-05    0.00387851442001565
101.99999999998    -3.3973962178208e-08    -2.35233738613626e-05    1.42725745064979e-08    5.66959429888134e-06    0.000119467875817174    0.00238097478982108
102.499999999979    6.33717235172358e-07    5.88577748049344e-06    1.36557859251699e-08    7.73994928603233e-06    0.000116856254978652    0.00278207020825424
102.999999999979    -2.19390115929466e-07    1.58096129065611e-05    6.702947811841e-09    1.68507825399657e-05    8.18712384162963e-05    0.00410494002344802
103.499999999978    3.76994647545203e-07    1.05069028827686e-07    4.04010448992855e-09    2.7434766258971e-05    6.35606982731017e-05    0.00523782075370392
103.999999999978    1.28675833111332e-06    9.23157119404686e-05    3.02109317561571e-09    3.60101607364266e-05    5.49494079004771e-05    0.00600013654392594
104.499999999977    1.21863406527303e-06    7.21203227559502e-05    2.60127695256657e-09    4.10692197722689e-05    5.09881543457059e-05    0.00640812128718819
104.999999999977    6.94996885215239e-07    -5.9008632419386e-06    2.49519541661285e-09    4.20530892998084e-05    4.99470959710612e-05    0.00648483264854394
105.499999999977    -3.14630108987999e-07    1.62609473257447e-05    2.70210059965888e-09    3.81444632753227e-05    5.19807811364297e-05    0.00617609899992825
105.999999999976    5.97031375229617e-07    2.94943985289411e-05    3.21532701436348e-09    3.1478611614061e-05    5.67007104708616e-05    0.00561050280229111
106.499999999976    7.27802618800095e-08    -5.15430665124922e-06    4.49696163764613e-09    2.21256944298867e-05    6.70593493905184e-05    0.00470379292305791
106.999999999975    1.47953265018224e-07    2.25148810430168e-05    8.45494250172659e-09    1.15951197390171e-05    9.19506422574522e-05    0.00340508631596157
107.499999999975    -5.6204364810586e-08    -8.17326385167055e-06    3.40206439643216e-08    3.2047750350828e-06    0.000184446850895837    0.00179016988937944
107.999999999974    3.7975348015121e-07    3.45321460795702e-05    1.01349073272004e-08    1.21585804304093e-05    0.000100671560604247    0.0034867446079827
108.499999999974    -1.20352271156919e-07    1.0315915853283e-05    5.26068006224347e-09    2.29243427103802e-05    7.25304458663691e-05    0.00478792609511261
108.999999999973    -1.86308713287885e-07    1.15964698597187e-05    3.65512290318408e-09    3.24318615017145e-05    6.04573253811929e-05    0.00569488604131823
109.499999999973    6.59489046160536e-08    3.27758449857022e-05    2.94562282736536e-09    3.9527087395737e-05    5.42735522893733e-05    0.00628697169865767
109.999999999972    -2.0345645468656e-07    -5.05149678813262e-05    2.71491433486222e-09    4.21317682448636e-05    5.21044426160886e-05    0.0064907023104502
110.499999999972    -8.65653774168725e-08    2.16452844940864e-05    2.80453107582259e-09    4.00937343474511e-05    5.29577528059681e-05    0.00633192433854909
110.999999999972    5.5328830073441e-07    -7.03235446827371e-06    3.24071430108014e-09    3.41026364549601e-05    5.6924583205645e-05    0.00583974203205508
111.499999999971    -1.48637950630458e-07    -3.93944218174852e-05    4.41037683229728e-09    2.46420903148644e-05    6.64105017226712e-05    0.00496392368942091
111.999999999971    1.96404336668208e-07    -6.07524569012195e-06    8.02444346522622e-09    1.33796745424072e-05    8.95790426972892e-05    0.00365781869886917
112.49999999997    -1.08959470652881e-06    -1.27927046824958e-05    2.86620500965627e-08    3.97308397563956e-06    0.000169295194497476    0.00199321858368481
112.99999999997    -1.17357068628479e-07    -2.28088039448019e-05    1.20671611220973e-08    1.05640997358848e-05    0.000109850568270791    0.00325016607181039
113.499999999969    1.96839210344343e-08    2.70609239236952e-05    5.84598470737156e-09    2.14352519042155e-05    7.64590368754068e-05    0.00462974293137447
113.999999999969    2.11724839569502e-08    -4.95967482945342e-05    3.92478825017578e-09    3.13427957857749e-05    6.26481268826268e-05    0.00559824400578731
114.499999999968    -1.9722440637958e-07    -2.71317804111926e-05    3.07863147005756e-09    3.92659831290875e-05    5.54850662123701e-05    0.00626619876764049
114.999999999968    -3.9103666462347e-07    -3.10304649557828e-05    2.71811605707866e-09    4.37354859977452e-05    5.2134088151665e-05    0.00661320823110764
115.499999999967    -1.3400143947021e-07    -3.17340761831598e-05    2.70871683773598e-09    4.31760702527677e-05    5.20451619398979e-05    0.00657077340966621
115.999999999967    -1.12588695520981e-07    8.64456257729024e-06    2.99276019320672e-09    3.84431819685939e-05    5.47060098800156e-05    0.0062002505788179
116.499999999967    2.23879726431539e-07    1.10176888112404e-05    3.82173569528658e-09    2.96351001767154e-05    6.18197830241636e-05    0.00544380186884577
116.999999999966    -7.73299775302911e-08    -1.12372034358491e-05    5.84402658527623e-09    1.91226842094221e-05    7.64461941848697e-05    0.00437293470505575
117.499999999966    2.96883882227417e-09    -5.00746606780024e-06    1.32871936289217e-08    8.42797122824253e-06    0.000115270089876375    0.00290309251549552
117.999999999965    1.18660921587361e-06    -7.10185874329223e-06    2.51548618850403e-08    5.65958938122443e-06    0.000158598404290866    0.00237897855072861
118.499999999965    3.72570858294222e-07    -3.59959301783856e-06    8.01205165042993e-09    1.55619721908298e-05    8.95092891346227e-05    0.00394486491958342
118.999999999964    -2.19443803289236e-07    -1.58858981956761e-06    4.75513754498021e-09    2.57496423982773e-05    6.89571561869934e-05    0.00507441029821788
119.499999999964    1.27823954186942e-07    5.89442262610474e-06    3.45273475079356e-09    3.48604748248054e-05    5.87598367239929e-05    0.00590427303574177
119.999999999963    -1.45562175561616e-07    1.27221835254757e-05    2.91615540150619e-09    4.05856983141598e-05    5.40012427001383e-05    0.0063706778650475
120.499999999963    -8.13967907624006e-08    2.4581617316564e-05    2.75229830513878e-09    4.22955233992086e-05    5.24622881668464e-05    0.00650345440080106
120.999999999962    2.43367976038247e-07    1.29102484793583e-05    2.95594741182849e-09    3.87831166268781e-05    5.43680805607181e-05    0.00622759584047988
121.499999999962    -1.48433723230823e-07    -1.41800334105533e-06    3.61469958950449e-09    3.12241088956004e-05    6.01221885574228e-05    0.00558785351318974
121.999999999962    -5.71779486655469e-08    1.09983006579015e-05    5.37965577198208e-09    2.07273597733906e-05    7.33461144346738e-05    0.00455271773897451
122.499999999961    -1.15645502195278e-07    -1.43539729364404e-05    1.13235037631065e-08    9.88336146809697e-06    0.000106411890262434    0.00314374862728525
122.999999999961    -1.33021587204508e-06    2.97367930807674e-06    3.15146431001632e-08    4.24789783233668e-06    0.000177518657120588    0.00206104075398039
123.49999999996    1.36592561301836e-06    -1.85825315816702e-05    9.06518958593022e-09    1.35478961819954e-05    9.52014907086539e-05    0.00368069978013902
123.99999999996    1.12889173884737e-07    1.26643737944116e-05    5.11879478080968e-09    2.35026731253089e-05    7.15456639975065e-05    0.00484793901972223
124.499999999959    1.12579760003753e-07    -1.32189382930072e-05    3.59989358770685e-09    3.28068679007606e-05    5.99990076043303e-05    0.00572771273375603
124.999999999959    -9.2403935226233e-08    -8.83785814343731e-08    2.91380698688719e-09    3.98670641086073e-05    5.39796114139399e-05    0.00631403706837365
125.499999999958    2.25950090136032e-08    -5.60764530884763e-05    2.69411453328645e-09    4.24595711671468e-05    5.1904855483394e-05    0.00651585962084481
125.999999999958    -9.38349905372122e-08    -2.68960751153509e-05    2.73862808584898e-09    4.11516068396914e-05    5.23318190095044e-05    0.00641489543491044
126.499999999957    2.49946923452648e-07    -8.91864078384812e-06    3.19559442142018e-09    3.47417658445381e-05    5.65290363260832e-05    0.00589420786046647
126.999999999957    2.90779057905138e-09    -3.28343898882424e-05    4.28640962964258e-09    2.55780910516961e-05    6.54706775678039e-05    0.00505737213921784
127.499999999957    -4.64018121994046e-08    -3.35592852388236e-06    7.25918025641924e-09    1.50820035104807e-05    8.52008104614684e-05    0.00388355407432734
127.999999999956    1.19077402003335e-07    2.0183464802722e-06    2.0471771804005e-08    5.54788223301168e-06    0.000143079549987332    0.00235539341921666
128.499999999956    -7.96609460790794e-07    8.50778854775084e-06    1.48710093967375e-08    8.03597896998644e-06    0.0001219441462724    0.00283476746621667
128.999999999955    -2.59510966631218e-07    -3.67792311794853e-06    6.57790865924065e-09    1.77344729233665e-05    8.1103892097105e-05    0.00421123015237212
129.499999999955    -1.93686510110357e-07    -8.96633266958577e-06    4.18971966282105e-09    2.732077792372e-05    6.47277540808953e-05    0.00522692046319804
129.999999999954    5.09479807841036e-10    -3.66267552792656e-06    3.18444211514645e-09    3.52928804165204e-05    5.64308613693507e-05    0.00594077999940483
130.499999999954    -5.65252000076473e-08    2.58762293228224e-05    2.7452784920259e-09    4.03160877011286e-05    5.23953747665542e-05    0.0063494423473156
130.999999999953    7.47092076261189e-08    1.59559931629657e-05    2.71143722604808e-09    4.02439838050816e-05    5.20714090896566e-05    0.00634379454359642
131.499999999953    2.87135449472297e-07    -3.34868186613578e-05    3.01296505834447e-09    3.56896925187885e-05    5.48897313855527e-05    0.00597399122461394
131.999999999952    1.61929259160245e-07    -1.1527676340076e-06    3.94246062128053e-09    2.69204986953364e-05    6.27888079214406e-05    0.00518849663837833
132.499999999952    2.73821163463286e-07    1.74781631497707e-06    6.35116966483947e-09    1.66473495612772e-05    7.96937556324829e-05    0.00408011599178447
132.999999999952    3.67749205344758e-07    5.12531998445872e-06    1.57931149263015e-08    6.99758673718676e-06    0.000125670122490684    0.00264529024272986
133.499999999951    4.80602611362172e-07    9.62234029089155e-06    1.94432314495828e-08    6.26883219084969e-06    0.000139438160023405    0.00250374511510597
133.999999999951    9.0032616938053e-08    1.69901078662281e-05    7.41672836499243e-09    1.51867844345585e-05    8.61203823674763e-05    0.00389698547223276
134.49999999995    7.10334247963144e-08    2.02630081984529e-06    4.50698808391898e-09    2.45312082498412e-05    6.71340676420813e-05    0.004952898559828
134.99999999995    -5.29959689901853e-09    2.26880805656986e-06    3.28217763741505e-09    3.30077295949357e-05    5.72902924528172e-05    0.0057452349340515
135.499999999949    -4.56527109415062e-09    -3.79872902744761e-06    2.743297936495e-09    3.88533304995446e-05    5.23765015598914e-05    0.00623324282129313
135.999999999949    4.71771011011952e-08    -1.3932756257759e-05    2.5913200749002e-09    4.05678952412639e-05    5.09049884512444e-05    0.00636927791194315
136.499999999948    1.59955817456927e-07    2.9969301017715e-05    2.75737074658726e-09    3.76101002989861e-05    5.25104290662695e-05    0.00613263419257847
136.999999999948    -1.03034206743582e-07    2.58241131009761e-05    3.31669453330337e-09    3.08510202410599e-05    5.75906582464171e-05    0.00555430944008726
137.499999999947    -2.12334728784047e-08    1.15575054318094e-05    4.72763041005152e-09    2.14783828717633e-05    6.87577629012983e-05    0.00463446321550096
137.999999999947    9.15414242841723e-08    1.83757687966467e-06    8.875935715403e-09    1.16190349258767e-05    9.42121400646999e-05    0.00340867005578245
138.499999999947    -4.40603893277707e-08    -2.74721561883944e-06    2.61722918297458e-08    4.17583520362728e-06    0.000161778521097295    0.00204348419529822
138.999999999946    -3.04197947691547e-07    -5.12876281935559e-06    1.11194636738047e-08    9.77474155805358e-06    0.000105448428804859    0.00312645410230912
139.499999999946    4.02336898637064e-08    1.71247283640195e-05    5.63303826029526e-09    1.88888394232924e-05    7.50535584868929e-05    0.00434609550826611
139.999999999945    -5.27936678339824e-08    1.34841902504973e-05    3.78026975330839e-09    2.75543682086576e-05    6.14838756596965e-05    0.00524920816745449
140.499999999945    1.65919711542273e-08    -5.71923870359454e-06    2.92554671382746e-09    3.49405139567647e-05    5.40883207220742e-05    0.00591104739002094
140.999999999944    -1.16214007827797e-07    8.58182030686466e-06    2.60754877052189e-09    3.86294442579075e-05    5.10640310279778e-05    0.00621525306083893
141.499999999944    1.23285045602862e-07    9.5099559346444e-06    2.6583205323217e-09    3.74431457519754e-05    5.15587561246316e-05    0.00611907307626846
141.999999999943    1.07269787846522e-07    -1.76549380214473e-05    3.08460845563451e-09    3.18287115340246e-05    5.55391478943198e-05    0.0056416664060531
142.499999999943    -1.64425505603e-07    3.7333172330616e-06    4.18848535237124e-09    2.31993593502177e-05    6.47182997043676e-05    0.00481656988037755
142.999999999942    -1.7739245079617e-07    5.51802636216475e-06    7.26123347390474e-09    1.35912979960026e-05    8.52126868830172e-05    0.00368663363346396
143.499999999942    4.39019912828973e-08    3.88233815600074e-06    1.99317719634582e-08    5.26372124209544e-06    0.000141179920796384    0.00229427682931809
143.999999999942    -8.9175600022206e-08    1.4192951072295e-05    1.41796321789194e-08    7.53700232980634e-06    0.000119078227340819    0.00274532345816412
144.499999999941    2.44859624060459e-08    -5.98351019602845e-06    6.36404783430043e-09    1.60850545592021e-05    7.97749787510976e-05    0.00401061326442825
144.999999999941    2.10581658057768e-07    -1.48340157900622e-05    4.04623480848833e-09    2.48047644083334e-05    6.36096727224219e-05    0.00498041608305059
145.49999999994    -4.83048434991465e-08    1.15254084094058e-05    3.0265551190043e-09    3.24962269669724e-05    5.50141144220862e-05    0.00570053454791157
145.99999999994    -4.90330043244208e-08    3.58305010842312e-06    2.59631948400147e-09    3.73094252301758e-05    5.09540683338039e-05    0.00610814312143451
146.499999999939    -1.27379987071296e-07    6.47213111638413e-06    2.5100770874927e-09    3.81282176764448e-05    5.01005076005383e-05    0.00617480168005124
146.999999999939    4.11644567705248e-08    1.36478966212971e-05    2.73945867783744e-09    3.44984867051725e-05    5.23398221560309e-05    0.00587352538430629
147.499999999938    4.04187021836785e-08    1.03326129651994e-05    3.42317525803285e-09    2.72919016941562e-05    5.85078936927434e-05    0.00522415494900999
147.999999999938    -1.20088913659032e-07    1.41390556122534e-05    5.1476168745611e-09    1.81211941069554e-05    7.17467940274262e-05    0.00425687610743628
148.499999999937    3.00652577589288e-07    3.6328587246586e-06    1.04928914747964e-08    9.31937208436165e-06    0.000102434374517659    0.0030527625008669
148.999999999937    1.47062578992337e-07    3.18352303757289e-06    2.5098940256832e-08    4.09972322261045e-06    0.000158426382365532    0.00202477482397217
149.499999999937    2.61202344634985e-07    -3.76296597933409e-06    9.14915907582002e-09    1.07952226014837e-05    9.56508800228998e-05    0.00328560625175488
149.999999999936    9.64944317986777e-08    1.15006380939415e-05    5.00070241969339e-09    1.93757359364573e-05    7.07155789661516e-05    0.004401772787387
150.499999999936    -3.0707257409421e-08    -1.44739717370005e-05    3.45433898158149e-09    2.73785157947661e-05    5.87736168586368e-05    0.0052324283367198
150.999999999935    2.75097343383821e-07    1.84924747345358e-05    2.74099604861936e-09    3.38569966482666e-05    5.23537999582745e-05    0.00581864715175657
151.499999999935    -1.05350470536984e-07    2.91034368748207e-06    2.51780276877851e-09    3.63892451398818e-05    5.01776012784277e-05    0.00603234918334321
151.999999999934    1.84743436425024e-07    1.93962253615427e-05    2.6128617361247e-09    3.47042000463623e-05    5.11158253967145e-05    0.0058909951479189
152.499999999934    -2.35422326769448e-07    3.0778900256106e-06    3.1228106697925e-09    2.86508028504649e-05    5.58816181415728e-05    0.00535264358771046
152.999999999933    -8.74042657920393e-08    1.85716285445647e-05    4.3531544457024e-09    2.04262916549256e-05    6.59783813547796e-05    0.00451950735695151
153.499999999933    5.68224970922301e-08    -6.00756736616873e-07    8.03315090214259e-09    1.14876140972406e-05    8.96278286769595e-05    0.0033893382446035
153.999999999932    2.82007505028323e-07    7.48516353846833e-06    2.18075466001049e-08    4.46308765351639e-06    0.000147673515133459    0.00211258884448517
154.499999999932    -2.39097234904799e-07    2.21363062265896e-06    1.16313371696925e-08    8.23477669018374e-06    0.000107848412145032    0.00286962920775894
154.999999999932    3.7087223967439e-07    -1.75050491344355e-05    5.70797264544644e-09    1.63227444802012e-05    7.55502157457428e-05    0.00404010371815577
155.499999999931    -7.99677448271424e-08    -9.78855112859929e-06    3.72744467096694e-09    2.44643199854795e-05    6.10527499472934e-05    0.00494613224345511
155.999999999931    1.38927369317357e-07    1.90151357994196e-05    2.83720718260596e-09    3.14281448320914e-05    5.32652596144242e-05    0.00560604880969671
156.49999999993    -4.35723783950861e-08    2.3365813342755e-05    2.48795912819214e-09    3.53180712532386e-05    4.98794269177181e-05    0.00594285497820748
156.99999999993    -2.53707685119639e-08    4.58142345924964e-06    2.44873302740791e-09    3.55398094657894e-05    4.94846681683531e-05    0.00596152568361057
157.499999999929    9.89255062877087e-08    -1.32133101426649e-06    2.72635338881717e-09    3.15318558982366e-05    5.2214400337085e-05    0.00561532315653525
157.999999999929    -5.34591798412046e-08    -4.12192019953553e-06    3.47496494931539e-09    2.44680779232573e-05    5.89488090755995e-05    0.00494652008315251
158.499999999928    1.12791786761839e-07    -4.20205819748785e-06    5.34668774156038e-09    1.60405884319775e-05    7.3120961560781e-05    0.00400506813608513
158.999999999928    -2.06920172908383e-08    1.45385073764766e-05    1.19225695630553e-08    7.80065963614739e-06    0.000109190517605219    0.00279292826043754
159.499999999927    -2.2123080450357e-07    8.18322681481909e-07    2.21143585746259e-08    4.3205874343515e-06    0.000148708808184173    0.00207860211793876
159.999999999927    -3.11326473565679e-07    -1.48325809997369e-07    7.92141561749831e-09    1.13189351958641e-05    8.90017903939307e-05    0.00336436252117152
160.499999999927    -3.46383370157674e-07    -1.36834245609042e-06    4.54999257960573e-09    1.9361693095911e-05    6.745274344433e-05    0.00440019218029735
160.999999999926    -4.27928614164094e-09    8.22256209003572e-06    3.19562962521888e-09    2.68504122158769e-05    5.65299001140688e-05    0.00518173181526694
161.499999999926    -2.94361651236257e-08    -1.65536601429674e-05    2.6169868206598e-09    3.21513971317877e-05    5.11564849669324e-05    0.00567019603789178
161.999999999925    -2.55595235250557e-08    -8.37105953131586e-06    2.43670535578376e-09    3.41714346863933e-05    4.93629891973178e-05    0.00584562782015376
162.499999999925    -8.5910641519302e-08    -2.45906941169332e-05    2.58824944649193e-09    3.18881250536188e-05    5.08747684599508e-05    0.00564690360741014
162.999999999924    -6.56697163008644e-08    7.7901804423043e-06    3.10050540101076e-09    2.6250334343867e-05    5.56821433540334e-05    0.0051235020890945
163.499999999924    2.87905665969223e-07    1.43338657569937e-05    4.43539714149497e-09    1.83323063000764e-05    6.65981550181571e-05    0.00428160026629867
163.999999999923    -3.20440955014491e-07    -1.00650434133947e-06    8.59661266276322e-09    1.01455625466338e-05    9.27173661206873e-05    0.00318520980997843
164.499999999923    -5.12367230906591e-07    -1.973718794087e-06    2.09782726505576e-08    4.25309575210822e-06    0.000144837875330931    0.00206230256183285
164.999999999922    -1.34632967214097e-07    4.6024719110553e-06    1.02447049763377e-08    8.48833640512863e-06    0.000101216040479273    0.00291347133543149
165.499999999922    1.91912848503576e-07    -3.85799371042072e-06    5.2694484637293e-09    1.62824533557035e-05    7.25907131332093e-05    0.00403515036542481
165.999999999922    4.80627751523308e-08    6.59490779257072e-06    3.5212965082555e-09    2.37992793265951e-05    5.93404937477364e-05    0.00487844604703037
166.499999999921    6.49048797878128e-09    -8.47227869522603e-06    2.71611671876672e-09    3.00660727542493e-05    5.21163762807842e-05    0.00548324730198658
166.999999999921    6.33806862443097e-08    8.42815141674877e-06    2.42069736896199e-09    3.32898745522626e-05    4.92005421906162e-05    0.00576973166780972
167.49999999992    1.61342624872804e-09    1.36353804935144e-05    2.427014679972e-09    3.29594190544024e-05    4.92647407114749e-05    0.00574101324948838
167.99999999992    5.6730138916973e-08    -6.80371544602996e-06    2.71342823298865e-09    2.91330917508823e-05    5.20905463081353e-05    0.00539750363226727
168.499999999919    -2.27933377215089e-07    -5.53609320858691e-06    3.46638919577442e-09    2.252799247915e-05    5.88756082104463e-05    0.004746363010856
168.999999999919    -2.65832988578392e-08    3.05182592719318e-06    5.51175565521353e-09    1.45819282874388e-05    7.42411944175318e-05    0.00381862789150727
169.499999999918    2.79320239452056e-07    4.29353199305578e-08    1.27934608806802e-08    7.03763407747358e-06    0.000113107837309729    0.00265285394917062
169.999999999918    -4.21783350198437e-07    7.6750805235685e-06    2.02939400150023e-08    4.40944591999174e-06    0.000142456176116755    0.00209985404567334
170.499999999917    -1.88706873528712e-07    1.61742375827055e-05    7.38401309547791e-09    1.13359942620568e-05    8.59300732293054e-05    0.00336685797979295
170.999999999917    2.25587834379596e-08    7.23078609194325e-06    4.35181534807987e-09    1.89155409267026e-05    6.59682866169886e-05    0.00434919402216492
171.499999999917    8.09742404833628e-08    2.15578823877479e-06    3.09570105443905e-09    2.57403170198922e-05    5.56389656410993e-05    0.00507349114244514
171.999999999916    -3.84599536584606e-08    6.23099453044039e-08    2.52982985044766e-09    3.08309327931299e-05    5.02973992496593e-05    0.00555256092170517
172.499999999916    1.36062387465777e-07    -1.18575773682087e-05    2.41942593209451e-09    3.20152996254343e-05    4.91874721765738e-05    0.00565819397186887
172.999999999915    3.75496604878772e-08    2.23421716939562e-05    2.56276854133684e-09    2.99740730286829e-05    5.06237802950337e-05    0.00547481267771299
173.499999999915    -2.41504450237155e-08    -3.74843309339008e-06    3.08021965822185e-09    2.45527460123588e-05    5.54997213954976e-05    0.00495507133769113
173.999999999914    6.17952256265692e-08    -2.05303122627769e-05    4.42336008045503e-09    1.72026557446135e-05    6.65083172378096e-05    0.00414755762478255
174.499999999914    3.97082235093662e-07    6.27852374323368e-06    8.93623824222894e-09    9.54005358688035e-06    9.45308445319701e-05    0.00308869133566628
174.999999999913    -5.07203341692061e-07    1.20679832206614e-06    1.99005392545803e-08    4.17610881494053e-06    0.000141068359313315    0.00204355263171232
175.499999999913    -5.49882100282455e-07    -6.4361328021866e-07    9.72051729239751e-09    8.33527059657803e-06    9.85911503233089e-05    0.00288708679854624
175.999999999912    1.82093810942452e-07    -8.4822240336736e-06    5.14091036012657e-09    1.58151852477953e-05    7.16999107528774e-05    0.00397682201005662
176.499999999912    -2.92616375947062e-07    1.12656951437459e-05    3.46423619303763e-09    2.27228450969759e-05    5.88570349974764e-05    0.00476683523745984
176.999999999912    -3.79983553754375e-08    -2.38066137777713e-06    2.67208477200629e-09    2.85384414555679e-05    5.16921979425453e-05    0.00534213775449673
177.499999999911    5.70939721816675e-08    -5.38643598456843e-06    2.38928396944155e-09    3.15502042095786e-05    4.88802691248717e-05    0.00561695426328949
177.999999999911    5.00195936365091e-08    -2.16679607314507e-05    2.42169404691114e-09    3.10210571245142e-05    4.92106852721175e-05    0.00556961287918576
178.49999999991    -3.47084645925793e-08    -9.78970900817846e-06    2.70274387411451e-09    2.73896105526166e-05    5.19879088773245e-05    0.00523349928004334
178.99999999991    1.02608444015848e-07    -5.48698952671657e-06    3.4467313897477e-09    2.1221765878748e-05    5.87087801036175e-05    0.00460670552257184
179.499999999909    2.65684242580098e-08    -1.46211037426668e-06    5.53688199261507e-09    1.39011387612e-05    7.44102229988185e-05    0.00372842280642007
179.999999999909    -1.2851895768737e-07    9.78687123176572e-06    1.27285581123205e-08    6.86928366078237e-06    0.000112820838479414    0.00262091355789043
180.499999999908    -6.43151987484101e-07    3.11527266868588e-06    1.99830005598165e-08    4.17266349574111e-06    0.000141359778279882    0.00204270746579566
180.999999999908    2.88778751699925e-07    -8.52008952847672e-07    7.25244287262178e-09    1.09730740079726e-05    8.51607860429573e-05    0.00331256294763637
181.499999999907    -6.99921340177804e-08    -1.74054366711546e-05    4.33917448315518e-09    1.81635151242508e-05    6.58723734524296e-05    0.00426183202097703
181.999999999907    1.11216672262567e-08    -3.79232542430519e-06    3.05308170882274e-09    2.46318451134615e-05    5.52546974033091e-05    0.00496304651718371
182.499999999907    -2.09207944914458e-07    2.09402589355191e-07    2.54465367812381e-09    2.88676205595774e-05    5.0444126617076e-05    0.00537285962181481
182.999999999906    8.2253529065237e-08    -2.34643519817864e-06    2.40668054205062e-09    3.04766131654867e-05    4.90578615148233e-05    0.00552056225938342
183.499999999906    -3.17793035822997e-07    1.83505397702305e-05    2.5587522856341e-09    2.8420127308891e-05    5.05831127276731e-05    0.00533102153124344
183.999999999905    1.74869695300757e-07    -8.10864362543926e-06    3.03600962819889e-09    2.34769909176575e-05    5.50997191352965e-05    0.00484529928565368
184.499999999905    1.92631744456561e-07    2.77029736811141e-07    4.3199103296254e-09    1.67666267122224e-05    6.57257424654635e-05    0.00409470714892737
184.999999999904    3.04372767253228e-07    2.36643489361475e-06    8.81361092374195e-09    9.52845473308728e-06    9.38803402260586e-05    0.00308681861032895
185.499999999904    -7.14874484143163e-07    2.6631732060269e-06    1.85575404991757e-08    4.20668302107025e-06    0.000136224188210639    0.00205101826627135
185.999999999903    -2.13311892576088e-07    -3.48304298613704e-06    9.8050541440161e-09    7.76544430994808e-06    9.9020243597219e-05    0.00278665250405565
186.499999999903    1.01640487572511e-08    2.34908921492939e-05    5.28315425558582e-09    1.48210153395323e-05    7.26853090540168e-05    0.00384973551267075
186.999999999902    -1.93197908582544e-09    -7.31209544315397e-06    3.50598293602633e-09    2.13628720309012e-05    5.9211341247212e-05    0.00462199292125825
187.499999999902    9.62603613456901e-08    7.07529230131521e-06    2.70967981365583e-09    2.65256340796566e-05    5.20544959402996e-05    0.00515029941070375
187.999999999902    1.7584252521729e-07    2.38254090448302e-06    2.41141432775949e-09    2.95679530068549e-05    4.9105838829673e-05    0.00543764170669177
188.499999999901    3.09038783118659e-09    -1.37631514786149e-05    2.43903818137773e-09    2.92482063143092e-05    4.93866193601793e-05    0.00540814357150128
188.999999999901    4.97734041358142e-08    7.4864902688855e-06    2.67469757543236e-09    2.61704114755711e-05    5.17174544814475e-05    0.00511569696405431
189.4999999999    -9.25076264578867e-08    1.91296842387361e-05    3.35641620369343e-09    2.05934221575278e-05    5.79345117009928e-05    0.00453795727312507
189.9999999999    -3.44778595247028e-07    8.32338663780456e-06    5.37382556874314e-09    1.38261097579236e-05    7.33055707055296e-05    0.00371833840299111
190.499999999899    -2.642233325327e-07    7.89446215695086e-06    1.18275764714062e-08    7.20006238054666e-06    0.000108754340867097    0.00268328158381
190.999999999899    -1.34807535837996e-07    4.70003225886248e-07    2.07117377382436e-08    3.71566946162988e-06    0.000143915668240716    0.00192760712821022
191.499999999898    -7.71222382660457e-07    1.2210429595146e-06    7.71281577512217e-09    1.00324491179287e-05    8.78192518253182e-05    0.00316740392545422
191.999999999898    -2.57306916795673e-07    3.15053771808872e-06    4.54048633413058e-09    1.68422632100551e-05    6.73826396580095e-05    0.0041039314424302
192.499999999897    6.67857207641395e-08    -8.97694917214394e-07    3.14763398848728e-09    2.27712227226097e-05    5.61037389855149e-05    0.0047719201498719
192.999999999897    5.53219259665826e-08    -9.23422170075333e-06    2.57539396696002e-09    2.70266651450936e-05    5.07483093949397e-05    0.00519870944314482
193.499999999897    1.86087033007237e-07    -1.22788724360234e-06    2.44872369578046e-09    2.85370781586595e-05    4.94842304921134e-05    0.00534201054388256
193.999999999896    -2.74835501449135e-08    -8.8459370931703e-07    2.56711116302223e-09    2.7018766547003e-05    5.06666597248793e-05    0.00519795784558677
194.499999999896    1.07523049469015e-07    1.74472162683827e-05    2.96868552138633e-09    2.27776703154112e-05    5.44855390005474e-05    0.00477256387176281
194.999999999895    1.09486202936892e-07    5.61974396094865e-06    4.1064628925373e-09    1.68195642018693e-05    6.40815956832277e-05    0.00410116234991339
195.499999999895    -5.00553928515923e-08    -3.3814247160653e-06    8.19224771242834e-09    1.00353401895242e-05    9.05110225712094e-05    0.00316785870194538
195.999999999894    -2.34835302408872e-07    4.17023463328502e-06    1.67491373543188e-08    4.4977181807663e-06    0.000129418245262017    0.00212077834530377
196.499999999894    1.92982553992592e-07    -4.38629769396415e-07    1.12785992461916e-08    6.53653546511621e-06    0.000106200574404875    0.0025566648729781
196.999999999893    -1.21885381118269e-07    -3.94617780705382e-06    5.86865147373235e-09    1.33473062206862e-05    7.66070272082543e-05    0.00365339440087803
197.499999999893    -7.1459471997419e-08    -1.55098821737527e-05    3.75344036917739e-09    1.94609219957298e-05    6.12652859515179e-05    0.0044114262364098
197.999999999892    -4.05702688488819e-08    -2.12402682068067e-05    2.80442210601899e-09    2.45455859038259e-05    5.29567791701146e-05    0.00495430466915716
198.499999999892    -3.74038756971922e-08    -1.00820959160924e-05    2.49435675504497e-09    2.74667097772006e-05    4.99435216619238e-05    0.00524085948376242
198.999999999892    2.20242609983142e-07    3.57075694451313e-06    2.48378862912953e-09    2.7704978189681e-05    4.98371359763207e-05    0.00526355064945478
199.499999999891    9.21577391046369e-08    2.49178504329146e-05    2.67027544000986e-09    2.51999005498604e-05    5.16746257554032e-05    0.0050198884101731
199.999999999891    -1.13411866983723e-07    -1.61741050075933e-07    3.23842207344073e-09    2.04882741484766e-05    5.69070225120693e-05    0.00452639747727886
200.49999999989    -1.34294106938905e-07    -5.66560713871406e-06    5.04586867655652e-09    1.43380630736846e-05    7.10341512348065e-05    0.00378655925274917
200.99999999989    1.61910391226234e-07    5.57339152975151e-06    1.04954248952231e-08    7.96027636532365e-06    0.000102447053057901    0.00282139066820434
201.499999999889    2.20717827517138e-08    5.31377693672675e-06    2.10366447885029e-08    3.37155713293915e-06    0.000145040147205314    0.00183617234940346
201.999999999889    -1.75695837564209e-07    -1.60821725632847e-05    9.05958399792048e-09    8.59943689481646e-06    9.5181684839538e-05    0.00293243555062035
202.499999999888    -2.43562687391587e-07    1.28582705580993e-05    5.15167764952897e-09    1.50389424959283e-05    7.17747750031045e-05    0.0038779862249377
202.999999999888    -6.14925627591851e-08    -8.05551539055294e-06    3.36875227490141e-09    2.06724129903011e-05    5.80409208538781e-05    0.0045466853969648
203.499999999887    -9.88256618528852e-08    -9.7317242259261e-07    2.70900766706815e-09    2.48291963974372e-05    5.20480345503719e-05    0.00498289027075378
203.999999999887    -8.83675925855125e-08    -1.69573375779307e-05    2.52889917202104e-09    2.68711561134233e-05    5.02880837096585e-05    0.00518371185176468
204.499999999887    6.97003956627727e-08    1.58187646781557e-05    2.60445794860787e-09    2.59231189519564e-05    5.10338425994233e-05    0.00509145055152659
204.999999999886    1.10092941523037e-07    9.37830984545255e-06    2.89785269345543e-09    2.258362902955e-05    5.38315945611837e-05    0.00475221433406096
205.499999999886    2.13661360946719e-07    4.98731840846396e-06    3.88757389976386e-09    1.72407930179393e-05    6.23500460993149e-05    0.00415220039793293
205.999999999885    -3.01502045657038e-08    -3.52978706504237e-06    7.21032277897482e-09    1.11265855985635e-05    8.49136141613345e-05    0.00333565183122682
206.499999999885    -8.39351676136483e-07    -1.09693725923504e-06    1.43107504236076e-08    5.29308405128897e-06    0.000119624604126289    0.00230067008673943
206.999999999884    8.8882542768066e-07    2.84785024286565e-06    1.37453593034072e-08    5.27581062614078e-06    0.000117237235095196    0.00229691151677416
207.499999999884    -2.04635751810038e-07    -4.13045773976107e-06    7.02002688642821e-09    1.1541755361422e-05    8.3785350811686e-05    0.00339731339454294
207.999999999883    -1.8635748125026e-07    -1.06059301226853e-06    4.18930266989461e-09    1.74634868773523e-05    6.47245543884529e-05    0.00417893356641318
208.499999999883    1.43616715553623e-07    -1.51077498600481e-05    2.99564033038171e-09    2.24622213028585e-05    5.47322547006856e-05    0.00473940851359668
208.999999999882    -8.43914140107841e-09    8.41912805014649e-06    2.62586435131745e-09    2.5527515126832e-05    5.12431876457577e-05    0.00505246912361816
209.499999999882    3.8717128197719e-09    -6.09203180064664e-06    2.57863750267271e-09    2.63093430202783e-05    5.07802864080397e-05    0.00512925978162803
209.999999999882    1.59984087728884e-07    -7.62152765049214e-06    2.70362255569465e-09    2.44749665291582e-05    5.19961244785255e-05    0.00494721218884682
210.499999999881    -3.2064602902973e-08    1.91252510873555e-05    3.14283885147135e-09    2.05990594693986e-05    5.6061018750399e-05    0.00453857837810139
210.999999999881    1.07397076506137e-07    -1.00755634926113e-05    4.62928377569102e-09    1.52124618067354e-05    6.80387554380515e-05    0.00390030258951221
211.49999999988    3.19313255019744e-08    5.93990349563815e-06    8.94786376212592e-09    9.1776156885709e-06    9.45931432108923e-05    0.0030294521627049
211.99999999988    -6.50236107671894e-08    -1.31702490797671e-06    1.85823044619774e-08    3.70789680836677e-06    0.000136316911034205    0.00192558953928717
212.499999999879    -7.47221294834407e-07    2.02816884733172e-05    1.0979772337801e-08    7.09090215107858e-06    0.000104781744584339    0.00266279755223548
212.999999999879    -8.64220920757566e-08    -1.77862103478756e-05    6.06608389918121e-09    1.32820524558318e-05    7.78850205777928e-05    0.00364441162693696
213.499999999878    -2.25535609811907e-08    1.01231009139155e-05    3.67415294019259e-09    1.88756009796399e-05    6.06147872348776e-05    0.00434459417005406
213.999999999878    -9.02380638583757e-08    -2.49858418686345e-05    2.88621726366197e-09    2.29080260323889e-05    5.37234503801999e-05    0.00478616775093551
214.499999999877    -3.45667620581144e-07    -5.7601839485854e-06    2.67722137133682e-09    2.50660986779297e-05    5.17407178654578e-05    0.00500660219092855
214.999999999877    8.75094206545781e-08    1.18260941523114e-05    2.69541356081847e-09    2.48676105557442e-05    5.1917298686659e-05    0.00498672945919881
215.499999999877    -3.37159201609648e-08    -1.39743143064574e-05    2.88344245503385e-09    2.23812325796488e-05    5.36976844777368e-05    0.00473086010131228
215.999999999876    1.31095225892129e-07    8.50455511246068e-06    3.65739444890858e-09    1.7879567202196e-05    6.04762537112735e-05    0.00422841517293872
216.499999999876    2.69145265683179e-07    3.91963660696473e-06    6.35789689836655e-09    1.22991328546905e-05    7.97359671615796e-05    0.00350700976490504
216.999999999875    4.02066750074336e-08    -3.33455744941988e-06    1.20862113245028e-08    6.40638717211257e-06    0.00010993729898413    0.00253108199251608
217.499999999875    1.19791306815605e-06    2.91805695248637e-06    1.93264459387549e-08    3.85878303625402e-06    0.000139014427103938    0.00196437636953758
217.999999999874    -8.4032879037619e-08    -1.05825648797372e-05    8.22645075018754e-09    1.00497763582169e-05    9.0699744700097e-05    0.00317012056041052
218.499999999874    -1.16698941806874e-07    -2.86749174547583e-06    4.72339284799434e-09    1.58243442612533e-05    6.87268450414488e-05    0.00397798140251365
218.999999999873    -1.25833316310333e-07    -2.18692838184359e-06    3.24568353456048e-09    2.05629524683428e-05    5.6970761804078e-05    0.00453463864995735
219.499999999873    6.26129564865106e-08    6.3887946498964e-06    2.77731604101578e-09    2.38078597355967e-05    5.27002098727649e-05    0.00487932566231232
219.999999999872    -2.62703572924608e-07    1.6089195132694e-05    2.72541383380952e-09    2.47404437063043e-05    5.22048352228248e-05    0.0049739506274293
220.499999999872    -1.01802607687733e-07    -2.72611494365276e-06    2.77844535132524e-09    2.36880623115088e-05    5.2710862140116e-05    0.00486703758767138
220.999999999872    4.41577055872045e-08    -1.88151159638318e-05    3.10859064251882e-09    2.05223945011706e-05    5.57547190165627e-05    0.00453012588043444
221.499999999871    2.11361926863366e-07    -2.77948010642037e-06    4.33290074059962e-09    1.5813228743697e-05    6.58244336605754e-05    0.00397658408916338
221.999999999871    -2.80713595105218e-07    -5.44289506538978e-06    8.03988788718593e-09    1.01543207955724e-05    8.96649825018856e-05    0.00318657985471347
222.49999999987    4.21971191189997e-07    4.83515154645606e-07    1.56713366843031e-08    4.46747850941405e-06    0.000125184498339918    0.00211364099970339
222.99999999987    5.04995579945871e-07    -9.30846187324859e-06    1.27673398036208e-08    5.96494013307713e-06    0.000112991525271079    0.00244230495344351
223.499999999869    -2.31543732281894e-07    -1.46832833792018e-05    6.84692583664606e-09    1.21070333113179e-05    8.2745829043802e-05    0.00347948526545337
223.999999999869    -8.94539083144234e-09    -1.1396717051253e-05    4.03501450396324e-09    1.74096683137206e-05    6.35217633881745e-05    0.00417247389788852
224.499999999868    1.19899808004172e-08    6.10069446836446e-06    3.05496033257899e-09    2.1462823813978e-05    5.5271694282149e-05    0.00463279468523105
224.999999999868    -2.27544215494533e-08    1.80265236329817e-06    2.85222621355302e-09    2.34694432500077e-05    5.34062327429048e-05    0.00484452680872468
225.499999999867    -6.89737243853472e-08    1.97556528837194e-05    2.85142157549302e-09    2.36522102203693e-05    5.3398659328848e-05    0.00486331367840369
225.999999999867    6.07242328042941e-08    1.05476407050159e-05    2.95226717333031e-09    2.18132297514585e-05    5.43347355372036e-05    0.00467045163755435
226.499999999867    -6.39697681463743e-08    5.03453397927502e-06    3.56868726094234e-09    1.80600741721501e-05    5.97384563644818e-05    0.00424971161675916
226.999999999866    2.74249273962424e-07    6.31246851853722e-06    5.91275218933272e-09    1.28604237964722e-05    7.68939332890993e-05    0.0035861377482207
227.499999999866    2.4537048697595e-07    -2.09652982929036e-06    1.09340640582044e-08    7.27843973208354e-06    0.000104565787194132    0.00269785754565474
227.999999999865    -2.57723233173177e-07    -1.53905469329743e-06    2.11737098678656e-08    3.3226497414045e-06    0.000145511660861254    0.00182281303833255
228.499999999865    2.15335859402838e-07    5.59397945940612e-06    8.90392425799456e-09    9.22540835604264e-06    9.43603618499962e-05    0.00303733058184921
228.999999999864    2.61686626596213e-07    6.11375849794077e-06    5.14232154643788e-09    1.49652132243694e-05    7.1709504715535e-05    0.00386848495490501
229.499999999864    1.99528746240111e-07    -1.08337949542421e-05    3.45493842796266e-09    1.94251169191678e-05    5.87783856212646e-05    0.00440738012293638
229.999999999863    -1.16657239081202e-07    -8.49867062228911e-06    2.95456898698472e-09    2.23176934486633e-05    5.43558219335637e-05    0.00472415296336401
230.499999999863    2.02672586561355e-07    3.77779318410368e-06    2.91663581577741e-09    2.33123059161841e-05    5.40055065673869e-05    0.00482828040242722
230.999999999862    -1.8193526386092e-07    -2.60161566195814e-06    2.96156836390185e-09    2.24932478334589e-05    5.44199895577132e-05    0.00474270398244027
231.499999999862    -1.07733937595189e-07    -3.37787231187292e-06    3.19324183796402e-09    1.99637024332847e-05    5.65086739480118e-05    0.00446807464387776
231.999999999862    3.02955842225617e-08    2.14000533781885e-05    4.2904782831851e-09    1.57697988190319e-05    6.55017355904611e-05    0.00397106293789803
232.499999999861    4.47139914317523e-07    -1.370918565762e-06    7.91058682217613e-09    1.04992074395514e-05    8.89403557901201e-05    0.0032402477621524
232.999999999861    4.1924124747636e-07    -6.70298104299874e-06    1.46700657471565e-08    4.94533168607215e-06    0.000121119321265985    0.00222380007107592
233.49999999986    -7.72400948597868e-07    3.44696287613774e-07    1.30708247019608e-08    5.6180184921291e-06    0.000114325098288763    0.0023702359319936
233.99999999986    2.05965922131501e-07    7.98833508228912e-06    7.13627462302512e-09    1.176525233826e-05    8.44762226964727e-05    0.00343004205874544
234.499999999859    3.02416609863817e-09    4.93680689137723e-06    4.25996632856107e-09    1.68620310219352e-05    6.52684174728903e-05    0.00410633737652825
234.999999999859    5.26744274844331e-08    -3.40136729825297e-06    3.20670356251264e-09    2.04842473546522e-05    5.66277386791785e-05    0.00452595136798361
235.499999999858    6.59419979864204e-08    -6.59067059213934e-07    3.03219884820828e-09    2.21200055628837e-05    5.5065365701693e-05    0.00470319095173843
235.999999999858    4.23984136826456e-08    -1.21078383178926e-05    3.10311836608925e-09    2.20997272453814e-05    5.57056242085462e-05    0.00470101910713333
236.499999999857    1.11738160284587e-07    -3.36414876040587e-06    3.20681268182916e-09    2.04118009336458e-05    5.66286164091328e-05    0.00451794086018719
236.999999999857    1.23158741130087e-07    2.91846194699447e-06    3.72722291414515e-09    1.71919333313583e-05    6.10508619600873e-05    0.00414631460624229
237.499999999856    -3.34723286597975e-07    1.24879455765976e-05    6.15712183922926e-09    1.2488552987043e-05    7.84666158283296e-05    0.00353389261838249
237.999999999856    -1.17986260768932e-07    4.7766944759049e-06    1.11842840557529e-08    7.3055460345106e-06    0.000105755709703993    0.00270287314125182
238.499999999856    -2.62843056615903e-07    -1.989450461469e-07    1.98201602425639e-08    3.55723522568373e-06    0.000140783845508253    0.00188606340988435
238.999999999855    -4.5991123681764e-07    1.14510656656647e-07    8.67880066759919e-09    9.25714215296011e-06    9.31589456211986e-05    0.00304255519914552
239.499999999855    8.04216230710739e-08    -5.97053601071663e-06    5.39475742195352e-09    1.48267516963598e-05    7.34489683679496e-05    0.00385054749990954
239.999999999854    -1.59994514953024e-07    6.07024394882592e-06    3.61756049019868e-09    1.88816416670282e-05    6.01459465962076e-05    0.00434529686202987
240.499999999854    1.24073381145819e-07    2.99522836674631e-06    3.13387759263436e-09    2.10906142598258e-05    5.5980909231902e-05    0.00459245090212544
240.999999999853    -5.94385407830972e-08    1.19142740270346e-05    3.20162000986621e-09    2.16840698750799e-05    5.65828284634665e-05    0.00465660046870614
241.499999999853    1.11403661649437e-07    -1.51730529881316e-06    3.33837706242218e-09    2.06457693933225e-05    5.77785829840639e-05    0.00454376133738416
241.999999999852    3.34516830940367e-10    1.47303646102895e-05    3.51735066207528e-09    1.83340243402713e-05    5.93072564022597e-05    0.00428179954652594
242.499999999852    -3.19865497877331e-08    5.7677805446987e-06    4.67214624985314e-09    1.45096397623801e-05    6.83530922981087e-05    0.00380914773867957
242.999999999851    3.34305503986164e-07    3.45585162346721e-07    8.89503533543405e-09    9.74475416426711e-06    9.43129024856305e-05    0.00312165886106058
243.499999999851    1.7520081232792e-07    -5.11199190797067e-07    1.48208158810391e-08    4.98622489767641e-06    0.000121740647220698    0.00223298558803047
243.999999999851    -1.88218455776961e-08    -3.09533490331407e-06    1.15985533452757e-08    6.27393635165765e-06    0.00010769657836261    0.0025047807829348
244.49999999985    -2.70530637506907e-08    -1.17064607681597e-07    6.73998198238419e-09    1.24010327256483e-05    8.20973888166727e-05    0.00352151000452139
244.99999999985    -4.44074911149341e-09    -8.44605933888108e-06    4.42893095906954e-09    1.69069633950341e-05    6.65502136686975e-05    0.00411179912679544
245.499999999849    -8.56151838096483e-08    -1.18308976840895e-05    3.38611834310924e-09    1.97616095657202e-05    5.81902999919191e-05    0.00444538745168295
245.999999999849    1.64853858843215e-07    1.36200370289974e-06    3.30511637310773e-09    2.06854607697841e-05    5.74899051687594e-05    0.00454812696774508
246.499999999848    -8.43044690262296e-08    -1.17500434272818e-05    3.60246263088936e-09    2.00293090867102e-05    6.00204592088887e-05    0.00447539618617052
246.999999999848    -3.90092073340272e-08    3.18270218032066e-06    3.78308083021766e-09    1.81354155443707e-05    6.15067419759769e-05    0.00425856847012908
247.499999999847    1.99438017476758e-07    4.56208294698003e-06    4.32691923511376e-09    1.50007219272496e-05    6.57790199044569e-05    0.00387307385866173
247.999999999847    1.16800202455235e-07    -5.64710524138634e-06    7.61890705351113e-09    1.0751343273115e-05    8.72862727536457e-05    0.00327891924013345
248.499999999846    -7.84514866289617e-09    -6.53323207541463e-06    1.21403316748946e-08    6.74200087980079e-06    0.000110183173004539    0.00259652810435001
248.999999999846    -5.1620472224117e-07    1.0699732743727e-06    1.65639367477851e-08    4.62344604780638e-06    0.000128699923389526    0.00215021973364667
249.499999999846    -4.3603236627728e-07    1.35233998368869e-06    7.33982601254223e-09    1.05914708351682e-05    8.56716749475449e-05    0.00325445371857471
249.999999999845    -1.51419783119994e-07    3.56966759755506e-06    5.18402065631486e-09    1.56848854843317e-05    7.19999842247493e-05    0.00396041320341766
250.499999999845    -1.01440454502009e-07    5.74544539881433e-06    3.71573440835479e-09    1.90341591396239e-05    6.09567397273589e-05    0.00436281172290085
250.999999999844    -1.84953410089669e-07    1.42951086715554e-06    3.33930369088822e-09    2.01817719230804e-05    5.77864126168455e-05    0.00449241247878899
251.499999999844    6.35936576096673e-08    3.00482886033085e-06    3.67724046912218e-09    1.96357295115519e-05    6.0640221181728e-05    0.00443122110513066
251.999999999843    -1.14409801569316e-07    5.93376210730895e-06    4.18744675331115e-09    1.79338262711649e-05    6.47103829667887e-05    0.00423483070046869
252.499999999843    -8.50414409989317e-08    -2.23476026939908e-06    4.44582394423704e-09    1.52003776820758e-05    6.66769578804428e-05    0.00389876553384817
252.999999999842    -4.37020757394817e-08    -4.07814418734075e-06    6.11612026298091e-09    1.150246649971e-05    7.82056158668256e-05    0.00339152618572377
253.499999999842    3.50484049193416e-07    -1.62791913342947e-06    1.12840454183553e-08    7.78962304596697e-06    0.000106225809384003    0.00279098914291085
253.999999999841    -1.77387255016451e-07    -4.52826991693956e-06    1.45311659060703e-08    5.27322722978549e-06    0.000120545155190211    0.00229634638601345
254.499999999841    -2.141173892151e-07    4.48608642570432e-06    8.2471161619356e-09    8.67349009449049e-06    9.08133818095066e-05    0.0029450755456387
254.999999999841    2.34203565182227e-07    -9.68490655787357e-06    5.49047692115646e-09    1.44933152352091e-05    7.40973823413925e-05    0.00380699638006054
255.49999999984    1.35561620423419e-07    9.23048512559509e-06    4.17055180003605e-09    1.82862792741141e-05    6.45796672574512e-05    0.0042762359701329
255.99999999984    1.79017812943759e-07    -9.23861107564772e-06    3.45051672546636e-09    1.98853118820943e-05    5.87408263313431e-05    0.00445928542820031
256.499999999839    2.48116390533833e-07    -4.44203076363911e-06    3.55054241779227e-09    1.96178094206226e-05    5.95859115567515e-05    0.00442919740912338
256.999999999839    1.33348102346809e-07    1.48542800044765e-06    4.42157624873815e-09    1.76662616264188e-05    6.64948003006381e-05    0.00420312495887553
257.499999999838    2.03310893079258e-07    2.70786431837461e-06    5.18971154597015e-09    1.48028633805517e-05    7.20393657013365e-05    0.00384744799159423
257.999999999838    -6.42824734192016e-08    4.97634170732205e-06    6.08904140640682e-09    1.10989074101583e-05    7.80322835381e-05    0.00333149855863417
258.499999999837    5.02825671517663e-08    2.84857096873006e-06    1.15828906107612e-08    7.34546003759728e-06    0.000107623826741222    0.00271024942085424
258.999999999837    3.98112772133821e-07    -5.35030972554569e-06    1.31603801733275e-08    6.13071326595319e-06    0.000114718009394986    0.00247602193854154
259.499999999837    4.45923442292059e-07    -2.2671601361142e-06    9.79539510164527e-09    8.16549088423987e-06    9.89706838105551e-05    0.00285753140739079
259.999999999836    2.892510494086e-08    1.16850311172928e-05    5.18621893343281e-09    1.41081600038945e-05    7.20154018024694e-05    0.00375606489080557
260.499999999836    -3.17241585372434e-07    -4.65788528743796e-06    4.15303317916748e-09    1.84540396116355e-05    6.44432505150383e-05    0.00429581399920204
260.999999999835    -1.6889627893108e-07    -4.90031123248789e-06    3.48104548151332e-09    2.0524938804108e-05    5.90001436910138e-05    0.00453044311199885
261.499999999835    1.21002018458748e-08    2.97645880065585e-06    3.36940574233158e-09    2.03599388807471e-05    5.80465812595083e-05    0.00451219791470189
261.999999999834    1.69779727799677e-07    -4.2911204473045e-06    4.0188872624521e-09    1.82679321576644e-05    6.33944669296629e-05    0.00427409800354996
262.499999999834    1.15410228657367e-07    1.38595309757265e-06    5.52114431790046e-09    1.49970443743169e-05    7.43043134574271e-05    0.00387260150976717
262.999999999833    -1.25005180179541e-07    3.48949771367034e-06    6.87973785112019e-09    1.09746266796931e-05    8.29440909578562e-05    0.00331279557218655
263.499999999833    5.7483218132425e-07    5.53619503046472e-06    1.13879374177165e-08    6.64823321735662e-06    0.000106712731132137    0.00257841086095704
263.999999999832    -1.01384164972787e-07    4.27198626827521e-06    1.39689673424249e-08    5.83823993487132e-06    0.00011819034251442    0.00241624123071448
264.499999999832    -2.47627761638903e-07    -1.37525574013742e-06    1.10368908302086e-08    8.25939157671888e-06    0.000105056315901046    0.00287391539287268
264.999999999832    1.29612999497893e-07    -8.4572276862801e-06    5.13898043495442e-09    1.39029671500313e-05    7.16865652366243e-05    0.00372865868984159
265.499999999831    2.02731195015994e-08    1.73329556758828e-05    3.9007910549137e-09    1.85990625160027e-05    6.24563098807024e-05    0.00431262821080722
265.999999999831    2.14456261857124e-07    3.8635437836984e-06    3.41204038072011e-09    2.11658983791477e-05    5.84122794387606e-05    0.00460063946122462
266.49999999983    5.34065304063411e-08    -1.38072863017954e-06    3.24929311667217e-09    2.12577698445789e-05    5.700254612221e-05    0.00461061470285334
266.99999999983    7.88888695101604e-08    7.71357813196603e-06    3.63312464257201e-09    1.91271813624306e-05    6.02753549895666e-05    0.00437345651209007
267.499999999829    1.68379853045165e-08    -5.71562117026941e-06    5.09765225593844e-09    1.52763580833657e-05    7.13978429115382e-05    0.00390849400857163
267.999999999829    1.38751438208257e-07    5.66879068473772e-06    8.04104661815479e-09    1.05911075430493e-05    8.96717757501946e-05    0.00325439324726767
268.499999999828    6.66648551111133e-07    6.32560720106257e-06    1.35159656115361e-08    5.63336995720614e-06    0.000116256273771549    0.00237346370182897
268.999999999828    -7.87476265287245e-08    2.55202180255541e-06    1.61315961624171e-08    5.04214778208755e-06    0.000127010196288442    0.00224547127999275
269.499999999827    2.21505436138535e-07    -8.44959734109438e-06    9.95415703756218e-09    9.21073842471812e-06    9.97702759989364e-05    0.00303490807587691
269.999999999827    -2.26773726761582e-07    -8.24760305261954e-06    5.13412230236548e-09    1.44459659159989e-05    7.16524310546567e-05    0.00380077595933289
270.499999999827    -8.54409273995327e-08    9.71650118685684e-07    3.73791617687981e-09    1.88000598484292e-05    6.11384402542929e-05    0.00433590347036524
270.999999999826    1.38962940216152e-07    1.05004377342798e-05    3.30281850211359e-09    2.13563704548662e-05    5.74699851349801e-05    0.00462128339270311
271.499999999826    -1.45021688528825e-07    -1.49786703652159e-05    3.23150560609938e-09    2.16322079225504e-05    5.68461482847276e-05    0.00465101962605884
271.999999999825    -8.42895024248641e-08    5.07840026521446e-06    3.51308019010559e-09    1.95493886212869e-05    5.92711825880451e-05    0.00442146614044908
272.499999999825    -5.34771915310143e-08    7.53019258053525e-06    4.6259485851598e-09    1.53311912033193e-05    6.8014305299325e-05    0.00391549926567724
272.999999999824    -3.34569180790827e-07    7.20383734392705e-06    8.44341750500798e-09    1.01745681592084e-05    9.18874614322936e-05    0.00318975175584809
273.499999999824    -1.69721390440234e-07    5.32389461598485e-06    1.49721589687998e-08    5.44268897259401e-06    0.0001223606561091    0.0023329510557961
273.999999999823    4.75711247307642e-07    8.19044476182009e-07    1.61626138729414e-08    4.95757900662725e-06    0.000127131379178197    0.00222656199909039
274.499999999823    7.22915588537588e-08    7.81655498545962e-07    8.99076620338742e-09    9.77293182001087e-06    9.48196233767987e-05    0.00312616877487853
274.999999999822    1.87936254979294e-07    1.3328823887786e-05    5.57294506026752e-09    1.44575716214172e-05    7.46519238883472e-05    0.00380228799065391
275.499999999822    -5.23183123850526e-08    1.29363601154727e-05    3.97753678649728e-09    1.80409787408152e-05    6.30676941808678e-05    0.00424744763256737
275.999999999822    -5.56632865451135e-08    8.28762557702982e-06    3.47024262704903e-09    2.01241966363853e-05    5.89087389836819e-05    0.00448599241546924
276.499999999821    1.47423819095181e-07    5.42005361549971e-06    3.55870917395939e-09    2.01896122837257e-05    5.96547352703618e-05    0.00449328197498716
276.999999999821    2.98366033165195e-08    4.85639849190948e-07    3.98896014806006e-09    1.79924750033496e-05    6.31582081588542e-05    0.00424175373725344
277.49999999982    -5.01328170235613e-08    -9.35343889111338e-06    5.08984644248829e-09    1.36378394731437e-05    7.13431421314547e-05    0.00369293270806883
277.99999999982    -6.09476082279968e-08    -1.28845574761333e-05    1.01544920890017e-08    8.31971740799164e-06    0.000100769481364105    0.00288436325662533
278.499999999819    2.57457451394391e-07    -1.76102056553612e-07    1.44720588862397e-08    5.65524741861279e-06    0.000120299595185938    0.00237807640491235
278.999999999819    5.96342455608584e-08    -2.63382265662304e-06    1.21129125278758e-08    6.76648062010088e-06    0.000110058661502094    0.00260124464114375
279.499999999818    7.34537618985904e-08    2.76975596095717e-07    7.0008846699794e-09    1.12620336580934e-05    8.36712571587416e-05    0.00335589534720288
279.999999999818    2.19636644907812e-07    -1.10120067353552e-06    5.64803165680251e-09    1.50522191528424e-05    7.51530665811231e-05    0.00387971879653661
280.499999999817    1.89186834347125e-07    5.3720477677319e-06    4.39409264104609e-09    1.75781022992262e-05    6.62876824861739e-05    0.00419262130895804
280.999999999817    -1.62200987300836e-08    8.72909102775844e-06    3.77353982897595e-09    1.8765812024344e-05    6.14291426432467e-05    0.00433194365467902
281.499999999817    3.45109411234584e-08    4.30786748409959e-06    4.08200149291011e-09    1.80106712656318e-05    6.38905337425275e-05    0.00424389593509426
281.999999999816    -1.21681713461574e-07    1.09428963673412e-05    5.16646955373696e-09    1.55730585463469e-05    7.18780546988966e-05    0.0039462563017835
282.499999999816    -7.54058773748111e-08    -1.75028618743232e-06    7.01547348645331e-09    1.10598540386294e-05    8.37583894329814e-05    0.00332563542426521
282.999999999815    -9.80297082480322e-08    6.58105019993733e-06    1.38682458225414e-08    5.7181434000037e-06    0.00011776347571602    0.00239125491944752
283.499999999815    1.26610228205451e-07    5.75459999331403e-07    1.39268921848558e-08    6.2574235133469e-06    0.000118012186466932    0.00250148419587106
283.999999999814    -3.11626470069554e-07    1.51301221664226e-07    9.35633682889798e-09    9.70047640017956e-06    9.67276574607342e-05    0.00311455877730498
284.499999999814    1.60329175238109e-08    -8.06124595298382e-06    5.47881297441316e-09    1.37167228722403e-05    7.40190024072111e-05    0.00370360066537336
284.999999999813    1.56069698284599e-08    3.31262037962442e-06    4.84277761356865e-09    1.66090688545584e-05    6.95900666043017e-05    0.00407542119063841
285.499999999813    1.39437881930656e-07    -1.55231479247775e-05    4.56804498106397e-09    1.79731703361993e-05    6.75871699225604e-05    0.00423944918215536
285.999999999812    -1.66511639899298e-07    -3.33804012033874e-06    4.17164583815334e-09    1.78712597072941e-05    6.45880647800127e-05    0.00422743995401262
286.499999999812    1.15380951796888e-07    -1.2651383531346e-05    4.49743411322347e-09    1.62421995117154e-05    6.70628123512534e-05    0.00403014136901054
286.999999999812    -2.61025946875023e-08    -4.61684829984113e-06    6.69937635224477e-09    1.28115926677247e-05    8.18497139329107e-05    0.00357932554435
287.499999999811    1.76010971365251e-07    1.42312601809927e-06    1.09857912125314e-08    8.20434154795444e-06    0.000104812977405803    0.00286432182595929
287.999999999811    -4.16039757254458e-07    -1.7226496892336e-06    1.97520562501891e-08    3.88409946216722e-06    0.000140541393052401    0.00197081112607101
288.49999999981    4.33632141794275e-07    4.68243833522122e-06    1.12689921651883e-08    8.20672563648548e-06    0.000106154623678641    0.00286473449227964
288.99999999981    1.33060877960743e-07    5.0658815641697e-06    7.16087216974506e-09    1.30489742554161e-05    8.46218320798352e-05    0.00361233284627262
289.499999999809    -1.75111653440751e-07    8.73507660386005e-06    4.8098333208683e-09    1.62029323912301e-05    6.93527408022e-05    0.00402527714445438
289.999999999809    -2.85095029622657e-07    5.932683869565e-06    4.37179265708019e-09    1.75245921232076e-05    6.61189184568553e-05    0.00418623421782271
290.499999999808    -3.38646571923895e-07    2.00267515607266e-06    4.87999267026398e-09    1.73767331477649e-05    6.9856123487947e-05    0.00416854040847119
290.999999999808    -1.64117598544193e-08    -3.43049420780848e-06    5.34246605221034e-09    1.57490446146172e-05    7.30921731983971e-05    0.00396850511481675
291.499999999807    -5.47762583199131e-08    2.53268818683464e-06    5.95002368550428e-09    1.27025198887919e-05    7.71363771839578e-05    0.00356405856774021
291.999999999807    1.00111897570257e-07    6.22571134727229e-06    9.92143184798214e-09    8.6101468733005e-06    9.96063342643935e-05    0.00293429857271184
292.499999999807    -2.01156434971434e-07    -2.44596804099281e-06    1.41739150591433e-08    6.17468306406228e-06    0.000119054082648316    0.00248488975234368
292.999999999806    7.58695444627187e-07    -1.99401030155814e-06    1.36671275601769e-08    6.59711291079294e-06    0.00011690402876462    0.0025684837812834
293.499999999806    -5.44338004696231e-08    8.64858082388748e-06    6.71645023059291e-09    1.197695824105e-05    8.19539338137851e-05    0.00346076341911719
293.999999999805    -1.37969069401746e-07    1.63296955394763e-05    5.31934696494665e-09    1.61735995271937e-05    7.29337228549492e-05    0.00402160824400354
294.499999999805    2.29021332045842e-08    -6.44780663921297e-06    4.57090424198088e-09    1.79905400931435e-05    6.76084589195255e-05    0.0042415207790288
294.999999999804    -4.12099858126502e-09    4.44183964157701e-07    4.32647003975746e-09    1.76365893438415e-05    6.57759076165037e-05    0.00419959392638647
295.499999999804    3.65603250858998e-08    -1.6300754117962e-06    5.40773921144928e-09    1.55938625791786e-05    7.35373230053414e-05    0.0039489061677929
295.999999999803    2.18536420714413e-07    -1.00159846137296e-06    7.95447728574099e-09    1.21819844317043e-05    8.9187608598806e-05    0.00349026982173368
296.499999999803    -2.35589965116738e-07    -1.91743609030754e-06    1.13765670211841e-08    7.87108890174487e-06    0.000106660730911392    0.00280554544165367
296.999999999802    -3.13049973802993e-08    -3.92950242504166e-06    1.92536372624546e-08    4.23191393739525e-06    0.000138757472888676    0.00205715786861532
297.499999999802    -3.83679725145148e-08    8.43751273307188e-06    1.27484438221958e-08    7.4868567346856e-06    0.000112909000305974    0.00273619910515746
297.999999999802    -1.56826892402386e-07    -6.11902540261509e-06    8.10558421283823e-09    1.17312645227053e-05    9.00308814694383e-05    0.0034250878937968
298.499999999801    -2.72386642119506e-08    6.07540638203842e-06    4.94337821032709e-09    1.59728972374222e-05    7.03091563623278e-05    0.00399660610103867
298.999999999801    4.61411588996692e-08    8.31455303990887e-06    4.32625619576101e-09    1.84316084092415e-05    6.57742659917575e-05    0.00429319685985271
299.4999999998    -1.97791635318049e-07    4.72398685895423e-06    4.49023381214549e-09    1.87218153469252e-05    6.70089150084859e-05    0.00432686873279897
