1:binCentralValue 2:valuesAverage 3:valuesAverage 4:multiplicity
0.5 4.797771592851118e-15 1.996781146188808e-10 18
1 4.043570728389062e-14 1.221809259970345e-09 62
1.5 7.615936024263123e-14 3.083976220531654e-09 98
2 2.633309504649256e-13 8.361110089307044e-09 210
2.5 5.907952993789108e-13 2.084222948740305e-08 350
3 9.510396748949826e-13 3.464292251058338e-08 450
3.5 1.359412877693511e-12 5.214064224192024e-08 602
4 2.015718288638066e-12 7.621918482577377e-08 762
4.5 3.236445350637279e-12 1.26598033203806e-07 1142
5 4.09081209365189e-12 1.556088019681586e-07 1250
5.5 5.247982132834657e-12 2.107612626729067e-07 1458
6 6.811452738376323e-12 2.842651047414047e-07 1814
6.5 9.402426316245029e-12 3.509798545763502e-07 2178
7 1.181200505946699e-11 4.345117806038757e-07 2498
7.5 1.312346560865681e-11 4.874609895170628e-07 2622
8 1.714538708609679e-11 6.361877779514939e-07 3338
8.5 2.130642318528368e-11 7.960980738276618e-07 3722
9 2.445934677666663e-11 9.122885849304685e-07 4170
9.5 2.579924089683026e-11 1.032789124304668e-06 4358
10 3.288554888948052e-11 1.260125340023555e-06 5034
10.5 3.749468305113764e-11 1.497198021703249e-06 5714
11 4.311318401421773e-11 1.63923301681893e-06 5982
11.5 4.912633351655935e-11 1.966621778626129e-06 6602
12 5.629279540433382e-11 2.226601806370975e-06 7130
12.5 6.497543518104846e-11 2.645507042676212e-06 8034
13 7.419410702162526e-11 2.882988889185392e-06 8606
13.5 8.098045385887684e-11 3.148697045465626e-06 9066
14 9.16442224457156e-11 3.567390565596761e-06 9962
14.5 9.905756435413053e-11 3.894271537741161e-06 10550
15 1.112187604980956e-10 4.285842546029681e-06 11226
15.5 1.228221358548839e-10 4.785220102459674e-06 12146
16 1.284509073115975e-10 5.093693370655433e-06 12303
16.5 1.337264883303183e-10 5.319520020335588e-06 12584
17 1.339888888947089e-10 5.255446958820523e-06 12120
17.5 1.282192001324277e-10 4.949905888554077e-06 11180
18 1.300612313304436e-10 4.999814816275029e-06 11096
18.5 1.226226130820583e-10 4.721604865260484e-06 10056
19 1.170319028453408e-10 4.653038976562791e-06 9716
19.5 1.108131203631616e-10 4.114234052738181e-06 8604
20 5.220340535306932e-11 2.067099677218344e-06 8060
20.5 8.244788759101003e-42 3.403642167486179e-37 7320
21 7.240594073936657e-42 2.816749830225542e-37 6356
21.5 5.806398809438052e-42 2.26374348907705e-37 5348
22 4.67417715071678e-42 1.829931894521651e-37 4308
22.5 3.700190003655278e-42 1.443313332695157e-37 3563
23 2.522735559913057e-42 9.477152917586769e-38 2448
23.5 1.795985907637178e-42 7.361588731060273e-38 1868
24 1.295370126333069e-42 5.0945129117405e-38 1358
24.5 9.481190194584426e-43 3.763553503495394e-38 1062
25 6.254509439133061e-43 2.438015045327556e-38 776
25.5 3.128671240536382e-43 1.169988416617291e-38 432
26 1.578206724262168e-43 5.143483355523641e-39 200
26.5 1.36947734176683e-43 4.296232066053276e-39 168
27 3.237803954207344e-44 1.941111295480643e-39 56
27.5 3.112108981212921e-45 3.487514835342165e-40 7

0.5 1.659587256225328e-15 4.518093628120255e-10 18
1 7.28884420529067e-15 2.788843964583312e-09 62
1.5 7.682260265771589e-15 6.217778617783117e-09 98
2 6.394056535713136e-15 1.356019482853392e-08 210
2.5 2.058987304835773e-14 2.950242194263913e-08 350
3 1.25280838882213e-13 2.679939327491907e-08 450
3.5 3.777380283698973e-13 2.168751175267797e-08 602
4 6.179573483935607e-13 1.393396207011747e-08 762
4.5 9.526379894000297e-13 1.016372236744404e-08 1142
5 7.916617024463045e-13 1.545588673146191e-08 1250
5.5 6.689665596079985e-13 3.284864628427166e-08 1458
6 1.115373049464537e-12 5.231957425045448e-08 1814
6.5 3.013936102663622e-12 7.107255529188977e-08 2178
7 6.464770374924688e-12 6.203446869509447e-08 2498
7.5 9.926106078102175e-12 3.790649212378381e-08 2622
8 1.287020570542508e-11 2.224531091100114e-08 3338
8.5 1.21357120495866e-11 3.266478549923513e-08 3722
9 8.703006366305743e-12 6.228143427181504e-08 4170
9.5 6.414995584156226e-12 8.516779190090904e-08 4358
10 9.977233529368584e-12 8.469162752481192e-08 5034
10.5 1.363965353058306e-11 8.550218566474434e-08 5714
11 1.477107071328689e-11 1.046341305974789e-07 5982
11.5 1.451640580992209e-11 1.501731364475331e-07 6602
12 1.479601563588861e-11 1.815067325599525e-07 7130
12.5 1.685574696378821e-11 2.069857650231051e-07 8034
13 1.776828791668487e-11 2.3948056654846e-07 8606
13.5 1.937405790815212e-11 2.585878273079923e-07 9066
14 2.225008200208908e-11 2.868494889221592e-07 9962
14.5 2.382373798171704e-11 3.165889981811187e-07 10550
15 2.620578367078992e-11 3.520308831761788e-07 11226
15.5 2.955696639364573e-11 3.887729091350194e-07 12146
16 3.220748915489107e-11 3.99103650115622e-07 12303
16.5 3.373423919902972e-11 4.144518364802209e-07 12584
17 3.440196191652545e-11 3.998711558213589e-07 12120
17.5 3.282565871876787e-11 3.768823093965607e-07 11180
18 3.476027761784652e-11 3.645301870794806e-07 11096
18.5 3.327986594745543e-11 3.362104589676027e-07 10056
19 3.091883620999603e-11 3.417233461812383e-07 9716
19.5 2.782728959083589e-11 3.146340914554339e-07 8604
20 1.354526053369376e-11 1.541132356619548e-07 8060
20.5 7.62358820772179e-17 8.301068217049775e-13 7320
21 5.605989445214652e-17 6.309682906788992e-13 6356
21.5 4.187845976452549e-17 4.485692378224771e-13 5348
22 2.937885680021292e-17 3.306151873146811e-13 4308
22.5 2.265166624756337e-17 2.425109222795685e-13 3563
23 1.456553888437247e-17 1.708638204762294e-13 2448
23.5 1.010347481939748e-17 1.19403267101359e-13 1868
24 7.583628691224912e-18 8.612730261661428e-14 1358
24.5 5.60592704023505e-18 6.684788198429348e-14 1062
25 3.993000268037454e-18 4.831180949888452e-14 776
25.5 2.307414233999999e-18 2.388410556588758e-14 432
26 1.054927337723864e-18 1.192970363864841e-14 200
26.5 9.06042428051786e-19 1.097224887923008e-14 168
27 2.916685179081051e-19 2.370236868259489e-15 56
27.5 4.960561801589076e-20 5.315848581753541e-16 7

0.5 6.961747180269938e-15 7.173768798675235e-10 18
1 8.621624246351265e-14 5.26259041246575e-09 62
1.5 3.778107944583881e-13 1.406706179191978e-08 98
2 1.565070984059328e-12 3.568627687024693e-08 210
2.5 6.117485747520796e-12 8.427991817015732e-08 350
3 8.741035708639186e-12 7.063708659869773e-08 450
3.5 8.56173826203669e-12 4.018906299494548e-08 602
4 4.926188164190231e-12 1.265641376324759e-08 762
4.5 3.468414928044931e-12 5.036087467296289e-09 1142
5 5.189370072061488e-12 3.121492917410397e-09 1250
5.5 3.689627295641713e-12 1.162725724883672e-09 1458
6 1.771432862426049e-12 3.961432302276439e-09 1814
6.5 5.751136780506321e-12 2.641048767271554e-09 2178
7 4.266993052982242e-12 9.931560207028126e-09 2498
7.5 3.161864740580052e-12 2.209416623762235e-08 2622
8 1.609137352842847e-11 1.160619440288147e-08 3338
8.5 1.744283844902791e-11 7.216143284748714e-09 3722
9 9.073142141046898e-12 1.267314370428874e-08 4170
9.5 6.885145658836464e-12 1.730126621376578e-08 4358
10 6.130826569929089e-12 2.48306763140249e-08 5034
10.5 6.95142817265419e-12 2.903206745396098e-08 5714
11 6.781923996122183e-12 3.478762859188575e-08 5982
11.5 9.884508365022001e-12 3.348195318137797e-08 6602
12 1.118407043837931e-11 3.850842757783071e-08 7130
12.5 1.131861307837582e-11 4.96108565597132e-08 8034
13 1.181938485549109e-11 5.636278710132644e-08 8606
13.5 1.318724928787028e-11 5.902807322053819e-08 9066
14 1.512475252396426e-11 6.477357495145106e-08 9962
14.5 1.671874535189229e-11 6.962942678677386e-08 10550
15 1.935356344124837e-11 7.351380233154977e-08 11226
15.5 2.079849268292283e-11 8.490106232447355e-08 12146
16 2.226358640047986e-11 8.803227159691242e-08 12303
16.5 2.317569266780518e-11 9.133917064107403e-08 12584
17 2.297824208481239e-11 9.012795529270141e-08 12120
17.5 2.195409892237403e-11 8.451138964671481e-08 11180
18 2.287205126862194e-11 8.327794749781134e-08 11096
18.5 2.118708636346909e-11 7.942364254899457e-08 10056
19 2.066709074683218e-11 7.650401616449126e-08 9716
19.5 1.889641132060983e-11 6.944260368725406e-08 8604
20 9.642809992411592e-12 3.243448587237174e-08 8060
20.5 9.203314075305454e-17 3.303687523576827e-13 7320
21 6.836727460333738e-17 2.431187072469814e-13 6356
21.5 4.629207446106356e-17 1.765151220755622e-13 5348
22 3.210274619591497e-17 1.206555703853493e-13 4308
22.5 2.483296489104368e-17 9.106241232923451e-14 3563
23 1.535627717689104e-17 5.894894075826902e-14 2448
23.5 1.057717529418619e-17 3.799621306274636e-14 1868
24 7.595877467634853e-18 2.809974095314368e-14 1358
24.5 5.898899044798318e-18 2.084380717447072e-14 1062
25 3.879809084744874e-18 1.56598831068491e-14 776
25.5 2.281261363052849e-18 8.254338289148617e-15 432
26 1.032450219516367e-18 3.737570473268099e-15 200
26.5 8.104329280483133e-19 3.231873054889584e-15 168
27 2.370777620917501e-19 8.529813139069201e-16 56
27.5 3.78214457330203e-20 3.30988204651738e-16 7

0.5 9.788587295872601e-13 6.150139038849207e-12 18
1 9.962477551583392e-12 1.956345014803308e-11 62
1.5 3.466765340874334e-11 3.678288447765272e-12 98
2 1.03702347214565e-10 3.586971319321711e-10 210
2.5 2.43054797462999e-10 5.135659066636878e-09 350
3 1.455206964451857e-10 1.327268668661051e-08 450
3.5 3.140311969228382e-11 1.453928879928557e-08 602
4 1.259611590454629e-12 6.181687643640559e-09 762
4.5 1.041837018977781e-11 1.62640928897254e-09 1142
5 2.503442938731577e-11 2.088208348790381e-10 1250
5.5 9.874434559360267e-12 4.33958618380851e-10 1458
6 8.645940401528305e-12 7.319771029530728e-10 1814
6.5 5.728394001972774e-12 1.336805857873776e-09 2178
7 1.692992852835816e-11 4.005535760851959e-09 2498
7.5 6.881861816815951e-12 4.868429634189553e-09 2622
8 1.571898332806867e-11 1.120739816745995e-08 3338
8.5 7.316254646791785e-12 1.727769087472011e-08 3722
9 8.007530831657859e-12 5.797006997540011e-09 4170
9.5 1.139903524156171e-11 3.621767370524273e-09 4358
10 9.773292887679452e-12 5.455505238172664e-09 5034
10.5 9.159553069809067e-12 7.01950949037738e-09 5714
11 8.838247379135279e-12 8.694507407558068e-09 5982
11.5 9.848708308178948e-12 1.003712840263861e-08 6602
12 1.019104538661844e-11 1.185502117688798e-08 7130
12.5 1.302700820621629e-11 1.238529992637445e-08 8034
13 1.58853414030094e-11 1.25490432341081e-08 8606
13.5 1.661376930764938e-11 1.369982375443207e-08 9066
14 1.787975966482667e-11 1.576342709165669e-08 9962
14.5 1.9382573547735e-11 1.696675909784158e-08 10550
15 2.170235184024784e-11 1.835087070299057e-08 11226
15.5 2.461745775898411e-11 2.015641030521312e-08 12146
16 2.608529978910471e-11 2.112708999959795e-08 12303
16.5 2.849078069298952e-11 2.080985862700363e-08 12584
17 2.720102315945694e-11 2.125351248555711e-08 12120
17.5 2.586391975465564e-11 1.997891338780513e-08 11180
18 2.680557156194648e-11 1.977524930315804e-08 11096
18.5 2.517953809157693e-11 1.856609006534563e-08 10056
19 2.453288372246583e-11 1.790293967982237e-08 9716
19.5 2.181549677011715e-11 1.672508009811649e-08 8604
20 1.013502121886114e-11 8.581023649241387e-09 8060
20.5 1.728271443337453e-16 1.479893485895805e-13 7320
21 1.210870021164044e-16 1.034305978522124e-13 6356
21.5 8.537171254250389e-17 7.030933963355432e-14 5348
22 5.887808146556383e-17 4.66440438664985e-14 4308
22.5 4.277191824568738e-17 3.452173623609302e-14 3563
23 2.546397751767205e-17 2.247022813127776e-14 2448
23.5 1.823613164162789e-17 1.514387066432152e-14 1868
24 1.245250432900507e-17 1.09163200118437e-14 1358
24.5 1.00513427815143e-17 7.501073106570983e-15 1062
25 6.82209295766107e-18 5.689354130263896e-15 776
25.5 3.786588998511261e-18 3.50515283254573e-15 432
26 1.857238615173966e-18 1.527370908962619e-15 200
26.5 1.131925940889816e-18 1.279762311123225e-15 168
27 5.467466879384036e-19 4.423606635449149e-16 56
27.5 8.804121146773531e-20 8.013773185641193e-17 7

0.5 3.466557570007084e-13 1.434489374602272e-11 18
1 2.847191889347423e-12 1.220915278626406e-11 62
1.5 6.164944807828376e-12 2.752038207030934e-10 98
2 4.850096765704023e-12 5.671793983495589e-09 210
2.5 1.542391390311352e-11 4.070855076283731e-08 350
3 1.208303048698128e-10 5.638560963272555e-08 450
3.5 1.463645409806267e-10 2.452173331245149e-08 602
4 2.998797245244597e-11 1.552856185817856e-09 762
4.5 1.252711702612754e-11 1.577451499609257e-09 1142
5 8.291300996444767e-11 2.834623794997371e-09 1250
5.5 4.15812857368635e-11 2.553343506273199e-10 1458
6 2.338864869405323e-11 2.876342106812218e-10 1814
6.5 6.501891932945338e-12 7.621209398595763e-10 2178
7 4.563402670016444e-12 2.78046389829496e-09 2498
7.5 7.736704091379695e-12 9.790580083736882e-10 2622
8 1.747015523283795e-11 2.21463130451961e-09 3338
8.5 1.130121926098808e-11 6.031710282693579e-09 3722
9 8.472063810562313e-12 2.764057787390606e-09 4170
9.5 1.014179594957256e-11 2.21832512735869e-09 4358
10 1.614030036813039e-11 1.751962248117435e-09 5034
10.5 1.825617108313237e-11 1.615372206566774e-09 5714
11 1.62950895002902e-11 1.939371307292602e-09 5982
11.5 1.668549098720893e-11 2.353683361699325e-09 6602
12 1.80564211977652e-11 2.647064803949911e-09 7130
12.5 1.854103614004834e-11 3.410001170889674e-09 8034
13 1.917813342853937e-11 3.951995017930538e-09 8606
13.5 1.95347077548313e-11 4.467978332109981e-09 9066
14 2.323352336946514e-11 4.766058046847437e-09 9962
14.5 2.558480265143568e-11 5.066359332778123e-09 10550
15 2.737408359228758e-11 5.6625236613737e-09 11226
15.5 3.094880869899606e-11 6.193477969963412e-09 12146
16 3.119860032748198e-11 6.827043780245907e-09 12303
16.5 3.233228202817302e-11 7.034710820848752e-09 12584
17 3.119421256920023e-11 7.157125588422615e-09 12120
17.5 2.907418928470431e-11 6.844284439095843e-09 11180
18 2.900846088139071e-11 6.982964666735592e-09 11096
18.5 2.619782555863496e-11 6.827543645902752e-09 10056
19 2.494510453943195e-11 6.738085546595424e-09 9716
19.5 2.26722043667948e-11 6.147577617688741e-09 8604
20 1.117333773193916e-11 2.974063834469825e-09 8060
20.5 3.874421110018121e-16 1.118850610140146e-13 7320
21 2.322854790630288e-16 6.873123630226687e-14 6356
21.5 1.473076571985617e-16 4.331257166731273e-14 5348
22 8.069848449997853e-17 2.459605996327504e-14 4308
22.5 4.992692315600096e-17 1.520478918265954e-14 3563
23 2.670362892298606e-17 9.205469252183828e-15 2448
23.5 1.837365941010653e-17 6.035982826074789e-15 1868
24 1.296466776896069e-17 4.22347893221024e-15 1358
24.5 9.481565570281299e-18 3.229079613609822e-15 1062
25 6.749412775424489e-18 2.290166598833624e-15 776
25.5 3.810073859991607e-18 1.167806337847e-15 432
26 1.686371869254121e-18 6.484152112553088e-16 200
26.5 1.440764226637027e-18 4.413582178734884e-16 168
27 4.238907072802114e-19 1.841016642048453e-16 56
27.5 6.443004160153601e-20 3.546703823168246e-17 7

0.5 8.853808210200072e-13 3.968178544923988e-10 18
1 1.031199650021608e-12 7.619584760587662e-10 62
1.5 6.303016110084954e-12 3.595315473057127e-09 98
2 1.231064564490541e-10 1.185794754005524e-07 210
2.5 5.484596531145305e-10 9.684078556521391e-07 350
3 3.077761165664577e-10 1.232778314985357e-06 450
3.5 2.383707956735585e-11 3.767607621209484e-07 602
4 1.419055175384871e-12 1.032926148098392e-08 762
4.5 3.354177353730439e-12 1.574760950611154e-09 1142
5 5.866476983060046e-12 1.853970600640448e-08 1250
5.5 4.888909832781391e-13 1.188931802209003e-08 1458
6 1.596241577047554e-12 1.473809122392173e-09 1814
6.5 5.885082764549109e-13 5.358661674337548e-09 2178
7 7.693319076341214e-12 1.590917966223381e-08 2498
7.5 4.68289830864849e-12 2.37710575486614e-09 2622
8 1.270432880487733e-11 1.862933816469438e-09 3338
8.5 1.651259701284885e-11 6.233875228373825e-09 3722
9 3.311712983972728e-12 4.604014863648613e-09 4170
9.5 3.509354440525089e-12 2.451147657670797e-09 4358
10 3.15635073626068e-12 3.593726057232956e-09 5034
10.5 3.518689169187561e-12 3.624925556401772e-09 5714
11 2.844489954400449e-12 5.696760587577346e-09 5982
11.5 2.758246673453559e-12 6.781294172807366e-09 6602
12 3.648335378663921e-12 6.811786883522994e-09 7130
12.5 4.731544329676249e-12 6.960396868199666e-09 8034
13 4.921688262132299e-12 7.763390742198613e-09 8606
13.5 5.247044100792598e-12 8.257184617733019e-09 9066
14 5.944225150536366e-12 8.6977832074295e-09 9962
14.5 6.407022761763524e-12 9.497287643327412e-09 10550
15 7.337140886070794e-12 9.927615800910615e-09 11226
15.5 8.179578026095249e-12 1.088545296969341e-08 12146
16 8.313526448525045e-12 1.192256725070284e-08 12303
16.5 8.581800381130154e-12 1.214239178676468e-08 12584
17 8.257758123465947e-12 1.228940927915644e-08 12120
17.5 7.777306643817575e-12 1.169174174966566e-08 11180
18 7.730772645167925e-12 1.197599304549924e-08 11096
18.5 7.273406025724093e-12 1.124496551819416e-08 10056
19 7.094063652289056e-12 1.07681367851459e-08 9716
19.5 6.575087593581059e-12 9.659046392876973e-09 8604
20 3.264099181663613e-12 4.658045357481853e-09 8060
20.5 2.709507673681907e-15 4.16428529048733e-12 7320
21 1.322552261911322e-15 1.90122243153437e-12 6356
21.5 6.897517311942222e-16 1.005360202884108e-12 5348
22 2.620344364411561e-16 4.010747820113243e-13 4308
22.5 1.197277973040333e-16 1.900146709669173e-13 3563
23 4.053581052746649e-17 6.260829257267479e-14 2448
23.5 1.766010934286931e-17 2.737666529657598e-14 1868
24 8.743895375192726e-18 1.326104184510219e-14 1358
24.5 4.993855428467798e-18 8.207974066521736e-15 1062
25 2.751662360137684e-18 5.020941017741307e-15 776
25.5 1.398487527037197e-18 2.624149154625504e-15 432
26 7.009737481575482e-19 1.056660388509462e-15 200
26.5 4.513836487256478e-19 9.27339784717706e-16 168
27 1.701270305900189e-19 2.580916380187009e-16 56
27.5 2.82030478758813e-20 9.334141838004935e-17 7

0.5 2.100625700699141e-12 4.850346975283414e-10 18
1 1.837069925698581e-12 7.768580195788584e-10 62
1.5 4.432099921326735e-12 6.077925807373319e-09 98
2 8.069352969584736e-12 9.605700044893814e-08 210
2.5 1.794904041641392e-10 1.603733484657592e-07 350
3 4.400751378422684e-10 9.2966303956306e-08 450
3.5 7.360659770760803e-11 1.646764334717175e-07 602
4 1.422261150289001e-12 7.378513737624081e-09 762
4.5 4.946889081221192e-12 4.820833033365795e-09 1142
5 3.559930248100868e-12 9.059672587236055e-09 1250
5.5 6.034868985019135e-12 1.777814684928313e-08 1458
6 7.967746136912054e-13 1.387265338071684e-08 1814
6.5 2.622108628252698e-13 2.78705922881017e-08 2178
7 3.842874552502212e-12 8.467349567274629e-08 2498
7.5 1.837152902731277e-12 5.349416710154745e-09 2622
8 1.550920362756022e-12 1.404127948845047e-08 3338
8.5 4.37579667515225e-12 1.698801679255875e-08 3722
9 1.8281428364031e-12 4.473592978178629e-09 4170
9.5 1.242503072512467e-12 3.938622814907265e-09 4358
10 1.763246866111819e-12 3.956226739871086e-09 5034
10.5 2.044677763488278e-12 3.480602511220876e-09 5714
11 2.039957738569894e-12 6.198539026584168e-09 5982
11.5 1.958021324741018e-12 6.821017466200877e-09 6602
12 1.936617991920332e-12 7.351018588669796e-09 7130
12.5 2.050729927725515e-12 8.86542194136103e-09 8034
13 2.23161546395402e-12 9.562339110356153e-09 8606
13.5 2.15251631972737e-12 1.079086349209665e-08 9066
14 2.391577624607675e-12 1.13386952652042e-08 9962
14.5 2.583755793647273e-12 1.227484454074109e-08 10550
15 2.969946819266632e-12 1.285279141121528e-08 11226
15.5 3.369947887531379e-12 1.383283659379028e-08 12146
16 3.63907108152894e-12 1.426741128013349e-08 12303
16.5 3.708929345030604e-12 1.471064653142273e-08 12584
17 3.704639842655684e-12 1.433172163359322e-08 12120
17.5 3.601622380994245e-12 1.318009383856532e-08 11180
18 3.472608493030522e-12 1.389839213889335e-08 11096
18.5 3.267792783249803e-12 1.302334810769238e-08 10056
19 3.189276096262032e-12 1.246981842832978e-08 9716
19.5 2.800547260524218e-12 1.180567589724796e-08 8604
20 1.425345999875349e-12 5.565653823860921e-09 8060
20.5 3.223765772456056e-15 1.307178451484225e-11 7320
21 1.433611669919361e-15 5.541430567193463e-12 6356
21.5 6.628569618610841e-16 2.793360329226972e-12 5348
22 2.096911534895185e-16 8.497533079822214e-13 4308
22.5 8.70807904372945e-17 3.762874017986097e-13 3563
23 2.386054789597031e-17 9.889259645759749e-14 2448
23.5 9.089409370278527e-18 3.893957127451223e-14 1868
24 4.409687806200814e-18 1.879412148581782e-14 1358
24.5 2.785261473661672e-18 1.180904265139814e-14 1062
25 1.56124735130577e-18 6.791309130127783e-15 776
25.5 7.21274065338916e-19 3.702225969631791e-15 432
26 4.111663637624962e-19 1.476252398824809e-15 200
26.5 2.833646693809115e-19 1.347831042512245e-15 168
27 8.52472519994081e-20 4.100315578695057e-16 56
27.5 1.347255396031696e-20 1.402487019702889e-16 7

0.5 4.110645712200136e-13 1.294549961731994e-07 18
1 8.008942267864061e-13 8.498671373242665e-08 62
1.5 2.76887794196521e-12 1.303797547690156e-07 98
2 5.752803595203862e-12 1.603715847526117e-07 210
2.5 1.428570529210291e-10 1.307768664165486e-06 350
3 2.292512679646337e-10 3.745772101112248e-07 450
3.5 1.367412074641767e-11 5.784348416128352e-07 602
4 3.322765629682157e-12 7.852152805580114e-08 762
4.5 5.204205887791831e-12 9.931612874993881e-08 1142
5 5.754448662381848e-12 4.994327121449827e-08 1250
5.5 8.890383612219873e-12 2.569648873038552e-08 1458
6 1.705656422485077e-12 7.054130793717573e-09 1814
6.5 1.050303897780734e-11 5.128275189664727e-09 2178
7 4.437063972503963e-11 1.85357777891616e-08 2498
7.5 2.492235593590023e-12 8.454899911488405e-09 2622
8 1.049099777264895e-12 1.53608157864255e-08 3338
8.5 2.742751549829699e-12 1.662100407433457e-08 3722
9 1.296431260491282e-12 4.002141258780964e-09 4170
9.5 6.757925511509251e-13 6.087716367556803e-09 4358
10 6.139617749990337e-13 7.836767551730972e-09 5034
10.5 5.455939306188238e-13 8.131903195107619e-09 5714
11 7.241729392722424e-13 1.184795162290644e-08 5982
11.5 9.743369088476978e-13 9.018498372856585e-09 6602
12 9.896841175277676e-13 9.175771612552099e-09 7130
12.5 1.117770912921054e-12 1.004611553075045e-08 8034
13 1.280477638657088e-12 1.071092333749155e-08 8606
13.5 1.383920350393631e-12 1.053265607244468e-08 9066
14 1.609263448735692e-12 1.009941341536018e-08 9962
14.5 1.659644535957154e-12 1.119482804957549e-08 10550
15 1.761180946032905e-12 1.258808395719781e-08 11226
15.5 1.965372974520523e-12 1.380048147772333e-08 12146
16 2.078505731346125e-12 1.44493137799747e-08 12303
16.5 2.07315843502575e-12 1.512412842934645e-08 12584
17 2.03017649359438e-12 1.500876032436894e-08 12120
17.5 1.890541664803813e-12 1.448989273504687e-08 11180
18 1.863894711340805e-12 1.483275359734591e-08 11096
18.5 1.774446935467119e-12 1.367688178339034e-08 10056
19 1.704151034699011e-12 1.32912442482038e-08 9716
19.5 1.570682451983773e-12 1.191327523316582e-08 8604
20 7.693732755340412e-13 5.913680363677225e-09 8060
20.5 9.003569349244406e-15 6.464476464912723e-11 7320
21 3.625731558987037e-15 2.705665619994713e-11 6356
21.5 1.703212616179037e-15 1.305742301224842e-11 5348
22 6.207294126758178e-16 4.72339375416084e-12 4308
22.5 2.681787999714854e-16 2.146372267001903e-12 3563
23 7.408779591957121e-17 5.875436090481793e-13 2448
23.5 2.92109951448491e-17 2.080605778631472e-13 1868
24 1.141703284148346e-17 8.210805541482875e-14 1358
24.5 4.867223904367836e-18 3.590764866168574e-14 1062
25 2.011545977021221e-18 1.594590093354783e-14 776
25.5 8.00037120267783e-19 6.096728668125087e-15 432
26 3.024606008558241e-19 2.44716259101376e-15 200
26.5 2.122803996670294e-19 1.776076424134317e-15 168
27 6.064105095228122e-20 5.99496231900526e-16 56
27.5 1.121799401927642e-20 7.598088819796099e-17 7

0.5 6.002118769804765e-11 1.161891890012252e-06 18
1 1.283693077606651e-10 7.838402632000777e-07 62
1.5 1.220280097657963e-10 5.97871158931048e-07 98
2 1.685823291722573e-10 6.554721202477986e-07 210
2.5 3.178891984705497e-10 9.743388092414933e-07 350
3 1.145636605985214e-09 1.342136952619444e-06 450
3.5 3.285288504104462e-10 1.339530211756221e-06 602
4 4.516905011931061e-11 6.451320510603814e-07 762
4.5 2.823766198108643e-11 3.911199298276811e-07 1142
5 1.688271934459354e-11 2.31240264720284e-07 1250
5.5 9.472781318284731e-12 1.938109407005966e-07 1458
6 5.958565379918218e-12 1.188709101566937e-07 1814
6.5 1.109007076691622e-11 1.814653351669377e-07 2178
7 2.634821650588484e-11 7.219498664361243e-07 2498
7.5 3.760478337998815e-12 1.193992533941373e-07 2622
8 2.127540753590279e-12 6.238903996212624e-08 3338
8.5 2.264741759499002e-12 6.324598911697546e-08 3722
9 1.30412897582476e-12 2.830048436488821e-08 4170
9.5 9.423418546162665e-13 1.944821145385859e-08 4358
10 8.960513243268302e-13 1.680646901192921e-08 5034
10.5 8.580957839193417e-13 1.457754275950027e-08 5714
11 1.174778509119551e-12 1.362270278891303e-08 5982
11.5 1.143143138395006e-12 1.189731971946169e-08 6602
12 1.068780209686439e-12 1.09046033744815e-08 7130
12.5 1.091498022572553e-12 1.128774561644724e-08 8034
13 1.159407735452786e-12 1.106390101178624e-08 8606
13.5 1.120415506967169e-12 1.103162114170031e-08 9066
14 1.093190022607319e-12 1.132923592083764e-08 9962
14.5 1.1451232716751e-12 1.177573753680582e-08 10550
15 1.199306606598548e-12 1.309248960357626e-08 11226
15.5 1.293230911434216e-12 1.401332682839979e-08 12146
16 1.287117905548637e-12 1.477736919621778e-08 12303
16.5 1.303974254860147e-12 1.519820052795193e-08 12584
17 1.286184404161345e-12 1.511963359884073e-08 12120
17.5 1.228324214985591e-12 1.417149222204529e-08 11180
18 1.237517078454603e-12 1.40068927410185e-08 11096
18.5 1.141597316451112e-12 1.288847423283602e-08 10056
19 1.133665246754912e-12 1.190847424818627e-08 9716
19.5 9.849111390447058e-13 1.055941101059327e-08 8604
20 4.950126854795304e-13 5.630689700376513e-09 8060
20.5 6.155445170600278e-14 6.870366460020614e-10 7320
21 2.02319908781545e-14 2.219070254679669e-10 6356
21.5 8.55585637996425e-15 9.193242737727259e-11 5348
22 3.86386865030884e-15 4.052540704981079e-11 4308
22.5 1.720394873186693e-15 1.650757625097852e-11 3563
23 5.583720696011809e-16 4.87960332613867e-12 2448
23.5 2.272212658899831e-16 1.752390800797722e-12 1868
24 9.986250189320346e-17 6.910032183174447e-13 1358
24.5 4.299953628961485e-17 3.093535517531127e-13 1062
25 1.885381031941127e-17 1.66965214074894e-13 776
25.5 6.536890866368425e-18 6.733725272968174e-14 432
26 2.28760374707954e-18 3.085248254600254e-14 200
26.5 1.499425678319126e-18 2.577112950117279e-14 168
27 3.464567100038497e-19 8.299274275280116e-15 56
27.5 2.884131083844362e-20 1.238078561745897e-15 7

0.5 9.521870235671894e-12 1.291762448005779e-07 18
1 1.224147809513858e-10 7.606013242330406e-07 62
1.5 1.533853791397437e-10 1.602172890776906e-06 98
2 4.410849779184344e-10 3.399297666884298e-06 210
2.5 7.02131976374204e-10 6.54353187185498e-06 350
3 1.291100784688443e-09 1.442048351501626e-05 450
3.5 6.995075733439686e-10 1.255158255813926e-05 602
4 4.513370298052939e-10 1.059198047973064e-05 762
4.5 5.140791157002957e-10 1.018950576779126e-05 1142
5 3.911312675473372e-10 7.264860451117305e-06 1250
5.5 3.716858608877483e-10 7.005195787255979e-06 1458
6 3.655037699991348e-10 5.764059782463428e-06 1814
6.5 3.511280118854521e-10 5.528942508625355e-06 2178
7 3.531483422511712e-10 5.107615200555266e-06 2498
7.5 3.233745931210329e-10 4.380881013348719e-06 2622
8 3.620522034455447e-10 4.880264230074836e-06 3338
8.5 3.472087937566904e-10 4.659724543211393e-06 3722
9 3.635198031235964e-10 4.946664854562323e-06 4170
9.5 3.42912344600739e-10 4.980455622060778e-06 4358
10 3.596096208323544e-10 5.321944678118129e-06 5034
10.5 3.716631103795209e-10 5.811206790703611e-06 5714
11 3.857529026311143e-10 6.030804416022768e-06 5982
11.5 4.11620879162135e-10 6.363174238466446e-06 6602
12 4.028009196783779e-10 6.580290262847692e-06 7130
12.5 4.39521179216948e-10 7.223542478215175e-06 8034
13 4.500538378933213e-10 7.359827275691075e-06 8606
13.5 4.561463365939427e-10 7.62831159459856e-06 9066
14 4.906356983716744e-10 8.069544193400869e-06 9962
14.5 5.178797040210541e-10 8.552843669195701e-06 10550
15 5.472653844763003e-10 8.744245932112257e-06 11226
15.5 5.912374412412303e-10 9.322989680154279e-06 12146
16 6.008022073862932e-10 9.36065761478769e-06 12303
16.5 6.151100309579812e-10 9.25601697481412e-06 12584
17 5.784238946047482e-10 8.564292218389172e-06 12120
17.5 5.379150269766406e-10 7.640371674053064e-06 11180
18 5.264111955275345e-10 7.256325723240017e-06 11096
18.5 4.959827426786466e-10 6.449051724977626e-06 10056
19 4.829452011286461e-10 6.154253691607236e-06 9716
19.5 4.209853760814556e-10 5.105118522256533e-06 8604
20 4.02189818857287e-10 4.801740422820981e-06 8060
20.5 3.805575270112379e-10 4.336158143436217e-06 7320
21 3.178703121228111e-10 3.511341697872987e-06 6356
21.5 2.76657654090628e-10 2.94072726188425e-06 5348
22 2.250468639675325e-10 2.355968270328014e-06 4308
22.5 1.812266255863054e-10 1.876630581727371e-06 3563
23 1.338961235243624e-10 1.295147688273557e-06 2448
23.5 1.001673171257242e-10 9.371225132401239e-07 1868
24 7.272090897942698e-11 6.678410796023921e-07 1358
24.5 5.652513863527865e-11 5.300626097755476e-07 1062
25 3.969794410635988e-11 3.968894728333686e-07 776
25.5 2.276000530788481e-11 2.170340412436493e-07 432
26 1.033782849044289e-11 1.035185968973156e-07 200
26.5 7.328726262910172e-12 7.305482641181177e-08 168
27 3.175007091642324e-12 3.252051320798864e-08 56
27.5 2.132250410338174e-13 3.673733306633986e-09 7

0.5 5.523375044674084e-12 1.18323115799075e-07 18
1 3.373111390597443e-11 4.389680855682512e-07 62
1.5 6.722531757526598e-11 8.760641708924558e-07 98
2 1.629884602865174e-10 2.660218593362374e-06 210
2.5 2.599886498152976e-10 3.795376333012731e-06 350
3 3.690322512863961e-10 4.843263008272164e-06 450
3.5 4.188952083211034e-10 6.691658048061761e-06 602
4 6.125930115217875e-10 7.617765908684673e-06 762
4.5 7.29811605325624e-10 1.113708908378448e-05 1142
5 8.403755073659994e-10 1.217492818940512e-05 1250
5.5 8.414373463311077e-10 1.365222883946124e-05 1458
6 9.955186951354562e-10 1.551189093260041e-05 1814
6.5 1.136257202431204e-09 1.766926180768433e-05 2178
7 1.154340419009311e-09 1.839651194294989e-05 2498
7.5 1.138032282640601e-09 1.822588042767014e-05 2622
8 1.316316109485633e-09 2.092659650831822e-05 3338
8.5 1.36488588900771e-09 2.154767005650314e-05 3722
9 1.371411189016e-09 2.242383571893202e-05 4170
9.5 1.336916547116758e-09 2.113455215554931e-05 4358
10 1.489098260553661e-09 2.216168122404761e-05 5034
10.5 1.561064406218823e-09 2.284415635864528e-05 5714
11 1.562215165544556e-09 2.338694675518462e-05 5982
11.5 1.56085995002586e-09 2.412361463740591e-05 6602
12 1.577864094359359e-09 2.283990102147811e-05 7130
12.5 1.661065056313492e-09 2.465226866726768e-05 8034
13 1.701264950375888e-09 2.468519391333948e-05 8606
13.5 1.662633083009808e-09 2.525169662094523e-05 9066
14 1.749904000296564e-09 2.581060299314402e-05 9962
14.5 1.796629565189146e-09 2.732145099370534e-05 10550
15 1.839704878709589e-09 2.725446760825948e-05 11226
15.5 1.918401947873822e-09 2.861922102094916e-05 12146
16 1.799776567795526e-09 2.78872075521658e-05 12303
16.5 1.722346316754385e-09 2.585034189624571e-05 12584
17 1.485190589570045e-09 2.254817816881728e-05 12120
17.5 1.274712679850691e-09 1.964638870061555e-05 11180
18 1.150690919165322e-09 1.723583094106952e-05 11096
18.5 9.897067212021314e-10 1.486112209349706e-05 10056
19 9.065974851154249e-10 1.387904251189132e-05 9716
19.5 7.629024688164847e-10 1.175765424078376e-05 8604
20 7.11825133047745e-10 1.061589367674051e-05 8060
20.5 6.049980621345101e-10 9.32345914507813e-06 7320
21 5.269833532922956e-10 8.176414949075017e-06 6356
21.5 4.199509536563585e-10 6.523781777251219e-06 5348
22 3.262630342755622e-10 4.831378795341339e-06 4308
22.5 2.593658131887875e-10 3.853669871935974e-06 3563
23 1.754074145121034e-10 2.417952204374285e-06 2448
23.5 1.279278675933581e-10 1.712386229250822e-06 1868
24 9.008911693489971e-11 1.280678197824734e-06 1358
24.5 6.755696902033645e-11 9.895839299545115e-07 1062
25 4.503704509437986e-11 6.907331505429287e-07 776
25.5 2.81838235952439e-11 3.748573631708009e-07 432
26 1.242737290092911e-11 1.7937141852494e-07 200
26.5 1.194364170756753e-11 1.524854867121306e-07 168
27 3.338443858485278e-12 5.806275288874081e-08 56
27.5 3.00286713931693e-13 3.677902888990525e-09 7

0.5 1.890846978208948e-12 2.515869081716339e-08 18
1 1.266408449515995e-11 1.868753068038882e-07 62
1.5 2.344821579960626e-11 3.460577101874493e-07 98
2 6.8869232611319e-11 1.121648859043753e-06 210
2.5 1.198568355898539e-10 1.665514726317318e-06 350
3 1.685037286229335e-10 2.433079998066944e-06 450
3.5 2.442506359337108e-10 3.500917470825107e-06 602
4 3.207478940243533e-10 4.738821480010843e-06 762
4.5 4.678858125609976e-10 7.212569566012387e-06 1142
5 5.19978154334047e-10 7.744967663297318e-06 1250
5.5 6.225623325920521e-10 9.797200396260932e-06 1458
6 7.564878794119819e-10 1.207670634947653e-05 1814
6.5 9.13692011031759e-10 1.488574310146637e-05 2178
7 1.048811767694158e-09 1.663824371243067e-05 2498
7.5 1.074595969202265e-09 1.724593595308197e-05 2622
8 1.373911742055217e-09 2.158323282593339e-05 3338
8.5 1.476736917268186e-09 2.293887254308827e-05 3722
9 1.582971599033885e-09 2.504249396907928e-05 4170
9.5 1.606277065711988e-09 2.495987011617986e-05 4358
10 1.778852687535943e-09 2.887228652310806e-05 5034
10.5 2.038399379977428e-09 3.007815442244868e-05 5714
11 2.008952813655518e-09 3.151163250636571e-05 5982
11.5 2.16458519078362e-09 3.341559754800466e-05 6602
12 2.274960304570755e-09 3.361380907596477e-05 7130
12.5 2.456628080975206e-09 3.775151263284989e-05 8034
13 2.483936994902879e-09 3.884942460622968e-05 8606
13.5 2.568610138528832e-09 3.909072451834482e-05 9066
14 2.734652371707699e-09 4.073845671310369e-05 9962
14.5 2.783179486914623e-09 4.29516659127974e-05 10550
15 2.8877908589375e-09 4.486902399321906e-05 11226
15.5 3.043114982727584e-09 4.665537644374464e-05 12146
16 3.007336133616079e-09 4.591275571856373e-05 12303
16.5 2.853693304318453e-09 4.436800534912256e-05 12584
17 2.561915513512846e-09 3.987711503666749e-05 12120
17.5 2.273476077975036e-09 3.47405226259208e-05 11180
18 2.019776945303913e-09 3.271601490553081e-05 11096
18.5 1.732758862168186e-09 2.738916091354163e-05 10056
19 1.583052377003298e-09 2.544158971545725e-05 9716
19.5 1.302062770767899e-09 2.127217052302721e-05 8604
20 1.167797981398196e-09 1.914048105291364e-05 8060
20.5 1.010052776085695e-09 1.64884044956841e-05 7320
21 8.451311525082112e-10 1.369246955213646e-05 6356
21.5 7.04649797505125e-10 1.127218219872111e-05 5348
22 4.96924540777476e-10 8.629306478084715e-06 4308
22.5 4.19502430646087e-10 6.577589206942941e-06 3563
23 2.334430644527271e-10 4.036547106000226e-06 2448
23.5 1.864852749359233e-10 2.799712552603659e-06 1868
24 1.196875699664921e-10 1.913676742812046e-06 1358
24.5 8.670466501088073e-11 1.381200727986998e-06 1062
25 6.305412771520599e-11 9.534939032136333e-07 776
25.5 3.485523327471474e-11 5.626045843403976e-07 432
26 1.767513260731597e-11 2.295012135531536e-07 200
26.5 1.436216095549383e-11 1.696786760077521e-07 168
27 5.598663818262984e-12 5.297171037988545e-08 56
27.5 2.478331366779129e-13 2.849398650203094e-09 7

0.5 5.563821932788566e-13 6.950581411649055e-09 18
1 5.647767985443841e-12 3.52150803527695e-08 62
1.5 9.605295257405544e-12 1.057351964824525e-07 98
2 3.226782205458496e-11 3.997716827827436e-07 210
2.5 6.590939874049061e-11 9.182908264143046e-07 350
3 8.690318156819417e-11 1.356265321919318e-06 450
3.5 1.411748962486984e-10 1.931969873975398e-06 602
4 1.921855174557546e-10 2.71126577779499e-06 762
4.5 2.957161187891764e-10 4.35720459879137e-06 1142
5 3.310254030779245e-10 4.795159410684555e-06 1250
5.5 3.993090771909705e-10 5.981583050303726e-06 1458
6 5.650306655408508e-10 7.401540591268249e-06 1814
6.5 6.800175135319249e-10 9.155006708484189e-06 2178
7 7.627898521297089e-10 1.111102528038897e-05 2498
7.5 8.627743941324939e-10 1.143870671665129e-05 2622
8 1.080898717012767e-09 1.50530073005525e-05 3338
8.5 1.261198601861952e-09 1.745305400745298e-05 3722
9 1.370106185331705e-09 1.958641583035702e-05 4170
9.5 1.478078485960784e-09 2.027367939830558e-05 4358
10 1.716251591688355e-09 2.329162411086308e-05 5034
10.5 1.955426814155916e-09 2.569543010754444e-05 5714
11 1.978275581811776e-09 2.741564118308345e-05 5982
11.5 2.155625110710809e-09 3.056781864096771e-05 6602
12 2.375828273950446e-09 3.14875603475552e-05 7130
12.5 2.551116353876251e-09 3.67385298999495e-05 8034
13 2.779878861644677e-09 3.824369217185642e-05 8606
13.5 2.908856636884206e-09 4.029634931007335e-05 9066
14 3.178817714635684e-09 4.481302784763868e-05 9962
14.5 3.287957126418365e-09 4.739400506759686e-05 10550
15 3.534222600129107e-09 5.085387342039444e-05 11226
15.5 3.961560535694518e-09 5.440099375855108e-05 12146
16 3.870155008241163e-09 5.509344782093927e-05 12303
16.5 3.916800101573788e-09 5.286432871761694e-05 12584
17 3.622665812825543e-09 5.001579127049729e-05 12120
17.5 3.317756922123028e-09 4.36510197188307e-05 11180
18 3.080144463384183e-09 4.295427629318899e-05 11096
18.5 2.781280161648926e-09 3.820244248865512e-05 10056
19 2.634648819488561e-09 3.628981245275912e-05 9716
19.5 2.238345428494926e-09 3.243592271247171e-05 8604
20 2.00367352149748e-09 2.913766274272779e-05 8060
20.5 1.849153782027369e-09 2.527403433094584e-05 7320
21 1.538379219702229e-09 2.178073096128349e-05 6356
21.5 1.340118401714555e-09 1.914596972253644e-05 5348
22 1.017070801337216e-09 1.473509372257112e-05 4308
22.5 8.250720462225221e-10 1.194173813108235e-05 3563
23 5.197717155670753e-10 7.726979842667216e-06 2448
23.5 3.983826053052214e-10 5.884571011226975e-06 1868
24 2.881669163801875e-10 4.020052556321873e-06 1358
24.5 2.100546238811446e-10 3.281483986113741e-06 1062
25 1.641933140237445e-10 2.320094288856625e-06 776
25.5 8.965863586960736e-11 1.231275409074549e-06 432
26 4.145725318036256e-11 5.944051209319871e-07 200
26.5 2.879239819621538e-11 4.383761813568497e-07 168
27 1.007593007476264e-11 1.855878147895086e-07 56
27.5 2.262225232944662e-12 4.900674583667007e-09 7

0.5 4.08206229114221e-13 2.365511950202538e-09 18
1 3.515080287905551e-12 2.9457929916722e-08 62
1.5 7.693209646119665e-12 6.681651612878649e-08 98
2 1.952638369124951e-11 2.453950708718504e-07 210
2.5 4.262308819944073e-11 4.82751324842296e-07 350
3 5.940598629443838e-11 6.829223688602089e-07 450
3.5 1.046452184728185e-10 1.156232807643842e-06 602
4 1.463501572658258e-10 1.624653222732399e-06 762
4.5 2.415915373105736e-10 2.492373429562168e-06 1142
5 2.859444915421823e-10 3.106848530510183e-06 1250
5.5 3.525946584818858e-10 3.644665539394998e-06 1458
6 4.390117834368658e-10 5.151126638700841e-06 1814
6.5 5.583487156799433e-10 6.347474287789459e-06 2178
7 6.883827607739676e-10 7.630790476175368e-06 2498
7.5 7.645730494741039e-10 8.297960412491709e-06 2622
8 1.037309887629597e-09 1.077639013303405e-05 3338
8.5 1.147527052685181e-09 1.224565464409714e-05 3722
9 1.321807727884351e-09 1.42414034429825e-05 4170
9.5 1.375358630126507e-09 1.519962274166921e-05 4358
10 1.558277456842309e-09 1.826352832423007e-05 5034
10.5 1.916952380443972e-09 2.078211977055715e-05 5714
11 1.968950964671196e-09 2.208858546972946e-05 5982
11.5 2.262750981328207e-09 2.573322753054443e-05 6602
12 2.455081337919377e-09 2.767594499442244e-05 7130
12.5 2.828131163624277e-09 3.207211966603565e-05 8034
13 2.99197603895733e-09 3.261040752686946e-05 8606
13.5 3.171817181744314e-09 3.584347306089326e-05 9066
14 3.581880044197291e-09 3.977103216399062e-05 9962
14.5 3.836360141590148e-09 4.335678645275194e-05 10550
15 4.060099110433977e-09 4.572172963160827e-05 11226
15.5 4.435301518769951e-09 4.971241276161263e-05 12146
16 4.601474536036366e-09 4.964765212948248e-05 12303
16.5 4.566956875997928e-09 5.285316950473841e-05 12584
17 4.379273365161993e-09 4.892002813820538e-05 12120
17.5 3.94812078929121e-09 4.452016795120262e-05 11180
18 3.941249665404832e-09 4.261640787106302e-05 11096
18.5 3.650731831682977e-09 3.876719715779048e-05 10056
19 3.336145884808461e-09 3.679933894376089e-05 9716
19.5 2.912210702603728e-09 3.217777554873885e-05 8604
20 2.874098454039763e-09 3.058522782245117e-05 8060
20.5 2.546854919044045e-09 2.748752281752468e-05 7320
21 2.183530953010832e-09 2.475903676110699e-05 6356
21.5 1.807536680021875e-09 1.970177942946747e-05 5348
22 1.344255613081824e-09 1.562106905110587e-05 4308
22.5 1.187591487149531e-09 1.29619294927183e-05 3563
23 7.80331691730106e-10 8.536665411391661e-06 2448
23.5 5.883625787392245e-10 6.456886991963806e-06 1868
24 4.209273769201905e-10 4.508590173006821e-06 1358
24.5 3.18103228366244e-10 3.537518083088173e-06 1062
25 2.434513731161684e-10 2.464190384084028e-06 776
25.5 1.31414346121424e-10 1.360369884786369e-06 432
26 6.218625671572695e-11 7.091179165892669e-07 200
26.5 5.244492474832814e-11 5.476980736357037e-07 168
27 2.257489272347897e-11 1.658726376427158e-07 56
27.5 1.742472614415764e-12 1.571245891933383e-08 7

0.5 3.191535343135988e-13 5.687382291656545e-09 18
1 3.045008024849117e-12 2.690246792047446e-08 62
1.5 8.614105694095092e-12 6.100268404215398e-08 98
2 2.107203906041887e-11 1.642950393749728e-07 210
2.5 4.434474255547781e-11 3.581410708692109e-07 350
3 8.0007713273537e-11 5.475436412614085e-07 450
3.5 1.182275377153286e-10 8.509258750092447e-07 602
4 1.450712226126216e-10 1.124938433405968e-06 762
4.5 2.678671003235895e-10 1.851960447770391e-06 1142
5 3.093541361893261e-10 2.149566304028539e-06 1250
5.5 3.832278004735886e-10 2.637994112355865e-06 1458
6 4.98428021462115e-10 3.599648743890258e-06 1814
6.5 6.476385292750382e-10 4.616098333158911e-06 2178
7 7.432540807580075e-10 5.613118886017717e-06 2498
7.5 8.210128096095346e-10 6.098530138396626e-06 2622
8 1.123362956666915e-09 8.087977340993492e-06 3338
8.5 1.264960311613164e-09 9.317703750174322e-06 3722
9 1.489631563450947e-09 1.079810437188732e-05 4170
9.5 1.550008473365817e-09 1.143212232406099e-05 4358
10 1.861071042697818e-09 1.369381883633361e-05 5034
10.5 2.180479081357405e-09 1.622063905481216e-05 5714
11 2.303384500562873e-09 1.737264099355398e-05 5982
11.5 2.650007227139579e-09 1.955614966859613e-05 6602
12 2.852363689268502e-09 2.062691710331736e-05 7130
12.5 3.265534594096936e-09 2.344175453815557e-05 8034
13 3.673528001445498e-09 2.650800297001325e-05 8606
13.5 3.8068998015671e-09 2.748757714875766e-05 9066
14 4.312793598683954e-09 3.087760555163313e-05 9962
14.5 4.629985211290207e-09 3.333552347838292e-05 10550
15 4.852431769899166e-09 3.596544663894118e-05 11226
15.5 5.37248796425666e-09 3.858967315014211e-05 12146
16 5.398975904851887e-09 3.978198913365736e-05 12303
16.5 5.424701607693588e-09 4.093994978834394e-05 12584
17 5.297643916007892e-09 3.805230241325907e-05 12120
17.5 4.801563873576587e-09 3.538282838019804e-05 11180
18 4.863744815985924e-09 3.506257913598293e-05 11096
18.5 4.342907482765138e-09 3.119651866762613e-05 10056
19 4.25011393440209e-09 2.976899743246755e-05 9716
19.5 3.679417094399764e-09 2.64687593599728e-05 8604
20 3.538296153525571e-09 2.523729964727189e-05 8060
20.5 3.181447347866424e-09 2.306729163990924e-05 7320
21 2.735125670570089e-09 2.012077498763072e-05 6356
21.5 2.195974623383567e-09 1.674903384966182e-05 5348
22 1.858366512654571e-09 1.349738337587427e-05 4308
22.5 1.418840270286188e-09 1.163197190038481e-05 3563
23 9.571262770644009e-10 7.416690764009336e-06 2448
23.5 7.343238691046311e-10 5.652452896216822e-06 1868
24 5.752102313362535e-10 3.975452720834531e-06 1358
24.5 4.298500436200628e-10 3.068412494204142e-06 1062
25 3.355110328610171e-10 2.230315054813373e-06 776
25.5 1.818045199551947e-10 1.214292481211333e-06 432
26 8.700189335427957e-11 6.560015449613926e-07 200
26.5 7.880016481902458e-11 5.104720950643081e-07 168
27 3.223892495687061e-11 2.039183248379045e-07 56
27.5 4.964620285324041e-12 3.948125865275567e-08 7

0.5 7.671124789145275e-13 2.496591739894847e-09 18
1 6.398212482178671e-12 1.465824107770195e-08 62
1.5 1.016806287169728e-11 3.935361331309794e-08 98
2 3.064153690666018e-11 1.359854127197666e-07 210
2.5 6.491505116891917e-11 2.531942031257289e-07 350
3 9.14597431354979e-11 3.211712532533961e-07 450
3.5 1.640237921693885e-10 5.550041363929674e-07 602
4 2.164257023827745e-10 7.884277399157268e-07 762
4.5 3.501288953876375e-10 1.362280848874337e-06 1142
5 3.989875047162362e-10 1.501133351645132e-06 1250
5.5 5.225332135294852e-10 1.952845948108528e-06 1458
6 6.244990646362064e-10 2.497615807178726e-06 1814
6.5 8.715486925018991e-10 3.210250575554566e-06 2178
7 1.075799590754335e-09 3.921947761221439e-06 2498
7.5 1.132025891485289e-09 4.064618548918853e-06 2622
8 1.528176214165767e-09 5.683167949088831e-06 3338
8.5 1.761196917518263e-09 6.78741188772919e-06 3722
9 2.005945492855008e-09 7.636562327340775e-06 4170
9.5 2.124777794576873e-09 8.312532306692674e-06 4358
10 2.478403143635962e-09 9.182138268651965e-06 5034
10.5 2.825703024259634e-09 1.118663725074391e-05 5714
11 3.051315927718751e-09 1.173158351171291e-05 5982
11.5 3.497316736276432e-09 1.363338560650799e-05 6602
12 3.743356738499424e-09 1.500269177895024e-05 7130
12.5 4.359195339732476e-09 1.663997399192514e-05 8034
13 4.648054454617932e-09 1.778512196919604e-05 8606
13.5 4.956349692876673e-09 1.924651473601326e-05 9066
14 5.408609735773801e-09 2.121000694436064e-05 9962
14.5 5.902133578043967e-09 2.241873548309288e-05 10550
15 6.490165180670469e-09 2.469188071858958e-05 11226
15.5 6.816067033592063e-09 2.717244893542742e-05 12146
16 7.079609078045453e-09 2.798756742492248e-05 12303
16.5 7.24749269782539e-09 2.848459967262116e-05 12584
17 6.995632265636453e-09 2.730427391805244e-05 12120
17.5 6.474197541667761e-09 2.472203717367562e-05 11180
18 6.469719908358409e-09 2.492261272318066e-05 11096
18.5 5.701776795479279e-09 2.255239975635477e-05 10056
19 5.473785917525954e-09 2.198924026740595e-05 9716
19.5 4.873982945546054e-09 1.936452701114613e-05 8604
20 4.57024707210223e-09 1.791344511313172e-05 8060
20.5 4.188258791611564e-09 1.64301992179658e-05 7320
21 3.671700282156881e-09 1.450977351702644e-05 6356
21.5 3.109940486944495e-09 1.226798265421456e-05 5348
22 2.537386712857323e-09 9.45987507995842e-06 4308
22.5 2.019614460693291e-09 7.782591445084348e-06 3563
23 1.349790609015019e-09 5.695805139273236e-06 2448
23.5 1.08232852475542e-09 4.198446915658279e-06 1868
24 7.467581418270081e-10 3.098088402210997e-06 1358
24.5 6.288069118921858e-10 2.627065769458712e-06 1062
25 4.277381246933969e-10 1.818587310999822e-06 776
25.5 2.499184209806786e-10 9.822469502558236e-07 432
26 1.356432206512296e-10 5.048814803448685e-07 200
26.5 8.124751203965919e-11 4.048428852062136e-07 168
27 2.902370557341893e-11 2.039597224506445e-07 56
27.5 2.591413046410108e-12 7.375371037242787e-09 7

0.5 2.849693383085298e-12 1.285283619013218e-09 18
1 7.438537610192072e-12 8.314600884793443e-09 62
1.5 1.877813322815444e-11 2.152001298792316e-08 98
2 5.321555137002386e-11 9.51666213528515e-08 210
2.5 1.102069578042181e-10 1.260849589382957e-07 350
3 1.704973916831575e-10 2.141875792394679e-07 450
3.5 2.5575562123157e-10 3.479954481890419e-07 602
4 3.605714709586735e-10 4.993339777042091e-07 762
4.5 5.43152658453734e-10 7.52923322736776e-07 1142
5 6.701864706310744e-10 8.627609932422651e-07 1250
5.5 7.836867187845657e-10 1.167290982454138e-06 1458
6 1.02195532091532e-09 1.417562600645058e-06 1814
6.5 1.291774765480083e-09 1.823813656231691e-06 2178
7 1.587164621579178e-09 2.166600645845702e-06 2498
7.5 1.739705770526244e-09 2.275041127478691e-06 2622
8 2.251810958572671e-09 3.102326570818526e-06 3338
8.5 2.594709611274166e-09 3.46264918266714e-06 3722
9 2.985953107567062e-09 3.945570375814606e-06 4170
9.5 3.052555990301635e-09 4.272306308462639e-06 4358
10 3.765032953934061e-09 4.933170582871139e-06 5034
10.5 4.107530438736792e-09 5.714796566534393e-06 5714
11 4.461482445934895e-09 6.291728693569841e-06 5982
11.5 5.00388532600632e-09 7.066694987865448e-06 6602
12 5.463873469482929e-09 7.996127033105724e-06 7130
12.5 6.331442095546037e-09 9.348605154589064e-06 8034
13 7.221752605889569e-09 9.945132621674773e-06 8606
13.5 7.646397399425191e-09 1.060287937720903e-05 9066
14 8.469521341100774e-09 1.193769009486118e-05 9962
14.5 9.159535295471283e-09 1.319373857172267e-05 10550
15 9.865575862430296e-09 1.433556026358454e-05 11226
15.5 1.123747548937568e-08 1.550258507439974e-05 12146
16 1.127517447821931e-08 1.601444338053922e-05 12303
16.5 1.176663515805986e-08 1.711945657235998e-05 12584
17 1.13086215368414e-08 1.628663828719933e-05 12120
17.5 1.044307673467761e-08 1.538284471550793e-05 11180
18 1.058714684353948e-08 1.5414137797112e-05 11096
18.5 9.64409015315271e-09 1.40753010512851e-05 10056
19 9.25676160277888e-09 1.412913089577471e-05 9716
19.5 8.383829288521229e-09 1.26965268864018e-05 8604
20 7.891980125360394e-09 1.216690281410478e-05 8060
20.5 7.521596090209043e-09 1.07275821531373e-05 7320
21 6.348746305343425e-09 9.406721292170607e-06 6356
21.5 5.372082561240583e-09 8.039688865067211e-06 5348
22 4.505343606382355e-09 6.744248367186364e-06 4308
22.5 3.682220696659025e-09 5.614307251703246e-06 3563
23 2.448620878283488e-09 3.85868540949394e-06 2448
23.5 2.006383617979461e-09 2.881718376591168e-06 1868
24 1.338646163307059e-09 2.145960209377235e-06 1358
24.5 1.156486840407728e-09 1.599721481649828e-06 1062
25 7.746662534105361e-10 1.178949344965123e-06 776
25.5 4.901837652921274e-10 7.45583657772476e-07 432
26 1.96174419690063e-10 3.632848911443029e-07 200
26.5 1.626919229737053e-10 2.696434928123513e-07 168
27 6.184519699423795e-11 9.805254369130777e-08 56
27.5 9.855919105681191e-12 1.15515727240454e-08 7

0.5 1.557679879048724e-11 4.041651645746378e-10 18
1 4.094905616584128e-11 2.869362222366475e-09 62
1.5 1.116737840858504e-10 6.523849457538685e-09 98
2 2.58740201955307e-10 1.616053453792324e-08 210
2.5 5.227432033540942e-10 4.037410695633704e-08 350
3 8.105652903152304e-10 5.00260307843652e-08 450
3.5 1.100022755842072e-09 8.297004936437706e-08 602
4 1.49423909618583e-09 1.160836576331252e-07 762
4.5 2.191117992951262e-09 1.926906192171629e-07 1142
5 2.386469989369208e-09 2.309261853809661e-07 1250
5.5 2.836433256612709e-09 2.632030558618213e-07 1458
6 3.607592381455996e-09 3.303064230285342e-07 1814
6.5 4.544292638477662e-09 4.953984539893281e-07 2178
7 5.003047211813093e-09 5.765014418125627e-07 2498
7.5 5.440047382216557e-09 6.693273691545285e-07 2622
8 6.341153181573043e-09 8.215281806366162e-07 3338
8.5 7.313483192657259e-09 9.876342442477277e-07 3722
9 8.381826132045201e-09 1.197851682512938e-06 4170
9.5 8.927775434046693e-09 1.341594256129838e-06 4358
10 1.008505156866924e-08 1.609893920274491e-06 5034
10.5 1.1641433114983e-08 1.92217138226674e-06 5714
11 1.216975021401686e-08 2.125594160696708e-06 5982
11.5 1.290321460514821e-08 2.359939741635038e-06 6602
12 1.423613160397298e-08 2.705926628542587e-06 7130
12.5 1.64136335472428e-08 3.335192313545393e-06 8034
13 1.796124908886879e-08 3.69109945403718e-06 8606
13.5 1.897640493483356e-08 3.893255709518698e-06 9066
14 2.117351501878321e-08 4.614568050585666e-06 9962
14.5 2.289828560633209e-08 5.030734030944515e-06 10550
15 2.396677861626188e-08 5.68651631890591e-06 11226
15.5 2.658339922009709e-08 6.320410065774767e-06 12146
16 2.691131929209308e-08 6.780813399293388e-06 12303
16.5 2.78042501496709e-08 7.251760854108777e-06 12584
17 2.655440483084273e-08 7.081444056898326e-06 12120
17.5 2.460841426638807e-08 6.610106516420848e-06 11180
18 2.379609781581327e-08 6.834298560943802e-06 11096
18.5 2.186730182906861e-08 6.253527275964662e-06 10056
19 2.138349820894769e-08 6.251743347219636e-06 9716
19.5 1.853646619226622e-08 5.699896732612566e-06 8604
20 1.736508083289029e-08 5.668760332504203e-06 8060
20.5 1.626719735070978e-08 5.222028524417097e-06 7320
21 1.406326262154393e-08 4.568216193456316e-06 6356
21.5 1.212192995349136e-08 4.123991271723798e-06 5348
22 9.515728969270107e-09 3.329685697640844e-06 4308
22.5 7.715371756620016e-09 2.868652871446485e-06 3563
23 5.480228045989924e-09 2.001445110794785e-06 2448
23.5 4.160375671022025e-09 1.481298510004752e-06 1868
24 2.965344179653837e-09 1.107678082454991e-06 1358
24.5 2.153479010767304e-09 8.780021573338237e-07 1062
25 1.764075157906518e-09 7.589236379814594e-07 776
25.5 1.054573874198643e-09 3.583748942149537e-07 432
26 4.343586235641987e-10 1.87833622981732e-07 200
26.5 4.183963806108496e-10 1.474067498221446e-07 168
27 1.426439597646224e-10 3.448853055286438e-08 56
27.5 1.996255002908192e-11 3.214033204747201e-09 7

0.5 1.664052725100363e-12 5.275017927088986e-10 18
1 9.705183266393971e-12 3.175474416527692e-09 62
1.5 2.271489359018391e-11 6.702814161690959e-09 98
2 8.272003008624913e-11 1.910065535246351e-08 210
2.5 1.607914909419524e-10 5.022092742597431e-08 350
3 2.33035946213815e-10 7.329013974310704e-08 450
3.5 3.990092717129736e-10 1.117946559305384e-07 602
4 4.873886846205435e-10 1.552673539163103e-07 762
4.5 7.831599012928428e-10 2.809206312970513e-07 1142
5 9.215875869824081e-10 3.336660514786882e-07 1250
5.5 1.242291684518745e-09 4.122284936405739e-07 1458
6 1.581413739995209e-09 6.035539448635254e-07 1814
6.5 2.061333300933825e-09 7.455437423393631e-07 2178
7 2.428085836306985e-09 9.421126124738694e-07 2498
7.5 2.643678580202474e-09 1.092339873695177e-06 2622
8 3.382551601167133e-09 1.43122678454714e-06 3338
8.5 4.245599124105354e-09 1.730053813875088e-06 3722
9 4.705690776044764e-09 2.071935129513298e-06 4170
9.5 5.299229567142807e-09 2.234367385718741e-06 4358
10 6.072008266962898e-09 2.780571229351994e-06 5034
10.5 6.998763274991466e-09 3.182916618511247e-06 5714
11 7.483275068101422e-09 3.528678258944635e-06 5982
11.5 8.114616266630914e-09 4.148558931282274e-06 6602
12 9.284393212047555e-09 4.462613336234713e-06 7130
12.5 1.060728674039489e-08 5.259954885413088e-06 8034
13 1.17248640854572e-08 5.985633708679581e-06 8606
13.5 1.249183617129532e-08 6.524503598369405e-06 9066
14 1.365675953946123e-08 7.299591632479962e-06 9962
14.5 1.469069103124468e-08 8.098391308172452e-06 10550
15 1.626242734479546e-08 8.806071558127186e-06 11226
15.5 1.768231856172488e-08 9.846504388271166e-06 12146
16 1.822267979699513e-08 1.035944847889135e-05 12303
16.5 1.905480669906632e-08 1.085962246034745e-05 12584
17 1.828521549475907e-08 1.075464262264664e-05 12120
17.5 1.697529660193992e-08 1.009158013594616e-05 11180
18 1.67045437360464e-08 1.049354034270751e-05 11096
18.5 1.552669550782393e-08 9.695304864226928e-06 10056
19 1.515442562538581e-08 9.603680634302348e-06 9716
19.5 1.358095566065116e-08 8.581444009473051e-06 8604
20 1.265327457023368e-08 8.234682884578565e-06 8060
20.5 1.141754472719075e-08 7.618301199251871e-06 7320
21 1.024405858424681e-08 6.990541655400595e-06 6356
21.5 8.900467657039719e-09 5.8541981451312e-06 5348
22 6.582046284476634e-09 4.591556727218643e-06 4308
22.5 5.859182594844864e-09 3.96669979610742e-06 3563
23 4.176391103856598e-09 2.801661010896477e-06 2448
23.5 2.843035894776682e-09 2.141199543103638e-06 1868
24 2.219144189545623e-09 1.645842287712724e-06 1358
24.5 1.600389659741708e-09 1.358211667329787e-06 1062
25 1.224676877570843e-09 9.338058047798156e-07 776
25.5 7.177390520530106e-10 4.925129170333552e-07 432
26 3.383774206012475e-10 2.297418498047643e-07 200
26.5 3.388001176940657e-10 2.430919629815598e-07 168
27 1.203949358617721e-10 8.240000383045211e-08 56
27.5 5.401056181105581e-12 8.208960595028403e-09 7

0.5 3.262766131445382e-13 9.339420664205131e-10 18
1 2.845653571941812e-12 1.021279555111626e-08 62
1.5 6.524450590192901e-12 2.253957695447566e-08 98
2 2.146759555380609e-11 5.799866320664329e-08 210
2.5 4.760033037382971e-11 1.15138347308938e-07 350
3 7.166054225578312e-11 1.634308274178052e-07 450
3.5 1.241949070833697e-10 2.481680231260577e-07 602
4 1.526169062643466e-10 3.744685588342514e-07 762
4.5 2.570856554596556e-10 6.41411973014871e-07 1142
5 3.087775356290898e-10 7.596700395318255e-07 1250
5.5 4.047598867723713e-10 1.033179706566571e-06 1458
6 5.506360784383622e-10 1.29680663429201e-06 1814
6.5 7.099930671678562e-10 1.710661953170082e-06 2178
7 8.513330307744469e-10 2.069094202165959e-06 2498
7.5 9.284786603833572e-10 2.411983585981729e-06 2622
8 1.314734101198841e-09 3.140296123045317e-06 3338
8.5 1.470051962360994e-09 3.676516141854044e-06 3722
9 1.77373862979577e-09 4.399274534389368e-06 4170
9.5 1.914121035004969e-09 5.028489887598467e-06 4358
10 2.311011308454787e-09 5.470604919446516e-06 5034
10.5 2.804947342911707e-09 6.901476265222962e-06 5714
11 2.885496668614603e-09 7.50104071621474e-06 5982
11.5 3.316684452783448e-09 8.292968392582909e-06 6602
12 3.827999718616449e-09 9.364123048980785e-06 7130
12.5 4.466278012267066e-09 1.096423432024153e-05 8034
13 4.801681605595031e-09 1.23394027587852e-05 8606
13.5 5.320154286643986e-09 1.300357118718026e-05 9066
14 5.970911673634346e-09 1.51316249337009e-05 9962
14.5 6.419212726208749e-09 1.662946958174432e-05 10550
15 6.9007034144971e-09 1.84043468677463e-05 11226
15.5 7.823498827046096e-09 1.983491030767222e-05 12146
16 7.942757525965773e-09 2.115654271375461e-05 12303
16.5 8.313253323152633e-09 2.160358568807846e-05 12584
17 8.310034654710516e-09 2.118143382900644e-05 12120
17.5 7.672906647458537e-09 1.926978809656022e-05 11180
18 7.841356156732806e-09 2.030386476172865e-05 11096
18.5 7.091700343919483e-09 1.839343517761469e-05 10056
19 6.826085069338943e-09 1.844700235430898e-05 9716
19.5 5.953519009631821e-09 1.644368430868302e-05 8604
20 5.738205361814411e-09 1.568784770253294e-05 8060
20.5 5.414572427241247e-09 1.407241556563244e-05 7320
21 4.703653498949948e-09 1.287376496772286e-05 6356
21.5 4.013042546079265e-09 1.123990338931319e-05 5348
22 3.206650557396472e-09 8.647040671700339e-06 4308
22.5 2.780819268417363e-09 7.173363827246052e-06 3563
23 1.835210084121742e-09 5.331459548360504e-06 2448
23.5 1.417369289651424e-09 4.040707729435213e-06 1868
24 1.103059543574514e-09 3.071586140218997e-06 1358
24.5 8.414845247623803e-10 2.28012223408285e-06 1062
25 6.185770608537686e-10 1.649221070335306e-06 776
25.5 3.538285543142364e-10 9.498159929670586e-07 432
26 1.846793719503202e-10 4.335402937250951e-07 200
26.5 1.179397815941425e-10 3.612745039628557e-07 168
27 5.366462896375969e-11 1.406961398941386e-07 56
27.5 3.956238063111963e-12 4.465845878640723e-09 7

0.5 3.435186221033484e-13 2.509699465643521e-09 18
1 2.638686483463622e-12 1.257794095990706e-08 62
1.5 5.425491134522251e-12 3.070875310257024e-08 98
2 1.269760682190684e-11 8.267092633961089e-08 210
2.5 2.980214647156647e-11 1.798570388301121e-07 350
3 4.191709533215128e-11 2.661201712384488e-07 450
3.5 6.787312993258074e-11 3.992083693530769e-07 602
4 9.432132532678991e-11 6.308087064428381e-07 762
4.5 1.834486533513532e-10 1.013870222968326e-06 1142
5 1.96279115059051e-10 1.278654942806629e-06 1250
5.5 2.622097385865384e-10 1.570150018851375e-06 1458
6 3.586783839453689e-10 2.112830766927988e-06 1814
6.5 4.532353140372323e-10 2.677203594609602e-06 2178
7 5.35564030337489e-10 3.531792886990293e-06 2498
7.5 5.976099006555617e-10 3.601123929660059e-06 2622
8 7.871629234138706e-10 4.888242249367806e-06 3338
8.5 9.624470209083989e-10 6.258675750665153e-06 3722
9 1.075847788410822e-09 6.95517451692337e-06 4170
9.5 1.219318480374668e-09 7.528377774487668e-06 4358
10 1.387486052743664e-09 8.717315572510921e-06 5034
10.5 1.693039697937555e-09 1.048718596969142e-05 5714
11 1.820160608327559e-09 1.138440963670445e-05 5982
11.5 2.044490073149685e-09 1.27094229705813e-05 6602
12 2.33685028455306e-09 1.440901262097561e-05 7130
12.5 2.696126960190316e-09 1.62698955529198e-05 8034
13 2.921637825067577e-09 1.827082763274883e-05 8606
13.5 3.214673801793224e-09 1.939864630768853e-05 9066
14 3.544104759019968e-09 2.255422022119266e-05 9962
14.5 3.885877464674537e-09 2.408020362626497e-05 10550
15 4.122149504943428e-09 2.641656362193095e-05 11226
15.5 4.672640951093497e-09 2.906740714962772e-05 12146
16 4.800552690299789e-09 3.049812516491112e-05 12303
16.5 4.856641248839885e-09 3.185502192277177e-05 12584
17 4.790664238882665e-09 3.102495536885336e-05 12120
17.5 4.472401635617083e-09 2.876424153083021e-05 11180
18 4.532477065010309e-09 2.909864873800401e-05 11096
18.5 4.207697427471244e-09 2.655323108878153e-05 10056
19 4.024715559768538e-09 2.543968674745507e-05 9716
19.5 3.735119961437549e-09 2.401791449181753e-05 8604
20 3.46414005339872e-09 2.269946530041398e-05 8060
20.5 3.170055860462049e-09 2.093078264973118e-05 7320
21 2.783359826487038e-09 1.831525376760983e-05 6356
21.5 2.415273983633259e-09 1.557053968367486e-05 5348
22 1.888320840593223e-09 1.266283602280779e-05 4308
22.5 1.671742851910864e-09 1.033037777832309e-05 3563
23 1.144084930844397e-09 7.19278807053038e-06 2448
23.5 8.602624337840191e-10 5.768885491855258e-06 1868
24 6.107210193954923e-10 4.171628408622321e-06 1358
24.5 4.614753693081638e-10 3.353137759041057e-06 1062
25 3.50245069367589e-10 2.375094285984337e-06 776
25.5 2.01414892011893e-10 1.231263059082649e-06 432
26 1.016065586049521e-10 6.062882150586504e-07 200
26.5 7.693882103062536e-11 4.535900321730028e-07 168
27 2.805264514038635e-11 1.457236381495131e-07 56
27.5 5.352604677155646e-12 1.10433725989135e-08 7

0.5 1.742398191410112e-13 1.707941282598637e-09 18
1 1.524704494257264e-12 1.373610309848853e-08 62
1.5 4.70122428647844e-12 3.611220867165947e-08 98
2 1.207790364661159e-11 8.884118996083568e-08 210
2.5 2.201828920464829e-11 2.332843937571265e-07 350
3 3.65368299706351e-11 3.272299236144628e-07 450
3.5 6.011989942743358e-11 4.69576254641088e-07 602
4 8.45545113985972e-11 7.133077703612374e-07 762
4.5 1.300449543172898e-10 1.133796908259845e-06 1142
5 1.713209706487594e-10 1.423570881260545e-06 1250
5.5 2.058789463493915e-10 1.803949538824655e-06 1458
6 2.69393325674644e-10 2.497183312233126e-06 1814
6.5 3.487546359934017e-10 3.28363849382047e-06 2178
7 4.227038099713776e-10 3.909885738989961e-06 2498
7.5 4.799094561748054e-10 4.526441013685202e-06 2622
8 6.446183103402576e-10 5.886621204787343e-06 3338
8.5 7.767188429341806e-10 6.979162648998653e-06 3722
9 8.654400974142574e-10 8.065896933391792e-06 4170
9.5 9.761019062257577e-10 8.449270502084722e-06 4358
10 1.167680853432017e-09 1.058360048369193e-05 5034
10.5 1.375868031330704e-09 1.237749640994173e-05 5714
11 1.480321231491297e-09 1.365464524530746e-05 5982
11.5 1.716031040452195e-09 1.545477903592901e-05 6602
12 1.841848484405677e-09 1.626537056936664e-05 7130
12.5 2.185718892636455e-09 1.97199664707403e-05 8034
13 2.395387262082941e-09 2.170763734453977e-05 8606
13.5 2.578670438358515e-09 2.344440964125967e-05 9066
14 2.948260629223955e-09 2.710992733618622e-05 9962
14.5 3.205658507023614e-09 2.898788627754504e-05 10550
15 3.513339355635423e-09 3.177593433544228e-05 11226
15.5 3.920771012079053e-09 3.519939837503029e-05 12146
16 4.039845047474442e-09 3.597397921825815e-05 12303
16.5 4.180248576134718e-09 3.85033608609298e-05 12584
17 4.100569899991756e-09 3.597759294773942e-05 12120
17.5 3.864397052092399e-09 3.458256315883353e-05 11180
18 3.788464085089896e-09 3.494197971927357e-05 11096
18.5 3.512130568903359e-09 3.207163811018738e-05 10056
19 3.532954020898066e-09 3.022431444632719e-05 9716
19.5 3.133236651421691e-09 2.854605849177632e-05 8604
20 2.935309374109812e-09 2.821760869496241e-05 8060
20.5 2.82757089422223e-09 2.434327387942182e-05 7320
21 2.381108077878687e-09 2.209733465211904e-05 6356
21.5 2.108339836297686e-09 1.938119479651119e-05 5348
22 1.59318080142228e-09 1.563424863575604e-05 4308
22.5 1.397564152514374e-09 1.288503832014184e-05 3563
23 9.586757275027457e-10 9.183366266751349e-06 2448
23.5 7.918307760575765e-10 7.053159356630627e-06 1868
24 5.566342325955633e-10 5.107112209130287e-06 1358
24.5 4.162521746704362e-10 4.312972342249287e-06 1062
25 3.160379711990814e-10 2.961829394883557e-06 776
25.5 1.865260420570409e-10 1.620101398663571e-06 432
26 8.860718936257532e-11 8.361210423324412e-07 200
26.5 8.053306108492329e-11 5.56081269237801e-07 168
27 2.374443347952626e-11 2.295876827514894e-07 56
27.5 1.912250944486472e-12 2.000001044287897e-08 7

0.5 1.767768332293365e-13 2.634524351523663e-09 18
1 1.63631793009724e-12 9.423602455461143e-09 62
1.5 2.444218468915163e-12 2.416314708869054e-08 98
2 1.067332482431648e-11 8.72462726543931e-08 210
2.5 1.73893595540065e-11 1.53004106875156e-07 350
3 3.209312523812424e-11 2.695048352010319e-07 450
3.5 5.627046587442744e-11 4.567455435936251e-07 602
4 6.75325964081578e-11 5.724117054681999e-07 762
4.5 1.206315504954425e-10 1.001090198538999e-06 1142
5 1.386779569987678e-10 1.161653894401997e-06 1250
5.5 1.703643788520022e-10 1.673051302922003e-06 1458
6 2.495994812584076e-10 2.072108835951432e-06 1814
6.5 3.318691260150051e-10 2.911246418603584e-06 2178
7 3.898088912956764e-10 3.51558669580414e-06 2498
7.5 4.420681348765085e-10 3.878371206429105e-06 2622
8 5.853449332189273e-10 5.473752713016964e-06 3338
8.5 6.924867541877366e-10 6.139430314752234e-06 3722
9 7.784222238972324e-10 7.198390846742665e-06 4170
9.5 9.290134480617862e-10 8.206166824873391e-06 4358
10 1.062642830302521e-09 9.978266859240624e-06 5034
10.5 1.274814288067118e-09 1.156564287368757e-05 5714
11 1.38097733672471e-09 1.26758562308718e-05 5982
11.5 1.606003873727431e-09 1.447892355569606e-05 6602
12 1.822613500668441e-09 1.613370470442359e-05 7130
12.5 2.162562078135893e-09 1.931522895357094e-05 8034
13 2.405406310584093e-09 2.111427432995331e-05 8606
13.5 2.543273281131212e-09 2.331151614112696e-05 9066
14 2.871372682451507e-09 2.66724589270077e-05 9962
14.5 3.225811273780485e-09 2.900827281833683e-05 10550
15 3.503223896618477e-09 3.232893641625335e-05 11226
15.5 3.865071568546259e-09 3.593375829772266e-05 12146
16 4.004191210138075e-09 3.714631498750889e-05 12303
16.5 4.299913006808443e-09 3.840433607912939e-05 12584
17 4.275617584489951e-09 3.848847430077888e-05 12120
17.5 3.985332491707408e-09 3.736462117076022e-05 11180
18 4.118635184473953e-09 3.637139979969767e-05 11096
18.5 3.827366201739451e-09 3.510423422995298e-05 10056
19 3.842885603247527e-09 3.407060319860723e-05 9716
19.5 3.328184320259923e-09 3.14624079292767e-05 8604
20 3.221507092882026e-09 2.882539878389459e-05 8060
20.5 3.038749943501937e-09 2.749777235835245e-05 7320
21 2.615836241047446e-09 2.488014036591734e-05 6356
21.5 2.245319516435133e-09 2.123548124243896e-05 5348
22 1.963785809485268e-09 1.72332043266657e-05 4308
22.5 1.508249107837902e-09 1.403518049419568e-05 3563
23 1.10324034125407e-09 1.031593057642683e-05 2448
23.5 8.419561705228137e-10 7.591944670110161e-06 1868
24 6.386352374147064e-10 5.601482218392738e-06 1358
24.5 5.101780786759393e-10 4.539420183399729e-06 1062
25 3.688440721574209e-10 3.112403332835093e-06 776
25.5 2.263722416028774e-10 2.007788352073914e-06 432
26 1.134789375291222e-10 8.897099742059009e-07 200
26.5 8.684756647076396e-11 9.58053269301902e-07 168
27 4.335362188602726e-11 2.537543846898124e-07 56
27.5 8.171504664346936e-12 9.393644521597023e-09 7

0.5 1.805500587519831e-13 2.262957587100953e-09 18
1 1.130701867706514e-12 8.222399568301416e-09 62
1.5 2.975953889093324e-12 2.575705252568148e-08 98
2 9.50163861616743e-12 8.134782272559243e-08 210
2.5 2.132984926322014e-11 1.624314867630328e-07 350
3 3.744309265473225e-11 2.403446057120564e-07 450
3.5 4.499172894700742e-11 3.508021598996211e-07 602
4 7.509098002814587e-11 5.352536119445826e-07 762
4.5 1.30446918615139e-10 9.170500605370954e-07 1142
5 1.474750482443583e-10 1.122207223954102e-06 1250
5.5 1.900408925288998e-10 1.45147945265778e-06 1458
6 2.645158650862217e-10 1.921726823118754e-06 1814
6.5 3.366683935254695e-10 2.397921782764165e-06 2178
7 4.190641074832547e-10 3.203549064148075e-06 2498
7.5 4.814091574066076e-10 3.478449449841034e-06 2622
8 6.728391543319368e-10 4.797559735996739e-06 3338
8.5 7.937173934939342e-10 5.553199998151386e-06 3722
9 8.86713872021268e-10 6.525847393391406e-06 4170
9.5 9.896674458449921e-10 7.218311994173458e-06 4358
10 1.199907784987021e-09 8.83757386191312e-06 5034
10.5 1.410811447336935e-09 1.041447224100771e-05 5714
11 1.546975504063689e-09 1.188868046803748e-05 5982
11.5 1.785133228968283e-09 1.297545997359168e-05 6602
12 1.971300425852148e-09 1.493417899501425e-05 7130
12.5 2.317994304878634e-09 1.771775444077316e-05 8034
13 2.556373839666802e-09 1.927154812477688e-05 8606
13.5 2.777513041632818e-09 2.064253542466133e-05 9066
14 3.129674095602171e-09 2.435767377770699e-05 9962
14.5 3.470530867918257e-09 2.596255173127034e-05 10550
15 3.8268460894408e-09 2.786036711827867e-05 11226
15.5 4.266833145431501e-09 3.205386337711451e-05 12146
16 4.391947515323673e-09 3.309610975521706e-05 12303
16.5 4.576110158388564e-09 3.565636258822505e-05 12584
17 4.544881864465143e-09 3.473101297503782e-05 12120
17.5 4.291916639964865e-09 3.262275857281254e-05 11180
18 4.378037905267761e-09 3.301990338280403e-05 11096
18.5 4.056227980852906e-09 3.083367477864388e-05 10056
19 4.021915982062722e-09 3.119029183080505e-05 9716
19.5 3.755813905828138e-09 2.822101283995756e-05 8604
20 3.555483459552914e-09 2.70057401398376e-05 8060
20.5 3.280230247144278e-09 2.451414097009057e-05 7320
21 2.864714114779852e-09 2.252906136074439e-05 6356
21.5 2.412252402486043e-09 1.905072357366624e-05 5348
22 2.020565070312111e-09 1.561241367189303e-05 4308
22.5 1.614547933156061e-09 1.322400587172607e-05 3563
23 1.187019464536904e-09 9.697094890110223e-06 2448
23.5 9.433009635437631e-10 7.364683358505646e-06 1868
24 6.865641655282585e-10 5.379712517562795e-06 1358
24.5 5.688997886147312e-10 4.294404068335109e-06 1062
25 3.928559888499605e-10 3.392942767000602e-06 776
25.5 2.369013658194992e-10 1.629120480159628e-06 432
26 1.13515891773883e-10 7.626112513231402e-07 200
26.5 1.01131157413653e-10 7.84311903412304e-07 168
27 3.509239077328208e-11 2.066680898014659e-07 56
27.5 5.787884681507342e-12 3.7224801726964e-08 7

0.5 2.116816848817345e-13 1.436457641306912e-09 18
1 2.2441101272754e-12 9.468401928122246e-09 62
1.5 4.868109511913507e-12 1.977704912983977e-08 98
2 1.134713852699266e-11 6.773137877430319e-08 210
2.5 2.655860100390049e-11 1.310432609635607e-07 350
3 3.988515418582787e-11 1.898751435388387e-07 450
3.5 5.792989046873492e-11 3.264130124922762e-07 602
4 9.875997153143581e-11 4.488282982797001e-07 762
4.5 1.537285969912864e-10 7.984461403729693e-07 1142
5 1.970178727694572e-10 9.04562742594242e-07 1250
5.5 2.415167920196957e-10 1.175781833867481e-06 1458
6 3.16701442640399e-10 1.620440195627031e-06 1814
6.5 4.066216671616678e-10 2.0839723122082e-06 2178
7 5.275611266952617e-10 2.635683797532579e-06 2498
7.5 5.654900111599709e-10 2.970670009753096e-06 2622
8 7.737254936179571e-10 4.023554730691941e-06 3338
8.5 9.313148078767838e-10 4.843109433515379e-06 3722
9 1.071817857496256e-09 5.654421262773537e-06 4170
9.5 1.212369172620821e-09 6.231837112993602e-06 4358
10 1.475370756162744e-09 7.447854432085589e-06 5034
10.5 1.721959295539714e-09 8.980717024915142e-06 5714
11 1.895134636371529e-09 9.855996958214024e-06 5982
11.5 2.117244194764181e-09 1.08732236517694e-05 6602
12 2.373812939998842e-09 1.201089942129525e-05 7130
12.5 2.848065720419111e-09 1.458475439565302e-05 8034
13 3.171638047535687e-09 1.641092410603558e-05 8606
13.5 3.353722105869778e-09 1.795074044499487e-05 9066
14 3.780472728781878e-09 2.031951957078722e-05 9962
14.5 4.368263591003328e-09 2.226188376641534e-05 10550
15 4.650092658659626e-09 2.444116054382619e-05 11226
15.5 5.165664485048712e-09 2.69076014925558e-05 12146
16 5.384646579340577e-09 2.826821839289314e-05 12303
16.5 5.727005522797794e-09 3.014089433410173e-05 12584
17 5.52657735816601e-09 2.961158315063158e-05 12120
17.5 5.309529013689152e-09 2.835613737743235e-05 11180
18 5.414769889766871e-09 2.775701014929623e-05 11096
18.5 4.925096362073952e-09 2.699573409034025e-05 10056
19 4.995692383864266e-09 2.555468770369794e-05 9716
19.5 4.506843569006711e-09 2.324716042743661e-05 8604
20 4.423651701169642e-09 2.233251243926128e-05 8060
20.5 4.075461098101886e-09 2.093851892255371e-05 7320
21 3.531537029492231e-09 1.877193868099718e-05 6356
21.5 2.967686813333031e-09 1.679572560744228e-05 5348
22 2.548445372543919e-09 1.321322785959044e-05 4308
22.5 2.111978933799615e-09 1.085483161189814e-05 3563
23 1.55011977078451e-09 7.855982019294775e-06 2448
23.5 1.110707404680151e-09 5.99799302249487e-06 1868
24 8.221771361797079e-10 4.269596826248371e-06 1358
24.5 6.18739214464166e-10 3.703190304010847e-06 1062
25 4.453776779928169e-10 2.576003624290458e-06 776
25.5 2.579898825510855e-10 1.402007864647542e-06 432
26 1.227703684658977e-10 5.837740931953092e-07 200
26.5 9.731772225972239e-11 7.076416300056158e-07 168
27 3.848790199942479e-11 3.324942360798738e-07 56
27.5 4.449159832487155e-12 3.309116778637379e-08 7

0.5 4.411508672937795e-13 5.969613215288266e-10 18
1 3.650200868299624e-12 1.029135322680224e-08 62
1.5 6.97628929562248e-12 2.119524562680611e-08 98
2 1.888295831040558e-11 5.515991843089956e-08 210
2.5 3.858160800347189e-11 1.099596732367597e-07 350
3 6.518326490739705e-11 1.583334743814464e-07 450
3.5 9.393739615634698e-11 2.664363952446955e-07 602
4 1.418947015548208e-10 3.754322123524933e-07 762
4.5 2.569375709477401e-10 6.548830746554551e-07 1142
5 3.047655679818208e-10 8.232794594067506e-07 1250
5.5 3.731356821470491e-10 9.08020920943528e-07 1458
6 4.794232624929425e-10 1.286148511072667e-06 1814
6.5 6.284293306192869e-10 1.766434391135353e-06 2178
7 7.593386115449133e-10 2.093152879387199e-06 2498
7.5 8.635791232161363e-10 2.350140636744753e-06 2622
8 1.173404693427312e-09 3.268158216747786e-06 3338
8.5 1.346252695334439e-09 3.994280397916609e-06 3722
9 1.56244521360182e-09 4.542001495389343e-06 4170
9.5 1.708850493105759e-09 5.077595460309601e-06 4358
10 2.101738246039053e-09 6.01927711230262e-06 5034
10.5 2.435495480525104e-09 7.222976406309078e-06 5714
11 2.726971090891389e-09 7.894485841924018e-06 5982
11.5 3.140178791776035e-09 9.271658747309573e-06 6602
12 3.540403096327859e-09 1.038233546327324e-05 7130
12.5 4.048345832308653e-09 1.24173731802277e-05 8034
13 4.60817483676282e-09 1.354191994039386e-05 8606
13.5 4.916200131800658e-09 1.456964230662005e-05 9066
14 5.646583016831335e-09 1.667493751582e-05 9962
14.5 6.001075800416353e-09 1.894681275041991e-05 10550
15 6.664186042169865e-09 1.964007586562056e-05 11226
15.5 7.387898331223192e-09 2.19932107903496e-05 12146
16 7.503544091590633e-09 2.401597276940207e-05 12303
16.5 8.065789596846615e-09 2.53721820476753e-05 12584
17 7.856485113353137e-09 2.441607874621064e-05 12120
17.5 7.628201855619868e-09 2.352407777827013e-05 11180
18 7.566303206534238e-09 2.373476425662117e-05 11096
18.5 7.204024864773734e-09 2.225044721527397e-05 10056
19 6.879092617909409e-09 2.151042658986414e-05 9716
19.5 6.495607279905142e-09 1.994419657422945e-05 8604
20 6.04056537908389e-09 1.901927061004285e-05 8060
20.5 5.673747453699817e-09 1.767998306084397e-05 7320
21 5.110566077773494e-09 1.509709271436724e-05 6356
21.5 4.191380307561278e-09 1.323745197726422e-05 5348
22 3.464437562746672e-09 1.109058416649293e-05 4308
22.5 2.759396461087957e-09 9.372986642137656e-06 3563
23 2.101667539140123e-09 6.440658167490748e-06 2448
23.5 1.628523148608159e-09 5.254763081417442e-06 1868
24 1.268077668053009e-09 3.769790739541375e-06 1358
24.5 8.784446782054108e-10 2.956830815706582e-06 1062
25 6.591954407435314e-10 2.312837358693415e-06 776
25.5 4.353881926525509e-10 1.342132747625078e-06 432
26 2.309460500415404e-10 5.553259061758791e-07 200
26.5 1.33529400813454e-10 4.962786802228156e-07 168
27 4.770214696595716e-11 1.934579233805817e-07 56
27.5 6.49050954741598e-13 3.568511575713866e-08 7

0.5 6.7305171906968e-13 7.921435783127337e-10 18
1 2.489339588169187e-12 8.940847802066368e-09 62
1.5 7.027565511688195e-12 1.882554041046338e-08 98
2 1.965184765084689e-11 4.360672923665912e-08 210
2.5 4.095783027502435e-11 1.156809813406062e-07 350
3 6.487258933902098e-11 1.847858283173704e-07 450
3.5 9.155656131875107e-11 2.675695197511009e-07 602
4 1.477756567091777e-10 3.590696117831669e-07 762
4.5 2.305026300258908e-10 6.665065971709753e-07 1142
5 2.841365159116425e-10 7.772726696682285e-07 1250
5.5 3.450872730975447e-10 1.000038079119037e-06 1458
6 5.250182357851901e-10 1.300562563168774e-06 1814
6.5 6.625354299798015e-10 1.750663808418577e-06 2178
7 7.682067806937233e-10 2.071429615096788e-06 2498
7.5 8.273791216113803e-10 2.275129660801685e-06 2622
8 1.179344078589206e-09 3.152558214574403e-06 3338
8.5 1.401906307244857e-09 3.573530321174457e-06 3722
9 1.65513293534619e-09 4.299558247574139e-06 4170
9.5 1.732818003650905e-09 4.759347479032872e-06 4358
10 2.070738242231825e-09 5.620608526016095e-06 5034
10.5 2.543315772208656e-09 6.822837975585652e-06 5714
11 2.649777099732857e-09 7.281976729194296e-06 5982
11.5 3.134745710114215e-09 8.58619314480109e-06 6602
12 3.433366786320089e-09 9.522371021489408e-06 7130
12.5 4.065693946041654e-09 1.105495011703617e-05 8034
13 4.569734691779964e-09 1.215382625991983e-05 8606
13.5 4.949785984260718e-09 1.32555831651759e-05 9066
14 5.559764817402022e-09 1.4860663853965e-05 9962
14.5 6.087105042953148e-09 1.62181177528522e-05 10550
15 6.713776319893765e-09 1.794808706692342e-05 11226
15.5 7.435612230358352e-09 1.983822179964359e-05 12146
16 7.60417985168405e-09 2.091035622197596e-05 12303
16.5 7.982032964999552e-09 2.215065814136362e-05 12584
17 8.076522372841262e-09 2.163849515355999e-05 12120
17.5 7.546221653440501e-09 2.05575200874808e-05 11180
18 7.668253767223487e-09 2.094152140588158e-05 11096
18.5 7.056123344627899e-09 1.913187498500121e-05 10056
19 6.952876932627716e-09 1.939560818238224e-05 9716
19.5 6.336295829275602e-09 1.732188643526113e-05 8604
20 5.900326904246437e-09 1.65455840347839e-05 8060
20.5 5.486748834170865e-09 1.543703698446813e-05 7320
21 5.074548837681626e-09 1.393173710264525e-05 6356
21.5 4.269524786324351e-09 1.173349095130767e-05 5348
22 3.457409857532781e-09 9.833063599593991e-06 4308
22.5 2.971693330796158e-09 8.118584343065784e-06 3563
23 2.089202925204976e-09 5.741218041301725e-06 2448
23.5 1.562225878796511e-09 4.746933034405498e-06 1868
24 1.082669242031271e-09 3.254026489969626e-06 1358
24.5 9.788751002367903e-10 2.684206410014658e-06 1062
25 6.512477172542014e-10 1.877621303071693e-06 776
25.5 4.178431094787652e-10 1.120393753706226e-06 432
26 2.054881644488419e-10 5.788275904099697e-07 200
26.5 1.764472412628302e-10 4.39258052635684e-07 168
27 4.703695862974747e-11 1.449737333741637e-07 56
27.5 1.751203106966475e-11 1.780033260441964e-08 7

0.5 6.987553443923604e-13 1.104848051906734e-09 18
1 1.763418517058231e-12 5.396172710321665e-09 62
1.5 7.693290099948631e-12 1.680637958992058e-08 98
2 1.681949690185093e-11 5.160317768537262e-08 210
2.5 3.777770223661303e-11 1.17516709213666e-07 350
3 6.038238874849637e-11 1.539779424506933e-07 450
3.5 1.047297224861153e-10 2.405514580809782e-07 602
4 1.393168494628302e-10 3.529193813978296e-07 762
4.5 2.126634798768898e-10 6.211410324209604e-07 1142
5 2.75405154527618e-10 7.211717398784315e-07 1250
5.5 3.767520889714689e-10 9.693432116845836e-07 1458
6 4.794233591145737e-10 1.251871586859506e-06 1814
6.5 6.365441272282776e-10 1.62832999293117e-06 2178
7 7.758088943042962e-10 1.975020277265836e-06 2498
7.5 8.758857362380633e-10 2.204448042593576e-06 2622
8 1.170941609592047e-09 3.136279503990849e-06 3338
8.5 1.38948772555814e-09 3.571389871277224e-06 3722
9 1.55518109818413e-09 4.112914276362964e-06 4170
9.5 1.744562218212435e-09 4.720380355336936e-06 4358
10 2.098632983029969e-09 5.641237396839702e-06 5034
10.5 2.458025415608774e-09 6.830744163558334e-06 5714
11 2.725199006419485e-09 7.346782428159976e-06 5982
11.5 3.168109677356659e-09 8.628089699157256e-06 6602
12 3.382245984623752e-09 9.811134524296508e-06 7130
12.5 4.076238177672051e-09 1.109881040242024e-05 8034
13 4.579896988957704e-09 1.238341096389557e-05 8606
13.5 4.921162113983865e-09 1.362742502317804e-05 9066
14 5.418955880865615e-09 1.568568273262742e-05 9962
14.5 5.986294523440734e-09 1.695936714096789e-05 10550
15 6.608156970492436e-09 1.874988713587617e-05 11226
15.5 7.336756877762397e-09 2.094185288905191e-05 12146
16 7.59774698390642e-09 2.20090298051982e-05 12303
16.5 7.840533172842336e-09 2.268938339317097e-05 12584
17 8.096995571502577e-09 2.235762747800844e-05 12120
17.5 7.554257465323618e-09 2.127470172086296e-05 11180
18 7.446240159609299e-09 2.204633214064872e-05 11096
18.5 6.938136756123184e-09 2.009970879669898e-05 10056
19 7.003031584806696e-09 1.987732579291282e-05 9716
19.5 6.069171751614957e-09 1.761956460634662e-05 8604
20 6.051590351656877e-09 1.713550328357056e-05 8060
20.5 5.450101370301806e-09 1.62199344610094e-05 7320
21 4.859416776057403e-09 1.391895086321025e-05 6356
21.5 4.267732587259374e-09 1.221707021519435e-05 5348
22 3.538196797751613e-09 9.782902766002785e-06 4308
22.5 2.825317460752632e-09 8.658131602873616e-06 3563
23 2.004440605879817e-09 5.953062167823165e-06 2448
23.5 1.476319264337247e-09 4.491750839197902e-06 1868
24 1.181976217319743e-09 3.560041401865952e-06 1358
24.5 8.833065835842427e-10 2.920720987697664e-06 1062
25 6.328179628004132e-10 1.998988894972346e-06 776
25.5 4.182533579592343e-10 1.225672578980657e-06 432
26 1.875130273394647e-10 5.110359441295779e-07 200
26.5 1.453588610886411e-10 4.498115722971284e-07 168
27 4.966876320571543e-11 1.779767197800076e-07 56
27.5 8.527917097916537e-12 2.278821104545189e-08 7

0.5 7.631958776532479e-13 1.083377607245999e-09 18
1 4.507212553755336e-12 7.991214134675675e-09 62
1.5 8.910618193855456e-12 1.985385291757565e-08 98
2 2.380382571139044e-11 5.331704628146726e-08 210
2.5 5.369319307529536e-11 1.072483581250197e-07 350
3 7.073604236290237e-11 1.70670162302068e-07 450
3.5 1.215413076514257e-10 2.792574164110665e-07 602
4 1.713686661280216e-10 3.419652814639275e-07 762
4.5 2.605125000016898e-10 6.203451265733073e-07 1142
5 3.054125426305894e-10 7.411821826786703e-07 1250
5.5 3.66700874652865e-10 9.341932559944424e-07 1458
6 5.264304563276466e-10 1.205031138913075e-06 1814
6.5 7.020813160634942e-10 1.654832980034665e-06 2178
7 8.438562540190961e-10 2.030703207481577e-06 2498
7.5 9.418479907582561e-10 2.293223020288339e-06 2622
8 1.247204172531767e-09 3.227689144931211e-06 3338
8.5 1.492175445125102e-09 3.666802273791936e-06 3722
9 1.758372628890435e-09 4.161699961008607e-06 4170
9.5 1.872135547544711e-09 4.649099377031088e-06 4358
10 2.317093314580414e-09 5.824615947247323e-06 5034
10.5 2.738114371501935e-09 7.011743706698624e-06 5714
11 3.015973462718994e-09 7.827592238444443e-06 5982
11.5 3.50412324973283e-09 9.058457015467957e-06 6602
12 3.876076736691144e-09 1.004997140583427e-05 7130
12.5 4.375717934736933e-09 1.163731445040036e-05 8034
13 4.879907042668981e-09 1.263248032336245e-05 8606
13.5 5.419654769855344e-09 1.39939382601703e-05 9066
14 6.05569126967337e-09 1.62636088132631e-05 9962
14.5 6.635719336712318e-09 1.74581580957693e-05 10550
15 7.282051803683745e-09 1.977314539586758e-05 11226
15.5 8.038519543648689e-09 2.188878481264704e-05 12146
16 8.603538797244907e-09 2.286004031918501e-05 12303
16.5 8.971396026845897e-09 2.396079299926883e-05 12584
17 8.670214324302217e-09 2.356814890562481e-05 12120
17.5 8.327462755359255e-09 2.234714119764197e-05 11180
18 8.220113034563692e-09 2.266507101747812e-05 11096
18.5 7.75867372770371e-09 2.065226171138093e-05 10056
19 7.497085207245958e-09 2.030806631607635e-05 9716
19.5 6.738356615260342e-09 1.910606082297197e-05 8604
20 6.336754421476344e-09 1.841207894590141e-05 8060
20.5 6.050141264525878e-09 1.703547456353118e-05 7320
21 5.344522712083947e-09 1.50909363683895e-05 6356
21.5 4.52090587133276e-09 1.293051085278047e-05 5348
22 3.732321380018402e-09 1.067369454884311e-05 4308
22.5 3.098921249772931e-09 9.546158707478908e-06 3563
23 2.117118653456598e-09 6.225229450074237e-06 2448
23.5 1.659447710107756e-09 4.492154180817378e-06 1868
24 1.214952218359679e-09 3.849268019156574e-06 1358
24.5 1.011270154664293e-09 2.975600400336423e-06 1062
25 6.901026427077392e-10 2.218810163932119e-06 776
25.5 3.693805326510184e-10 1.286376002718815e-06 432
26 1.988908398433905e-10 4.361337268890042e-07 200
26.5 2.218058328642287e-10 4.856998684168988e-07 168
27 5.698735764776719e-11 1.260096310601671e-07 56
27.5 2.606167347125211e-12 2.459880973586902e-08 7

0.5 2.063599276106899e-13 1.131464479526767e-09 18
1 2.677753456076047e-12 6.24110544026223e-09 62
1.5 5.368911612491368e-12 1.773544462252165e-08 98
2 1.345410284850835e-11 6.042863042166017e-08 210
2.5 3.375138762050391e-11 1.090531823552717e-07 350
3 4.745230140464724e-11 1.86151150706982e-07 450
3.5 7.330830249189084e-11 3.021022609596347e-07 602
4 9.670349927650771e-11 4.010491378872348e-07 762
4.5 1.796094721169546e-10 7.11048574778947e-07 1142
5 2.03056435419892e-10 8.949858512948792e-07 1250
5.5 2.759421441809492e-10 1.103416053790448e-06 1458
6 3.755437124908984e-10 1.510385992656506e-06 1814
6.5 4.979672116877855e-10 1.886675752515176e-06 2178
7 6.104199939165389e-10 2.308329088120158e-06 2498
7.5 6.967115845444292e-10 2.621694382811701e-06 2622
8 9.134318269567309e-10 3.542054335060196e-06 3338
8.5 1.125248518186257e-09 4.163013822656251e-06 3722
9 1.309119933423455e-09 4.909221647475435e-06 4170
9.5 1.434425809726129e-09 5.565537578280038e-06 4358
10 1.703969632605598e-09 6.734311724714149e-06 5034
10.5 2.062472104976902e-09 8.343611732828304e-06 5714
11 2.26044934408023e-09 8.568335612764705e-06 5982
11.5 2.581623918560023e-09 1.003791832586805e-05 6602
12 2.928225873006725e-09 1.142236546423057e-05 7130
12.5 3.400111825724811e-09 1.360868974175007e-05 8034
13 3.746449011429005e-09 1.474683595069705e-05 8606
13.5 4.142378483664274e-09 1.602313787466855e-05 9066
14 4.666062294353273e-09 1.894718763622435e-05 9962
14.5 5.133287697264516e-09 2.055096783825812e-05 10550
15 5.582675508729691e-09 2.251693672367044e-05 11226
15.5 6.281585743804124e-09 2.531210178222127e-05 12146
16 6.505888991674979e-09 2.663405996105385e-05 12303
16.5 6.766956409106011e-09 2.807791721985829e-05 12584
17 6.869006111070077e-09 2.730413374785448e-05 12120
17.5 6.564129386741642e-09 2.578075158085087e-05 11180
18 6.547789000041552e-09 2.682870852181779e-05 11096
18.5 6.153088715374471e-09 2.504350116143608e-05 10056
19 6.089971203877244e-09 2.442388926527863e-05 9716
19.5 5.701673110933595e-09 2.224059699014122e-05 8604
20 5.288944684534727e-09 2.121842717574385e-05 8060
20.5 4.710663346199358e-09 1.967479556347682e-05 7320
21 4.293814730802269e-09 1.803822984130481e-05 6356
21.5 3.602602965458473e-09 1.54164280973872e-05 5348
22 2.944308033022295e-09 1.263011933940698e-05 4308
22.5 2.604633169804058e-09 1.083839259509917e-05 3563
23 1.902588063542253e-09 7.66271367953798e-06 2448
23.5 1.408402049734378e-09 5.737352236166161e-06 1868
24 9.55318942521621e-10 4.482645675065854e-06 1358
24.5 8.30485819419926e-10 3.342228438101732e-06 1062
25 6.035136710168468e-10 2.63052348087007e-06 776
25.5 3.598886259531447e-10 1.497584018725323e-06 432
26 1.526602775087655e-10 8.311540279497616e-07 200
26.5 1.589515546887051e-10 6.480534025054802e-07 168
27 5.938273495829385e-11 1.990812503968761e-07 56
27.5 6.935363388870535e-12 1.254750337057418e-08 7

